1.277761091378337710e-10
1.300982793717153641e-10
1.303545188457988502e-10
1.270427651967054317e-10
1.226653917330011723e-10
1.275974464975959677e-10
1.296385637727937024e-10
1.212416694817974872e-10
1.231888757668997414e-10
1.279259753683703593e-10
1.284676393042971654e-10
1.234287810847334299e-10
1.271233812660810258e-10
1.293476853403419113e-10
1.260846149708783059e-10
1.275781980059065290e-10
1.308659985932436598e-10
1.289960221972918930e-10
1.279738537363073192e-10
1.292282530984678601e-10
1.254048948018393617e-10
1.283686490438640249e-10
1.240053337792090815e-10
1.280335976128199604e-10
1.246098779716930949e-10
1.284395229061985333e-10
1.235312824254819475e-10
1.218065370789389590e-10
1.252208614577199342e-10
1.290887535754237092e-10
1.223808138162141290e-10
1.261548226993980393e-10
1.285403866679857288e-10
1.264151006097335994e-10
1.262841498039790622e-10
1.320537845739266913e-10
1.300247548519095631e-10
1.253235015763465299e-10
1.267397853332852264e-10
1.261541981989466876e-10
1.274687577712541042e-10
1.285043044196854112e-10
1.228963597554866283e-10
1.248963987787732322e-10
1.271105581901466053e-10
1.286577927528398391e-10
1.262557142167608504e-10
1.220175210869811622e-10
1.256216658473974235e-10
1.228282892062892984e-10
1.276374422820580889e-10
1.232096508152480396e-10
1.243666281069977231e-10
1.244388619925373973e-10
1.266392268828298029e-10
1.224984280678853565e-10
1.309187896980645860e-10
1.250430314847505997e-10
1.264340854234546896e-10
1.306412616974839125e-10
1.235033186830492014e-10
1.237459579250810293e-10
1.244581382398024516e-10
1.272178890010522423e-10
1.260396093050175637e-10
1.296265317307643272e-10
1.255388570875481946e-10
1.262304843985262437e-10
1.301484059412771899e-10
1.284226891495876544e-10
1.291642209855226042e-10
1.222788259536145006e-10
1.228827040122837388e-10
1.215876843652097250e-10
1.228858265145404971e-10
1.246559661050028467e-10
1.207936112246343896e-10
1.244573194503217906e-10
1.232230706360581962e-10
1.217839717959634527e-10
1.227723200880603827e-10
1.271249633338911167e-10
1.246465569648691485e-10
1.201738430989252038e-10
1.285182377186444569e-10
1.238907032519165341e-10
1.237932673037178688e-10
1.226515694563445891e-10
1.252256770500892458e-10
1.233112362220012415e-10
1.252549175490003108e-10
1.263554122443721894e-10
1.300035218365636069e-10
1.250658049345432232e-10
1.248591507962970582e-10
1.245035324837218127e-10
1.282995654161567245e-10
1.249841063977186195e-10
1.249769177036341716e-10
1.249791797830468454e-10
1.266475813110901072e-10
1.231598850681692170e-10
1.269721688901270795e-10
1.283934347728887815e-10
1.229920332246337011e-10
1.276657807247616461e-10
1.239917613027330390e-10
1.238515123791472661e-10
1.234243540704227371e-10
1.246774489205293435e-10
1.212203809553002998e-10
1.278073619159769692e-10
1.234764651636410804e-10
1.233264323996507983e-10
1.245342856615039295e-10
1.302004615233443019e-10
1.230752721959049722e-10
1.266548671496892098e-10
1.255372056307990647e-10
1.291817208759482583e-10
1.293777029953702140e-10
1.215223199846349189e-10
1.268951332900059015e-10
1.301128510489135692e-10
1.267133620252991477e-10
1.237602242909474626e-10
1.274180622123921580e-10
1.314437586552585913e-10
1.240652441891754165e-10
1.234276986172844204e-10
1.278780553670699760e-10
1.224540469024759659e-10
1.315007686075730930e-10
1.220541168134303689e-10
1.254748110968151309e-10
1.186257481133878855e-10
1.268336130566538600e-10
1.254680109807893018e-10
1.300666518933013549e-10
1.186801767971701338e-10
1.278078198829746270e-10
1.244079700368772023e-10
1.258340376342204081e-10
1.235745533678667130e-10
1.226757306849179940e-10
1.250184261669673447e-10
1.283843586996624708e-10
1.237036584278428109e-10
1.252506987015067352e-10
1.186275522258029014e-10
1.232606655632295656e-10
1.273248173561114527e-10
1.184765063833026488e-10
1.223000173355970333e-10
1.231881402441459272e-10
1.251412584668543104e-10
1.228635665428967627e-10
1.254617659762757853e-10
1.179336212020487551e-10
1.246144021305184424e-10
1.214603417842852195e-10
1.208017436082897689e-10
1.197005689013153074e-10
1.211550026969376859e-10
1.245799019500282157e-10
1.236206137456008491e-10
1.244928465871097956e-10
1.183839554164123342e-10
1.210699179798879754e-10
1.210076067126308885e-10
1.207980104833694668e-10
1.214695705131774162e-10
1.192930060289754124e-10
1.233892155116933509e-10
1.165240820499846564e-10
1.257331599946454048e-10
1.253074310980650807e-10
1.218704026584305211e-10
1.233619734142266111e-10
1.205069516396761742e-10
1.219688933185025803e-10
1.224592371951160885e-10
1.198178778416547630e-10
1.211941103029801070e-10
1.182349357309320226e-10
1.224906565067129804e-10
1.302994795393530580e-10
1.291873413800104231e-10
1.232050017563324218e-10
1.253316478377897170e-10
1.190065268552586986e-10
1.269997301767133990e-10
1.234356922230617215e-10
1.229652907275280427e-10
1.204474159299806502e-10
1.236835911466727111e-10
1.231623691921868158e-10
1.247760506029038652e-10
1.253254861000030473e-10
1.239983810075173665e-10
1.228862844815381550e-10
1.281455497270655997e-10
1.244123137844610483e-10
1.219400275198623262e-10
1.253867426553867404e-10
1.253754183805355638e-10
1.271247274114983838e-10
1.247666692183457826e-10
1.241454716804923919e-10
1.259096576999851891e-10
1.246980990687873714e-10
1.255496540064626743e-10
1.244996744587112403e-10
1.249658293511757279e-10
1.260266613289928728e-10
1.219057216284014089e-10
1.215092748640955733e-10
1.252109665950129624e-10
1.187781956124567273e-10
1.222812545664808681e-10
1.238005531423169714e-10
1.230904822513423369e-10
1.233332880268278586e-10
1.197485027804034985e-10
1.276056482701903860e-10
1.230879148605978912e-10
1.214126715831653769e-10
1.196394650015975003e-10
1.251638237498298167e-10
1.207842575956519227e-10
1.213019268364590175e-10
1.278750577649034881e-10
1.219748607672599405e-10
1.258129295189647223e-10
1.225251844427788228e-10
1.224406270816658093e-10
1.213870948202355748e-10
1.255278797573922134e-10
1.252281889296824602e-10
1.290519219265817696e-10
1.196095028577204289e-10
1.206909155948565626e-10
1.233409346879099644e-10
1.230635454652073690e-10
1.219950390707325028e-10
1.252581510735595316e-10
1.237959873501282004e-10
1.238968649897032037e-10
1.208294575505419743e-10
1.232882268498158851e-10
1.248719322388680553e-10
1.163789897784539562e-10
1.245387959425414692e-10
1.216728384711984745e-10
1.205000405013478826e-10
1.240395147705797285e-10
1.250016895548711204e-10
1.247779241042579201e-10
1.173938307674760040e-10
1.277517536202310566e-10
1.183089876066745205e-10
1.232818985785755217e-10
1.234882474054899149e-10
1.219069845070919200e-10
1.212795142091493972e-10
1.227957457938799735e-10
1.215745143445801091e-10
1.296549811957703469e-10
1.227007800919110991e-10
1.274430699860218397e-10
1.239327113156107885e-10
1.211345329599211595e-10
1.238495417332785564e-10
1.183432934981354379e-10
1.255393983212726994e-10
1.237682734078759950e-10
1.260422322069132406e-10
1.217088096971963296e-10
1.269465227382582384e-10
1.280913292101004686e-10
1.250630710103450838e-10
1.217699968636409835e-10
1.254440579190330141e-10
1.198357663101390358e-10
1.176709979455736743e-10
1.250976267019865418e-10
1.240013924874716622e-10
1.231608010021645327e-10
1.163250884506084049e-10
1.226300172518790532e-10
1.219401662977404044e-10
1.247545955429529840e-10
1.224551848810762067e-10
1.246978770241824463e-10
1.222297818515016843e-10
1.253767784037407296e-10
1.237974445178480210e-10
1.203298294338850383e-10
1.213860262305743731e-10
1.204406574473182445e-10
1.191329118688244648e-10
1.224792350873471491e-10
1.263050636302054386e-10
1.266383248266222949e-10
1.235208046956870476e-10
1.230578555722061651e-10
1.254624459878783682e-10
1.223132983785291117e-10
1.241727831668981707e-10
1.255156395485457210e-10
1.212484695978233162e-10
1.233813884393697435e-10
1.262572824067831334e-10
1.194863374909260756e-10
1.239829350296872690e-10
1.222009160528614302e-10
1.196367588329749765e-10
1.199666754825301496e-10
1.243095487657441822e-10
1.189494336362173499e-10
1.274500366355013625e-10
1.230884977276858194e-10
1.226174300983373655e-10
1.247501962842179069e-10
1.230137797181285464e-10
1.256444392971900470e-10
1.233228102970329587e-10
1.218737888386556278e-10
1.213160683022351805e-10
1.214145450845194318e-10
1.234610469413865985e-10
1.202813265654967267e-10
1.238221608579337385e-10
1.238517760571156145e-10
1.248849357260439774e-10
1.224060020010853123e-10
1.287495665636129161e-10
1.236367536128213374e-10
1.230507779004241797e-10
1.213662503829482375e-10
1.248606218418046865e-10
1.234182894771507222e-10
1.262397131274184403e-10
1.167733132412251962e-10
1.282321193674107462e-10
1.264525290034512750e-10
1.221265311102115447e-10
1.276226763158305744e-10
1.203524641057995836e-10
1.244229025365584107e-10
1.233213531293131382e-10
1.233293744906660550e-10
1.271499572297329905e-10
1.208767252958153904e-10
1.135507105010091777e-10
1.220127332501874662e-10
1.173638131124477013e-10
1.240004765534763465e-10
1.246952124889233460e-10
1.217951572929365511e-10
1.202837968117265177e-10
1.189744969209982628e-10
1.165716551065898443e-10
1.193995458059760040e-10
1.238221053467825072e-10
1.199158827791535487e-10
1.285285627927734708e-10
1.191015619461666120e-10
1.194731952258720753e-10
1.189292692105325955e-10
1.218541101355441469e-10
1.223791901150406147e-10
1.284258255296322204e-10
1.198020571635538545e-10
1.213837919067373150e-10
1.210954392316665462e-10
1.181876402300829909e-10
1.214985334563323249e-10
1.277840194768842252e-10
1.202081906237495446e-10
1.259708726220054587e-10
1.237294988687409614e-10
1.203678129391150264e-10
1.275659161636966132e-10
1.202603988614825425e-10
1.242503738785316614e-10
1.218764811294903438e-10
1.230660295892249678e-10
1.212072386902462995e-10
1.166338692293322765e-10
1.194512960767113441e-10
1.225282514338843498e-10
1.178624559061702826e-10
1.252011688768206454e-10
1.224599172067186714e-10
1.205265887094242316e-10
1.186574449807409337e-10
1.194722792918767595e-10
1.237271535226014407e-10
1.256505594016132932e-10
1.233337598716133243e-10
1.217443090784087190e-10
1.212637767977753356e-10
1.213891626106189392e-10
1.212798056426933613e-10
1.160560744728478255e-10
1.222524720345674609e-10
1.222344309104173021e-10
1.209209399277710872e-10
1.245337583055672326e-10
1.245012565265213311e-10
1.222958539992546889e-10
1.220120532385848833e-10
1.211572231429869362e-10
1.244749581186255227e-10
1.220001044632823550e-10
1.219746248448672077e-10
1.226967416556590251e-10
1.269169214168641702e-10
1.189097292852991927e-10
1.268150445765670042e-10
1.245246683545531141e-10
1.214235240132310878e-10
1.211818007051945756e-10
1.180256586907901806e-10
1.234846114250842675e-10
1.241993174971867120e-10
1.241681341079825529e-10
1.206284516719335898e-10
1.252146025754186098e-10
1.222584117277492055e-10
1.265171717390600747e-10
1.216812622883978179e-10
1.244051944793156395e-10
1.209719130423891897e-10
1.184287667932437671e-10
1.211679506729623768e-10
1.218824069448842806e-10
1.223623286028541202e-10
1.203160349128040707e-10
1.238671248904310573e-10
1.218586204165816866e-10
1.206755667615411198e-10
1.211957756375170447e-10
1.179100428405632783e-10
1.235013619149682995e-10
1.191187426474726863e-10
1.191585302651176903e-10
1.212339395539885345e-10
1.246547448596757590e-10
1.189896514652843962e-10
1.213314587689140467e-10
1.211710592974313272e-10
1.183023540241023852e-10
1.272061761481424469e-10
1.263418258901083391e-10
1.257629417272809746e-10
1.216713119145396149e-10
1.197805604702395499e-10
1.229547574865819115e-10
1.245887837342252169e-10
1.190885723367784976e-10
1.228445123402366335e-10
1.229911589240018088e-10
1.283184669631509678e-10
1.232502294667980891e-10
1.215581385549668880e-10
1.255040377179383881e-10
1.215525319286925310e-10
1.192029253083148888e-10
1.286462880667471609e-10
1.197014987130984309e-10
1.231428015113777974e-10
1.197046767265064204e-10
1.234047447562502953e-10
1.208185634871128400e-10
1.198328797302750104e-10
1.204330246640239466e-10
1.205119060099235639e-10
1.213542738520700937e-10
1.208342037539722469e-10
1.202453553394988717e-10
1.200620991514966818e-10
1.180962272417929171e-10
1.186703374456143933e-10
1.222563161817902255e-10
1.206720695590135506e-10
1.219102041538633330e-10
1.258725901287505167e-10
1.237541041865242164e-10
1.249501058175894741e-10
1.222550394253119066e-10
1.222576345716319679e-10
1.243337932610444341e-10
1.231272445112452374e-10
1.233524671295782582e-10
1.170579466691634707e-10
1.192995702226085086e-10
1.228332296987488803e-10
1.191198251149216958e-10
1.156399906387939325e-10
1.204046307101691582e-10
1.198573879035436107e-10
1.222793394317633897e-10
1.204878419258648137e-10
1.197941329467155924e-10
1.243949110385500489e-10
1.217730499769587027e-10
1.234865404375895537e-10
1.210361810777271785e-10
1.242684566360452436e-10
1.203049743159212426e-10
1.218300044181219732e-10
1.220341744323505395e-10
1.221363427061916695e-10
1.274745725643455785e-10
1.205059108055905881e-10
1.237403651765944801e-10
1.187558246185105304e-10
1.228365048566715245e-10
1.171529262489201528e-10
1.194418036698507990e-10
1.189965626036126878e-10
1.236556829153911963e-10
1.245999553534105075e-10
1.237093760764196304e-10
1.244946368217370036e-10
1.185437858985949333e-10
1.207133282221661830e-10
1.201949650919686974e-10
1.233548124757177789e-10
1.201437282993822464e-10
1.184821407651526215e-10
1.230036072996654184e-10
1.236581392838331794e-10
1.242919656085916813e-10
1.215827161171745274e-10
1.276058564370075032e-10
1.267344285071914101e-10
1.264105070619692128e-10
1.276465044774965918e-10
1.210096745030142529e-10
1.176922864720708617e-10
1.271989596984823834e-10
1.242012048763285748e-10
1.260210824582941314e-10
1.184930487063695637e-10
1.237261543218792781e-10
1.256079962264067262e-10
1.202047211767975909e-10
1.234642665881580115e-10
1.182147574274594604e-10
1.270178684453782125e-10
1.185177372908796656e-10
1.174501468304001150e-10
1.189420367753157848e-10
1.263560506226113489e-10
1.252762754644365373e-10
1.184049525093655575e-10
1.212926287186277818e-10
1.235058166848546080e-10
1.271432820137974318e-10
1.242790315103547982e-10
1.178630387732582108e-10
1.211806488488065270e-10
1.241886593561503105e-10
1.229904927901870337e-10
1.207362126942612690e-10
1.241264036000444548e-10
1.292251167184232941e-10
1.169033203574088020e-10
1.234968655117185676e-10
1.197533461283484257e-10
1.222941331535665199e-10
1.270370197925529965e-10
1.217816264498239320e-10
1.239419261667151773e-10
1.192204807098917740e-10
1.199853411071316600e-10
1.217373563067170039e-10
1.249664954849905030e-10
1.212243916359767582e-10
1.192651116754817053e-10
1.262072529817359623e-10
1.192944909522708485e-10
1.255739540129141574e-10
1.221366480175234415e-10
1.198638827082376679e-10
1.231749424679406957e-10
1.196229365563183933e-10
1.219730288992693090e-10
1.185326559127730661e-10
1.248799258446453564e-10
1.200801125200712249e-10
1.261538651320393001e-10
1.193734278093216972e-10
1.250478748326955269e-10
1.146761505199656028e-10
1.198297294724426365e-10
1.199646632032980165e-10
1.240770125532364432e-10
1.242760616637639259e-10
1.235255370213295123e-10
1.241420855002672852e-10
1.274532007711215442e-10
1.202103555586475636e-10
1.200743671159187898e-10
1.256749426747916232e-10
1.264878063400587394e-10
1.226564266820773241e-10
1.205112398761087888e-10
1.219250950201811179e-10
1.237833169298596658e-10
1.264194721128930610e-10
1.210030547982299254e-10
1.201990451615841948e-10
1.215599843007453273e-10
1.200602395279304346e-10
1.169733337968992259e-10
1.214890965606230111e-10
1.263455867706042568e-10
1.256345028011196518e-10
1.206537231235316199e-10
1.257987325420373281e-10
1.238705665818073953e-10
1.251231618315529204e-10
1.207887401211138467e-10
1.286959983026747523e-10
1.232127178063535666e-10
1.226544560362086145e-10
1.238467800535048013e-10
1.203764865564949105e-10
1.219077894187847733e-10
1.191005072342932181e-10
1.190912923831888293e-10
1.194720017361206033e-10
1.193729282089606158e-10
1.227113133328572303e-10
1.233520646737318316e-10
1.245357705847993657e-10
1.174817465532385086e-10
1.221365786285844024e-10
1.246228398255055936e-10
1.223086631974013017e-10
1.293122137147051376e-10
1.261298981924952045e-10
1.237927677033567875e-10
1.205261446202143816e-10
1.210402750251304838e-10
1.237768082473778009e-10
1.195702564737999296e-10
1.233705776426674561e-10
1.238070479470110286e-10
1.248543213261399387e-10
1.260257037616341336e-10
1.200987226335215041e-10
1.180252701127315618e-10
1.230116564165939508e-10
1.179294301101307951e-10
1.256277581962450540e-10
1.211228062292235563e-10
1.243770780812170074e-10
1.195624016459007066e-10
1.226510559781956999e-10
1.207027672256444362e-10
1.233587815230308138e-10
1.229055052176519780e-10
1.177425101861473422e-10
1.250371334249322786e-10
1.228814133780176121e-10
1.226146684185636104e-10
1.223648682380229502e-10
1.249015335602621235e-10
1.222127954392249194e-10
1.232148411078881622e-10
1.211065553397006056e-10
1.162764884377054386e-10
1.226240636809095008e-10
1.221590328892574462e-10
1.247761755029941355e-10
1.189735948647907549e-10
1.279506084417292300e-10
1.149937922662047640e-10
1.252808273788375004e-10
1.306565133862847006e-10
1.216409473148161169e-10
1.251109355004942358e-10
1.175795710794957927e-10
1.237859398317553428e-10
1.238462943309315278e-10
1.296383139726131617e-10
1.204769062290722559e-10
1.213439765335166953e-10
1.230022195208846369e-10
1.201789640026262873e-10
1.224645662656342893e-10
1.212498018654528664e-10
1.249256115221086816e-10
1.236912378077548169e-10
1.251229397869479953e-10
1.227172252704633593e-10
1.229171348038349265e-10
1.249962355842626494e-10
1.207293154337207852e-10
1.219279538444695277e-10
1.226063417458789218e-10
1.188748821601137706e-10
1.212435291053637343e-10
1.258759624311878156e-10
1.211802325151722926e-10
1.224467749416646711e-10
1.251133363577849877e-10
1.234059382460017673e-10
1.225941570481836607e-10
1.254415599172276075e-10
1.242212027685596354e-10
1.217985712287372735e-10
1.197522636608994162e-10
1.188592696488299794e-10
1.233813051726428967e-10
1.225128332116298679e-10
1.240520325351823772e-10
1.225006207583589912e-10
1.164091600891481448e-10
1.233228658081841900e-10
1.216946404758445510e-10
1.199707971855090705e-10
1.241078212421697913e-10
1.210368472115419536e-10
1.269434279915770958e-10
1.239639085826027554e-10
1.189725401529173610e-10
1.224811502220646275e-10
1.245683556305721140e-10
1.198674354219164684e-10
1.190803428086084637e-10
1.238818075899317250e-10
1.166636787175434620e-10
1.230382185024581077e-10
1.244627456653546460e-10
1.194167265072820783e-10
1.235254259990270498e-10
1.257159237821880993e-10
1.274358535363617762e-10
1.203277061323504427e-10
1.217968365052612967e-10
1.214214284672721078e-10
1.224051693338168434e-10
1.224851331471654703e-10
1.223629253477298562e-10
1.213464606575342941e-10
1.256102444280315922e-10
1.198091625909114555e-10
1.220239326249483724e-10
1.221579087884450132e-10
1.248200848236180605e-10
1.197635601801749772e-10
1.187683285053253712e-10
1.184964765199580938e-10
1.220656492550986627e-10
1.243605635137257082e-10
1.207225430732705718e-10
1.219366274618494117e-10
1.179585595867393977e-10
1.227410395543415689e-10
1.237699942535641640e-10
1.211440253667817046e-10
1.207442895667654170e-10
1.227896256894567273e-10
1.220363671228241742e-10
1.198089266685187226e-10
1.194600945941814985e-10
1.244795516663899093e-10
1.210602729173615444e-10
1.254305131981325871e-10
1.225554241424120505e-10
1.236484803435189406e-10
1.252662418238514874e-10
1.214762734846885905e-10
1.199649685146297884e-10
1.216725886710179338e-10
1.203683958062029546e-10
1.281630357397034459e-10
1.254245735049508426e-10
1.255748005579704341e-10
1.190089832237006817e-10
1.201915095228045516e-10
1.189740389540006049e-10
1.253871034778697435e-10
1.181225811608399567e-10
1.219409989650088733e-10
1.185644221690651534e-10
1.206625493965773899e-10
1.217986406176763126e-10
1.209098654531004513e-10
1.184153469724336105e-10
1.241485247938101111e-10
1.262518700695380858e-10
1.200745197715846757e-10
1.229389645640566187e-10
1.207989402951525904e-10
1.243481706492133299e-10
1.215705036639036507e-10
1.221653611604978096e-10
1.181229281055351521e-10
1.247520003966329227e-10
1.197581894762933530e-10
1.284804346246559703e-10
1.259997661762213284e-10
1.236971775009365615e-10
1.183782377678355147e-10
1.234761598523093085e-10
1.160524037979726586e-10
1.243668779071782637e-10
1.281470624059366514e-10
1.199127325213211748e-10
1.241517999517327553e-10
1.221505119275434481e-10
1.270419464072247706e-10
1.234490148993572234e-10
1.221979878396339814e-10
1.240891972509317043e-10
1.207087763077652198e-10
1.257321330383476266e-10
1.287084328005505540e-10
1.214268269267293476e-10
1.177421632414521468e-10
1.172780483837954080e-10
1.290070550385991055e-10
1.218734974051116637e-10
1.235745672456545208e-10
1.236075131139102723e-10
1.229148449688466371e-10
1.231159896253330999e-10
1.231167667814503375e-10
1.196774068734640650e-10
1.226285739619470405e-10
1.189773696230744804e-10
1.241212826963433713e-10
1.257044746072466523e-10
1.221114737104400660e-10
1.235404556432229128e-10
1.182565573243365975e-10
1.181590103538354697e-10
1.217636130812493889e-10
1.235928304144096046e-10
1.195119975205827245e-10
1.226425488942695097e-10
1.216733658271351715e-10
1.179965430919693858e-10
1.192375781444710015e-10
1.221659717831613534e-10
1.210948147312151946e-10
1.279877454019029415e-10
1.195757659555596319e-10
1.181384434723042887e-10
1.299374913221740258e-10
1.202639654529491509e-10
1.202615784734462068e-10
1.228068202685506094e-10
1.230939655760820983e-10
1.236675761795424933e-10
1.197429377874925649e-10
1.243823793961595925e-10
1.254662485017377094e-10
1.231302421134117253e-10
1.205761740452615527e-10
1.261520748974120920e-10
1.203716015751865598e-10
1.221435175224883096e-10
1.171418517742495169e-10
1.225172879815161764e-10
1.260269666403246447e-10
1.214552625139475595e-10
1.272667388141357492e-10
1.204592398051929081e-10
1.221377582405480666e-10
1.207774991129895170e-10
1.225037016272523260e-10
1.243012498486351092e-10
1.221932693917793245e-10
1.214365691337704334e-10
1.203994265397412278e-10
1.239121721896552231e-10
1.248004893872334264e-10
1.175440855760712111e-10
1.240643698885435242e-10
1.215005457355644580e-10
1.216588912944516210e-10
1.205372607282484410e-10
1.271479033171374340e-10
1.253354919850124816e-10
1.238063401798328300e-10
1.249233078093325844e-10
1.254576581510846722e-10
1.239929270369088954e-10
1.208386862794341710e-10
1.233274177225851531e-10
1.200536198231461071e-10
1.195361032380048982e-10
1.256489218226519711e-10
1.250558961940484437e-10
1.274563926623173415e-10
1.156169673888207683e-10
1.201576754761290999e-10
1.229954055270710001e-10
1.225452933573123460e-10
1.232831475794782250e-10
1.210023192754761112e-10
1.198442317607018026e-10
1.261979826194803422e-10
1.198667692881016933e-10
1.234313207199022600e-10
1.253314813043360232e-10
1.198003224400778777e-10
1.276062033817026986e-10
1.282021433457458670e-10
1.218832534899405573e-10
1.202375282671752643e-10
1.224182005765683812e-10
1.203685068285054172e-10
1.190894466374103899e-10
1.242070196694200490e-10
1.231033192050645653e-10
1.242601715967239784e-10
1.185935238900981403e-10
1.224721712933529716e-10
1.268295191092505547e-10
1.221803769269058648e-10
1.231524604516920363e-10
1.201266308648030190e-10
1.236974134233292943e-10
1.234664592786316462e-10
1.275436006809016476e-10
1.210095773584995982e-10
1.213247002862516410e-10
1.262480814334665524e-10
1.234778806979974775e-10
1.264511412246704936e-10
1.190010867624380353e-10
1.276498073909948516e-10
1.166691604437275487e-10
1.235512386843495847e-10
1.193942722466090345e-10
1.197987820056312103e-10
1.209952832370575493e-10
1.213909389674583394e-10
1.169719598959062523e-10
1.213132372335223863e-10
1.225922141578905666e-10
1.305585223265737227e-10
1.207632049915474681e-10
1.242779629206935965e-10
1.253692427649610863e-10
1.207570432537607985e-10
1.225707313423640699e-10
1.181357789370451883e-10
1.225846923968987312e-10
1.279473610393822014e-10
1.248955244781413398e-10
1.203133981331205860e-10
1.258986109808901688e-10
1.213389666521180743e-10
1.266447918757407365e-10
1.255243547992890285e-10
1.186132581043608525e-10
1.198114801814753605e-10
1.219738199331743544e-10
1.258726872732651714e-10
1.223931511695752761e-10
1.179796815797828913e-10
1.190040427312410998e-10
1.247295183803842633e-10
1.224363388452331947e-10
1.197891924542560105e-10
1.233981250514659678e-10
1.212415445817072168e-10
1.219347678382831646e-10
1.228575574607759791e-10
1.233719931770238531e-10
1.267110305569474349e-10
1.182489106632544917e-10
1.238589925067756781e-10
1.218381229239895447e-10
1.171959335133365698e-10
1.218192213769953014e-10
1.301396490571704589e-10
1.218128514723915146e-10
1.184620596061947140e-10
1.183327741349771145e-10
1.262709381499860228e-10
1.214089939693963061e-10
1.265419435902970235e-10
1.257469822713019880e-10
1.211433037218156983e-10
1.200513299881578178e-10
1.216070161236260105e-10
1.203466909460715328e-10
1.252127984630035940e-10
1.220373663235463368e-10
