7.842197558220570519e-02
6.786669329563543851e-02
6.594568317001171798e-02
6.674348626623693992e-02
6.593351409984260503e-02
6.626458364317387717e-02
6.617134917150428730e-02
6.582429189871093211e-02
6.693678505068911821e-02
6.579930081707735523e-02
6.627947937868583494e-02
6.562002287371042353e-02
6.573802577384023349e-02
6.682422552744372857e-02
6.606194585772488803e-02
6.655520147194017577e-02
6.596532642765393084e-02
6.570585997314359883e-02
6.680770716980236057e-02
6.606108653683366583e-02
6.676803695651892245e-02
6.570888272526465013e-02
6.587723808893510002e-02
6.667322483147908319e-02
6.608093293975123017e-02
6.681828748495236003e-02
6.580778572088349931e-02
6.568016677310266338e-02
6.663855023550402379e-02
6.599028635810658128e-02
6.707184254604378615e-02
6.579261639106621928e-02
6.587269426047340226e-02
6.658053846265610254e-02
6.609794842389989100e-02
6.696649546311971013e-02
6.600183725010361213e-02
6.577290163907109632e-02
6.640484185301165354e-02
6.602139341653169569e-02
6.694739745308911361e-02
6.592555580123406200e-02
6.591492700738799115e-02
6.634508723056581347e-02
6.599005763231058364e-02
6.696956047959543024e-02
6.592756010769575126e-02
6.613719780463840625e-02
6.620100511652957098e-02
6.602349722023162504e-02
6.682771729146816386e-02
6.577598865492051416e-02
6.591835917938139444e-02
6.622891572025123297e-02
6.594298298441111927e-02
6.684584444296449990e-02
6.585754768375998158e-02
6.614911058028580260e-02
6.645317474972591010e-02
6.598799858544204811e-02
6.686509111047053699e-02
6.585595691293003040e-02
6.594672482032233607e-02
6.660626213011010266e-02
6.582717807060955995e-02
6.682420694502388958e-02
6.587604819955350521e-02
6.584634848385288730e-02
6.655352660627884831e-02
6.602802811638502911e-02
6.671476331167909557e-02
6.592920235717435185e-02
6.580057735991812207e-02
6.656553407464331495e-02
6.597420482039745293e-02
6.701388798726887197e-02
6.599036656152106051e-02
6.575096023016581415e-02
6.671330804652343682e-02
6.584205499827906760e-02
6.693756538046555238e-02
6.566872924116985699e-02
6.599088969028271690e-02
6.688145667389859550e-02
6.614880952503660039e-02
6.623321787145504402e-02
6.616007311273593150e-02
6.590050448653594906e-02
6.686846802564368197e-02
6.585934917501293229e-02
6.582471325272044871e-02
6.648540420911806803e-02
6.598584996788650625e-02
6.689915614533892274e-02
6.578119531450106472e-02
6.570058572553007237e-02
6.661436537873582919e-02
6.588839182885787571e-02
6.674476510793274364e-02
6.582595777307584384e-02
6.573936992973973548e-02
6.669863542747486718e-02
6.582902543568562581e-02
6.668136329712498478e-02
6.590953110015726479e-02
6.591439742355004183e-02
6.656079979894566345e-02
6.601861152769347707e-02
6.666790484764288649e-02
6.596405846428350650e-02
6.596594568256175517e-02
6.653090446823026194e-02
6.588324086403429813e-02
6.649757424128073524e-02
6.588398322216748593e-02
6.573485279809757054e-02
6.654986782479398177e-02
6.596756911533163681e-02
6.671772114076124360e-02
6.566242407677581883e-02
6.583509634544583433e-02
6.682698708290182865e-02
6.590673746955580392e-02
6.643437736346799460e-02
6.597622100865999095e-02
6.588237441435738917e-02
6.710168252462446470e-02
6.595890324025589779e-02
6.618152516651677753e-02
6.612473688899145330e-02
6.582707040245484864e-02
6.679757566761959642e-02
6.588642142612793906e-02
6.599188927454287257e-02
6.618126251362241308e-02
6.587522052712785348e-02
6.708971372349237239e-02
6.593023599960956549e-02
6.597217456067100416e-02
6.657608786080550234e-02
6.573752028031515371e-02
6.680660358107877450e-02
6.577362351154347753e-02
6.570738844963312786e-02
6.644585813003676955e-02
6.598599665203246090e-02
6.677156968821018612e-02
6.596439100653059273e-02
6.569808784828490289e-02
6.676846551260276486e-02
6.597320604231417251e-02
6.684283653224337707e-02
6.590403138684811091e-02
6.576039408345860093e-02
6.697442890855508091e-02
6.608974006880669050e-02
6.663619946726379029e-02
6.585029982050230601e-02
6.592403785726975995e-02
6.681239270554495402e-02
6.612284429511731954e-02
6.641661003125377827e-02
6.601293071078223607e-02
6.589648886647035686e-02
6.683835757653533438e-02
6.584090858574560834e-02
6.602378227847241488e-02
6.632517014142265410e-02
6.573034160129732906e-02
6.679975818697088397e-02
6.592176235494731640e-02
6.588655531791860753e-02
6.678344594072245510e-02
6.596904339728817956e-02
6.645880435356589511e-02
6.613046741984071608e-02
6.588795782762750519e-02
6.685273212656211994e-02
6.594865327750418227e-02
6.588686159499278217e-02
6.640503094472380297e-02
6.588773657306047637e-02
6.670047469642903515e-02
6.575356239835974947e-02
6.596251098045304018e-02
6.686862988884942349e-02
6.600961054035983655e-02
6.608699622813971053e-02
6.639548782845453023e-02
6.590772668151213820e-02
6.685844144603209083e-02
6.611520066038564791e-02
6.590554737802907515e-02
6.693640847646648018e-02
6.599357278003917249e-02
6.603693433361186582e-02
6.636516032083784877e-02
6.595801324052366632e-02
6.665383921052620009e-02
6.577139383085717217e-02
6.603988578717170932e-02
6.684255809117436997e-02
6.592415043722209267e-02
6.598967032216890294e-02
6.643779422825381309e-02
6.597631089435682106e-02
6.621100016252283449e-02
6.602640636488149584e-02
6.592257574321766511e-02
6.709789698861678975e-02
6.573106324630606512e-02
6.556494284133780603e-02
6.663440302434553431e-02
6.618020531521122407e-02
6.611597611150352161e-02
6.662776803233509682e-02
6.570954232168105258e-02
6.666383326176761326e-02
6.580535089083069944e-02
6.594385601836229294e-02
6.704264574463950077e-02
6.578398316577135918e-02
6.593439072951617907e-02
6.658357374480575186e-02
6.606834021238809640e-02
6.631616421122375760e-02
6.632096382175892146e-02
6.578150735274063132e-02
6.655815447534763063e-02
6.584026911581690455e-02
6.574811845867548077e-02
6.684858078333166809e-02
6.591385863385397503e-02
6.583188462724776091e-02
6.683023857446344917e-02
6.599894611533572986e-02
6.620027307050002641e-02
6.634414395913221241e-02
6.582127888115901770e-02
6.665845249184745858e-02
6.579315227556013779e-02
6.593613372113132920e-02
6.674892494997003434e-02
6.573281488289839380e-02
6.580940942922183789e-02
6.681348010534529647e-02
6.611486037293935747e-02
6.642992840815216404e-02
6.607524322275719342e-02
6.587241239006223770e-02
6.685896694651921601e-02
6.564041443392037989e-02
6.568830468024704217e-02
6.699132398866032567e-02
6.593918034562938624e-02
6.609089495743852849e-02
6.651679307873754887e-02
6.617082047842105796e-02
6.677982743143318078e-02
6.593474290019350759e-02
6.598104227248632880e-02
6.686846144575425699e-02
6.591111644599854935e-02
6.585292654578038529e-02
6.716870057598037236e-02
6.603102427945201081e-02
6.599742424934057494e-02
6.628184543351577085e-02
6.597859327808415497e-02
6.671089795126688982e-02
6.587567602162083813e-02
6.594468564411731792e-02
6.710663340880150540e-02
6.576378780142171088e-02
6.570364692007232832e-02
6.684797583824481082e-02
6.595955164092365264e-02
6.595927704832003913e-02
6.635756688766265843e-02
6.600678724406860987e-02
6.629526804010806018e-02
6.604036272654745243e-02
6.587500977340797481e-02
6.670423181745009644e-02
6.578546147621869289e-02
6.584739584230199505e-02
6.696695248584989824e-02
6.595305799394697577e-02
6.588890078875467293e-02
6.701967727954602494e-02
6.592438842212516859e-02
6.572431740196187089e-02
6.685348469836395469e-02
6.597290629566267273e-02
6.596891896160014812e-02
6.645366159427795738e-02
6.596549217290718914e-02
6.658940505450926250e-02
6.615032898098287262e-02
6.599034567223382997e-02
6.676115502338443586e-02
6.588883975869451459e-02
6.593991507679429487e-02
6.688315567834277053e-02
6.586155247750440089e-02
6.574161359482590117e-02
6.682460646429580486e-02
6.571274023358317229e-02
6.568691589356301375e-02
6.690550280223440949e-02
6.585267373926445567e-02
6.611873120248162872e-02
6.651344170643558318e-02
6.587329733029351209e-02
6.654421688640568822e-02
6.610043235939101758e-02
6.580178664673194677e-02
6.670075005768107135e-02
6.574546932664769583e-02
6.586088378253120157e-02
6.675118746762713495e-02
6.593259712859718402e-02
6.570055451679492065e-02
6.686126731393483846e-02
6.585278642740706456e-02
6.621592011050142501e-02
6.634491711724711804e-02
6.575957927292283567e-02
6.672895845200772780e-02
6.598509124400460391e-02
6.614785747350783451e-02
6.683802783923611934e-02
6.583694086543999402e-02
6.598453532698664303e-02
6.719295522809118348e-02
6.588872885280845637e-02
6.568929529687694835e-02
6.682613539696033444e-02
6.602243188070536228e-02
6.661330356687940324e-02
6.615405663101456279e-02
6.598769315778366118e-02
6.685985037075163617e-02
6.608157466433015048e-02
6.572093760379610350e-02
6.702218720447905564e-02
6.607044871241588013e-02
6.591324320498216649e-02
6.687318213263557243e-02
6.623855345088106028e-02
6.632702271780172021e-02
6.608113493991962795e-02
6.594919741845101102e-02
6.691986377351268056e-02
6.583294499032731062e-02
6.589982545969108596e-02
6.705700644676496069e-02
6.599777183343770448e-02
6.625510818225470444e-02
6.650713836255557621e-02
6.604839113342064749e-02
6.669835337136285902e-02
6.582119514089693202e-02
6.593353927214942733e-02
6.682652093426329210e-02
6.601779990624691286e-02
6.599855549275969457e-02
6.668579815335161365e-02
6.612256503497551674e-02
6.638715486754470652e-02
6.591658911077523386e-02
6.579746223044652398e-02
6.679227665932763180e-02
6.598379300762013955e-02
6.561375427113025349e-02
6.655899534491373226e-02
6.591084562447911688e-02
6.664188894081100878e-02
6.582395331529677929e-02
6.593434445223121665e-02
6.715159059855355106e-02
6.604819782084675461e-02
6.610974940847717807e-02
6.647685235415749794e-02
6.609386053766266866e-02
6.668628933426846983e-02
6.582110398471188728e-02
6.580854093362260848e-02
6.700912783070717138e-02
6.600144169559821195e-02
6.587850114271680269e-02
6.636341838253900782e-02
6.586181378469352365e-02
6.675899295585173421e-02
6.586946066666057864e-02
6.573446899316123804e-02
6.702130032554046157e-02
6.608421914348086568e-02
6.616950120883956232e-02
6.622127339651646960e-02
6.596290086735742686e-02
6.677829665204851328e-02
6.581821140885527055e-02
6.589539331313121195e-02
6.677495918928849639e-02
6.598237468963694119e-02
6.599391171251414723e-02
6.620886487317309554e-02
6.606417323282035015e-02
6.666688040918558600e-02
6.569928459385089570e-02
6.582266599637437432e-02
6.712832738316265591e-02
6.585950966267122009e-02
6.570365129239587321e-02
6.676164493508830733e-02
6.592246417808231285e-02
6.643431055569652688e-02
6.620917525040911911e-02
6.567147302456861901e-02
6.674301520579446756e-02
6.584814580540794549e-02
6.563851954424911039e-02
6.693988264697159352e-02
6.606688439668813306e-02
6.628201868144585618e-02
6.647242748760963382e-02
6.612162296079800161e-02
6.689499035541120187e-02
6.570084501387531140e-02
6.575258430363271900e-02
6.682849548478954349e-02
6.592526621825932354e-02
6.600039598702535371e-02
6.633539292495906070e-02
6.592748882385228437e-02
6.667666002618831411e-02
6.566841729582954812e-02
6.580541177921804541e-02
6.709996713783494826e-02
6.597973426576769773e-02
6.592858286270347756e-02
6.683854429023598775e-02
6.599437167640091750e-02
6.638785700622569508e-02
6.611228457873856434e-02
6.590825223547254474e-02
6.683792744717971523e-02
6.589906000171083522e-02
6.585038900759955516e-02
6.709519431689472957e-02
6.605695456453342107e-02
6.617206847152667937e-02
6.657197309100795768e-02
6.609573562101000999e-02
6.665646524086386859e-02
6.588033523307168515e-02
6.583586913426012210e-02
6.684040036069045787e-02
6.580762468959654166e-02
6.562879712720323666e-02
6.686673459022814126e-02
6.604406236780667461e-02
6.588856174611056049e-02
6.663935779084720346e-02
6.593643986798952694e-02
6.681293835718787877e-02
6.589116805303657509e-02
6.571525174401100788e-02
6.701544406535636655e-02
6.594865509807039394e-02
6.580932853884743916e-02
6.673348543928342425e-02
6.623615907716164097e-02
6.632842619023096575e-02
6.617712983356036083e-02
6.583817785071811868e-02
6.672466129493584419e-02
6.588801744301006624e-02
6.588078831879108643e-02
6.706712805997123994e-02
6.595315518908810570e-02
6.576717610805481173e-02
6.644317562190892035e-02
6.591551623675660776e-02
6.660262311145150049e-02
6.603681120119460346e-02
6.563027674712237913e-02
6.680976120427677134e-02
6.574569161190073341e-02
6.567115822037911110e-02
6.682906317499855142e-02
6.596089636666976896e-02
6.597184670168265708e-02
6.662719591619768733e-02
6.598926484620817878e-02
6.654822614080452281e-02
6.611848303983827724e-02
6.624105578710742792e-02
6.665818784219371129e-02
6.566633263504900730e-02
6.594246571350757813e-02
6.702986506437720593e-02
6.608451737177410690e-02
6.568893479298557048e-02
6.693147291652133679e-02
6.593202888200634659e-02
6.584142146725868727e-02
6.679623283678190471e-02
6.582258421213518784e-02
6.631500605884953214e-02
6.637850963968765228e-02
6.592406017480935410e-02
6.669115730976256373e-02
6.605333041955066542e-02
6.592363648798156561e-02
6.680888292029769915e-02
6.570283008747571096e-02
6.586981997309637737e-02
6.682095771590576549e-02
6.578906848881711789e-02
6.569429010332292207e-02
6.690540927036373042e-02
6.606739969449305916e-02
6.579996857389297515e-02
6.676858319790116014e-02
6.582925126838563845e-02
6.604109573371835795e-02
6.656743727848908609e-02
6.598315426670425810e-02
6.642742669175613623e-02
6.633519466432027945e-02
6.591014205481771082e-02
6.669567868786548115e-02
6.617111313112829241e-02
6.586756058981078910e-02
6.693345077059412174e-02
6.567947989377960483e-02
6.596912858948141001e-02
6.702793135059935403e-02
6.581669785437452291e-02
6.587492949805237585e-02
6.686089406698034199e-02
6.585359554287206763e-02
6.576512239831293349e-02
6.670623966375191505e-02
6.597266239999034776e-02
6.601931468486903209e-02
6.626363462926478098e-02
6.603394316671162834e-02
6.663502153777363379e-02
6.607686552709689243e-02
6.597356609791613091e-02
6.677474523859772138e-02
6.569671673713879667e-02
6.573794105921822173e-02
6.687471910139430875e-02
6.597809743326825405e-02
6.596952027803254515e-02
6.705372506920027897e-02
6.596207273769129353e-02
6.582526355745493829e-02
6.672191079799713598e-02
6.586219136184402745e-02
6.611578873999186812e-02
6.682072001098725289e-02
6.598044478005185565e-02
6.642575242577507255e-02
6.633632164903403849e-02
6.587216583320464058e-02
6.663887174456221973e-02
6.599304207897209451e-02
6.591957123413988429e-02
6.676002505379102780e-02
6.606897098630876153e-02
6.573022564495699382e-02
6.710200766596344235e-02
6.596936859118714136e-02
6.579822974667548507e-02
6.681978791895287761e-02
6.594949291169570349e-02
6.582336108631901828e-02
6.652066881247040153e-02
6.599303328334157892e-02
6.576826001964307389e-02
6.674297375149434997e-02
6.604562160773159996e-02
6.618607636693003837e-02
6.652400739414797426e-02
6.588780411636857570e-02
6.645934632246880414e-02
6.618624853197903335e-02
6.592175192809868189e-02
6.661669851666933428e-02
6.630606634643561315e-02
6.594596685087682209e-02
6.678025039232883542e-02
6.592639680353368226e-02
6.575432879440558376e-02
6.677539009099112133e-02
6.590564970017386004e-02
6.578667098395543644e-02
6.687101925754934673e-02
6.583311436959794760e-02
6.599961965851552925e-02
6.702874796837048066e-02
6.591998873225435318e-02
6.579841055571850061e-02
6.673692412308546151e-02
6.605725311041152348e-02
6.569113745029453444e-02
6.689545838986414583e-02
6.614967365203923422e-02
6.576214665308031948e-02
6.691146771405903637e-02
6.588731305291171958e-02
6.597561625809603147e-02
6.658692184156510263e-02
6.600717516831274001e-02
6.602817378617321931e-02
6.640203974614496130e-02
6.581865353813642905e-02
6.634998876991519967e-02
6.638393635418705918e-02
6.599107189691486020e-02
6.671283541591740973e-02
6.602035862430351287e-02
6.601555963906030611e-02
6.696107235547416048e-02
6.592011756764515340e-02
6.598975861478002802e-02
6.672070295054989553e-02
6.581620693554013357e-02
6.579065992966236232e-02
6.693026045649705380e-02
6.582251784843225206e-02
6.560052139493938173e-02
6.685980586890875876e-02
6.597505552673545159e-02
6.571755716777442913e-02
6.665864230556894920e-02
6.599683321579059847e-02
6.611674207633518041e-02
6.674175622250561046e-02
6.608612718135987996e-02
6.628147599446639060e-02
6.631772111277568771e-02
6.592093595492723446e-02
6.653639570153911664e-02
6.626288911026564921e-02
6.600647166737647065e-02
6.674912971048788113e-02
6.597224008187967115e-02
6.573818600085357122e-02
6.691395931937131614e-02
6.578883589697684386e-02
6.584238848035597891e-02
6.677723576991875798e-02
6.586050075888078004e-02
6.576664961893967376e-02
6.688022824746059358e-02
6.593495504224554382e-02
6.578655672065158999e-02
6.702972924265572507e-02
6.613802572708069039e-02
6.566898953364898317e-02
6.699734188352980679e-02
6.597620726659701729e-02
6.575259910583189371e-02
6.679437649141113653e-02
6.585253064254277533e-02
6.597073070643201531e-02
6.670861051702654809e-02
6.609814853440235116e-02
6.576361122239225698e-02
6.677941841005817503e-02
6.598876013518649442e-02
6.606215641080857848e-02
6.629465357133518255e-02
6.613325491193761119e-02
6.610115580117792433e-02
6.643601944206140031e-02
6.605506091172506922e-02
6.655237293984539448e-02
6.627739734036341979e-02
6.597970324047094937e-02
6.644543219101667342e-02
6.628201860391066957e-02
6.610386559944735063e-02
6.627007189042222191e-02
6.619976433602690891e-02
6.605459087341196411e-02
6.664836575739321867e-02
6.598494682670905109e-02
6.598915477146082009e-02
6.669661259256776109e-02
6.577066053595892470e-02
6.583677707037388638e-02
6.655171324678922640e-02
6.579116208576266112e-02
6.592590979710133414e-02
6.679486343949700422e-02
6.580923686371305259e-02
6.593003475465561425e-02
6.698457949908227793e-02
6.586225968258002661e-02
6.578388233086555903e-02
6.690914316155670283e-02
6.574702052983635858e-02
6.564590275079801307e-02
6.681012957494525395e-02
6.608052327245987623e-02
6.573147773069579203e-02
6.695129992083623249e-02
6.598513912811027060e-02
6.574818875911540850e-02
6.700984951913467602e-02
6.599558727574522665e-02
6.591623929906295642e-02
6.693084529932875892e-02
6.601699816747266802e-02
6.571147054298399903e-02
6.666643096270137570e-02
6.606452535474587051e-02
6.586942087186338501e-02
6.679970771275214880e-02
6.598272859477405383e-02
6.610062131948085673e-02
6.666793503837974144e-02
6.610029418578720894e-02
6.641079558517004600e-02
6.652736477194058640e-02
6.587050331585389551e-02
6.657170377998064548e-02
6.628705912844953807e-02
6.585319899492662887e-02
6.663960465725769777e-02
6.642683324576272030e-02
6.604425537079242070e-02
6.654524443672373002e-02
6.618921119266041320e-02
6.587970612745015775e-02
6.654595964611867420e-02
6.605469448428223644e-02
6.594029781437225901e-02
6.668218690456301223e-02
6.622485688014596861e-02
6.607010014597491931e-02
6.638793750722155051e-02
6.631316797339753544e-02
6.605821235055178708e-02
6.632283226595789283e-02
6.634154511470713445e-02
6.601167881729234910e-02
6.535324540305986751e-02
6.595323230865474118e-02
6.672603645096895908e-02
6.558444750954649238e-02
6.648495386566691256e-02
6.556518382520587496e-02
6.601736609906390385e-02
6.583368238930359384e-02
6.573448976443344027e-02
6.590427926671207914e-02
6.566629240892127295e-02
6.615490628937933937e-02
6.565879126568975599e-02
6.648106864938443938e-02
6.532868278298552267e-02
6.655687503071176792e-02
6.530253066551341967e-02
6.652701602525067093e-02
6.552781026610746129e-02
6.648655322394923795e-02
6.574479888834339203e-02
6.615336223366427570e-02
6.575176535747763451e-02
6.600653897389668900e-02
6.589144639877046739e-02
6.568462721317851194e-02
6.601689971118691880e-02
6.559289440091313483e-02
6.641668043091292217e-02
6.549930131746523054e-02
6.633850843261586416e-02
6.564393079001176745e-02
6.652210800603658436e-02
6.565307401367680151e-02
6.663967385420659084e-02
6.573691039198778507e-02
6.667323936120837791e-02
6.544947211397973696e-02
6.632878318701847242e-02
6.585538842869949339e-02
6.599132684818415084e-02
6.581994446803092480e-02
6.581492771606228809e-02
6.577326244325695792e-02
6.549919186263014614e-02
6.633825318776495616e-02
6.572509217236487122e-02
6.569189326384161642e-02
6.586352216497200207e-02
6.614850458774905462e-02
6.581966359992992566e-02
6.624441044360203368e-02
6.637588261164607817e-02
6.583439329720781885e-02
6.655284215454597418e-02
6.628597684243091315e-02
6.594083784939003268e-02
6.693632519347579579e-02
6.590357218849791920e-02
6.569755933839584172e-02
6.681198277725769463e-02
6.584489787417895090e-02
6.594613672248889058e-02
6.664347167367433433e-02
6.583796436358983761e-02
6.603426613901705600e-02
6.684427493906874851e-02
6.592553971206478736e-02
6.572179284964106694e-02
6.695305327755790570e-02
6.589863718614928645e-02
6.570605595404190036e-02
6.702383213778898008e-02
6.603250691381563897e-02
6.590116840285752120e-02
6.719092828531959827e-02
6.594065179029198753e-02
6.579054045314904065e-02
6.686033972938927594e-02
6.614578562328599087e-02
6.589150564691183265e-02
6.702171303880115338e-02
6.600726489805207320e-02
6.577489349498052973e-02
6.667329876898385466e-02
6.588301252392263219e-02
6.570197549434629580e-02
6.677034688477108404e-02
6.593899600825399443e-02
6.596252968740659584e-02
6.692513692215437682e-02
6.606457255004898055e-02
6.556531822769931517e-02
6.587748463219025852e-02
6.545843392311299913e-02
6.652646630931399740e-02
6.555784288886190581e-02
6.651609625990069496e-02
6.581568751439817455e-02
6.621854157201773061e-02
6.556419195124750521e-02
6.590969026359831673e-02
6.599858954855462867e-02
6.576610996237573781e-02
6.605530445072785306e-02
6.576533361340759776e-02
6.614664429118870259e-02
6.569065434605138309e-02
6.645230539357004085e-02
6.565403262416034946e-02
6.667671234969343996e-02
6.558234753305026976e-02
6.664592466938949744e-02
6.548005475532386876e-02
6.653081954532923115e-02
6.580472197029126058e-02
6.626473162464108224e-02
6.580515848297821546e-02
6.607526525010852525e-02
6.589052217122043364e-02
6.571201099704390702e-02
6.612423451419939535e-02
6.571328950376274791e-02
6.644134482443947443e-02
6.572875721281740136e-02
6.640343455303321374e-02
6.537097255219855019e-02
6.665457801481330935e-02
6.562581090060261302e-02
6.671223257553819674e-02
6.552350757482452992e-02
6.641803158126068085e-02
6.568881939485206323e-02
6.626881978629835246e-02
6.576126172483497123e-02
6.606117659212658311e-02
6.584668680934045726e-02
6.568754572041245188e-02
6.551774490526000860e-02
6.581155194116836138e-02
6.555029679663068598e-02
6.697512362185766011e-02
6.601277937669455809e-02
6.600270249422494906e-02
6.641410814727004286e-02
6.626649083213786984e-02
6.596859776695659927e-02
6.661212601121074828e-02
6.619559946458866695e-02
6.620481476449591174e-02
6.657763977448534487e-02
6.588500773611191685e-02
6.624060253254275554e-02
6.644632732448212120e-02
6.605115829942159733e-02
6.627050047098038965e-02
6.634177015662376387e-02
6.607242724865806938e-02
6.645256152455740473e-02
6.627091494256696913e-02
6.619318441375486584e-02
6.663699348930379740e-02
6.596740148958007977e-02
6.615978973681914399e-02
6.654171520302941401e-02
6.608915535077761194e-02
6.602932590472974927e-02
6.687721848210889664e-02
6.581285704183746643e-02
6.586658690626748247e-02
6.680143162750010188e-02
6.596759025439390134e-02
6.577659631822674324e-02
6.684099025013848228e-02
6.585585161523561937e-02
6.583397180256274350e-02
6.686166169002813464e-02
6.569148698537286002e-02
6.583005282691264948e-02
6.686285122327433050e-02
6.577420686816355666e-02
6.595693036091766770e-02
6.668693167268618938e-02
6.560961712646502797e-02
6.565894452699623518e-02
6.671098810812436941e-02
6.587206093992646616e-02
6.604529824660448911e-02
6.677723810026760243e-02
6.568144500498079852e-02
6.570071579502241577e-02
6.688491351444064703e-02
6.573379564062918623e-02
6.586001076004488475e-02
6.677395685557371841e-02
6.576722706378675121e-02
6.597288422823162357e-02
6.707170357541826500e-02
6.578179456264723890e-02
6.585563856922872772e-02
6.681131713671598082e-02
6.572758116076693469e-02
6.594842078912528660e-02
6.697790264418104766e-02
6.594332274726281973e-02
6.573616826255485046e-02
6.691336401644239207e-02
6.596299661615112608e-02
6.597814529187079335e-02
6.701289132242828350e-02
6.576525253965667672e-02
6.574319461653550800e-02
6.700326938679801447e-02
6.584995001514035162e-02
6.584830867478701222e-02
6.712521849764603588e-02
6.583036570335422388e-02
6.577388960893869319e-02
6.691972791368137885e-02
6.597029525710469688e-02
6.587006553884920679e-02
6.685710428749624956e-02
6.586851303799765023e-02
6.572713057116293112e-02
6.706608476385340911e-02
6.597190135609752593e-02
6.578174883664036909e-02
6.689310857272748323e-02
6.591227357446419188e-02
6.587087043883302351e-02
6.661757973231280383e-02
6.595713731795833923e-02
6.585912146942897449e-02
6.637902553035977815e-02
6.605428019451406452e-02
6.613733764960358363e-02
6.661879759530252298e-02
6.651097688374048300e-02
6.608371476207793027e-02
6.625459631639171731e-02
6.656512812536170831e-02
6.601908714149981594e-02
6.630746861080109855e-02
6.641014190343526302e-02
6.593112911469059534e-02
6.639007010832874423e-02
