2.139732749011954649e+00
1.185957897897591762e+00
1.077800855308757022e+00
1.059406982492478333e+00
1.057136500516644873e+00
1.062154306529041525e+00
1.065651178093130813e+00
1.060176416423508794e+00
1.059909116044784216e+00
1.060117494599700949e+00
1.062962423286246239e+00
1.060789634474195831e+00
1.061322114359563029e+00
1.059719570367675834e+00
1.062673211376467197e+00
1.061888172952749620e+00
1.060425278337427946e+00
1.062286274720533719e+00
1.062274793125371541e+00
1.060661557108189879e+00
1.063392382911460210e+00
1.059768296710277058e+00
1.063361370756752633e+00
1.060987818488922985e+00
1.057718776620686585e+00
1.060970780956998816e+00
1.059405690243059084e+00
1.060151731165941857e+00
1.063795265809999169e+00
1.066411059770695058e+00
1.061666798727196159e+00
1.060355104651190539e+00
1.060463853487203956e+00
1.059438854384862294e+00
1.062307258717318348e+00
1.058525794310349655e+00
1.060321797084122775e+00
1.062280573095944147e+00
1.060527585283238761e+00
1.062563348422699505e+00
1.062987394810938957e+00
1.059137491879384996e+00
1.064092593011918941e+00
1.058896775889766939e+00
1.064068273721733071e+00
1.060747214314979869e+00
1.062183674187932247e+00
1.062990997711044328e+00
1.030405283811493877e+00
1.044615752615679627e+00
1.061225650632137585e+00
1.063168898143842078e+00
1.063869600638869262e+00
1.058691838177218347e+00
1.060721582163573373e+00
1.062739886842114956e+00
1.062504997053538514e+00
1.058102572734705538e+00
1.060488492631829427e+00
1.060301936941346002e+00
1.063885458027364450e+00
1.060509189305089750e+00
1.069475461714490816e+00
1.058554422924250060e+00
1.061249651588387355e+00
1.058725929101679730e+00
1.060502449907727796e+00
1.058890633396569525e+00
1.058419315787944459e+00
1.059031171577172303e+00
1.061563452218323489e+00
1.058696896743933413e+00
1.062332781732549414e+00
1.063921435090025902e+00
1.058346622974978057e+00
1.062675149304188604e+00
1.060073071728951044e+00
1.062357178318285245e+00
1.061065845101619498e+00
1.061472328634845308e+00
1.066098765021912032e+00
1.062670640445656289e+00
1.066738379470147713e+00
1.067863900793095899e+00
1.059252740803690918e+00
1.064056394341508893e+00
1.061083094182479147e+00
1.059560576272818411e+00
1.063799446155802020e+00
1.058475562743796283e+00
1.058687089373795853e+00
1.061490926597984830e+00
1.065671430953425647e+00
1.064703716589752602e+00
1.064227116515565896e+00
1.061151929127255977e+00
1.059424020205998795e+00
1.061632297185743923e+00
1.060902204894160761e+00
1.061576857224381998e+00
1.060438977553400886e+00
1.060930839983548868e+00
1.060063413181636216e+00
1.059755866722613904e+00
1.058029075371233585e+00
1.062217051094793030e+00
1.060306570584100605e+00
1.059590408336664069e+00
1.059707513310351956e+00
1.061220640494960898e+00
1.059015740877479628e+00
1.063642411817955269e+00
1.063832473345627472e+00
1.061190006577753309e+00
1.062449334673229551e+00
1.066660576041056574e+00
1.068635623945436208e+00
1.065547925098517146e+00
1.065465244048610982e+00
1.067057719798277571e+00
1.060024768735797540e+00
1.064866086853289540e+00
1.062408900163047232e+00
1.063527102076190722e+00
1.057533079164348466e+00
1.063615632822128676e+00
1.063688712015319338e+00
1.060340249035081062e+00
1.060607320062078918e+00
1.055097652864722235e+00
1.063593377036839982e+00
1.059317643264816589e+00
1.064741515647105397e+00
1.066754348333492475e+00
1.058437000523468230e+00
1.061770910839878512e+00
1.062256499288957823e+00
1.059283584135899847e+00
1.068357747912457523e+00
1.059920516115582911e+00
1.059482363949858952e+00
1.064358896431249368e+00
1.062814962468902502e+00
1.061184468427795791e+00
1.058733677270222051e+00
1.060271975872963957e+00
1.060750777904033271e+00
1.057937450751752495e+00
1.059830366417446434e+00
1.062319957749709998e+00
1.059942592049680998e+00
1.070296565994454774e+00
1.063096407239713992e+00
1.064785450646827059e+00
1.059384850361980712e+00
1.060480752958955941e+00
1.058840118095067062e+00
1.062626189502334118e+00
1.066701622971999219e+00
1.060668993155447382e+00
1.062528050668996249e+00
1.062854266149140914e+00
1.061463747039377070e+00
1.060666425678873370e+00
1.063107952475788709e+00
1.058658010732820287e+00
1.063153953230116189e+00
1.069248603968119937e+00
1.062388776522288358e+00
1.061679394748061389e+00
1.058226080005621572e+00
1.062964578854506792e+00
1.060156627268389773e+00
1.060421059069994509e+00
1.062817152892649331e+00
1.061936431801128178e+00
1.060137371893819846e+00
1.065839389059174858e+00
1.058068831870492499e+00
1.060398390729678786e+00
1.060131054032818820e+00
1.066216064226165772e+00
1.058804037679651477e+00
1.062492938782053642e+00
1.062610885866613009e+00
1.061591061626937504e+00
1.062977653927941635e+00
1.059638571593001011e+00
1.060731535726700647e+00
1.060177866239710109e+00
1.063186254307351364e+00
1.064468728959985899e+00
1.067252452575568444e+00
1.060672479757461151e+00
1.063206578624161125e+00
1.058424962483025311e+00
1.062175639911297598e+00
1.061994373595139596e+00
1.060030608615013081e+00
1.062894934511730005e+00
1.059215867119026599e+00
1.063233420832280673e+00
1.064634342574028336e+00
1.063333084589110022e+00
1.061369321442693137e+00
1.060618273785317811e+00
1.063943122544284581e+00
1.065708940566525875e+00
1.060886375515923241e+00
1.060245157515190551e+00
1.056290093305031652e+00
1.059917403306408490e+00
1.061654208669533750e+00
1.059706537519998104e+00
1.064208373599162982e+00
1.065457072285625362e+00
1.063001671944927340e+00
1.059503700208133781e+00
1.061080131287939876e+00
1.060355567982506297e+00
1.062186154947728944e+00
1.058869848047088391e+00
1.065786087205885746e+00
1.060891395464564235e+00
1.059663789517428789e+00
1.059741922121499869e+00
1.063413182413654345e+00
1.060970350917599170e+00
1.060006016382907479e+00
1.062620724588207333e+00
1.058508424517919266e+00
1.065833334179039360e+00
1.062984382672573336e+00
1.059002316382635422e+00
1.058883460588484260e+00
1.060890256960292932e+00
1.061206563666501124e+00
1.063595951098121217e+00
1.065352324902772541e+00
1.062040825748318706e+00
1.057556221106590311e+00
1.057546055738058488e+00
1.061024097043449466e+00
1.060318777055694550e+00
1.063343812943759126e+00
1.065045956246337466e+00
1.060277914580814773e+00
1.063708076968025606e+00
1.065442282027307952e+00
1.059367062907887735e+00
1.059551297003880288e+00
1.061945110939483072e+00
1.060913077954113160e+00
1.062686791728337576e+00
1.062921658290427285e+00
1.066252582109032954e+00
1.061909273632189787e+00
1.061497416466184340e+00
1.061633745801268347e+00
1.060982208591536802e+00
1.061210832605491872e+00
1.057539873025038490e+00
1.060279650433695320e+00
1.057098489895647697e+00
1.064683931101336523e+00
1.059241969524785887e+00
1.061698982853287676e+00
1.060295757097062586e+00
1.060507161323593239e+00
1.060248866525755895e+00
1.061284881626173737e+00
1.061271838550086111e+00
1.062220310809893098e+00
1.060567389879442102e+00
1.061652378649045270e+00
1.064392752512045570e+00
1.064356308496759995e+00
1.062951331886329509e+00
1.060488175384894483e+00
1.061767089470972536e+00
1.062722997769117272e+00
1.068559283554546768e+00
1.062069205517727877e+00
1.062572009382485305e+00
1.057052777984322400e+00
1.059847264811210277e+00
1.061250545820951130e+00
1.061351948378083332e+00
1.061935061948764858e+00
1.072721899448950245e+00
1.062863727743627695e+00
1.063466730170869123e+00
1.062171288170986827e+00
1.067808831968459105e+00
1.073222222806506920e+00
1.057679762042426308e+00
1.061470860856416731e+00
1.061050151301751177e+00
1.065998796506879343e+00
1.062017074865339916e+00
1.058672766605992743e+00
1.063059921532010454e+00
1.060925785377790698e+00
1.058421115779364152e+00
1.061801365865665980e+00
1.064236940067572856e+00
1.060550386111481114e+00
1.060729873007479007e+00
1.061453850529864296e+00
1.058227828854397812e+00
1.061969444012062835e+00
1.062410540486085964e+00
1.060993038491889751e+00
1.061062400960215646e+00
1.064541499426146398e+00
1.059842710395854315e+00
1.061611056242296236e+00
1.058524465113371837e+00
1.060069612923222993e+00
1.060291707666863426e+00
1.072193323683718891e+00
1.060294486970448258e+00
1.060974256147018568e+00
1.060943327416325799e+00
1.062518702285479621e+00
1.058051710396680889e+00
1.066923049770372556e+00
1.061509734666227001e+00
1.060818724009463088e+00
1.058893336837585464e+00
1.065317314693851714e+00
1.064084189959290327e+00
1.062082879098829924e+00
1.060674678210382860e+00
1.060412842990177573e+00
1.061554738323337466e+00
1.063554905023216479e+00
1.061410165355371360e+00
1.062366628157125348e+00
1.061853455725091600e+00
1.065666426362710029e+00
1.058537782047682230e+00
1.059406443570145573e+00
1.064389438068769733e+00
1.061436912907581132e+00
1.063993233517235071e+00
1.062515338695463996e+00
1.060572448186725358e+00
1.060943891977157216e+00
1.059176528286990493e+00
1.061093812480505161e+00
1.061792340426668257e+00
1.060002455612827355e+00
1.062559016901038822e+00
1.059941014491542211e+00
1.059461360226577664e+00
1.061867079296757055e+00
1.059524857773411766e+00
1.060174204396395758e+00
1.059130864972626540e+00
1.061514497227003417e+00
1.092827826898210120e+00
1.046948100488669153e+00
1.060396469902972871e+00
1.060209361501449621e+00
1.060380656981557257e+00
1.061668685988928384e+00
1.064353087736069403e+00
1.059475781723178134e+00
1.061359818634111774e+00
1.058173801771539857e+00
1.061868897636931930e+00
1.059442026337139131e+00
1.063026669390261469e+00
1.064220425202485387e+00
1.066050102948876477e+00
1.059289622173191558e+00
1.060659486044777999e+00
1.061681716943510434e+00
1.062133141672800596e+00
1.061872121871803465e+00
1.060214444441507808e+00
1.063512447788169002e+00
1.059793420039949918e+00
1.059876211863366002e+00
1.061138028376959364e+00
1.064079417686324858e+00
1.061374805452644399e+00
1.065891859600031522e+00
1.061205340872560576e+00
1.057897734448948857e+00
1.061417639577731720e+00
1.061841186123430703e+00
1.061262793683748873e+00
1.065993893079491661e+00
1.066652855925927623e+00
1.061992450668473476e+00
1.062322288186897223e+00
1.059184887629061933e+00
1.060346417125718421e+00
1.061356489666599678e+00
1.061330794319427007e+00
1.062773100609660570e+00
1.060314679559468232e+00
1.070621746781915684e+00
1.057969362405653424e+00
1.060794976710391468e+00
1.060585004439119627e+00
1.059888753073002787e+00
1.061416706890480732e+00
1.062062990622853587e+00
1.064939979390726599e+00
1.064953179321547649e+00
1.060546337997589683e+00
1.061918367591067724e+00
1.058928419038262847e+00
1.062298868292491649e+00
1.063881238358058479e+00
1.066278343880730173e+00
1.062335116461082807e+00
1.060748596884374395e+00
1.061377466935835345e+00
1.060069780444844900e+00
1.065443415627246759e+00
1.063467903753525512e+00
1.064273917545757620e+00
1.058871787548790078e+00
1.062957479508738201e+00
1.058469645899127398e+00
1.060562978563948322e+00
1.061709498796008067e+00
1.062092658552341806e+00
1.059891876590519866e+00
1.062980533801281213e+00
1.061205938527740589e+00
1.057032340032573403e+00
1.063417411796730550e+00
1.070116287121158027e+00
1.066154223104268661e+00
1.059700355408458972e+00
1.060885931968528206e+00
1.062429448979263391e+00
1.063410161603906223e+00
1.061158868454130211e+00
1.060762101886344899e+00
1.059572691864118843e+00
1.062939903040075240e+00
1.059718542893095083e+00
1.061308811687231124e+00
1.063386138507892209e+00
1.058779800674749083e+00
1.062982777391198397e+00
1.062743441584471871e+00
1.064295649085882367e+00
1.056691779594945535e+00
1.063486967026797458e+00
1.054261366137601685e+00
1.058471696225473879e+00
1.065869704670611817e+00
1.063071639760105214e+00
1.066187454757067110e+00
1.060185301076505437e+00
1.060679531086348604e+00
1.066580605958956651e+00
1.062167144515953954e+00
1.062318950259114159e+00
1.064173330331128708e+00
1.063161820812688729e+00
1.061947886443299627e+00
1.060099001405351737e+00
1.059722754703384284e+00
1.059903457012212113e+00
1.060228974538548696e+00
1.061729533434804695e+00
1.058215465673659095e+00
1.061540220100143594e+00
1.060517128650979801e+00
1.060352243883720069e+00
1.061782807863286937e+00
1.062659684301679119e+00
1.056347917489239840e+00
1.061529978571499111e+00
1.058445676387538725e+00
1.064585163833064563e+00
1.064226342656678481e+00
1.060403391056221167e+00
1.061178014565783201e+00
1.065782848957106621e+00
1.058579911524569095e+00
1.063401680017141304e+00
1.060219631517224315e+00
1.058507116486242294e+00
1.059295325662855003e+00
1.061785134481689319e+00
1.059431771476674777e+00
1.056741169869241936e+00
1.060801790056333793e+00
1.063895748720604661e+00
1.058621863641500571e+00
1.060699452238962559e+00
1.062124217597366638e+00
1.065236434747146355e+00
1.058783733512146386e+00
1.062075490580455250e+00
1.061607975131153125e+00
1.062876905416885176e+00
1.063085102924827385e+00
1.062471993257995129e+00
1.066245236066856616e+00
1.063580699472332025e+00
1.057995019685882276e+00
1.065515796904453527e+00
1.060898542315968918e+00
1.063721444130682148e+00
1.059570006940526277e+00
1.061578678476239546e+00
1.063225855918519258e+00
1.064442494140446005e+00
1.060589521746040598e+00
1.061766223901108974e+00
1.060550244832106026e+00
1.062187865561546873e+00
1.059027084506871219e+00
1.063050108244077308e+00
1.063588660711657807e+00
1.063459334607580020e+00
1.064071019383300953e+00
1.061850652782950100e+00
1.065080502504450966e+00
1.062220257601145246e+00
1.059789737803291665e+00
1.064331889636250139e+00
1.062136229431756229e+00
1.058907306544085491e+00
1.061092343818023975e+00
1.066060346146916693e+00
1.060093782877183255e+00
1.061492804294642101e+00
1.058209243025610702e+00
1.062808708954624537e+00
1.061767583820404814e+00
1.065838911071600004e+00
1.065133718135065077e+00
1.059018582218175464e+00
1.063557169058467533e+00
1.061079767176313915e+00
1.063592736096687696e+00
1.060249855539797892e+00
1.065365891600884352e+00
1.063908526016957845e+00
1.064378290716750719e+00
1.059809074408842422e+00
1.061410769964199918e+00
1.066313684449250898e+00
1.062090842834825466e+00
1.061890262822124287e+00
1.064037296459915849e+00
1.064083658944177113e+00
1.062561127821512352e+00
1.062545708515291398e+00
1.060279692434662691e+00
1.062896435390479066e+00
1.058196606465535261e+00
1.061235491997000846e+00
1.064644753684974576e+00
1.062251022918419441e+00
1.059422351109593485e+00
1.061737379173431917e+00
1.056989482051688523e+00
1.059591920180351643e+00
1.059707307921943675e+00
1.059008249624449949e+00
1.056938296376903619e+00
1.060584610478778611e+00
1.064309222317467940e+00
1.062831673693317880e+00
1.062505251291842479e+00
1.063441644215162185e+00
1.062057482010362319e+00
1.060038494431977396e+00
1.063790531753705748e+00
1.065941910442908869e+00
1.067524889490308881e+00
1.061453981318707163e+00
1.062075841378266938e+00
1.065896490588454038e+00
1.065207512848375559e+00
1.064663934838588677e+00
1.065090852050431858e+00
1.061486821953763648e+00
1.066320000550930347e+00
1.066041120961175315e+00
1.065437516162964782e+00
1.060256480744727892e+00
1.062195774827884964e+00
1.062322451646359189e+00
1.067780528336444101e+00
1.066598049043959051e+00
1.066790787685620634e+00
1.058910409809203923e+00
1.063482858973176626e+00
1.059288513083875616e+00
1.060746737193070111e+00
1.060621862767796575e+00
1.066011090572205111e+00
1.059774572503661583e+00
1.059328413018017834e+00
1.068152281114069568e+00
1.064230211496302481e+00
1.058051172332377554e+00
1.063009461745045181e+00
1.063757529681617298e+00
1.058505555284406707e+00
1.059487725021090565e+00
1.059946122912962529e+00
1.061573378211394525e+00
1.063871962448964537e+00
1.064995252798664582e+00
1.062958252143643145e+00
1.057756959588425305e+00
1.060193514198908060e+00
1.060894081501744024e+00
1.064144086140063283e+00
1.062371895844669289e+00
1.059575118894026113e+00
1.061843227987322225e+00
1.060520450394900172e+00
1.058381058090071658e+00
1.066811366597450572e+00
1.061752980241106536e+00
1.061852674803776875e+00
1.062620169671078196e+00
1.062080867999713574e+00
1.057807740444961953e+00
1.068713789809252246e+00
1.062485680693591172e+00
1.061653270335802812e+00
1.060447312661143116e+00
1.065274530313180978e+00
1.062353386455882953e+00
1.066255896776665102e+00
1.059709410626578752e+00
1.061172946949530127e+00
1.064646012512799222e+00
1.059860846179347282e+00
1.061404125858858682e+00
1.057554978748689756e+00
1.063263496022723187e+00
1.060509705777259004e+00
1.059943858696026808e+00
1.056927777162876891e+00
1.067338938742854015e+00
1.060804799600773896e+00
1.068119234140652685e+00
1.061019662151255538e+00
1.061124320351321426e+00
1.066618067092548694e+00
1.065046037278010171e+00
1.059674586363743121e+00
1.058477545498582417e+00
1.061974439443899465e+00
1.061965299257331852e+00
1.060492941397391142e+00
1.058099130028306023e+00
1.062695778414004755e+00
1.060092665861421812e+00
1.063525957243752096e+00
1.067190768695791325e+00
1.062085374062354814e+00
1.062109403569969412e+00
1.062670892403873690e+00
1.059380545985626032e+00
1.056379634483121333e+00
1.061114305777360656e+00
1.059846237993562035e+00
1.063941175790094507e+00
1.061192642347566828e+00
1.060637542679549128e+00
1.063415027083818520e+00
1.064867858418350410e+00
1.064534833806591418e+00
1.059671235133551548e+00
1.059483467794425593e+00
1.060076351548163931e+00
1.060448909787808702e+00
1.055012334487560821e+00
1.055404493171023583e+00
1.062282768388559395e+00
1.062731756298388008e+00
1.059312581648160556e+00
1.060796997981693801e+00
1.064643241155209585e+00
1.060725896638664123e+00
1.064777574238548574e+00
1.066585938523211929e+00
1.063788403172230890e+00
1.058484380097247213e+00
1.062894354491695115e+00
1.059399872061574488e+00
1.061209371108981392e+00
1.058311258514160080e+00
1.062673175034674511e+00
1.061267593470840875e+00
1.058757106172991236e+00
1.064247398910482589e+00
1.059580490793641250e+00
1.060614711174569624e+00
1.065554106246644483e+00
1.060065714057972119e+00
1.059051598345147838e+00
1.060157517936663574e+00
1.064812551142012342e+00
1.060533368419650069e+00
1.065844791923522994e+00
1.062460628366555415e+00
1.061837862001562494e+00
1.058665024838765456e+00
1.061862327985154009e+00
1.057391143034129621e+00
1.061871608742693374e+00
1.062142125222380606e+00
1.062862559033372678e+00
1.059333474094820149e+00
1.063481210902706309e+00
1.063451663956595850e+00
1.061775720762929698e+00
1.061197210790485235e+00
1.061352690432690871e+00
1.067179263987340532e+00
1.064378504125262026e+00
1.058874283169076280e+00
1.058545652407323567e+00
1.064656306405616260e+00
1.061891582614135299e+00
1.061294043412307930e+00
1.062908924157332180e+00
1.060980713830883104e+00
1.059892687182394821e+00
1.061764413997643652e+00
1.062775155360486057e+00
1.059472792094986904e+00
1.062712368787638972e+00
1.060344721319662176e+00
1.061337012796754742e+00
1.063716897927629468e+00
1.062695640917767914e+00
1.064820399908756432e+00
1.057936008944847739e+00
1.056920612580231955e+00
1.062730616192774757e+00
1.060597336413502845e+00
1.064366485364599102e+00
1.061522740649408325e+00
1.061699474006499555e+00
1.058113229502256170e+00
1.062817552557943301e+00
1.059973130434880062e+00
1.064671908279785528e+00
1.066381781692506303e+00
1.063656084257359691e+00
1.061396039604484587e+00
1.060740488065473830e+00
1.063125716727296943e+00
1.063621106779020664e+00
1.059433602510835959e+00
1.061868966470940867e+00
1.058596623602558351e+00
1.059613767246896154e+00
1.067063733487594535e+00
1.060986535897264549e+00
1.063844569618598079e+00
1.065021865784697930e+00
1.064661132339177252e+00
1.064402204928263318e+00
1.061979230470418534e+00
1.059215856828542357e+00
1.066196895011635393e+00
1.063115277038366280e+00
1.065722774161883768e+00
1.068204329203218839e+00
1.064415813045304526e+00
1.059876093148768961e+00
1.062658661928640669e+00
1.062465190004969307e+00
1.061642870972296482e+00
1.060305361123317303e+00
1.062352908620629588e+00
1.061581035470798628e+00
1.062129833369171772e+00
1.064118083257311165e+00
1.063040044791793814e+00
1.061401305988046273e+00
1.059336227756026760e+00
1.063424285818330262e+00
1.061609730405343344e+00
1.063383486676624079e+00
1.064253635740691983e+00
1.062558477057870210e+00
1.059001504394244897e+00
1.062347844036787059e+00
1.063325044411445042e+00
1.064444863397249641e+00
1.061958909808350171e+00
1.063476803212272115e+00
1.061075849320815223e+00
1.061722395619084880e+00
1.064303153164450233e+00
1.068159506841551920e+00
1.064211283159526733e+00
1.061525926522672192e+00
1.063221423211009542e+00
1.058833582282386221e+00
1.062971757855929900e+00
1.059280718690685408e+00
1.070455757320366130e+00
1.057694500222993383e+00
1.061335188034501220e+00
1.059861072835681206e+00
1.066546179352267476e+00
1.063957386231049407e+00
1.061466980859694376e+00
1.063985193913482785e+00
1.060019166076355823e+00
1.061194661681805540e+00
1.062071996616301695e+00
1.059966486351807013e+00
1.055408474116169115e+00
1.059207155076411944e+00
1.068498058037909759e+00
1.058676999601349866e+00
1.059424969009232553e+00
1.062773185037296342e+00
1.063054093365861208e+00
1.061864873559150269e+00
1.065058201548251926e+00
1.063234338382006872e+00
1.063726855601778487e+00
1.060193850965123863e+00
1.061589467672102050e+00
1.063523943322027376e+00
1.063543854868463701e+00
1.064292104970669506e+00
1.063544995195997211e+00
1.059797622749913293e+00
1.058966614376887660e+00
1.064052966940856049e+00
1.066875323327040270e+00
1.062215162825900450e+00
1.060637715383939916e+00
1.061765713538982636e+00
1.057144372170452096e+00
1.064229534209285788e+00
1.064078567334966641e+00
1.062465076258285013e+00
1.060213931388610309e+00
1.060735595850231361e+00
1.062177692298421849e+00
1.060693337527763180e+00
1.061938061484446694e+00
1.061139357072246270e+00
1.064814919676312810e+00
1.058953629715377875e+00
1.067131467465535666e+00
1.061251496106020431e+00
1.060434502481715446e+00
1.058629466099699545e+00
1.060235034027747325e+00
1.060758279687870287e+00
1.060861182659952995e+00
1.065509355796157909e+00
1.064575978521741462e+00
1.058955158014785791e+00
1.061343953238822913e+00
1.062798890016680486e+00
1.061163876266928652e+00
1.062769942850934513e+00
1.060163924740950891e+00
1.063915065645037572e+00
1.059073374878932050e+00
1.061377666330605152e+00
1.057080207406790429e+00
1.058340905055814352e+00
1.062678172194842396e+00
1.060572071141019146e+00
1.061749874561529472e+00
1.064656791713936901e+00
1.062498248191138028e+00
1.060630650488921800e+00
1.061367020248620063e+00
1.065332415988225812e+00
1.061754797926960148e+00
1.062896233429526438e+00
1.059417262262302817e+00
1.061130427030923196e+00
1.057880504436317537e+00
1.062445509722327985e+00
1.062424892982943625e+00
1.059957933169227040e+00
1.059620392027603275e+00
1.057536697136203907e+00
1.059428069564117392e+00
1.059755128139558078e+00
1.061392775087473206e+00
1.060991484137575380e+00
1.061100291857976163e+00
1.063083077138908150e+00
1.068925638524893307e+00
1.065035785701192061e+00
1.060340889233860384e+00
1.060303358464891765e+00
1.063129390112546035e+00
1.060584257155583021e+00
1.062450575747333037e+00
1.061755277497310246e+00
1.067608715464342328e+00
1.067358792020552949e+00
1.061222633234762958e+00
1.061621230983611053e+00
1.062335626674998146e+00
1.059457947278126699e+00
1.059379739826650013e+00
1.063198411885671435e+00
1.060862182527715580e+00
1.061030864053451372e+00
1.059843567151925292e+00
1.059539731089527814e+00
1.064192690599293112e+00
1.063606087770926134e+00
1.059413738086439460e+00
1.060580124530956958e+00
1.062575640165049906e+00
1.060645051484803814e+00
1.063328399019530801e+00
1.064047857597786750e+00
1.056703022154099392e+00
1.068670371355615156e+00
1.058451653489902666e+00
1.062003899830167519e+00
1.059441378857303828e+00
1.063923934784290370e+00
1.060840562959211253e+00
1.065502043525690556e+00
1.059179303373352754e+00
1.060036220210091473e+00
1.059610523781153057e+00
1.068606877839064051e+00
1.065195418488810386e+00
1.060202492136459673e+00
1.059680181688996692e+00
1.061685945563421551e+00
1.063426584312277878e+00
1.068287533534901801e+00
1.060222724750146783e+00
1.061113385284953470e+00
1.063583221037347704e+00
1.063899809195966162e+00
1.060422818643267817e+00
1.058655694967567173e+00
1.060112392302266171e+00
1.059744402634049010e+00
1.059063449680899938e+00
1.062197515322265140e+00
1.061783532808461050e+00
1.063533119271828919e+00
1.060078633700881623e+00
1.057520747365267688e+00
1.061853771786816392e+00
1.063250883793513291e+00
1.062270165610915917e+00
1.061014465656109573e+00
1.064720374273480763e+00
1.065323924574977488e+00
1.060726323891036049e+00
1.058639588901902240e+00
1.060052257818763444e+00
1.059022802997524604e+00
1.065481321175697715e+00
1.057484384815368772e+00
1.062214345204749444e+00
1.059214690054724572e+00
1.058418796933175532e+00
1.061084588950967023e+00
1.061241389914230560e+00
1.062700879191253334e+00
1.062422067873092901e+00
1.062407693607602122e+00
1.061774129357223373e+00
1.063811625162279340e+00
1.057217165231706613e+00
1.061752199721037959e+00
1.044952126996152808e+00
1.053299126592289525e+00
1.060765029988858466e+00
1.065022726638799710e+00
1.058328254916110156e+00
1.062734243424300340e+00
1.060978622221386836e+00
1.061303013385933802e+00
1.059406477470747676e+00
1.062054721031930660e+00
