2.809357274936693973e-05
2.879085097621246378e-05
2.876381938950580967e-05
2.787851720116084564e-05
2.947031795700319538e-05
2.829103485684222272e-05
2.910629283838487395e-05
2.881701082372614055e-05
2.831362968706821248e-05
2.859692239340520868e-05
2.842017915949347347e-05
3.123018024931467130e-05
2.803041013679565075e-05
2.881954778910935405e-05
2.794783265581261109e-05
2.909962966219929695e-05
2.929959671722764399e-05
2.926787391634640641e-05
2.830348285884082548e-05
2.801965600582011082e-05
2.807042609471571806e-05
2.878041499036057614e-05
2.826851597317841974e-05
2.887950861622278335e-05
2.879172144200096693e-05
2.856284260250639240e-05
2.789171540927625091e-05
2.888799848650192126e-05
2.766939394622888143e-05
2.841733853230183027e-05
2.843848168572154678e-05
2.821208164306941780e-05
2.861753881739005921e-05
2.775301286213973539e-05
2.846248707855454882e-05
2.772194166062183780e-05
2.870724673518595084e-05
2.787607315629139399e-05
2.855600302548015092e-05
2.849940683234351214e-05
2.823436487716600893e-05
2.863308531715112203e-05
2.797594513270968732e-05
2.756686754692512693e-05
2.912721664937452422e-05
2.866990047691825335e-05
2.816046687011116237e-05
2.860075605153862292e-05
2.797513436790978949e-05
2.914630556888507724e-05
2.895816420248213660e-05
2.916165455179712643e-05
2.804434048688636053e-05
2.813173989611866279e-05
2.837072418929760469e-05
2.969983178770041157e-05
2.831336475440654414e-05
2.790462383212733921e-05
2.927329862081957915e-05
2.983049083199773745e-05
2.795947695795914526e-05
2.806674684856676059e-05
2.882481834981638570e-05
2.857428349727405827e-05
2.798495036435796849e-05
2.814361889474540374e-05
2.842224678230724600e-05
2.779615807420444167e-05
2.905158112191535234e-05
2.800068547512285047e-05
2.925089495947756543e-05
2.836762384728068966e-05
2.802658968073588034e-05
2.832140270879259804e-05
2.811517977299021675e-05
2.887311297591055778e-05
2.872774838742913370e-05
2.878950597174701189e-05
2.825305547743640485e-05
2.832930336717447270e-05
2.926754056610934065e-05
2.835494692890209789e-05
2.824083005622827079e-05
2.917208914437774978e-05
2.871232387004475460e-05
2.763245405790627678e-05
2.984746352879648281e-05
2.921557322100387053e-05
2.830567949372955026e-05
2.824019395295006215e-05
2.812580988148380900e-05
2.931011074764054589e-05
2.828322451348877357e-05
2.857409837644326396e-05
2.951340485388065498e-05
2.834281693923761949e-05
2.867825317061467624e-05
3.169909122278060694e-05
2.967944892256278074e-05
2.895017737571344401e-05
2.800291741979052038e-05
2.996916744135280625e-05
2.766991548604336347e-05
2.876442602908133096e-05
2.869317833179236486e-05
2.813528423986404466e-05
2.876726900686011988e-05
2.760776662265524141e-05
2.860410414905413640e-05
2.808102946905362588e-05
2.877924090594978751e-05
2.809012605961986250e-05
2.836063589922152356e-05
2.806970769066904136e-05
2.787541990500135404e-05
2.888815020626381755e-05
2.981521972967259953e-05
2.893579120554761545e-05
2.824753829781325801e-05
2.764521390376165050e-05
2.818166396343123266e-05
2.867765356757171220e-05
2.823699511003756958e-05
2.880389539233283382e-05
2.772554604789782929e-05
2.828137220686991485e-05
2.967114164643032753e-05
2.840205358436690387e-05
2.849881565781124172e-05
2.793404282570790899e-05
2.990588971575696317e-05
2.911992086122967705e-05
2.841303614104244676e-05
3.051059303436641680e-05
2.934769144574678112e-05
2.847156984183897728e-05
2.994129605102667066e-05
2.857891551784964132e-05
2.996092697167290780e-05
2.804893643900381738e-05
2.881420680559641982e-05
2.873686282536952938e-05
2.803588639280583594e-05
2.851612091672266531e-05
2.809710505403482640e-05
2.814624954069972005e-05
2.771828096937674343e-05
2.994200921565368060e-05
2.896232081690929135e-05
2.876850126293041112e-05
2.779760411801976419e-05
3.096021493143591164e-05
2.834202341050755217e-05
2.786699984170089173e-05
3.255212036345834549e-05
2.823969321183078098e-05
2.866683476981898000e-05
2.917742612754861388e-05
2.981935942316140656e-05
2.810530580884414200e-05
2.791796395907311038e-05
2.820652522276131689e-05
2.879678541469685906e-05
2.970801487461126171e-05
2.786020974107057156e-05
2.838854831462885917e-05
2.923612713404545081e-05
2.906482829582822860e-05
2.794101881482444308e-05
2.855832361957062157e-05
2.802537819639350049e-05
2.901434683521989731e-05
2.809846345031175193e-05
2.988524149956418795e-05
2.864493691624104402e-05
3.002495941829431817e-05
2.924152378961678917e-05
2.795490125149936085e-05
2.793352314470828003e-05
2.808926987911492061e-05
2.847488786012996906e-05
2.920052406696657560e-05
2.896347699916340099e-05
2.850923905737820640e-05
3.098581692417421758e-05
2.887444124861159142e-05
2.990231362106669045e-05
2.806176895255663576e-05
3.130130394450684203e-05
2.854214900137976219e-05
2.890987067354281237e-05
3.005470947783928171e-05
2.865196395037850023e-05
2.867915243340095186e-05
2.903395870898204905e-05
2.960780694360030154e-05
2.782113852651392591e-05
2.829597988537165475e-05
2.810662548450338922e-05
2.793877326541463021e-05
2.874117151330708131e-05
3.093234283750753678e-05
2.910969365385331190e-05
3.146656734415648394e-05
2.789114344584456937e-05
2.827628317793997117e-05
2.850095606563540402e-05
2.859126451786946248e-05
2.802135200611560273e-05
2.855273436874159214e-05
2.914167613559002912e-05
2.881492997035696690e-05
2.830422629668341041e-05
2.763308854681037794e-05
2.889617487662559007e-05
2.806908707985439000e-05
2.824717860272727226e-05
2.936049942064239101e-05
2.874897019271883348e-05
2.809731169405942335e-05
2.882613505243504683e-05
3.082205711339894809e-05
2.864852740392088724e-05
2.914483649585228198e-05
2.866579737237104304e-05
2.910424327679857908e-05
2.984001653777281838e-05
2.761404432276150535e-05
2.774827242199486027e-05
2.816228239307737953e-05
2.825112607215545611e-05
2.875181112653313743e-05
2.809434687033093289e-05
2.826066301520432011e-05
2.971188329690806638e-05
2.974149311120837251e-05
2.911428938341698860e-05
2.838714934604229207e-05
2.798379769022345866e-05
2.916325890935544707e-05
3.077514645550853738e-05
2.864948133982891582e-05
2.840555369956801717e-05
2.820986380077301653e-05
2.930073406460190035e-05
2.875565246280800628e-05
2.887366430998976839e-05
2.817536172970572925e-05
2.920211303973887094e-05
2.901199311563605051e-05
2.853093575970826236e-05
2.824962400285193658e-05
2.823886096901074221e-05
2.828871900509043189e-05
2.909765652540195763e-05
2.853095605509653340e-05
2.835170880254302638e-05
2.829231425438107205e-05
2.900491938058165700e-05
2.930643044132275608e-05
2.805353759015111680e-05
2.889879248965742414e-05
2.919008088889116291e-05
2.827623890606823941e-05
2.793995761591062165e-05
2.827336231700297033e-05
2.836864119736130614e-05
2.914095956130523628e-05
2.850629901159818403e-05
2.861567245369928437e-05
3.042051175483252457e-05
2.781769644032976800e-05
2.913113188642233858e-05
2.789224318877893226e-05
2.985562572455376622e-05
2.880390319945820237e-05
2.841258076259980009e-05
2.777753313835904387e-05
2.867804848098875025e-05
2.809230080404794832e-05
2.817820231907784264e-05
2.961631804530982752e-05
2.776170022415340070e-05
2.828855663718043815e-05
2.797752278024173754e-05
2.769026032959431496e-05
3.012409135966767268e-05
2.883572142659430321e-05
2.848569112275670668e-05
2.812541652428248158e-05
2.894346545198368486e-05
2.859610282439265205e-05
3.001576481072880650e-05
2.859966647757505851e-05
2.757415457154752786e-05
2.851283958920605805e-05
2.777224161174261422e-05
2.994783502708975068e-05
2.822720833313803945e-05
2.890435797909049267e-05
2.769390632297211001e-05
2.813442718370812078e-05
2.800335436153940602e-05
2.751089388221598063e-05
2.914398704067735994e-05
2.829475228640016679e-05
2.843767933923823667e-05
2.820512324174708759e-05
2.810614199477066595e-05
2.945371638850077805e-05
2.855346012153270151e-05
2.847699374044197502e-05
2.784070065472558805e-05
2.877400612879891758e-05
2.857390207830740292e-05
2.896168971338437286e-05
2.889812473862663083e-05
2.806586985705120940e-05
2.992200226760783661e-05
3.039113610684781198e-05
2.853360409741180265e-05
2.829866566357018643e-05
2.894863209616485683e-05
2.785792129524375615e-05
2.838103434024946337e-05
2.857809683867006467e-05
2.887333062113073295e-05
2.900777435878013329e-05
2.824700770027857168e-05
2.821044517328039289e-05
2.934940744785894664e-05
2.852754816764184595e-05
2.843744104329090050e-05
2.781600725636186540e-05
2.825792671646985599e-05
2.881208247603386034e-05
2.832142885859692855e-05
2.897036775359645760e-05
2.872937960288618543e-05
2.833846094067092887e-05
2.805773906433993564e-05
2.842846484713889972e-05
2.833316005145002022e-05
2.813113870688096796e-05
2.882888102366062101e-05
2.830544871081959327e-05
2.815397791828487314e-05
2.849370399480752767e-05
2.793393008046503905e-05
2.798578784604856967e-05
2.828130008013786820e-05
2.857935001510579184e-05
2.825716494253784257e-05
2.797019534437918651e-05
2.851916231973002027e-05
2.816842495706014713e-05
3.020421768857639428e-05
2.913423905176192898e-05
2.820381311766162263e-05
2.856523157740888927e-05
2.789418889886142474e-05
2.806457650890933106e-05
2.802802439905972099e-05
3.155957550694860921e-05
2.798768334207268015e-05
2.916771612246513384e-05
2.884637663361832040e-05
2.842736720502233739e-05
3.154406528219243417e-05
2.811875635407618627e-05
2.893384211678036357e-05
2.838814528404352700e-05
2.774807206036435822e-05
2.894006772784765005e-05
2.765827146135776181e-05
2.796803903674681060e-05
2.939272809123372960e-05
2.756906312798284176e-05
2.861990488363131422e-05
2.856090232872169450e-05
2.824732073648176226e-05
3.049272054481903709e-05
2.826061969706374164e-05
2.877124428110864631e-05
2.806865034035391592e-05
2.814386658946051471e-05
2.883610521544970493e-05
2.756996489729939261e-05
2.917891366654612500e-05
3.088759524965310700e-05
2.784285786334286453e-05
2.911065747496156654e-05
2.838011902842659328e-05
2.801588962096090442e-05
2.799787586923573062e-05
2.836073352302956817e-05
2.887317624580341253e-05
2.839188412268694352e-05
2.876042816444097726e-05
2.850793866620773622e-05
2.854447136609217808e-05
2.808981768860661511e-05
2.798945816728395068e-05
2.794136585444836912e-05
2.774487367375089281e-05
2.774028182414544350e-05
2.812502271105693500e-05
2.970559591743024714e-05
2.874099222185580761e-05
2.835336128180693856e-05
2.880758567664007001e-05
2.944875849858967810e-05
2.778172329109579965e-05
2.762460293532765344e-05
2.965425145331322343e-05
2.887359634555585242e-05
2.763385881836330274e-05
2.838161178391670347e-05
3.048857101376871244e-05
2.760052299089410852e-05
2.858781022051656593e-05
3.062409571410172095e-05
2.816973366505034032e-05
2.869982946563462981e-05
2.823517602830192337e-05
2.880028238976855678e-05
2.887868150108217392e-05
3.024373327893274720e-05
2.760460786491814866e-05
2.849206278087696074e-05
2.816966173454658119e-05
3.065247609625996767e-05
2.808793251761797506e-05
2.824917229219957066e-05
2.843452506904606210e-05
2.994424163862787589e-05
2.846640578501900828e-05
2.860434486084947788e-05
2.788828758870494037e-05
2.762866525304459068e-05
2.812177105572716463e-05
2.898844680586251543e-05
3.056435614838391739e-05
2.792101370323942259e-05
2.890494251048725174e-05
2.838005475756402534e-05
2.872001504949433452e-05
2.799993063001695817e-05
2.822378774087372537e-05
2.894306272821920898e-05
2.802481876055739769e-05
2.857470588449475781e-05
2.852459216352140053e-05
2.890889160431481497e-05
2.815702527435264685e-05
2.808636408739969621e-05
2.870549323384881106e-05
2.841433887408776975e-05
2.834541601867085432e-05
2.868725702572861355e-05
2.828428154932683726e-05
2.853642486091436279e-05
3.143110772797788963e-05
2.828161359841748726e-05
2.936745505332710713e-05
2.898709864664698177e-05
2.852489678280420169e-05
2.865452343519948498e-05
2.940009252396329673e-05
2.844589627080565291e-05
2.850507237451814445e-05
2.863435756672463270e-05
2.855514681839381759e-05
2.887845156976781219e-05
2.975402986968289564e-05
2.817866056267040960e-05
2.830654829978343764e-05
2.820337150921352337e-05
2.854137702155749802e-05
2.842811777050160916e-05
2.867673113348682328e-05
2.897679640041361188e-05
2.880032094605307821e-05
2.835180350462054584e-05
2.805840877265727195e-05
2.813272968974518871e-05
2.856165666293020161e-05
2.806012461862553405e-05
2.806573964000103367e-05
2.817325522025446551e-05
2.783113401573458727e-05
2.872885315385540007e-05
2.982265050817434858e-05
3.032669819387442028e-05
2.843327452705175009e-05
2.798477591612262455e-05
2.803388393347719238e-05
2.846191875653801589e-05
2.803830776789849235e-05
2.882186423085564576e-05
2.784406360263403025e-05
2.823248693328973718e-05
2.878050567300642021e-05
2.842197377021520003e-05
2.932364985276906687e-05
2.843750571121412836e-05
2.832666163816678349e-05
3.109146203375800490e-05
2.791130346197884363e-05
2.881379165396033234e-05
2.876913739095653385e-05
2.913706366380995757e-05
2.830699733237428887e-05
2.813050978068771851e-05
2.817316884268585798e-05
2.974054720344528218e-05
2.812187568454487294e-05
2.811892241763903018e-05
2.843675322619976568e-05
2.820666799993057849e-05
2.854775308350896413e-05
2.755878516565333236e-05
2.781233522857712333e-05
3.052707833364109508e-05
2.935400906650773457e-05
2.904842391743139794e-05
2.814989557823903131e-05
3.151070139793157149e-05
2.929932815378086692e-05
2.812646309708929617e-05
2.866347180834637919e-05
2.895880254270983198e-05
2.813674127616570730e-05
2.780139538224424522e-05
2.799863948107006516e-05
2.861781844349816880e-05
2.990149631130593707e-05
2.853752567026637078e-05
2.865866864038967783e-05
2.789448734063154156e-05
3.067661964769679656e-05
2.857207274438380314e-05
2.996952000160337881e-05
2.792065237300969525e-05
3.046509614994650535e-05
2.927463542981042813e-05
2.844069040641596221e-05
3.078942458950239777e-05
2.796241930784423179e-05
2.910309619898424302e-05
2.841687286299071494e-05
2.837100167609998342e-05
2.798401765914452401e-05
2.768558962764974146e-05
2.825542164063175472e-05
2.889899896520297466e-05
2.788646923763142394e-05
3.156131232694115666e-05
2.886307802006095010e-05
2.798785797654036739e-05
2.815807020697112703e-05
2.904662869765241282e-05
2.873167874198299400e-05
2.830086275466062444e-05
2.984757573033273249e-05
2.916609802645543732e-05
2.795365283205423183e-05
2.812972400040962686e-05
2.785946924684911947e-05
2.921762523686540600e-05
2.783215856807288438e-05
2.815377977151811069e-05
2.754432235462495642e-05
2.892643484630816596e-05
2.914050549176443246e-05
2.837152158648312083e-05
2.949094187689747023e-05
2.858937084243516331e-05
3.175956668363519628e-05
2.806122792698604272e-05
2.820799315178541320e-05
2.952685038017746711e-05
2.833250213628877928e-05
2.940135015096380158e-05
2.915639068302786001e-05
3.051079448656749839e-05
2.951592592245979614e-05
2.826122190244433546e-05
2.878902150121022760e-05
2.773916522190835246e-05
2.889226315295809048e-05
2.796235302221801292e-05
2.893029120737704887e-05
2.890399983469387306e-05
2.751291817609500016e-05
2.769457674561502783e-05
2.807849179307884686e-05
2.841709156300776496e-05
3.308299699909818774e-05
2.814982568856422754e-05
2.928903456626772900e-05
2.834557245325175688e-05
2.871799886028205334e-05
2.788092890156190543e-05
2.856683307675148757e-05
2.795337181294193761e-05
3.006515522592032781e-05
2.849876566910437953e-05
2.862648492075321705e-05
2.774063550130399412e-05
2.814187901081214340e-05
2.779329404986998018e-05
3.352019830391486503e-05
2.805055247494862329e-05
2.905706126197551682e-05
2.861510540256367730e-05
2.863236831219100075e-05
2.845289315526726239e-05
2.876578915795152409e-05
2.913187454562592602e-05
2.784248682273748245e-05
2.813128863960629803e-05
2.844917153579313630e-05
2.839913805418405846e-05
2.989286237447388170e-05
2.847968022813569987e-05
2.881649097084914736e-05
2.887822647552975338e-05
2.807712722255393238e-05
2.825181387461240610e-05
2.816637297064718590e-05
2.758194865542714446e-05
2.941329548315593274e-05
2.828748320414820478e-05
2.851199487800634786e-05
2.862118753231852734e-05
2.804359641946485351e-05
2.768995274189553786e-05
3.027702324714849432e-05
2.761676541443280813e-05
2.820193347965749083e-05
2.922658701306708929e-05
2.868124304207518265e-05
2.825105763532109767e-05
2.908792086550421286e-05
2.913637078530944194e-05
2.830371406605167975e-05
2.880376760996583352e-05
2.868600371805978488e-05
2.822602053058222607e-05
2.926032674262002542e-05
2.796380864964375707e-05
3.005881168792979636e-05
2.812882700395055960e-05
2.905043767421111090e-05
2.878706548477632751e-05
2.808982987453829508e-05
2.819617713661983456e-05
3.185511428300883666e-05
2.899529390010774802e-05
2.865010838965631519e-05
2.755425952493943906e-05
2.894925486173372071e-05
2.896527890698188211e-05
2.896821707304776704e-05
2.810905745305416995e-05
2.850985602473988679e-05
2.872897105650848125e-05
2.908907921433759945e-05
2.973428825413738030e-05
2.917743051807797648e-05
2.809939200377603100e-05
2.738308118340889463e-05
2.877768019728927005e-05
2.852952723579255516e-05
2.872759665097206894e-05
2.804911610466401503e-05
2.791663287323394352e-05
2.852945723838854700e-05
2.740136230400396113e-05
2.814852840758821543e-05
2.821423343123372502e-05
2.867351522039478145e-05
2.906243333671825810e-05
2.839335314940344868e-05
2.880895616505764221e-05
2.836931498995135740e-05
2.846641435670911214e-05
2.794422051533433071e-05
2.783311612404510197e-05
2.898842319901162565e-05
2.811396656287192569e-05
2.872457637662996814e-05
2.915131167634308593e-05
2.867116425959757929e-05
2.858693058556143306e-05
2.868533742947795503e-05
3.056198762731042646e-05
2.798730809050167646e-05
2.886046430927578893e-05
2.849565749815490746e-05
2.777967020814108996e-05
2.821259749162421775e-05
2.827992596322083453e-05
2.820058709087759581e-05
2.945543917939458437e-05
2.854957661686742027e-05
2.859852801474753204e-05
2.866606416676002625e-05
2.798646603188194147e-05
2.806744786066520754e-05
2.830671608586236951e-05
2.861216798892646322e-05
2.822788080038558908e-05
2.862980512348866765e-05
2.905560789765957721e-05
2.787242905988082173e-05
2.788525717945568452e-05
2.854594451741467785e-05
2.830403921287248366e-05
2.893723029941833053e-05
2.842011219006024308e-05
2.797083042828875753e-05
2.793852920408035367e-05
2.983357959205386938e-05
2.793247649421925732e-05
2.838990392483505009e-05
2.898990458822604447e-05
2.858023671501815262e-05
2.835363119951841813e-05
2.864566209403032203e-05
2.818200878139032051e-05
2.927792810368141308e-05
3.095564873817474301e-05
2.801609121651825674e-05
2.870688102453514541e-05
2.847466795359530279e-05
3.063022348950185793e-05
2.992733367848773697e-05
2.810608545768196847e-05
2.887139353673024033e-05
2.834669751581895422e-05
2.814714153769415584e-05
2.807810019142436869e-05
2.919671984447843460e-05
2.791179383867817358e-05
2.830884420921024933e-05
2.836284940892186854e-05
2.844558641180234938e-05
2.857597632933829191e-05
2.839277299488291448e-05
2.781328670600984761e-05
2.823499643837100115e-05
2.845005741919985441e-05
2.761435377032220038e-05
2.983688554206645737e-05
2.867360377396612094e-05
2.846922480608782936e-05
2.878703912393797674e-05
2.829275543452283140e-05
2.796137602526691557e-05
2.904692524940493098e-05
2.979839752139753185e-05
2.873707743457279480e-05
2.775923967592672196e-05
3.130978217981018056e-05
2.806862612105503709e-05
2.937462120918548169e-05
2.832929811067988888e-05
2.843952040850318300e-05
2.786938716870842318e-05
2.958025749934528666e-05
2.923119857108503594e-05
2.801930627628573627e-05
2.795229625243004072e-05
2.787724999207970471e-05
2.826086189424736916e-05
2.833058800043635405e-05
2.800777204744103787e-05
2.802258103860497300e-05
2.885206336336510301e-05
2.896501363579683194e-05
3.081415244688471254e-05
2.934334029505505383e-05
2.792524092174127452e-05
2.799992240102480752e-05
2.791988023715896470e-05
2.828591718339498910e-05
2.874216793051020965e-05
2.828219725080234942e-05
2.855636878387732267e-05
2.941419197055068560e-05
3.049596687842661178e-05
2.859680224855440091e-05
2.871999404111273604e-05
2.880424585207616537e-05
2.833577951256461696e-05
2.757447953226162040e-05
2.988030323156612336e-05
3.008052542129183252e-05
2.836602750421779822e-05
2.906158646501155190e-05
2.924386503674275502e-05
2.873164294171343905e-05
2.856818099287592778e-05
2.780916806151337623e-05
2.898944376628241810e-05
2.895860524713197716e-05
2.827734593732870677e-05
2.878618603780254916e-05
2.853093764048325435e-05
2.787600005044092594e-05
2.798639767625670760e-05
2.942267159182950902e-05
2.810189865321353057e-05
2.821891447015576799e-05
2.977552110211681885e-05
2.904924390532089671e-05
2.810236972001372186e-05
2.768053699495922381e-05
2.865315534777299747e-05
2.809175744042604307e-05
2.826993891906910052e-05
2.903684074166146481e-05
2.886147244921877510e-05
2.863847856705031649e-05
2.828198264790258800e-05
2.842679626408008473e-05
2.809906318474619908e-05
3.193189135811309604e-05
2.847413395228057476e-05
2.846346638398812579e-05
2.945401793442930808e-05
2.792255813460397184e-05
2.858875545810851993e-05
2.820192788466410608e-05
2.782289547023891657e-05
2.813313446572416238e-05
2.868444239961735184e-05
2.787356348544390861e-05
2.820533702643542091e-05
2.877771087076027266e-05
2.889216523353634009e-05
2.854907941773506043e-05
2.849399685002278483e-05
2.821137871642226465e-05
2.908032611953182705e-05
2.868812415904469274e-05
2.815630825891598840e-05
2.797766899665078769e-05
2.816166051183587973e-05
2.912390479553602583e-05
2.904653959123562487e-05
2.802236092814581347e-05
2.780387225055966412e-05
2.795523410266929310e-05
2.806296006995845967e-05
2.821386556574650422e-05
2.886945864441094376e-05
2.816276092109544618e-05
3.067486426768147452e-05
2.778861597675284261e-05
2.828036260702363464e-05
2.905190220133751328e-05
2.831667394214642150e-05
2.902610768231948847e-05
2.815349868554937719e-05
3.081500010802738597e-05
2.835657347487688729e-05
2.815409650189489311e-05
2.909000258621182431e-05
2.786273261002516067e-05
2.960810689541213704e-05
2.795874147695102802e-05
2.803565287782920035e-05
2.870143391778590372e-05
2.793275508619345762e-05
2.839452657322480205e-05
2.865952823084968069e-05
2.888483525565270800e-05
2.864855612541200827e-05
2.830572312344947043e-05
2.817005303744688407e-05
2.834073732001337999e-05
2.799773318230383657e-05
2.826848185613560732e-05
2.812391315154746466e-05
2.821325149630420591e-05
2.823627331692870254e-05
2.797852152279982506e-05
2.944106158637622520e-05
3.007871865876827691e-05
2.905432863645330315e-05
2.891641114364077884e-05
2.830450171190815206e-05
2.811494853080324433e-05
2.941980579295777381e-05
2.976382148454151998e-05
3.068224428932809394e-05
2.922771957428568534e-05
2.760394657569769020e-05
2.915684883179179527e-05
2.819707307559531301e-05
2.755531981675992423e-05
2.833426519431693906e-05
2.856132027118732725e-05
2.840858501935996801e-05
2.990811142398556310e-05
2.952922981676956571e-05
2.932592613222805453e-05
2.773185057860960671e-05
2.945011887653917434e-05
2.951188357857387226e-05
2.841392030439023817e-05
2.816901401137913798e-05
2.804161116485902143e-05
2.946845401924410915e-05
2.945819199801290143e-05
2.817849683481482603e-05
2.811236534330610558e-05
2.833862927452080596e-05
2.771806158543058717e-05
2.818984526278881970e-05
2.778003650138310808e-05
3.024221839132430458e-05
2.804423960288861064e-05
2.821368523589697113e-05
2.822664329703914639e-05
2.795884531781228833e-05
2.823547734341345689e-05
2.779460782823624495e-05
2.800019535884975310e-05
2.843168313927574477e-05
2.814059629006075626e-05
2.863314894298983360e-05
2.816399818246639880e-05
2.959242732906150066e-05
2.786716620662175119e-05
2.806608239310808529e-05
2.784995373022635583e-05
2.940474311133626115e-05
2.972376016237153918e-05
2.788174538332165080e-05
2.816841267911495623e-05
2.871169786852902734e-05
2.758981969899022957e-05
2.783968113873238069e-05
2.878374129078405168e-05
2.766951041565858351e-05
2.924172163848351419e-05
2.852708728351743605e-05
2.926742852281833743e-05
2.818253269892133953e-05
2.829745238676060719e-05
2.863488233172671490e-05
2.807092299455276376e-05
2.814974971591201991e-05
2.984704916275420416e-05
2.876436224162402355e-05
2.805124079384115803e-05
2.849329423816881628e-05
2.803911802557898199e-05
2.780665209888103854e-05
2.997678937471699186e-05
3.087978344544340092e-05
2.873955739502008041e-05
2.849320273884883435e-05
2.874138318612672757e-05
2.869959202312650015e-05
2.851683533191013163e-05
2.835700436275063221e-05
2.856649464895667296e-05
2.838884436135611242e-05
2.841068259994006324e-05
2.926139124889470854e-05
2.786376944608031086e-05
2.840699971428221158e-05
2.851790836211750359e-05
2.913718247661110786e-05
2.883872112947862825e-05
2.927199810567768191e-05
2.854827764563089726e-05
2.891644987247264724e-05
2.804395021636370850e-05
2.881818353088702204e-05
2.852801836998282705e-05
2.973106779055532167e-05
2.942123063446297593e-05
2.852982979069251197e-05
2.864778231974760345e-05
2.811976832989076473e-05
2.768234755652466088e-05
2.798678278783970843e-05
2.879096801624982745e-05
2.885054714143669034e-05
2.761182813242226333e-05
2.828572274496658783e-05
2.791390787788288635e-05
2.769988633812203109e-05
2.804249162014531624e-05
