1.446192780114521816e-03
7.519491989622436191e-04
6.532950575688428393e-04
6.235540579011001608e-04
6.175968334567198594e-04
6.448177108954489560e-04
6.538021266685114944e-04
6.177047486013722503e-04
6.603691391442535795e-04
6.458034702805948721e-04
6.450678452947979525e-04
6.332285766134177147e-04
6.772022450330645975e-04
6.244906978771176459e-04
6.456091248078856025e-04
6.319764760132587800e-04
6.670310875293224443e-04
6.228773169484600782e-04
6.622582504883383920e-04
6.246625708846766665e-04
6.164920084005181882e-04
6.317746047337370304e-04
6.145428469079157983e-04
6.568961731207702357e-04
6.256222997973531156e-04
6.320929812689808983e-04
6.238939782110729465e-04
6.181814435931526439e-04
6.419270419556436392e-04
6.494525425956963619e-04
6.494798374236346750e-04
6.207899205447788135e-04
6.150874892983599143e-04
6.443075536088884369e-04
6.333858955808157601e-04
6.369726559598459835e-04
6.268091141094996087e-04
6.304823567488406725e-04
6.266884105797921982e-04
6.227220435859599605e-04
6.294073378273681981e-04
6.462403243185403049e-04
6.218042553622902310e-04
6.201593674362333589e-04
6.171113834074781236e-04
6.315340514601614375e-04
6.500088282643533581e-04
6.627479543451841393e-04
6.470454665004607203e-04
6.216391515896303906e-04
6.487644494104718605e-04
6.438488288058377956e-04
6.404360720208473806e-04
6.319515854852527899e-04
6.245842775060760294e-04
6.291906150140522298e-04
6.222505919116043394e-04
6.203304109093028861e-04
6.114813332216019861e-04
6.904149365546903344e-04
6.466482371526008268e-04
1.060494532011691795e-03
7.565852681043955036e-04
6.314239644581474487e-04
6.230245640246002622e-04
6.463252949180121063e-04
6.242363228694382347e-04
6.414210715505382640e-04
6.600585994499800395e-04
6.351892314346488768e-04
6.230645816477893909e-04
6.213757223578122036e-04
6.450059512559629246e-04
6.311100076842229888e-04
6.454048344503669071e-04
6.639130162139453587e-04
6.277553059765005614e-04
6.208881668665792520e-04
6.234022124583173292e-04
6.618541236440469554e-04
6.313036627818107132e-04
6.258616510755136151e-04
6.292700229999909339e-04
6.274778615902385902e-04
6.259708579753954808e-04
6.186054093662095949e-04
6.222268727696279736e-04
6.184107479695338675e-04
6.367074931755245353e-04
6.459746710812807203e-04
6.349685380631837125e-04
6.485037763315655828e-04
6.573961708773083754e-04
6.360498355752653050e-04
6.603020562661216257e-04
6.260231759361208894e-04
6.273725269865031108e-04
6.267589438787332483e-04
6.467360344182058844e-04
6.459513984375954941e-04
6.688380348728068404e-04
6.370263118393480273e-04
6.298698852979354610e-04
6.226042510181579916e-04
6.190171508967014105e-04
6.227981632129916609e-04
6.217493554228913132e-04
6.244164688835925764e-04
6.522681431288466754e-04
6.293198828693689038e-04
6.430452379723035046e-04
6.380973244593131626e-04
6.211104318343292760e-04
6.700503497256484484e-04
6.610751976032087614e-04
6.658230739469202675e-04
6.447997548376063108e-04
6.160413307501049363e-04
6.414041414516940404e-04
6.197617150738844683e-04
6.208385403596833980e-04
6.412067510765511727e-04
6.508112896971244166e-04
6.478547262963629035e-04
6.554191674165878298e-04
6.265583893434100923e-04
6.175927655475176633e-04
6.508226937991287275e-04
6.217323298759773941e-04
6.363792030086212661e-04
6.252153482164529968e-04
6.513215384823708423e-04
6.264465414406953508e-04
6.275153160103040095e-04
6.665830007927434726e-04
6.171836646543096610e-04
6.540739133937398990e-04
6.230780048439125973e-04
6.438618730470813730e-04
6.115764272866570797e-04
6.439253604548093911e-04
6.450687755455819083e-04
6.191517782179981489e-04
6.183811574058848629e-04
6.308398397826020824e-04
6.290166207296698500e-04
6.419279795299902497e-04
6.351568211844967060e-04
6.179220272898324189e-04
6.205509661628763607e-04
6.311635584557046550e-04
6.453889544884417297e-04
6.583528546311644093e-04
6.550294555224682761e-04
6.228328553015954200e-04
6.171455042478786283e-04
6.178238752724343752e-04
6.479550153651699373e-04
6.343100983365292577e-04
6.812416573773243068e-04
6.201558654600904759e-04
6.309124877087812040e-04
6.255026568903816102e-04
6.480258807404545157e-04
6.270080206775205389e-04
6.277856242335927211e-04
6.544795707042161100e-04
6.419352501368596293e-04
6.299208089093078769e-04
6.234323376211873451e-04
6.606473273799945249e-04
6.186336253037104469e-04
6.251247930719090479e-04
6.138953484887425729e-04
6.174824224597485339e-04
6.250222946740684920e-04
6.259171705916764502e-04
6.455479082489895852e-04
6.326654948982723481e-04
6.458995676739405327e-04
6.218519476891166140e-04
6.175138992903705590e-04
6.524357146958851932e-04
6.195399052542709638e-04
6.198977907356025430e-04
6.194973851900267879e-04
6.322641389043562278e-04
6.374152194691529291e-04
6.369428907845059874e-04
6.323591118076042801e-04
6.519582261033404855e-04
6.253421236226611299e-04
6.398934140332797685e-04
6.140170166322142823e-04
6.242823607812938210e-04
6.446656026286918433e-04
6.508470601465219567e-04
6.220844090523800374e-04
6.260046152013875459e-04
6.194952197404534440e-04
6.338976290100389530e-04
6.199997913557742969e-04
6.331178964395982149e-04
6.309408970574618145e-04
6.447194393072996086e-04
6.432064244075338640e-04
6.604120589516154858e-04
6.619898736296556856e-04
6.230658339369673452e-04
6.506813875544412975e-04
6.600286461483488056e-04
6.814609236381519077e-04
6.214856923931316160e-04
6.468639780343468865e-04
6.528795057887562363e-04
6.156002912710595732e-04
6.232252709924885779e-04
6.506874527043815222e-04
6.417815753639434604e-04
6.417783185453797105e-04
6.536971839897510192e-04
6.406163452784059036e-04
6.167493785016577371e-04
6.498227609863427203e-04
6.219409062325660653e-04
6.534326154607222230e-04
6.231940233857129457e-04
6.269580226897455326e-04
6.197343052168141023e-04
6.156475001874227131e-04
6.337041787139347264e-04
6.190789203388186212e-04
6.425480776787623497e-04
6.182711337497012998e-04
6.496311919391833120e-04
6.337336239301122592e-04
6.111483390223539699e-04
6.473806967497916769e-04
6.330784797750513108e-04
6.689170719197052098e-04
6.291820584289972576e-04
6.504424108340219578e-04
6.539549650349670788e-04
6.668479956016860888e-04
6.220670270098850162e-04
6.458130518185536441e-04
6.197198585694723739e-04
6.205005982248715073e-04
6.161589350294429833e-04
6.335034615903193484e-04
6.260501182088250641e-04
6.598710111733907969e-04
6.212910905811999283e-04
6.477461798943041395e-04
6.227838731151081166e-04
6.452001024782140276e-04
6.348136750519251881e-04
6.668570421777319851e-04
6.291382751818380432e-04
6.213213223550287205e-04
6.181337389166239454e-04
6.471834719994504432e-04
6.624193656481773464e-04
6.313423975832662370e-04
6.547254383672109022e-04
6.405736548409603952e-04
6.511310712386214443e-04
6.424108384476205202e-04
6.212952147204255831e-04
6.575222857053341849e-04
6.378680393615907950e-04
6.209838756156510313e-04
6.239020647359796697e-04
6.198260272656085784e-04
6.230286493618171105e-04
6.294256228593273460e-04
6.472724517871428045e-04
6.767084498235623365e-04
6.468403563733345768e-04
6.239140708540836036e-04
6.469797495548255430e-04
6.504197846627367578e-04
6.395690516651528299e-04
6.351484084172672210e-04
6.416849206263582463e-04
6.718506671928810075e-04
6.202590935903902784e-04
6.370456812946983204e-04
6.467523715056120847e-04
6.349534495074475983e-04
6.212774707088213619e-04
6.261939149220352007e-04
6.204507395847813677e-04
6.410815033628454885e-04
6.233355536748475412e-04
6.275007117939881366e-04
6.299297996813431636e-04
6.333849704421857770e-04
6.268450509271094326e-04
6.389850343554388584e-04
6.830665608104812469e-04
6.695336101155659669e-04
6.454832018977329881e-04
6.287324265577555991e-04
6.181004888682634785e-04
6.192094834682035278e-04
6.353237016462532803e-04
6.288312528433045046e-04
6.469043542170144559e-04
6.252192603447126852e-04
6.167730732640075300e-04
6.183120297363864067e-04
6.561146097712285867e-04
6.322078007732353459e-04
6.170146629160416524e-04
6.356182338058773400e-04
6.518965224569239769e-04
6.137886354922477859e-04
6.224434223972560376e-04
6.305686786962916290e-04
6.204334541223740238e-04
6.719470361279671500e-04
6.267044144681446554e-04
6.452975672383123905e-04
6.667136463467423883e-04
6.511976994360988346e-04
6.179599372794969186e-04
6.193234566254084573e-04
6.193163222976645404e-04
6.304253623054622115e-04
6.472758096254424250e-04
6.418150087386356901e-04
6.184231219370568038e-04
6.202369033985967364e-04
6.620001878267728432e-04
6.645891257396899709e-04
6.490292244613653705e-04
6.206111474101523064e-04
6.286527862599885922e-04
6.321018214622646774e-04
6.138940086408018609e-04
6.213913935905280087e-04
6.168399174535532268e-04
6.516170709512832115e-04
6.255892996233411831e-04
6.326280630683960883e-04
6.301909962497146507e-04
6.648524605456276318e-04
6.286580263694217666e-04
6.351963111412040367e-04
6.167576720540864305e-04
6.352132310021939678e-04
6.569301359931679126e-04
6.206813395882858657e-04
6.710348820390476350e-04
6.583066291930928047e-04
6.656078473207007167e-04
6.359396436305878161e-04
6.429982399967955342e-04
6.380511392519550668e-04
6.455594163647709795e-04
6.204734017408025919e-04
6.213311022259943028e-04
6.465391642637418343e-04
6.311845677637098733e-04
6.207558566038379536e-04
6.192802790240388390e-04
6.229684045169199633e-04
6.488156744758559859e-04
6.149811017273665607e-04
6.408410132154219877e-04
6.125702411405669311e-04
6.455960839230341208e-04
6.522191762064607698e-04
6.206322971917959969e-04
6.189254965578043022e-04
6.411275724210136005e-04
6.504386836332114912e-04
6.550756743482175374e-04
6.206813744179673223e-04
6.451682372449197818e-04
6.590657554729121128e-04
6.569003564834246774e-04
6.466746299952910379e-04
6.272234097764211236e-04
6.483232831703340977e-04
6.265170933890904523e-04
6.268052090354994405e-04
6.232541724844679583e-04
6.265248525891589345e-04
6.217643878161774112e-04
6.270464239780325051e-04
6.192714005207895084e-04
6.131809174232526628e-04
6.259169214307905163e-04
6.352329569966200847e-04
6.710610202046478822e-04
6.188787005974462742e-04
6.372350019833645293e-04
6.725287231269283820e-04
6.230343895231431903e-04
6.198746027074185545e-04
6.236371880315006539e-04
6.368063717610629752e-04
6.173225580579094632e-04
6.472583009988837517e-04
6.401489846344665148e-04
6.337416406571221364e-04
6.401452530322744453e-04
6.189084453890744079e-04
6.268513905278025799e-04
6.322823000475813601e-04
6.519695829820353321e-04
6.336302986344706034e-04
6.212305225902584613e-04
6.283937262346843541e-04
6.137175113452935336e-04
6.384063467491111945e-04
6.150444928555827634e-04
6.678860123533053583e-04
6.295238080082991546e-04
6.640701194162926127e-04
6.323668857178604743e-04
6.275776415683893827e-04
6.141748902012386701e-04
6.443013932683743644e-04
6.397592976065443870e-04
6.253738059425886309e-04
6.643847852125509728e-04
6.175005551262064980e-04
6.225115760740501875e-04
6.271310905051608302e-04
6.537204748990468406e-04
6.175108494653086836e-04
6.192763763936643762e-04
6.267234370328099349e-04
6.293380634894043917e-04
6.492452303259116722e-04
6.234891494264191208e-04
6.119409873983597432e-04
6.265250550309240003e-04
6.304930786033306409e-04
6.506737711936575949e-04
6.527780080561913648e-04
6.438780589347603556e-04
6.393827553933336847e-04
6.331963658701961596e-04
6.631715971495973994e-04
6.607987599070142513e-04
6.245834071848129464e-04
6.240065555658014544e-04
6.198782057767666422e-04
6.259460574635409245e-04
6.492058993905837393e-04
6.181803632613709285e-04
6.189283812060361730e-04
6.206072280242748256e-04
6.243922135985857397e-04
6.363669623110959064e-04
6.356876292626844000e-04
6.613908095049864620e-04
6.421023119725495455e-04
6.512328111721317047e-04
6.300916315229972489e-04
6.617120430309009552e-04
6.384692853741470719e-04
6.267973568622415897e-04
6.258596732442144863e-04
6.217429870692334215e-04
6.580119167115914148e-04
6.378785522129685288e-04
6.238185449474542912e-04
6.675362689180083450e-04
6.192512797250329833e-04
6.145264632382649176e-04
6.382736030453040879e-04
6.446755786384834180e-04
6.281623833616808679e-04
6.221804611901953636e-04
6.336877827826594041e-04
6.522406857700526178e-04
6.241479757938260845e-04
6.313108806538454730e-04
6.600213765120147100e-04
6.331145357895108993e-04
6.683048145269763476e-04
6.413219284419016284e-04
6.602172349322378868e-04
6.486051441859050923e-04
6.258378828451588135e-04
6.174797362536820324e-04
6.278535005256872430e-04
6.305129257329131339e-04
6.509716299676585223e-04
6.431384707281414918e-04
6.404844294551929537e-04
6.248993976630875125e-04
6.293304120822828954e-04
6.197631511743468668e-04
6.195880887081450144e-04
6.250232961981287911e-04
6.222132258763791654e-04
6.370318190576193963e-04
6.211613133462318397e-04
6.231741229528295518e-04
6.241072832575162311e-04
6.398086542701297841e-04
6.532833149254498126e-04
6.189873390970539180e-04
6.313127431043803056e-04
6.447414145382291545e-04
6.208675926795863883e-04
6.294591466375113430e-04
6.242378338096622997e-04
6.289581888914221345e-04
6.399201211601724835e-04
6.352910771719419728e-04
6.403985547551743372e-04
6.190280194271472651e-04
6.277382153571909283e-04
6.672032252937049176e-04
6.190837121902027351e-04
6.207945380281802011e-04
6.681921944629181688e-04
6.301282938745812268e-04
6.386692773416688569e-04
6.323605270048190128e-04
6.126529928660884869e-04
6.497585083256422755e-04
6.361847459422160156e-04
6.239043684157173078e-04
6.225390261713187713e-04
6.162852934193699091e-04
6.484431691082736746e-04
6.605844945104693330e-04
6.169388175828260197e-04
6.557072795993944747e-04
6.250908531214106672e-04
6.320152897465325251e-04
6.657264240254030623e-04
6.324587555488566824e-04
6.302989227417119802e-04
6.204516483005219352e-04
6.255298315925847180e-04
6.244326250345628038e-04
6.221129927975593008e-04
6.134148302289993242e-04
6.152034563055231364e-04
6.309419483197983283e-04
6.280922469564648430e-04
6.292223694524245190e-04
6.171389850959400816e-04
6.551856389829507216e-04
6.162614474913629759e-04
6.126800124732567979e-04
6.469611682205898438e-04
6.223794576771881932e-04
6.375922171396959572e-04
6.425804861616983728e-04
6.259532984617430067e-04
6.401252822266724398e-04
6.277589176341000698e-04
6.215953362787652106e-04
6.186385455629768697e-04
6.337734800892519003e-04
6.153141607970570364e-04
6.329316840147072767e-04
6.209201415594958534e-04
6.202645403962656415e-04
6.268097289414411525e-04
6.309338411063605302e-04
6.234458251033403930e-04
6.255025269546026770e-04
6.192385396312260256e-04
6.300118652627900023e-04
6.265459221301077856e-04
6.319631377836152806e-04
6.443665590073232360e-04
6.482686855193480141e-04
6.584843549951905576e-04
6.380926578332727066e-04
6.419221593302097901e-04
6.487395884181673374e-04
6.472694252112688772e-04
6.467941658324571561e-04
6.273394787898300268e-04
6.520754553825703096e-04
6.479867514149989342e-04
6.727941898950465151e-04
6.577826740290611740e-04
6.158377589175728205e-04
6.394137522465696399e-04
6.263054840295095762e-04
6.240437310736963875e-04
6.675681786963937308e-04
6.376395674615602293e-04
6.253147173170740900e-04
6.300539830159978053e-04
6.151627343386501532e-04
6.580950216451179153e-04
6.701696026329637948e-04
6.225830467496656744e-04
6.194417985770739148e-04
6.519876502805620677e-04
6.209165015907284818e-04
6.551377059239195519e-04
6.492373639075169588e-04
6.418305434871290254e-04
6.370783420535308054e-04
6.640411740292791404e-04
6.216218121370563256e-04
6.319421880922890603e-04
6.166746577029707512e-04
6.554129701408755847e-04
6.154363786645809407e-04
6.586391944072910809e-04
6.472177608004231562e-04
6.316354609743289866e-04
6.579705800154808659e-04
6.142592268404714574e-04
6.502752980262203105e-04
6.369281703256360122e-04
6.537698459734785604e-04
6.167688205939104908e-04
6.564250104404719234e-04
6.626699690560072667e-04
6.230458464660231649e-04
6.320807976779330714e-04
6.564915859887330554e-04
6.248599342322836174e-04
6.358391036970370905e-04
6.352401433860759309e-04
6.181096309805112626e-04
6.523538578020886313e-04
6.459105470597220405e-04
6.459672354560334721e-04
6.760412294393426886e-04
6.282634619503915663e-04
6.177334363477359142e-04
6.204315009890652927e-04
6.284180591438283435e-04
6.352324402939331545e-04
6.367654022230598374e-04
6.540640612839120722e-04
6.203155267805636952e-04
6.353017895049476458e-04
6.501195895496680909e-04
6.473894833642247900e-04
6.409037524110844592e-04
6.611723915473754869e-04
6.236625076867407169e-04
6.455588603889264067e-04
6.358926871580573327e-04
6.601362458493257842e-04
6.199972946667980760e-04
6.574083144069987590e-04
6.552708253339021389e-04
6.260559261624176275e-04
6.673315524352482200e-04
6.470316421583216949e-04
6.217070330519611134e-04
6.333972167667583589e-04
6.195619514652901541e-04
6.460897291241407027e-04
6.203010218748476051e-04
6.184811163047651246e-04
6.536595184383880422e-04
6.251402969181812800e-04
6.445142229344979047e-04
6.143922068008177443e-04
6.328408341722844893e-04
6.258231983032900908e-04
6.515868383602066742e-04
6.537405707016997504e-04
6.784906950582636747e-04
6.270428921207760881e-04
6.217658722403868318e-04
6.296266065268029495e-04
6.678052150352731644e-04
6.301584964859232489e-04
6.420754563385774752e-04
6.385905734643068264e-04
6.196455688169241662e-04
6.319054899589357163e-04
6.357345050599119652e-04
6.576493257421983565e-04
6.364800849137851281e-04
6.471242543492631205e-04
6.221895586212797561e-04
6.388550165147837030e-04
6.866665988988724994e-04
6.427586392288720928e-04
6.185979038200470435e-04
6.486373814414302845e-04
6.294775915157641358e-04
6.342578603879907208e-04
6.212859223149844352e-04
6.417331346630119867e-04
6.147295145961957901e-04
6.199560592215654347e-04
6.199642900699650931e-04
6.296138389000138042e-04
6.388812073520139202e-04
6.302142628371756698e-04
6.246690226469981061e-04
6.363009929925695892e-04
6.247227748095065657e-04
6.542556702222291319e-04
6.268625507741278600e-04
6.211555159002963037e-04
6.215064408698439636e-04
6.333635472585681745e-04
6.166512467853194632e-04
6.422647703443732812e-04
6.386092972034191533e-04
6.237167232522360582e-04
6.176181998229701361e-04
6.224244219122792047e-04
6.352494648950390800e-04
6.304520162590864039e-04
6.187566808689860115e-04
6.442957423411196970e-04
6.176856967021945042e-04
6.291741781543205370e-04
6.259636718653029726e-04
6.374146840504990716e-04
6.220904161986983913e-04
6.322360226519023766e-04
6.671631967957606995e-04
6.247065265574340944e-04
6.655739396149300572e-04
6.222848351681566038e-04
6.216593812913823571e-04
6.254386441908186059e-04
6.145817311509173741e-04
6.277988766190397774e-04
6.568459438917441471e-04
6.212752319890666461e-04
6.381829682926469603e-04
6.714242129207449467e-04
6.434872795345579228e-04
6.614436870990565275e-04
6.457491543743407170e-04
6.264986728362046840e-04
6.326344105968522823e-04
6.256077004153555183e-04
6.298217555632529404e-04
6.366146926447911053e-04
6.400373391991187556e-04
6.368653722964533453e-04
6.166998738583300563e-04
6.198444955326837171e-04
6.200595055065842446e-04
6.559994353900142896e-04
6.268391370008759419e-04
6.205164914089291665e-04
6.214811079595218644e-04
6.227896592580768435e-04
6.582697894301559657e-04
6.368489045504621736e-04
6.345666434727773768e-04
6.198562563601451442e-04
6.241426352450063931e-04
6.361288768894467075e-04
6.316717717887514964e-04
6.559076249523220501e-04
6.541070169764415373e-04
6.459594547910791316e-04
6.242366280073575070e-04
6.172642325342688223e-04
6.104924665587327512e-04
6.203408742017874978e-04
6.227517510687761298e-04
6.355328927828749310e-04
6.188406876532949333e-04
6.255066971282047293e-04
6.630667291909087425e-04
6.205123242847926336e-04
6.209769598849196760e-04
6.154728491620739279e-04
6.302670700308609947e-04
6.301334446874994489e-04
6.253185776872776042e-04
6.666820015457393779e-04
6.439937314306164173e-04
6.462782832255122923e-04
6.348111532308844604e-04
6.226328792109092885e-04
6.224317801615934266e-04
6.473056967048671211e-04
6.227371131654022311e-04
6.204251559760537655e-04
6.626867180145701135e-04
6.517281245180064388e-04
6.205978874596852421e-04
6.697579769120990583e-04
6.367753142186574015e-04
6.502627404303128493e-04
6.274276059511887027e-04
6.353645658911400698e-04
6.628025538085026251e-04
6.382184680836207671e-04
6.201086104687032231e-04
6.541227859629789813e-04
6.231016305146857464e-04
6.618594859127037303e-04
6.224389994296447353e-04
6.187563266772451876e-04
6.259637963216690840e-04
6.175422553488094839e-04
6.303098864969416222e-04
6.194699206894539170e-04
6.386108116465929931e-04
6.426653304612714663e-04
6.585189817595565442e-04
6.437641125279621119e-04
6.135698553813508267e-04
6.614419698350334879e-04
6.225935389411893723e-04
6.352916851052921180e-04
6.354345902873879135e-04
6.448674806784394659e-04
6.335024045950732449e-04
6.248434657161255294e-04
6.198537089132770015e-04
6.222304148788085918e-04
6.155468553355327799e-04
6.668490358452752731e-04
6.616953856562389448e-04
6.404747625422044363e-04
6.890738248776985975e-04
6.175996199268509899e-04
6.285854728848482226e-04
6.312913988905362404e-04
6.173336268931227735e-04
6.258417354726087322e-04
6.450107179139612495e-04
6.556503315789448828e-04
6.308139998312474505e-04
6.655414116048481493e-04
6.493416801230483771e-04
6.411602683191532396e-04
6.207979410565154545e-04
6.299972565241759035e-04
6.364164068316752274e-04
6.570505891727292189e-04
6.492556625335938001e-04
6.195887765935737543e-04
6.218859462162081150e-04
6.394536848234602059e-04
6.488634767641708514e-04
6.607098740983393835e-04
6.167723466605424176e-04
6.610843659514301172e-04
6.196181271992673434e-04
6.203901914377907105e-04
6.279907919695322006e-04
6.347044070919254230e-04
6.209400555050544925e-04
6.307904195273649926e-04
6.265946161961063587e-04
6.252551539535818872e-04
6.637193063136051291e-04
6.566534700934580733e-04
6.440187897569471217e-04
6.557047930114352817e-04
6.549420329448870986e-04
6.528496598960211242e-04
6.178370176980630540e-04
6.242247476085209263e-04
6.337875913969423991e-04
6.786342974959318685e-04
6.598553467505893864e-04
6.577284513460460429e-04
6.179633330152838793e-04
6.221476768287498163e-04
6.268040358814807407e-04
6.372847019651484493e-04
6.499342203442247607e-04
6.536196018209110628e-04
6.487841537105099379e-04
6.420594785064361347e-04
6.450178396538411470e-04
6.228311239421027972e-04
6.338140761606712078e-04
6.253118620588575972e-04
6.176125507158921821e-04
6.205514018938687723e-04
6.274135546206117573e-04
6.273278044385992899e-04
6.232948136335191057e-04
6.521390940027709925e-04
6.623137168932054838e-04
6.326996127547104918e-04
6.201403608063716863e-04
6.156502723814586721e-04
6.233842207134899583e-04
6.129609326781911482e-04
6.382807290254818768e-04
6.324250297507881405e-04
6.515530340569981350e-04
6.565970557733148694e-04
6.201351101619312920e-04
6.207643452737769034e-04
6.239634002598075596e-04
6.366760693984567900e-04
6.271709440287167713e-04
6.219866956173496827e-04
6.622005092220814354e-04
6.409093512256741404e-04
6.492074958650080781e-04
6.749329690553832958e-04
6.563230465397705158e-04
6.624151049065632197e-04
6.476158851666935631e-04
6.290764435761505343e-04
6.197952292530831218e-04
6.575242541400536621e-04
6.287722344674818780e-04
6.390189088855357212e-04
6.412078497491479744e-04
6.402821616586574279e-04
6.236479124603919264e-04
6.216082301761209497e-04
6.564465847034283439e-04
6.400061346427287539e-04
6.452542190639687326e-04
6.399508978975499557e-04
6.497740236714614820e-04
6.459564203610188276e-04
6.295446806421354288e-04
6.321383604262695299e-04
6.280359649402875990e-04
6.358233200320504352e-04
6.655740325771573830e-04
6.285271046620618217e-04
6.730616048348021145e-04
6.578515076314273317e-04
6.239006571632241607e-04
6.194593384431882352e-04
6.167327252104943484e-04
6.172806694134532705e-04
6.512421286081236183e-04
6.196917111302610278e-04
6.286870392260273267e-04
6.450033593314542443e-04
6.237303521071467906e-04
6.772689480735521409e-04
6.222410449264854319e-04
6.391973053997582026e-04
6.223449687897060533e-04
6.313312480571435688e-04
6.192250264583034789e-04
6.180872965742178950e-04
6.477800726036763617e-04
6.292566275934162760e-04
6.205822533454706351e-04
6.211184767921140758e-04
6.252106665007161213e-04
6.251272307208565436e-04
6.382910104809757113e-04
6.246878279218291479e-04
6.262226360967199567e-04
6.246181098773012294e-04
6.165434311301478537e-04
6.805810317705893956e-04
6.330587805066398245e-04
6.799226802516613287e-04
6.208290214091844719e-04
6.375287034131138335e-04
6.362111442778280992e-04
6.378357834556761018e-04
6.513509047479874425e-04
6.196176294604970047e-04
6.253429592176252281e-04
6.439131395487363626e-04
6.250004541154338547e-04
6.571674045387344929e-04
6.185704945156578422e-04
6.316838673988811994e-04
6.184107081105756111e-04
6.600726688205259176e-04
6.297189431475305917e-04
6.145912375006155805e-04
6.175117941585888835e-04
6.647352458316360376e-04
6.282754289213435088e-04
6.507922634308384215e-04
6.191892303695422598e-04
6.904804910655005894e-04
6.318823032846231699e-04
6.739156341797408138e-04
6.331362996688529553e-04
6.602506789448589139e-04
6.539207373210038400e-04
6.172090535560197187e-04
6.359900931967144662e-04
6.214603940394271752e-04
6.252871031366742010e-04
6.680447134523476724e-04
