6.281326819090845559e-01
4.284862350622594684e-01
1.761404369240777701e-01
1.274648789966375539e-01
1.303711897422074328e-01
1.368562678076830630e-01
1.437118142679361943e-01
1.292649797364553155e-01
1.357719466585177448e-01
1.356640215011701567e-01
1.625609026390825163e-01
1.253602886410810635e-01
1.312238053276477134e-01
1.284012188613137539e-01
1.371913431103569947e-01
1.442757363362925649e-01
1.358013782569493788e-01
1.291153637753038319e-01
1.291305765945579276e-01
1.364591809498738595e-01
1.190274013109281631e-01
1.183924104683134332e-01
1.398548230227407152e-01
1.383974310658637186e-01
1.225733755952557735e-01
1.548566428488406255e-01
1.182377081562331345e-01
1.325305218892303960e-01
1.340101182957652848e-01
1.706363944022243340e-01
1.428656453537200111e-01
1.347851627384142603e-01
1.759854042047897804e-01
1.653918407887164099e-01
1.293407663394477436e-01
1.186075911200014377e-01
1.390354692637468248e-01
1.408462225456810213e-01
1.392696349660506594e-01
1.423538541144059588e-01
1.298557206615570947e-01
1.241698711157866591e-01
1.203331979352815079e-01
1.318948537763161011e-01
1.312687983283339632e-01
1.267927091582519705e-01
1.437814346243045660e-01
1.191641966508124595e-01
1.338776554413357578e-01
1.271563775477005942e-01
1.543135561690478497e-01
1.291888673180458247e-01
1.247329004711555667e-01
1.779624927707984250e-01
1.384422204809845069e-01
1.353463247756912513e-01
1.462509510270318946e-01
1.289461479686641321e-01
1.262613797315695896e-01
1.960842948594357094e-01
1.293086333664049681e-01
1.334310789767539085e-01
1.231479394915649533e-01
1.655381518676848074e-01
1.256435495695449323e-01
1.293241911332792538e-01
1.378185443336283067e-01
1.236710012037442741e-01
1.233533341097897279e-01
1.312975101079067453e-01
1.237475524127161358e-01
1.411434471350835052e-01
1.283953633704608965e-01
1.269110285959367534e-01
1.212352444618219061e-01
1.150608098299011756e-01
1.293181594898863140e-01
1.260806988848016397e-01
1.269949911237006901e-01
1.292288148102133938e-01
1.345167511766416357e-01
1.354345940416741834e-01
1.162096495316635308e-01
1.728803397994716773e-01
1.354194516380325675e-01
1.345646671885185330e-01
1.307519469382201482e-01
1.374365247691868297e-01
1.250073589967853893e-01
1.253508421450629795e-01
1.399893096792348968e-01
1.250556318554087165e-01
1.363660277266817433e-01
1.503914379439736937e-01
1.520300958124703727e-01
1.485688162063259488e-01
1.298672367976660413e-01
1.313555249373037082e-01
1.466591394577543006e-01
1.554066322915497733e-01
1.293904605405458708e-01
1.318248479428679454e-01
1.314935536361984958e-01
1.602493079038337376e-01
1.617521477747894676e-01
1.249269733329695653e-01
1.218162914185726975e-01
1.294833803417790863e-01
1.268016986034641858e-01
1.564130748545077276e-01
1.383596739888721949e-01
1.172476748627445525e-01
1.354932909198899027e-01
1.357193734765286264e-01
1.277800867712734212e-01
1.260291504228633896e-01
1.333525661537693363e-01
1.751356831080551346e-01
1.279779698474938221e-01
1.214891295386728159e-01
1.176624676489824856e-01
1.243634623714094806e-01
1.275266819363346515e-01
1.336775973326687073e-01
1.272644754115651033e-01
1.250913726097430401e-01
1.295733431063431640e-01
1.490783222841134958e-01
1.210715962967074955e-01
1.236036516591789147e-01
1.451144009332254459e-01
1.323109805104835668e-01
1.258511403603523593e-01
1.198634541684270860e-01
1.320187962084044542e-01
1.822207648500596966e-01
1.305410072128748433e-01
1.382063470224218493e-01
1.204519146984477651e-01
1.256787152270783803e-01
1.400678820162367111e-01
1.869835534671957511e-01
1.238658778980916003e-01
1.315826562729566218e-01
1.206573684257820078e-01
1.525912523168259649e-01
1.441833478120706780e-01
1.212504845935989117e-01
1.237406451504131921e-01
1.363271765171218397e-01
1.353085192484501931e-01
1.352815767816572534e-01
1.595553490004700259e-01
1.436952742348418521e-01
1.317359329835718906e-01
1.437205159873937710e-01
1.272198152852651865e-01
1.351560968754718928e-01
1.669957091099462387e-01
1.382805606397566334e-01
1.301882112440413131e-01
1.211413988025509814e-01
2.043626546832671698e-01
1.211983158657736065e-01
1.330034208313124466e-01
1.157950689803395050e-01
1.303025654777104914e-01
1.454817124133704342e-01
1.406681023231593775e-01
1.259535406317542350e-01
1.397073435731768232e-01
1.332609019620764890e-01
1.285321078275260265e-01
1.278121230603296854e-01
1.385374613452625137e-01
1.306598832277882649e-01
1.611560104463531373e-01
1.400031938411550048e-01
1.205120400271825348e-01
1.620920363445479129e-01
1.276442264640696433e-01
1.341816340927435847e-01
1.433689601131781233e-01
1.389225332840748062e-01
1.295921110811314725e-01
1.299905276629368112e-01
1.255260466413137821e-01
1.323261047502896914e-01
1.422002314552005819e-01
1.374859874746848232e-01
1.361567324640249321e-01
1.661592999400682558e-01
1.242234949940340949e-01
1.350501851189793989e-01
1.312071735436900199e-01
1.303314690456036096e-01
1.229085254515082659e-01
1.756796369805732061e-01
1.321469129845070922e-01
1.318321252828412171e-01
1.206232481525339600e-01
1.414854003981047270e-01
1.253890839919786226e-01
1.532152188024254458e-01
1.283611939863181506e-01
1.332138440370495003e-01
1.354016122704767289e-01
1.318236453277553677e-01
1.298385287225173323e-01
1.237637965366220477e-01
1.419612719158824532e-01
1.329735350848782471e-01
1.189788061669823649e-01
1.246213419302474590e-01
1.186817916937437517e-01
1.377703930702708357e-01
1.252570754268192976e-01
1.253641872387813438e-01
1.262255521396178082e-01
1.393116527020499817e-01
1.548327074910065271e-01
1.224676845279181053e-01
1.259370904107273148e-01
1.290038783518269450e-01
1.310274469052743473e-01
1.308990400326659753e-01
1.234375440139646035e-01
1.361131547601102942e-01
1.216415652818040871e-01
1.601947351786345008e-01
1.176168781518076439e-01
1.386124212701052572e-01
1.182986224180772733e-01
1.302000821695338817e-01
1.349773757873024282e-01
1.600502734813721017e-01
1.402577566650074770e-01
1.304846265670949468e-01
1.267829352533811904e-01
1.158451130600880313e-01
1.257365357660645000e-01
1.301168816598524958e-01
1.391648494527145674e-01
1.412021886638014367e-01
1.478705275970488009e-01
1.383787621711397020e-01
1.275864745528766941e-01
1.313013072529735925e-01
1.672960383738954504e-01
1.215966539295981058e-01
1.334871116432224114e-01
1.261419131397219229e-01
1.326924961359714494e-01
1.424599678470462871e-01
1.281827205323325947e-01
1.404125214542895350e-01
1.218297815397351019e-01
1.193873879682991468e-01
1.520947105941018451e-01
1.280918864247670153e-01
1.258994117497988230e-01
1.564848739863464455e-01
1.279865475444345035e-01
1.270503350159921385e-01
1.367115007556439499e-01
1.258054950100060687e-01
1.143346600656070799e-01
1.331240561615849582e-01
1.320502706133596382e-01
1.205561757017912378e-01
1.410454046186415678e-01
1.253221179699898213e-01
2.529355137276783627e-01
1.270007642280214233e-01
1.302542881524112739e-01
1.260202560378143877e-01
1.293023847088922429e-01
1.293658392207927554e-01
1.493749136630663221e-01
1.488607468560008140e-01
1.391318954925158391e-01
1.234949540748211533e-01
1.302632337250161643e-01
1.352943067016062761e-01
1.519585833004204745e-01
1.455606339295685836e-01
1.375745888980540177e-01
1.266609655381184807e-01
1.330555580656241077e-01
1.285037844649916661e-01
1.399038567968817204e-01
1.287530051485892002e-01
1.305711931024453043e-01
1.510005076694268256e-01
1.444292121879229562e-01
1.554218250899200571e-01
1.210658583107593472e-01
1.556627007552145170e-01
1.226529323406913702e-01
1.392595533316682010e-01
1.251479605294467112e-01
1.415919911383272112e-01
1.326067698888598878e-01
1.777458291042080529e-01
1.457438905503706528e-01
1.490681490301233869e-01
1.240464867583844361e-01
1.213643768352809793e-01
1.259945207837913639e-01
1.691494463494417344e-01
1.541015100030032337e-01
1.272323839809213208e-01
1.250123140454472426e-01
1.323077929272037934e-01
1.291962739863860010e-01
1.461752381499705489e-01
1.286013758372758498e-01
1.227388675699966070e-01
1.410271019170444839e-01
1.233229804935015855e-01
1.299100940378625779e-01
1.569145971783089122e-01
1.308388163448739316e-01
1.315286503492135439e-01
1.282238302930138740e-01
1.434872624172063571e-01
1.275590363117119763e-01
1.985586381309668580e-01
1.204588799571326418e-01
1.482545299595329491e-01
1.239428715080198862e-01
1.263079009909742756e-01
1.444930638191191941e-01
1.470908365081704805e-01
1.270453079276032127e-01
1.454337440893069544e-01
1.348816593298392819e-01
1.252676993889219326e-01
1.214229513150582862e-01
1.368962897369828680e-01
1.196987284059468498e-01
1.258655519897477204e-01
1.299467167256491418e-01
1.434716244424548426e-01
1.319838987919765838e-01
1.270931774946312542e-01
1.526651588629022449e-01
1.154990574193222042e-01
1.199304403796778440e-01
1.264924154299919834e-01
1.217774497269164397e-01
1.231757743712727782e-01
1.259129900636172250e-01
1.245339176173077267e-01
2.034103995211199722e-01
1.384103651720010597e-01
1.736562216575053275e-01
1.260668695049862453e-01
1.257193717577151093e-01
1.381550149264797467e-01
1.342335697436703446e-01
1.342112143755007370e-01
1.206746606696172674e-01
1.429910577232727242e-01
1.509550229610654715e-01
1.201797026283186465e-01
1.302967124919376662e-01
1.380182028899383517e-01
1.310455127816176346e-01
1.470325538245486341e-01
1.225607725649722896e-01
1.748968605347723526e-01
1.205900167733734984e-01
1.287989565817929949e-01
1.639275014742403169e-01
1.458313953342658120e-01
1.296731076182778830e-01
1.269801303653640689e-01
1.465505161150177926e-01
1.226522790377092414e-01
1.375630896486357557e-01
1.398173668461475394e-01
1.361070734271184191e-01
1.361904246952451991e-01
1.229185737583051719e-01
1.225918890394717270e-01
1.268678736448689837e-01
1.330452346288301668e-01
1.406737429369237236e-01
1.390963100147124543e-01
1.226824183189316742e-01
1.506846780636012795e-01
1.398457947449860961e-01
1.245762917369579587e-01
1.457797560474662357e-01
1.317806509924538405e-01
1.600071697297214268e-01
1.225078200089559227e-01
1.197084893279140166e-01
1.296460963646606790e-01
1.430503855913288769e-01
1.330670540759697207e-01
1.213173375698140682e-01
1.230659200919557300e-01
1.317729426918778091e-01
1.354022976576051418e-01
1.273290671313871136e-01
1.183253655124578835e-01
1.399218779883082131e-01
1.250199434262967424e-01
1.288642402355062999e-01
1.227498475870250072e-01
1.742397276525124994e-01
1.526640700515662363e-01
1.447627148537301844e-01
1.327805104156058458e-01
1.363539079075450078e-01
1.343545306639611914e-01
1.396962944388601968e-01
1.322865085364199889e-01
1.253254273980753952e-01
1.358680495558983736e-01
1.429326716759575233e-01
1.273500922881375397e-01
1.247026517031313148e-01
1.631967727301661120e-01
1.267563452425627679e-01
1.292588849436167309e-01
1.197052335111161159e-01
1.332184453224659615e-01
1.624779307695669861e-01
1.632452017133496081e-01
1.261068287169886948e-01
1.677620064670400091e-01
1.350902799433743307e-01
1.335357296020201201e-01
1.245682875739916179e-01
1.463126250419270469e-01
1.355521704007519868e-01
1.216727393216108372e-01
1.406172939803516375e-01
1.225526823678506488e-01
1.261511048662103396e-01
1.258464612944820982e-01
1.276069411200593529e-01
1.503239267447395167e-01
1.229296363772439948e-01
1.312912851048107510e-01
1.215092162554538557e-01
1.530128472613539181e-01
1.356821132761941717e-01
1.307107266677104140e-01
1.163513761845930694e-01
1.274085237496890288e-01
1.372663351035666168e-01
1.517645416659463842e-01
1.548547117024056952e-01
1.299520214558850251e-01
1.481241432987338569e-01
1.224091020348796466e-01
1.363273805817020456e-01
1.463364790942566773e-01
1.543158917875199765e-01
1.368524873702828826e-01
1.579806473784696186e-01
1.337151402005599121e-01
1.402594422134902652e-01
1.345330581578066120e-01
1.329129108806231807e-01
1.448281874944568337e-01
1.303041536040167314e-01
1.345720853571722719e-01
1.254629294338558687e-01
1.344461650960520338e-01
1.276174365264115818e-01
1.292365338524133767e-01
1.446536990004766432e-01
1.231284782325981347e-01
1.332009753787845030e-01
1.277814989075118923e-01
1.548519243255889744e-01
1.210855905269186822e-01
1.158112818752927570e-01
1.260091270252523821e-01
1.246048193445311869e-01
1.397366191446453854e-01
1.253229537127942272e-01
1.591315309689515511e-01
1.187357106063285511e-01
1.434608530696672435e-01
1.364648613790372944e-01
1.373242430479141851e-01
1.645661909129797762e-01
1.213652493625379941e-01
1.487461110465661818e-01
1.183604593064783439e-01
1.313730171148801418e-01
1.215500455297649218e-01
1.199710680231252380e-01
1.460863237914793167e-01
1.230448627989016164e-01
1.434966632108073958e-01
1.271657502110194182e-01
1.275249899623615846e-01
1.258025527749271066e-01
1.503279274488112660e-01
1.253675785655855579e-01
1.280547837642376507e-01
1.307822819399147296e-01
1.271060759027890508e-01
1.267752882403396786e-01
1.192784516017879326e-01
1.937961963646291919e-01
1.489353823998883775e-01
1.342714890344391399e-01
1.558372355061656833e-01
1.421736898825980422e-01
1.300632333576656752e-01
1.379246195023825783e-01
1.310498917001625130e-01
1.300218054697044323e-01
1.475556099844247127e-01
1.335805309105289329e-01
1.293937419068187655e-01
1.278727368976478873e-01
1.359082144963478234e-01
1.538042224614906417e-01
1.401996921064549428e-01
1.277037008483878078e-01
1.444546078363463937e-01
1.406705058690024268e-01
1.299543922850670274e-01
1.403673012895173544e-01
3.712682052997128834e-01
1.478681787782059054e-01
1.351183278175954183e-01
1.640615672302814521e-01
1.390547979342968143e-01
1.295688954331297160e-01
1.427078938686894838e-01
1.192101871162256077e-01
1.323013793524763226e-01
1.328661418938360261e-01
1.393484253237613213e-01
1.186434449291368237e-01
1.281187801148950534e-01
1.318148165924958315e-01
1.359269311119466750e-01
1.340222707818320425e-01
1.357731826104864870e-01
1.248913561879028272e-01
1.472046476676556193e-01
1.395110531260299325e-01
1.283299013967190705e-01
1.435989509845528589e-01
1.312221006812912538e-01
1.426303964980910055e-01
1.232670166388240562e-01
1.326605696391102152e-01
1.205532959762852935e-01
1.466875608900555517e-01
1.230355988093434771e-01
1.350749564292438309e-01
1.677804318513063941e-01
1.244547014175514665e-01
1.367895035584378027e-01
1.321248512472273096e-01
1.567515514206148375e-01
1.272727271996833276e-01
1.275281387435625025e-01
1.248493157812273630e-01
1.253870279059635384e-01
1.298376029891032402e-01
1.394452273518701768e-01
1.195581317216702077e-01
1.299935126341905389e-01
1.199836500729107580e-01
1.278649571561834009e-01
1.259868640965657594e-01
1.262709135069837174e-01
1.227519840289298531e-01
1.525730726259968417e-01
1.207894561564176322e-01
1.334193928122970052e-01
1.281188630821963048e-01
1.374657994022674690e-01
1.345783016747136851e-01
1.427206277260765765e-01
1.301829097963054793e-01
1.536070099074149653e-01
1.313044881237232231e-01
1.253053719557356838e-01
1.270314836868245145e-01
1.392752803821298568e-01
1.318740681707490647e-01
1.257535882031808883e-01
1.233094849820290523e-01
1.275176616295309318e-01
1.173613667909331054e-01
1.317603187251395191e-01
1.358931923662961561e-01
1.655760539626670580e-01
1.505500018032746024e-01
1.395877039392671715e-01
1.198507435490308165e-01
1.236623259042833184e-01
1.190833530799761952e-01
1.269378394670366839e-01
1.197496657977743933e-01
1.441017293377023778e-01
1.344709257820896342e-01
1.254686381017276198e-01
1.389498517044604198e-01
1.329894902472890106e-01
1.403531295065497952e-01
1.396913609389713595e-01
1.425350078042343649e-01
1.324933894017186198e-01
1.272125803025433155e-01
1.323207602968771157e-01
1.236694628728415291e-01
1.215351394617571884e-01
1.306300279868010394e-01
1.452048702768237998e-01
1.247823672529774081e-01
1.617154935617988731e-01
1.221423388917066005e-01
1.922755964900147441e-01
1.499027114495022905e-01
1.274545133030891286e-01
1.204617539668038223e-01
1.226345803804328588e-01
1.360208834064729200e-01
1.206044483781749665e-01
1.345507120642356613e-01
1.413704411145299822e-01
1.374386166342622395e-01
1.265993429492645039e-01
1.241160095854891565e-01
1.242400066376599388e-01
1.491847844014583535e-01
1.347303365327778557e-01
1.343135388048688206e-01
1.321445701174405740e-01
1.545767413354926234e-01
1.298704217995297339e-01
1.428632377316514102e-01
1.270746174139799345e-01
1.327336694189570621e-01
1.326871701406898973e-01
1.562924472805844456e-01
1.294757408585001102e-01
1.305743570021483946e-01
1.189461623365677956e-01
1.737893923202160074e-01
1.242968193123401288e-01
1.324761239082910269e-01
1.243639075719689263e-01
1.283325184587285894e-01
1.334258816695920447e-01
1.222851833259569337e-01
1.299976480880622454e-01
1.477365600293560621e-01
1.456621422834123714e-01
1.414317288561705577e-01
1.215714186224608612e-01
1.156436248388291038e-01
1.419018103742941683e-01
1.352549742299474222e-01
1.303199308058557715e-01
1.500373586375740864e-01
1.322704664066358948e-01
1.216111818279383555e-01
1.287953560423599486e-01
1.360622822139177790e-01
1.412737650963609148e-01
2.022794587592643689e-01
1.504987718705022015e-01
1.306312773252746307e-01
1.381393517135083848e-01
1.242677774368595583e-01
1.241904867198561496e-01
1.307529350347058361e-01
1.276837013475179694e-01
1.319016811492792485e-01
1.279366821864738324e-01
1.227142789431638764e-01
1.298787287358524056e-01
1.394945141642324471e-01
1.479159145680590259e-01
1.254676383610903445e-01
1.252627225024595392e-01
1.205727212463487269e-01
1.260044141664304340e-01
1.783113874056217185e-01
1.252361014864195321e-01
1.420005863212576158e-01
1.496704077707104730e-01
1.579056295951347666e-01
1.342182486313703571e-01
1.251976792757240609e-01
1.353369411343992579e-01
1.279702385023883671e-01
1.303247551559124084e-01
1.269349206618385628e-01
1.238905965833022732e-01
1.293794422295981017e-01
1.335490851911541321e-01
1.323493409531707743e-01
1.363627558587941768e-01
1.245613416175393867e-01
1.267670310367207676e-01
1.224628213314924163e-01
1.425623446018582652e-01
1.323711040437937914e-01
1.246013603613623510e-01
1.290291586266522073e-01
1.672315390165505511e-01
1.159351176911082998e-01
1.341152091485392772e-01
1.225999203898311130e-01
1.606862510170222191e-01
1.318459414124776019e-01
1.471742651063083773e-01
1.224213698134930667e-01
1.306891478833924203e-01
1.289710124941785829e-01
1.405433964718488249e-01
1.314741730902085903e-01
1.243748397896739660e-01
1.323970318922944034e-01
1.263114603159942451e-01
1.347916281278085104e-01
1.237039912333950387e-01
1.288900542553288731e-01
1.320447455518503899e-01
1.317165974009560647e-01
1.220199681959627108e-01
1.585203428616963617e-01
1.274974369174248501e-01
1.246640931161069610e-01
1.662542991800440295e-01
1.502179622242835466e-01
1.388593856843090002e-01
1.394327501310001216e-01
1.716095629350160856e-01
1.600697406697362546e-01
1.343927450373383625e-01
1.292415221398975356e-01
1.262988252300885073e-01
1.260914543407350430e-01
1.161706564360936583e-01
1.414168190175525974e-01
1.354221691033734298e-01
1.264672775719354603e-01
1.293678653740201190e-01
1.826607780366375500e-01
1.191989035763150184e-01
1.779658007008942389e-01
1.230175290305817459e-01
1.201704679924297386e-01
1.327446920423873133e-01
1.278863770651068044e-01
1.313595156498147121e-01
1.408028012292297793e-01
1.289979365369535724e-01
1.364706730397774459e-01
1.638533646641470165e-01
1.477770075070634070e-01
1.254798207557195067e-01
1.320760135282965098e-01
1.354205775793317634e-01
1.233113353517733823e-01
1.236932319812529824e-01
1.376680873442714947e-01
1.241478879009843828e-01
1.422590685864378035e-01
1.253910198263672449e-01
1.332460779884474256e-01
1.301282836262879772e-01
1.208975000362444846e-01
1.526493124988097250e-01
1.579694503482427237e-01
1.265819442633110969e-01
1.436297122461977771e-01
1.241457031498129499e-01
1.267502961083006308e-01
1.320882683791100853e-01
1.330854226632746107e-01
1.332197825378345635e-01
1.231022283904964348e-01
1.447806680482551511e-01
1.301899212592813326e-01
1.196581027258004776e-01
1.490119813756974054e-01
1.415376631823997089e+00
1.199312988948388475e-01
1.341113119215565364e-01
1.254649113903598956e-01
1.263324289239491360e-01
1.300116121727617757e-01
1.239794651474343534e-01
1.186779346531262325e-01
1.376179139563790399e-01
1.287310854397952786e-01
1.238828971245710675e-01
1.397492330184003650e-01
1.274075066055944117e-01
1.405227945852366711e-01
1.431595211324999117e-01
1.273429262795902905e-01
1.308121264505306969e-01
1.202034249378555186e-01
1.318052171233066172e-01
1.453870758818845421e-01
1.300465407855594391e-01
1.329484909584919550e-01
1.185289830152215645e-01
1.377012081980212299e-01
1.302549891546943561e-01
1.434293718219575575e-01
1.237590339216152469e-01
1.268892913277112899e-01
1.266172626594639361e-01
1.162543410501830632e-01
1.464627054720792632e-01
1.329021843047500928e-01
1.350860061745737528e-01
1.300776598611512458e-01
1.270115877626355472e-01
1.371680385930426904e-01
1.385698255832493453e-01
1.461118167512162613e-01
1.199260966753104563e-01
1.249579407417037991e-01
1.450491344021911655e-01
1.295651468348923974e-01
1.237866845700465041e-01
1.339018152576262333e-01
1.513492744048602068e-01
1.248162261981478754e-01
1.320418590210103993e-01
1.445622106807909757e-01
1.201006918793612877e-01
6.552961242425713317e-01
1.495942218541916613e-01
1.504764774531708038e-01
1.376352644042865558e-01
1.278752355587245149e-01
1.478369744773951333e-01
1.248047906889807879e-01
1.563058630280458605e-01
1.276835632200809256e-01
1.570091151711459632e-01
1.601241178975793267e-01
1.218992758799125747e-01
1.298176259541851951e-01
1.226486469654725353e-01
1.342916445575835227e-01
1.296860290500803925e-01
1.467712740003490057e-01
1.307978729168450815e-01
1.343928001756371504e-01
1.431469445953848785e-01
1.284136943200212544e-01
1.555548288768989207e-01
1.307280342895239533e-01
1.273433743736576695e-01
1.332609830882730273e-01
1.235884313387961703e-01
1.185844242823672762e-01
1.656183791400322458e-01
1.244112735550924609e-01
1.246580182397996478e-01
1.239454098614980876e-01
1.442185380229104030e-01
1.215454420558362003e-01
1.289667660516111147e-01
1.279368480979135858e-01
1.194800846338691519e-01
1.455526105078255306e-01
1.303671408486485328e-01
1.296663243988775693e-01
1.406752674994532215e-01
1.333506410850183455e-01
1.581488006617257913e-01
1.528337337902034021e-01
1.345688230376857475e-01
1.274354491982825910e-01
1.304020348283370656e-01
1.661120393278825158e-01
1.363965163277313652e-01
1.360951986906255295e-01
1.262004075320235785e-01
1.457020785101516003e-01
1.451221732342271309e-01
1.283121767131131796e-01
1.307071464831653096e-01
1.426342806385500761e-01
1.336263224357200907e-01
1.148468275415443912e-01
1.259203095744806933e-01
1.207035864956037957e-01
1.279787846997050282e-01
1.327917970083875854e-01
1.268500503483269704e-01
1.240820545835272792e-01
1.330777783342759202e-01
1.410755566128437943e-01
1.357854970605215095e-01
1.303458450282235503e-01
1.555853019763510925e-01
1.272592124230245703e-01
1.363722639718487062e-01
1.625177727831933205e-01
1.332687251835154851e-01
1.455562972264786703e-01
1.275881347321774772e-01
1.320624105639519319e-01
1.537823127390794131e-01
1.285174137626567681e-01
1.540998092658433238e-01
1.524916695709782610e-01
1.327623811254703967e-01
1.287604400808138316e-01
1.352374203452209322e-01
1.260927560293434169e-01
1.391869327107926324e-01
1.447320633752240682e-01
1.397586841984640171e-01
1.285254134462596176e-01
1.235377143780434089e-01
1.448203007178893997e-01
1.516490574516192458e-01
1.175130216927857962e-01
1.294140499330720950e-01
1.435241409008503610e-01
1.313741162819324071e-01
1.253725572243686859e-01
1.265778870534793599e-01
1.520473376006579169e-01
1.155614959787264612e-01
1.306942581403617853e-01
1.231524631882616738e-01
1.212595762744664990e-01
1.180838881059555756e-01
1.301754231552225416e-01
1.219271910454674535e-01
1.273893897664800934e-01
1.393769124185291475e-01
1.481308120931122685e-01
1.327094278085743650e-01
1.263360591252503939e-01
1.490558640937414692e-01
1.180437682116391024e-01
1.304052400040253690e-01
1.275109018153283147e-01
1.288576664486982826e-01
1.434371925418542748e-01
1.324868491233255896e-01
1.279482212909097416e-01
1.251800497934776324e-01
1.413140140928810795e-01
1.298081755156759443e-01
1.269498119853629814e-01
1.560710777233739466e-01
1.332921518619872847e-01
1.257674496097284655e-01
1.236886445905247406e-01
1.231870757004867312e-01
1.440564223014420275e-01
1.420185845074311837e-01
1.190373837611603258e-01
1.341157287844580714e-01
1.339815900095373546e-01
1.191163725917184224e-01
1.383549404764030655e-01
1.226080595493857228e-01
1.212964829039536591e-01
1.226123773586119542e-01
1.232798775682594911e-01
1.304582959752678406e-01
1.330315227424842817e-01
1.348438997635142966e-01
1.439344760903361053e-01
1.343407219085520077e-01
1.293363026135192773e-01
1.414202200976106827e-01
1.319718930050958194e-01
1.286079877357525769e-01
1.273516675284445121e-01
1.279306450640488313e-01
1.306814761526657875e-01
1.404838084565032952e-01
1.544785181178661704e-01
1.200133263527727867e-01
1.260041634520214782e-01
1.350389877630001345e-01
1.215021243466529871e-01
1.492391604328793808e-01
