2.073318222373139730e-02
2.133416304486632567e-02
1.827969474448033066e-02
3.611200086900868966e-02
1.166188105015378979e-02
3.543128464886342865e-02
3.510636291005381215e-02
2.131066562537826253e-03
1.856528942458654866e-02
1.089465636493304641e-02
1.374958057883322003e-02
1.255479055675745755e-02
7.839106905535330946e-03
1.366260914995367365e-02
1.539004411018987661e-02
3.895525384774616018e-02
3.128366775021105411e-02
2.148189434333613521e-02
2.225071785698420207e-02
1.494510012368605381e-02
1.873144566461640292e-02
5.316397574756452117e-03
1.343704323622659826e-02
1.896214737862126840e-02
9.645976334034730981e-03
3.129679136120790128e-02
2.704278343919025787e-02
2.757463599186403200e-02
1.440778132469961587e-02
1.431709397482665812e-02
1.840975312153261823e-02
1.851797697909512638e-02
2.317553837041096826e-02
9.468866218635402579e-03
1.146584491179237879e-02
2.039434002862340958e-02
8.996083493641997275e-03
1.767808692377005955e-02
1.487171760009824845e-02
1.017953296850265289e-02
1.739833895668011637e-02
2.037812983389686652e-02
1.249948618646998244e-02
1.950277142034005651e-02
6.191452702569940660e-03
1.741745481559163131e-02
1.905505865316304420e-02
1.756174049712175278e-02
7.694646068219858012e-03
2.206839426412047361e-02
2.924005494829788609e-02
2.634682001537956217e-02
2.510955520110817046e-02
2.131083534641055668e-02
2.914104941598014489e-02
1.939338170447138868e-02
3.739468885553500627e-02
1.875419315654830790e-02
3.094935481631502089e-02
2.827793808574187093e-02
4.076545379073910624e-02
1.085166178906931018e-02
1.991813079867067390e-02
2.011370205326708585e-02
1.760901706377023673e-02
1.479761102171176478e-02
2.830621494465762958e-02
1.368723615411933554e-02
1.919869234289668311e-02
1.141685851858603891e-02
2.636866720562034555e-02
1.368269426676485025e-02
2.100011114287108835e-02
1.291592537456402387e-02
1.583186125972613559e-02
8.930809638198073871e-03
2.203932417355147083e-02
1.504193866752098763e-02
1.080820036307483280e-02
8.266650750052279353e-03
2.155391059222084085e-02
1.004701997436901854e-02
1.225103182881650925e-02
2.266305340874925911e-02
1.479105926002223688e-02
1.377623627275685429e-02
1.284430342672198896e-02
2.966550261277619768e-02
1.345114255519662405e-02
1.755222565869199100e-02
3.624575267410828916e-02
1.277153434906096868e-02
2.408611825057592123e-02
1.145680480260650308e-02
1.544814878914346420e-02
1.474833447372275036e-02
2.193373639390542446e-02
2.174005713094559825e-02
2.611622499373396702e-02
1.823200641253403670e-02
1.071010863333469836e-02
1.205514424473912855e-02
1.560060369056980902e-02
1.507543843462175528e-02
2.112622069239239453e-02
1.126692727969337039e-02
1.176212844868070387e-02
1.073604233101333599e-02
2.243311554516524281e-02
6.648708525776779454e-03
2.320471106567691469e-02
1.149122979991406591e-02
1.584984071236592712e-02
1.904604297477866665e-02
7.763608729458968023e-03
2.462559186913912054e-02
2.589351229838683655e-02
1.635874540466412605e-02
3.125339816906670676e-02
1.647395358133641602e-02
2.042233128343858006e-02
1.900899018629973944e-02
2.683417650227607615e-02
1.254232204923211996e-02
9.511166684978462557e-03
1.341948399711219951e-02
7.736850786724461596e-03
1.062330405252432351e-02
1.741560426652442872e-02
1.335409410755223313e-02
2.247710665609837372e-02
1.877856243258346075e-02
8.248416918904480019e-03
1.074227210972445064e-02
2.126415814899607071e-02
2.050060011169232976e-02
3.404346036839541595e-02
9.334908869375369705e-03
6.963939509203475979e-03
1.973821004540693425e-02
1.068996491576075861e-02
1.048039335196542139e-02
1.500211157448719940e-02
1.981669666073931566e-02
2.524996645674098053e-02
1.428016031481589045e-02
2.211240804450237754e-02
1.749025479193954888e-02
1.485589263772980895e-02
1.621759074613360330e-02
3.093433543957894299e-02
3.184512180551585941e-02
2.929695403278838664e-02
1.490314369491657111e-02
2.260275754408964249e-02
8.443109957215966938e-03
1.023096789446406064e-02
1.253390917590732623e-02
2.104549163628179759e-02
1.781942837044676181e-02
2.812461248349682613e-02
1.102875367981269797e-02
4.107012885747503977e-02
3.035347023132673946e-02
9.516151264901318366e-03
1.236402269706479533e-02
1.581250586836077665e-02
1.139920711111461898e-02
2.880469486752107455e-02
1.029932992654554458e-02
1.925895679175749012e-02
3.036023356959584307e-02
2.886511872512521545e-02
2.113970475771400487e-02
2.916734945577948920e-02
1.825136954882761869e-02
1.603231895404867019e-02
1.913597213722327203e-02
2.254921414528018864e-02
1.706652667849117844e-02
2.478568365266178505e-02
1.764678793913606464e-02
1.451461749433851159e-02
8.084961729392298180e-03
1.036524091342471213e-02
1.909339944881983941e-02
1.091303975027136351e-02
2.133997023764289819e-02
1.776637054644856009e-02
2.158888687794245642e-02
1.756360662583903928e-02
1.126928980697921093e-02
1.733994331483297222e-02
1.896093393229101448e-02
8.871840055980587114e-03
1.929885876235789416e-02
1.276443456132009442e-02
2.813826829557317111e-02
1.987078761574776267e-02
1.027317899481188998e-02
3.586164275101894755e-02
1.453821908706186966e-02
3.504235624915062047e-02
8.160959496019172532e-03
3.805238971950804239e-02
1.986242577915380697e-02
2.383578468205145920e-02
2.419432910579862733e-02
1.381061752513308531e-02
1.110542937165443118e-02
1.787609543238975751e-02
1.289144145079394559e-02
1.114436206194917116e-02
1.075152060866329737e-02
9.175577323777057981e-03
2.200637589767914792e-02
1.595603023963976588e-02
2.214835083777612346e-02
2.649690062674903493e-02
2.241639431070582139e-02
9.497442613580745277e-03
2.280541908763818182e-02
1.458354645288276186e-02
9.973095200617969683e-03
1.999498263961083100e-02
3.795615945450326462e-02
1.683864168509795547e-02
1.956258412271224406e-02
1.509618794803900543e-02
1.023535324959481616e-02
9.084687155875291117e-03
1.662475489285953831e-02
2.692732065366419333e-02
1.704449882589668475e-03
1.433064761821642268e-02
1.820147241714789241e-02
2.294161827631928385e-02
8.913423398002785422e-03
2.113593504865002651e-02
1.210828744298688212e-02
1.372293237179201923e-02
3.143269993230789899e-02
2.028466913729894128e-02
1.904547171476782957e-02
1.945441266107137898e-02
1.655902886228330026e-02
2.073024529599950747e-02
8.852502910442525130e-03
1.948191187909038488e-02
1.725188805519436985e-02
1.456526973302489820e-02
5.836324378265566812e-03
5.847047001776430747e-03
3.439751854365571265e-02
1.936161862066899594e-02
1.631371017981711122e-02
1.829209556488831448e-02
3.042203861432892648e-02
9.799248701848955675e-03
1.487722455348946052e-02
2.355403331338627032e-02
4.078645908049650243e-02
1.756328154022819901e-02
1.733142274243209408e-02
3.037149712451904862e-02
1.740294852092428776e-02
1.865756768434080962e-02
1.911429822619615734e-02
2.014276654673211736e-02
1.797282203059380468e-02
1.831520670676351284e-02
1.281555103089847270e-02
1.533109264921507335e-02
1.412790316195850285e-02
1.315065280675919816e-02
5.578589437579524815e-03
1.262153047637079410e-02
2.357444127152900915e-02
9.797324992156145052e-03
1.645225493009022308e-02
1.765453892602391467e-02
1.069165900563716701e-02
1.048703940248198359e-02
2.116267624575201081e-02
1.530991638317157240e-02
3.232178120901800511e-02
7.992152917997537992e-03
1.905968078895869597e-02
1.162198647046206769e-02
2.638320471056699451e-02
1.736696594642541183e-02
2.480295023542033669e-02
3.449781280961388558e-02
1.353084907460225597e-02
1.473958382068800248e-02
2.872155908833932958e-02
3.882482340144266519e-02
7.704772471871120659e-03
1.678263039401256540e-02
2.873332559479666731e-02
2.450794224346472192e-02
4.106173333864348782e-03
1.199710291381748083e-02
1.863379441091195243e-02
2.635933443756399708e-02
1.468348496085975299e-02
2.442991382062443054e-02
1.442531590933442652e-02
1.691530784752503028e-02
2.898059644891204378e-02
1.545200067686718949e-02
1.908538068514189709e-02
1.626159719384518906e-02
1.622776879132303840e-02
1.011690547654317887e-02
1.336570099038419425e-02
1.785858417098584380e-02
2.779657853174250653e-02
1.268001415164657711e-02
1.781821228734857196e-02
2.232340356998862435e-02
1.131617113656538040e-02
2.560460191607046715e-02
1.843274718984672447e-02
4.210094434564461835e-02
1.833248390335971006e-02
1.374318786614228856e-02
2.036125610909530689e-02
1.287598684333170034e-02
1.271419661938102789e-02
1.670514043361721532e-02
8.785418377121616620e-03
1.773104852392108632e-02
1.766103195445644855e-02
1.115133493289241495e-02
2.780785051993866358e-02
1.283622338028992879e-02
1.083487329774909802e-02
1.334571312683380251e-02
2.124846902419949557e-02
1.222570042463347849e-02
1.657025201385345717e-02
1.815946270759131315e-02
1.819711358119936381e-02
1.757136365279381163e-02
2.070905397017246477e-02
1.687341159838849636e-02
2.393171375002766180e-02
2.174925291841754010e-02
2.027206152306339562e-02
7.931117320629657921e-03
3.429057512978813532e-02
8.392493940913257899e-03
2.385966608373538828e-02
1.972610592385912187e-02
2.978719718859127591e-02
2.140963809406317558e-02
1.247824692374972788e-02
1.167081574416464936e-02
2.023022457011254549e-02
1.876052781377034531e-02
2.504207117346622311e-02
1.005560236159038293e-02
1.610615716523491545e-02
1.485182153821682297e-02
1.300798218635161596e-02
1.932206497348344654e-02
1.107093344023647903e-02
1.181742020268381974e-02
1.387462479931311082e-02
1.714415400271431661e-02
1.470644464242494218e-02
2.148645924958233339e-02
2.540919557486968558e-02
1.546780391134353755e-02
1.511240693797582212e-02
1.817999247992520273e-02
1.768402385731172172e-02
3.470081050424238950e-02
2.704198142641776187e-02
8.267518610400622150e-03
1.675924467246364680e-02
8.147619870654534621e-03
2.569863325858105438e-02
1.427276899344563470e-02
1.999633051462684427e-02
5.620862913303019924e-03
2.283579833660531744e-02
2.364284598166171980e-02
2.497066917897722976e-02
1.653543444491091183e-02
1.760166873579799632e-02
3.309110769222117776e-02
2.709061652912614013e-02
2.501019801891293456e-02
2.358048240138583759e-02
8.819514847116216236e-03
1.007691311879543167e-02
1.307448602929645043e-02
1.331331460811916237e-02
1.134919838454461448e-02
1.694894278967033416e-02
1.712690366285333707e-02
7.878893664576350209e-03
8.737931231716905209e-03
1.210503363195715443e-02
9.713303039649416951e-03
2.362814544931414462e-02
8.159022111050379111e-03
2.074474766062845560e-02
8.304647795501888391e-03
3.319973043177784633e-02
9.473636120664435598e-03
1.933646837044095124e-02
2.285342189305475044e-02
1.201084844185082087e-02
1.327370956236163455e-02
1.816415076349195412e-02
2.465279092198052052e-02
1.802395085564639787e-02
2.802202901301374671e-02
4.954440859619123338e-02
1.623251846106488552e-02
1.023246378010678193e-02
2.499585997357335609e-02
2.395270873766371447e-02
1.769952650799364036e-02
1.523699151372414143e-02
1.795609908153971215e-02
2.056308600406770576e-02
1.995448014067553386e-02
1.669441444261521995e-02
2.257366827265964646e-02
2.345753147600433686e-02
2.647357339854741060e-02
1.481524096042468111e-02
1.066045081210363447e-02
8.659880407450977480e-03
1.405279259038522133e-02
2.325596714723286024e-02
2.664761177956779734e-02
1.282215102111546046e-02
3.379283018087893969e-02
7.876017939240668661e-03
2.708095557928689653e-02
2.169579490078290401e-02
1.554924519289508852e-02
1.411681604338515042e-02
3.241659987654907371e-02
2.639155110991676240e-02
1.487657906059794422e-02
1.164003663104497266e-02
6.487110236325855511e-03
7.191400534814275033e-03
1.644969010650756958e-02
2.641769606026470041e-02
1.586654848516956193e-02
1.152684388662276495e-02
2.979525223604399115e-02
1.200663499921445637e-02
5.228327475777649891e-02
2.290798001260980696e-02
1.939631717187451435e-02
1.764641779595585436e-02
2.586475086451059391e-02
3.425499459658046253e-02
1.721883083872853895e-02
2.678937014752947807e-02
3.479382400673826370e-02
2.168479955869360293e-02
2.406706183418007641e-02
2.379389379902363891e-02
1.069047093743062671e-02
5.619329245122660181e-03
1.416919188496815196e-02
1.206103152810387123e-02
1.979435258362948966e-02
1.175751173038277336e-02
2.446689808937716620e-02
2.235211829400719080e-02
1.882687827060854080e-02
4.936086432355288843e-03
1.874073861267035873e-02
2.598853171634745926e-02
1.490211497270447182e-02
9.198266084680212576e-03
2.256395381878413542e-02
1.896679744612220567e-02
2.836203544403060467e-02
1.115757586042968527e-02
1.729403349586820793e-02
1.450504260862993736e-02
2.010935754858045321e-02
1.924429626028466289e-02
1.496990496498734613e-02
1.990730529123646911e-02
1.466569889905467057e-02
1.935334963156500401e-02
4.873759533165136770e-02
5.809828258348173104e-03
3.431473859217719358e-02
1.447849237685741933e-02
2.152467023259333270e-02
1.356528144539822893e-02
1.358382798421432953e-02
9.303465289169461291e-03
9.935536558866241499e-03
7.034842671766082349e-03
1.296328318233646269e-02
2.749421247221566639e-02
1.583299723933084824e-02
2.550128737847143223e-02
1.990331800432911663e-02
1.587405723901840274e-02
2.458878646918204181e-02
2.424145195695220217e-02
2.439796210158054132e-02
3.954862079455120222e-02
8.671923287309193581e-03
2.412844430619638658e-02
1.095548871263964802e-02
3.455967049101517363e-02
2.643634522585690955e-02
1.159681406060875282e-02
1.859411012425177950e-02
1.586397116082415709e-02
1.345527312357925644e-02
1.632829345568616655e-02
1.988796327329427766e-02
1.156083239030473130e-02
1.119190838510840391e-02
2.114951484474519167e-02
2.089383376713469312e-02
2.351990012931589116e-02
2.300395902391196359e-02
1.667069895671450044e-02
2.726036936601723693e-02
1.736401005277589740e-02
1.415357368358684254e-02
1.743856016928633373e-02
3.457509704957070686e-03
1.159323359507084122e-02
1.803991685442841650e-02
9.575525091515837972e-03
1.987510179040588923e-02
2.099393480014461605e-02
2.566918777840179397e-02
3.170322657245854686e-02
2.626091077848712735e-02
2.899302208882157533e-02
1.244494871327181049e-02
1.475619434124501514e-02
9.729105319670696209e-03
1.944859366068213066e-02
1.798396582581040723e-02
1.234411887565161660e-02
1.770681807868567867e-02
1.260381318336374276e-02
1.334027704711397699e-02
2.398068408230832199e-02
1.508074180763343750e-02
2.471941409861586059e-02
1.657862890559895150e-02
1.985676488651274760e-02
1.443402542455050550e-02
9.919377676021639764e-03
2.414687301513286991e-02
4.021846764468595126e-02
2.708103912708728286e-02
1.557665777192965804e-02
3.970752449988530081e-03
9.392425666429926254e-03
3.052869927991015003e-02
1.652805294375497489e-02
1.548252861217450267e-02
1.252627486421454932e-02
2.046938100836814128e-02
1.547659243097865289e-02
8.675740547420389762e-03
2.793407884430062701e-02
5.492494988125080566e-03
2.191743868504802267e-02
1.274034824642783156e-02
1.240114679131764167e-02
2.575920075139767965e-02
2.728703446237787031e-02
3.952897650088774834e-02
1.055585284987342956e-02
1.779775406990765502e-02
1.286233018629840373e-02
1.760177343137820163e-02
1.260744784923846507e-02
1.278428547980222860e-02
2.845866597376783824e-02
1.532750062854434416e-02
3.330738295864736631e-02
1.524315002214468064e-02
1.121559434177966767e-02
1.366250647057714457e-02
8.759094138378002020e-03
9.358658249378823749e-03
2.334061132755420667e-02
1.717669429162551817e-02
2.407413942160160913e-02
1.111646286439603448e-02
3.423035371416256745e-02
1.307905272642073853e-02
2.300989706189462969e-02
1.999936353082409912e-02
1.447796998646340254e-02
1.910075017934802222e-02
1.048339879792102060e-02
1.871828582383626427e-02
2.499171677856422760e-02
2.514012186997229698e-02
2.180856581247159198e-02
1.969605138356441548e-02
1.401891284354213341e-02
2.084791256656230718e-02
5.294890501524473006e-03
7.821249866761980502e-03
2.478867286762619776e-02
1.435669599070911809e-02
1.502131312480009181e-02
2.489562532711018378e-02
4.275372398434151497e-03
1.723257709588647130e-02
2.618990123183182958e-02
1.724591859386095938e-02
1.884848712980542393e-02
1.190245512793547400e-02
2.197701319148692364e-02
2.072379269811128188e-02
1.940813022660672557e-02
1.706432907061405241e-02
2.922705970869472064e-02
1.346299799113144166e-02
2.879355201841615058e-02
1.653440965092616358e-02
2.677287844885152535e-02
9.748500443509855798e-03
3.328348750639679304e-02
2.211691205644683578e-02
1.038485592972830315e-02
3.247585412204247873e-02
1.322267899037518971e-02
8.203913846002329133e-03
2.686077790143731950e-02
1.152115824601538871e-02
1.988235296877920513e-02
1.451713057046171221e-02
1.275639052283110766e-02
4.240580735934462719e-02
1.538895532553818425e-02
2.326093941378155894e-02
2.147632382051312128e-02
9.855633665613344752e-03
1.817174671715592049e-02
7.463544217449742148e-03
1.637221941920697157e-02
1.614631226970897337e-02
1.260598347791972058e-02
2.017356912808225197e-02
6.454276611582702994e-03
1.436488002044717001e-02
2.367414773702728598e-02
2.573771663997159384e-02
1.391282108529025285e-02
1.921677116283001044e-02
1.118124973017358727e-02
3.798086709336621902e-02
8.918429529122856927e-03
1.760470454931633427e-02
1.693819468570746667e-02
2.064375901629150398e-02
2.392248802136357280e-02
2.112066043655554462e-02
1.290174717096034644e-02
1.773741454687045860e-02
9.642147809535584618e-03
2.266401688897144023e-02
1.443892579725717003e-02
2.077916441170476330e-02
1.033694105766636007e-02
1.339149452022629291e-02
2.557062370648713681e-02
1.683842380047212081e-02
1.029789410565139576e-02
1.092132690517269751e-02
1.554947148029282161e-02
1.428073872291648824e-02
1.528969393431604817e-02
1.184621685512762639e-02
1.146958680790552410e-02
1.270460820040535295e-02
2.860631500361729071e-02
1.145457295618905295e-02
1.945416255892004273e-02
1.744848301647988417e-02
1.868111162062989494e-02
3.654403846254800081e-02
1.702560890404905547e-02
2.104358801378431940e-02
1.128047502923973031e-02
1.156019105864204873e-02
2.445665374721173527e-02
1.997288961221592787e-02
1.740941641517414207e-02
1.517819798649549731e-02
2.812513830485438918e-02
1.582740237558849516e-02
1.334601322130190941e-02
1.920852904330955582e-02
1.845367535237138132e-02
1.936626451498334178e-02
1.922314851463020197e-02
1.830196322516804489e-02
1.585721070600829355e-02
2.440151463929556702e-02
1.920479277771846432e-02
2.302474626747093300e-02
2.918208313715769248e-02
2.149144269346546857e-02
3.313844340123692916e-02
2.091068474924128590e-02
2.775169509332624934e-02
2.322146585476629610e-02
2.337341918019637810e-02
2.611445659549973403e-02
2.862259494463716136e-02
2.130610927250526504e-02
2.340115922708368296e-02
1.963800890576921157e-02
3.855141702964282741e-02
1.861422037486814077e-02
3.234735490916852696e-02
8.625516251928061484e-03
9.732524594503227239e-03
5.461406672346643884e-03
2.698045105498749277e-02
1.326402749553392407e-02
2.164305513351016605e-02
2.995419061424309595e-02
2.290989513250354589e-02
1.789178554870227145e-02
9.388807664222210969e-03
1.689120327261123267e-02
8.566896908910949168e-03
1.331690580605460021e-02
1.280442193770539756e-02
8.799852735642002544e-03
2.404361232426747291e-02
1.460267778130461269e-02
1.430687011857354266e-02
3.871866707418256115e-02
1.546824583950050756e-02
1.576267154003215334e-02
2.369240018084821722e-02
1.605041835985768564e-02
1.057013081326736888e-02
2.109017120615573615e-02
2.701415846854448091e-02
2.428323648181453936e-02
1.293109314588646377e-02
3.127547915469413436e-02
7.863538416615039120e-03
3.857974896602566622e-02
2.228914083943383737e-02
2.631509263477821436e-02
2.467982994657169291e-02
1.132939760208730162e-02
1.316294780495130476e-02
1.404862264273076984e-02
1.732245797952809349e-02
1.970942726685682989e-02
2.474284723572337322e-02
1.335789027963579269e-02
7.287148598852262286e-03
1.411458997587399303e-02
6.577549060361785258e-03
7.369903068629415216e-03
9.989384670772776323e-03
3.245155926835041615e-02
1.144928145186955258e-02
2.016719051712259625e-02
2.923990479621879982e-02
2.593737085227167116e-02
1.404385708263774027e-02
1.485380004713679654e-02
6.332578991571130057e-03
2.263906717154336515e-02
1.610088707321536208e-02
1.913637673849970591e-02
4.019449054197537369e-02
1.572393623357908402e-02
1.519691765764977914e-02
1.136055554745116734e-02
2.470309759709091516e-02
2.338727727203928491e-02
6.654061697018529876e-03
1.928720926489238888e-02
1.988284151690549242e-02
1.839670623931200302e-02
1.783177875177844457e-02
2.008800982232528121e-02
6.840870217459574416e-03
2.237442809259654677e-02
3.870451426233720640e-03
2.002901473700618648e-02
1.832022557916809097e-02
1.373501820076680584e-02
5.534345802496325878e-03
8.016712352586099696e-03
1.447572221171553736e-02
1.208246752223171919e-02
1.217873137352279422e-02
3.159354956607326320e-02
2.915397158032102462e-02
2.812382207358826020e-02
2.725064429926883983e-02
1.350536158838539294e-02
2.925227103898271619e-02
2.223469605390923295e-02
3.075345481280375437e-02
4.925526526311648293e-03
1.228073616116596295e-02
1.135875856375968482e-02
2.407448452161219804e-02
1.977231100253060495e-02
6.548965648272307705e-03
1.380375595032041873e-02
2.940949893804881143e-02
2.022355569825154409e-02
1.490495424659858334e-02
1.051507476769746041e-02
2.411514235977004622e-02
7.841435217262977472e-03
1.190716183623253405e-02
1.243465848022120776e-02
1.441603252931755730e-02
2.243976138186353289e-02
1.380120735951127255e-02
1.224479434398906795e-02
1.996166913453347597e-02
1.591653779036875799e-02
9.873804080092600868e-03
4.824619786579331659e-03
1.991031910943773936e-02
1.995256983459845965e-02
1.658543092885760364e-02
9.780281934494400309e-03
1.126451120859942902e-02
1.831110717964187437e-02
6.332406024606994019e-03
2.110094110167545431e-02
1.769063244787498490e-02
1.817353983403327197e-02
1.919619697682074105e-02
1.701787392687789668e-02
1.944699282773909924e-02
1.151179642129244313e-02
3.939781993879420269e-02
1.980063636148968881e-02
1.789564187590830455e-02
1.471852650255568717e-02
2.186007957372243862e-02
1.434169667597613024e-02
1.947631376134284845e-02
1.408506071101483896e-02
6.349166149381929407e-03
1.780767425880019905e-02
2.698354278814234231e-02
1.940614809391333698e-02
6.745992023574987582e-03
1.442812457109749272e-02
2.231031227028404743e-02
1.643155329954274629e-02
2.177537129740947722e-02
2.631689025433887885e-02
1.173499964776091205e-02
1.913360088962146044e-02
8.847285944592029466e-03
2.535069951878698644e-02
1.667876963290045381e-02
9.877486187294542280e-03
4.145006196859563757e-02
2.125827221190129679e-02
6.047731770453762187e-03
2.397846231565175373e-03
3.123618240851743985e-02
3.244253415638038290e-02
1.915515771035977699e-02
1.940673569175107444e-02
1.201878889599788947e-02
2.075454994229553041e-02
1.379635083855434118e-02
2.286410411221297123e-02
1.553523808838062209e-02
1.960169264860981558e-02
1.171380868419192103e-02
1.765518139601427935e-02
2.350642163429965403e-02
5.281114193812520667e-03
1.586777207683914143e-02
2.047241797922359427e-02
1.299846883326147805e-02
1.197464135850988959e-02
1.745762537857414518e-02
1.913638207837720095e-02
1.401960576054261769e-02
1.581972770609112525e-02
1.474728422799628270e-02
1.710353146542460331e-02
1.925561369568251635e-02
2.240199531896983065e-02
1.762844061810684912e-02
2.280672248818426534e-02
2.869355073474037787e-02
1.388212405500085546e-02
3.179949700088220699e-02
1.116906724883471279e-02
2.411904982289938063e-02
8.670993443369412468e-03
2.310304162919177631e-02
1.232912033931974141e-02
1.483401620811928417e-02
1.407508643654901796e-02
2.526811664841068644e-02
1.778561862984479047e-02
2.639256672972118203e-02
2.669474724800914231e-02
1.218707631708345479e-02
1.161705957623765384e-02
1.997721126065458638e-02
2.102244193568854683e-02
2.039741645803248848e-02
2.441270100335705615e-02
5.065274341874406207e-03
2.122440475642967117e-02
2.154623966165796281e-02
1.523776204940060358e-02
1.452595143496884962e-02
2.110028384563591292e-02
1.891041336560386407e-02
1.962353033076323292e-02
1.807010337942618894e-02
1.881616918557723131e-02
2.308605638919203340e-02
2.574085966782029000e-02
1.117931667484203286e-02
1.027832229824412504e-02
1.118372958573850620e-02
2.208984747635700172e-02
1.140475127191896074e-02
1.342020313630516888e-02
1.106245944521833460e-02
3.421152615879203412e-02
1.130707094819724361e-02
2.058041807402471307e-02
3.334972169923805518e-02
2.796934954072839360e-02
2.488566505039338864e-02
5.682197433766232944e-03
7.142305854084957974e-03
2.160432936842195117e-02
1.457040175431906920e-02
9.648031044559858896e-03
1.103008296844576810e-02
1.556760004695576828e-02
2.427468067248170908e-02
1.915903377413459563e-02
1.894528341152566797e-02
9.310122721180194225e-03
1.191087143744417286e-02
1.416993632968562705e-02
1.602948497036228367e-02
2.221974238459724880e-03
1.919106689683696201e-02
1.196524929544172389e-02
3.489601481719915854e-02
1.884327462153541355e-02
1.540998835191640173e-02
8.079239535838741645e-03
2.532278506427741716e-02
1.495180139956941816e-02
1.658779693281314457e-02
1.189152680879558208e-02
2.300184695221064654e-02
1.553819551756675799e-02
2.779753556792995128e-02
1.740173013638951147e-02
6.434406415624689332e-03
2.582597991989651898e-02
1.547073600715876719e-02
8.497173552434716254e-03
2.789218478967387879e-02
1.859911897680157147e-02
1.634814835153794096e-02
2.126011414484948320e-02
2.890154432495494960e-02
