1.000742439159979513e+00
1.000168073252258649e+00
1.000337341460804330e+00
1.000834799776522122e+00
1.000132864649333042e+00
1.000241843673285835e+00
1.001268703634839996e+00
1.001302562969828891e+00
1.000220543965816722e+00
1.000234317955366548e+00
1.000581672451779980e+00
1.000191270748658212e+00
1.000310382100909390e+00
1.000359665250867280e+00
1.000660784512096946e+00
1.000229109791379578e+00
1.000456056391160864e+00
1.000281788981937758e+00
1.000254765319001704e+00
1.000430157637388406e+00
1.000348693989326465e+00
1.000136530886287511e+00
1.000494191399305066e+00
1.000449948223399499e+00
1.000184403993034321e+00
1.000126450997871785e+00
1.000528223964993746e+00
1.000216475793330506e+00
1.000255886385717607e+00
1.000311330268968124e+00
1.000933126638768433e+00
1.000717705810805214e+00
1.000560210158383700e+00
1.000267742014858019e+00
1.000737968527614097e+00
1.000208546922158437e+00
1.000650762073533429e+00
1.000695019605177372e+00
1.000422386382316953e+00
1.000305121547129250e+00
1.000663512167044855e+00
1.000512350468099276e+00
1.000399490194424201e+00
1.000365497125589753e+00
1.000283670947432535e+00
1.000450935010365416e+00
1.000888181737237259e+00
1.001723080392129983e+00
1.000356802951509527e+00
1.000342068925114569e+00
1.000405720962962208e+00
1.000344720793834519e+00
1.000130489480062890e+00
1.000194828210261289e+00
1.000155126648623050e+00
1.000203757617874611e+00
1.000231215892568359e+00
1.000389453978611787e+00
1.000379162613652007e+00
1.000268681216265110e+00
1.000486335731013421e+00
1.000498427775381893e+00
1.002110243654769528e+00
1.003110739271281693e+00
1.000334997743445697e+00
1.000116162144992549e+00
1.000263428840093782e+00
1.000381328175678153e+00
1.000264757773322133e+00
1.000389544434862943e+00
1.000301200737831797e+00
1.000149194005657938e+00
1.000224538713580857e+00
1.000288228835296112e+00
1.000266003427229045e+00
1.000424212481964892e+00
1.000877324501844967e+00
1.000088138637140522e+00
1.000262019668306079e+00
1.000424505765750816e+00
1.000415843290304752e+00
1.000259978907605651e+00
1.000181891911928522e+00
1.000589405920509822e+00
1.000238313826858239e+00
1.000304132627892528e+00
1.000154067760628873e+00
1.000194560307387848e+00
1.000389120746379312e+00
1.000862894551297622e+00
1.000772511338521076e+00
1.000108117618099257e+00
1.001932959304363990e+00
1.000156407111385759e+00
1.000248959522292758e+00
1.000286590525354624e+00
1.000402961839504723e+00
1.000490048631981210e+00
1.000320499951665276e+00
1.000421341154360766e+00
1.000284766937597380e+00
1.000218314507650197e+00
1.000504941540077075e+00
1.000255172981889151e+00
1.000372384713345886e+00
1.000238733355729659e+00
1.000398958162195040e+00
1.001234196790057096e+00
1.000371968396808864e+00
1.000564236074940716e+00
1.000339509861348342e+00
1.000390896977220612e+00
1.000239606982780360e+00
1.000253994637292587e+00
1.000423539819290664e+00
1.000159542429818638e+00
1.000363146990240093e+00
1.000527168423817503e+00
1.000158092210413630e+00
1.000144417194478441e+00
1.000977735442990069e+00
1.000812112999344139e+00
1.000357412968140070e+00
1.000687138027714917e+00
1.000282281942878937e+00
1.000265841397191213e+00
1.000446030715605339e+00
1.000127610806153866e+00
1.000639006738248682e+00
1.000832562164733819e+00
1.000264477545987241e+00
1.000496839622798229e+00
1.000263787228230727e+00
1.000407538143788022e+00
1.000327753250384033e+00
1.000145845491756891e+00
1.000205033189718096e+00
1.000217024843337743e+00
1.000360220767746000e+00
1.000242733150898067e+00
1.000204446477563680e+00
1.000293818319870187e+00
1.000609643520359748e+00
1.000274826563918085e+00
1.000453570692862559e+00
1.000407228293886730e+00
1.000325431540673327e+00
1.000245641494473370e+00
1.000280253329089097e+00
1.000836970133917259e+00
1.000500962933121185e+00
1.000267913504099937e+00
1.000194170088726242e+00
1.000461796065242215e+00
1.000238757803096901e+00
1.000187399562190382e+00
1.000193862419767266e+00
1.000197175803403171e+00
1.000202983209716789e+00
1.000252997865368476e+00
1.000505318564255619e+00
1.000640012955330338e+00
1.000542090614702673e+00
1.000550302583964823e+00
1.000676855644138330e+00
1.000431765321809774e+00
1.000359814511996293e+00
1.001900746445148149e+00
1.000547282688574402e+00
1.000193898806398307e+00
1.000442562359318277e+00
1.000254601568730806e+00
1.000136982347655801e+00
1.000214013029435911e+00
1.000384361914328224e+00
1.000254341048684603e+00
1.000483068613268633e+00
1.000448754752386593e+00
1.000334959352420228e+00
1.000535165049219355e+00
1.000255641871702794e+00
1.000470026080819919e+00
1.000495594580483427e+00
1.000208569545839143e+00
1.000056008218584980e+00
1.000510002905838691e+00
1.000847153225195463e+00
1.000426664926869602e+00
1.000122602499366131e+00
1.000318765454782932e+00
1.000503990054760317e+00
1.001283514486030146e+00
1.000204229125358779e+00
1.000492035405191160e+00
1.000292858141041741e+00
1.000173715261639229e+00
1.000484903093836531e+00
1.000615948092221208e+00
1.000444813100267893e+00
1.000395080665932301e+00
1.000400582998707710e+00
1.000346339991911915e+00
1.000454624779928414e+00
1.001897091614655455e+00
1.000374284132254266e+00
1.000093301084416408e+00
1.000281197307400172e+00
1.000321236945578063e+00
1.000238274971969377e+00
1.000729199464173824e+00
1.000187427941942264e+00
1.000335151404083467e+00
1.000327174392041663e+00
1.000273919452975724e+00
1.001432094059224065e+00
1.000259669867384904e+00
1.000376780197856030e+00
1.000913442306041512e+00
1.000366268398115155e+00
1.000709138456221670e+00
1.000370110566427995e+00
1.000263081375319718e+00
1.000191306836144101e+00
1.000676944295699089e+00
1.001042652432542646e+00
1.000364717453233077e+00
1.000886044849639056e+00
1.000411674359865666e+00
1.000579270631609896e+00
1.000412137981814054e+00
1.000857631714855867e+00
1.000306921201963739e+00
1.000112270246243051e+00
1.000390238070270499e+00
1.000355442301714692e+00
1.000301164441398383e+00
1.000126916306877778e+00
1.000643237338703528e+00
1.000966363942297432e+00
1.000268739850700639e+00
1.000254993784133184e+00
1.000468336255762924e+00
1.000369484117153096e+00
1.000427632025453928e+00
1.000129225936756683e+00
1.000199180603603244e+00
1.000683172453541436e+00
1.000523938607952301e+00
1.000579184206939587e+00
1.000897122206616086e+00
1.000509048988819316e+00
1.000954327057883564e+00
1.000576691176331412e+00
1.000308626535869383e+00
1.000782928475413947e+00
1.000383142969248018e+00
1.000553033581885964e+00
1.000648178150379985e+00
1.000574544572243374e+00
1.000302716157285721e+00
1.000246679113886206e+00
1.000271208166688686e+00
1.000189448972017336e+00
1.000275722403925149e+00
1.000105509060101650e+00
1.000757571450605843e+00
1.000540216934503457e+00
1.000436423840634026e+00
1.000571265444100133e+00
1.000315604099909494e+00
1.000140299744371797e+00
1.000124629118299913e+00
1.000264614526612084e+00
1.000739671151874566e+00
1.000382827409707520e+00
1.000281632851930835e+00
1.000287321927383122e+00
1.000721517066359034e+00
1.000120176148447060e+00
1.000250764963459993e+00
1.000774554472571021e+00
1.000171934974292354e+00
1.001700949895904635e+00
1.000625281761906349e+00
1.000380553993410748e+00
1.001130725379389963e+00
1.000172592416973760e+00
1.000795994235315733e+00
1.000589936557117365e+00
1.000241512441447211e+00
1.000402921733760886e+00
1.000239329966185364e+00
1.000356835300420855e+00
1.000350752356493178e+00
1.000181724358852664e+00
1.000559943013234143e+00
1.000226922874819069e+00
1.000234227665621756e+00
1.000399321901113137e+00
1.000118091047024871e+00
1.001161172966368751e+00
1.000269835324517631e+00
1.000532781262715165e+00
1.001029751841148174e+00
1.000347914759269763e+00
1.000464642362810075e+00
1.000366209904080872e+00
1.000202605521174348e+00
1.000785019716313506e+00
1.000166124004026047e+00
1.000470604003468544e+00
1.000269555042361258e+00
1.000172482069122903e+00
1.000248625782946377e+00
1.001860709158787666e+00
1.000304162676996622e+00
1.000240706303613614e+00
1.000448593684392762e+00
1.000976990878074124e+00
1.000357326092063515e+00
1.000481210872373072e+00
1.000238440683606012e+00
1.000607013537278878e+00
1.000631055725423879e+00
1.000331848175977312e+00
1.000558520281776831e+00
1.000323664533985024e+00
1.001057852497207357e+00
1.000299690184564883e+00
1.000287166427184404e+00
1.000429112634626971e+00
1.000728290233438011e+00
1.000331361815830267e+00
1.000536193820484643e+00
1.001471542143292259e+00
1.001285971598088409e+00
1.000260055787239866e+00
1.000370253118865405e+00
1.000247775847601828e+00
1.000383237870304809e+00
1.000299213495601469e+00
1.000284262053051654e+00
1.000273521315237391e+00
1.000505349675506084e+00
1.000842842102378283e+00
1.001153199929733617e+00
1.001009208709565002e+00
1.000411471183011880e+00
1.001157563237135895e+00
1.000210389091609864e+00
1.000563688935290019e+00
1.000395486443670601e+00
1.000271979447922011e+00
1.000403882099219821e+00
1.000329030344194736e+00
1.000496817887084777e+00
1.000320450380286497e+00
1.000360137015610773e+00
1.000476872562211739e+00
1.000347641133984444e+00
1.000225850426926799e+00
1.000287064552603633e+00
1.000505618187039536e+00
1.000158751457156603e+00
1.000361896949756746e+00
1.000557728137720037e+00
1.000711952677786565e+00
1.000444788654245132e+00
1.000340259205560134e+00
1.000721344275411706e+00
1.000176120639628907e+00
1.000194542539322606e+00
1.000344356572936855e+00
1.000181635339420172e+00
1.000311375561218297e+00
1.000887806576767014e+00
1.000319084971177830e+00
1.000300365369392930e+00
1.000178394157957174e+00
1.000381513906649422e+00
1.000447095449358503e+00
1.000686865134639891e+00
1.000629956083063155e+00
1.000475061646452168e+00
1.000242642407576765e+00
1.000392713185102700e+00
1.000171918333228493e+00
1.000416168186151866e+00
1.000647200095307499e+00
1.000475200250922292e+00
1.000773867138263551e+00
1.000614809561985563e+00
1.000204554730614204e+00
1.000796229890089872e+00
1.000452825138370860e+00
1.000126752285231069e+00
1.000825623692314092e+00
1.000279785966917689e+00
1.000540623266101381e+00
1.000074540721947569e+00
1.000176286669161696e+00
1.000695865974184695e+00
1.001320066359919103e+00
1.000481587334490552e+00
1.000252668707703796e+00
1.001168179136986636e+00
1.000282839093418419e+00
1.000825470139694362e+00
1.000215232013018651e+00
1.000411360778945769e+00
1.000999740960792472e+00
1.000707605239051112e+00
1.000482178480422757e+00
1.000168874402786567e+00
1.000259402592968749e+00
1.000479542160104041e+00
1.000714690355199998e+00
1.000889131193890780e+00
1.000503337429261341e+00
1.000332830061943623e+00
1.000264704364789203e+00
1.000635093191557523e+00
1.000193721725785245e+00
1.001572845485493746e+00
1.000251524298917838e+00
1.000505746799047024e+00
1.001335939433168454e+00
1.000267427016871880e+00
1.000461611751661595e+00
1.001224419506949515e+00
1.000286097049786438e+00
1.000336677116848261e+00
1.000119637452466570e+00
1.000441927494073235e+00
1.000316147078452733e+00
1.000705021512790616e+00
1.000518564534049748e+00
1.000419776843735731e+00
1.000417064156940317e+00
1.000240832403812563e+00
1.000760811565759800e+00
1.000743945078634622e+00
1.000363043091147208e+00
1.000530896930950986e+00
1.000260588269588524e+00
1.000667406147126570e+00
1.000423562799045873e+00
1.000442436019326697e+00
1.000392096172178613e+00
1.000304309970450056e+00
1.000397717662285801e+00
1.000095626606980925e+00
1.000570965143267488e+00
1.000274143682755357e+00
1.000338884644616844e+00
1.000617417398833808e+00
1.001043169709446845e+00
1.000761852237269212e+00
1.000738408399142410e+00
1.000304365229523818e+00
1.000205767977452975e+00
1.000508031216734262e+00
1.000166356535273637e+00
1.000462673563162319e+00
1.000380785665749617e+00
1.000273693282085041e+00
1.000164622639428291e+00
1.000264660065561584e+00
1.000329960055137857e+00
1.000886826242332939e+00
1.000768483321966551e+00
1.000237074676757709e+00
1.000898815020347277e+00
1.000570686370983786e+00
1.000274524100430273e+00
1.000418880346599426e+00
1.000317348691627917e+00
1.000129951282672680e+00
1.000255650649139350e+00
1.000277368660627664e+00
1.000163633713666123e+00
1.000229498203175416e+00
1.000303125354399247e+00
1.000351067140503591e+00
1.000203493471135019e+00
1.000317767907669575e+00
1.000493068399595398e+00
1.000283132862051616e+00
1.000370723437228770e+00
1.000415188008585865e+00
1.000217461986074863e+00
1.000546246962570329e+00
1.000422184797846281e+00
1.000345355232683531e+00
1.000387306885402561e+00
1.000500126991831884e+00
1.000619701675411255e+00
1.000341660715581948e+00
1.000227521544737153e+00
1.000887858827487431e+00
1.000093194336368452e+00
1.000480452449144853e+00
1.000846776286435036e+00
1.000193856034340412e+00
1.000167857327572518e+00
1.000586205568535947e+00
1.000609655315923829e+00
1.000377569285545665e+00
1.000771667954498012e+00
1.001087062675999562e+00
1.000678598936709074e+00
1.000323783346813489e+00
1.000195930012182322e+00
1.000289082623860848e+00
1.000337723541087964e+00
1.001626679944818799e+00
1.000260970735703747e+00
1.000250149435140568e+00
1.000658346186290126e+00
1.000242076065239516e+00
1.000497660516352250e+00
1.000654971736734566e+00
1.000558177267832471e+00
1.000301765403931231e+00
1.000275216731132399e+00
1.000366811183735605e+00
1.000367018143714093e+00
1.000291832499505817e+00
1.000854679927855262e+00
1.000120937953953515e+00
1.001433043091095376e+00
1.000331801856952030e+00
1.000153139699179627e+00
1.000350059092476984e+00
1.000652219390044895e+00
1.001436788799109356e+00
1.000811864296605513e+00
1.000418155145976318e+00
1.000638576219825104e+00
1.000243439914163979e+00
1.000391376209739391e+00
1.000612468985582426e+00
1.000881182965937422e+00
1.000202544511761271e+00
1.000612410256457085e+00
1.002012464149567350e+00
1.000350303187297341e+00
1.000325975962675251e+00
1.000392316619734823e+00
1.000781642157206885e+00
1.000595089968983942e+00
1.000696830053491748e+00
1.000852685364412853e+00
1.000208911060963768e+00
1.000167436123388320e+00
1.000470536475505101e+00
1.000195266187780874e+00
1.000470503494536922e+00
1.000711928393666295e+00
1.000416275410830558e+00
1.000627236717304136e+00
1.000170638637120746e+00
1.000198293847544218e+00
1.000513509729339834e+00
1.000255422229296087e+00
1.000179991367720733e+00
1.001222786406397613e+00
1.000208470315867570e+00
1.000160465033092416e+00
1.001480469811419249e+00
1.000540291381352587e+00
1.000523067908706709e+00
1.002050387775616391e+00
1.000278016697163874e+00
1.000176428461177602e+00
1.000422318339655448e+00
1.000446727563736538e+00
1.000454319330214448e+00
1.000248999339139466e+00
1.000104378098003233e+00
1.000201625853604392e+00
1.000395944246536439e+00
1.000361057311356383e+00
1.000206954226443568e+00
1.000152589945787263e+00
1.002592433123742355e+00
1.000301144138567411e+00
1.000909500322852752e+00
1.000486725330657301e+00
1.000406310307848434e+00
1.000341969782367446e+00
1.000303620172108277e+00
1.000338516885561857e+00
1.000474544671213550e+00
1.000777171284915390e+00
1.000496439942174298e+00
1.000189970770107406e+00
1.001117548118464429e+00
1.000459323284506485e+00
1.000219149590815260e+00
1.000350468069836518e+00
1.000363804662387057e+00
1.001037286757026745e+00
1.000640768488519461e+00
1.000148243077850996e+00
1.000711636836149498e+00
1.000111929744445183e+00
1.000470009942984628e+00
1.000249208987878946e+00
1.000539227145672116e+00
1.000720944876424268e+00
1.000333435409345828e+00
1.000527996166847622e+00
1.001620842083749130e+00
1.000413760892678194e+00
1.000788081332834256e+00
1.000458642440658963e+00
1.000220427079159036e+00
1.000582878654439511e+00
1.000616107948041344e+00
1.000258825626439529e+00
1.000212652414480319e+00
1.000316156156680680e+00
1.000320489589168194e+00
1.000504245477013887e+00
1.000164402322640145e+00
1.001448808503673904e+00
1.001524651948996425e+00
1.000434796351499900e+00
1.000532400692324186e+00
1.000320136909920166e+00
1.000115247634512317e+00
1.000336430406405075e+00
1.002111604105567544e+00
1.000432145935908013e+00
1.000284530783633219e+00
1.000386230442993574e+00
1.000196588533567521e+00
1.000243365736119383e+00
1.000458492337797489e+00
1.000441438389422011e+00
1.000454964339705377e+00
1.000193400226313978e+00
1.000789593997514881e+00
1.000285311036364977e+00
1.000319229673035437e+00
1.000471668742109133e+00
1.000300682472150982e+00
1.000197647917409283e+00
1.000366362981945256e+00
1.000579559455805789e+00
1.000556992857263294e+00
1.000511441365790954e+00
1.001257510258400707e+00
1.000290437843330382e+00
1.000349802016503586e+00
1.000306536490498388e+00
1.000299994082415322e+00
1.000783722903013873e+00
1.000211206160840360e+00
1.000427619534874246e+00
1.000242935713384407e+00
1.000537864628747942e+00
1.000360646415134669e+00
1.000276433091324968e+00
1.000779529104178556e+00
1.000459746074498835e+00
1.000746094068526881e+00
1.000214771765581379e+00
1.000507135547994197e+00
1.000220716907257446e+00
1.000366584798755953e+00
1.000387230009783135e+00
1.000155287899479939e+00
1.000457150431706355e+00
1.000441728688663323e+00
1.000300078009237259e+00
1.000100427661982705e+00
1.000738128138366489e+00
1.000201997824610833e+00
1.000554191282286176e+00
1.000631451465075816e+00
1.000276501412999952e+00
1.000571571963646766e+00
1.000245883457908436e+00
1.000637885287341433e+00
1.000703416980655680e+00
1.000450223737917144e+00
1.000319232504648825e+00
1.000424894375035567e+00
1.000575935920813730e+00
1.000925262735033794e+00
1.000776383587336671e+00
1.000291787128406940e+00
1.000129580460752621e+00
1.000406456832919622e+00
1.000360162933716657e+00
1.000581238205963563e+00
1.000389944967168931e+00
1.000346662217111771e+00
1.000257861616867805e+00
1.000278791740188300e+00
1.000596086140899565e+00
1.000404954753345788e+00
1.000598277371495648e+00
1.000395404344659900e+00
1.000293313407699447e+00
1.000358222076891845e+00
1.001312208717227037e+00
1.000398734330698147e+00
1.000501301508093910e+00
1.000287270878153612e+00
1.000241844239262212e+00
1.000319533772164649e+00
1.000976644759076661e+00
1.000561311579706514e+00
1.000596255814300894e+00
1.000417800972507765e+00
1.000796157243837969e+00
1.000675355181335879e+00
1.000204411206991884e+00
1.000610653037442122e+00
1.000712432129195362e+00
1.000199613251405051e+00
1.000525357167020069e+00
1.000361415789690511e+00
1.000346197995724662e+00
1.000246327418031989e+00
1.000381146482538952e+00
1.000352031881775794e+00
1.000274747355130556e+00
1.000326284165493407e+00
1.000072483812861179e+00
1.000285432398064778e+00
1.000239435907117835e+00
1.000358526983858409e+00
1.000261484142663804e+00
1.000400569240967874e+00
1.001081458406397617e+00
1.000415886542320720e+00
1.000276869931462143e+00
1.000912186024554895e+00
1.000447009702667645e+00
1.000201950967866349e+00
1.000859069630663845e+00
1.000496914620486733e+00
1.000950132320559183e+00
1.001138106510733872e+00
1.000728994422802831e+00
1.000250847208358218e+00
1.000376527611900768e+00
1.000271486670318399e+00
1.000416384640532064e+00
1.000159622871425347e+00
1.000214012020510967e+00
1.000430841079721578e+00
1.000665460677525820e+00
1.000393205592897239e+00
1.000315297181307406e+00
1.000157390883868791e+00
1.000459296433647838e+00
1.000158048403722910e+00
1.001691441124866744e+00
1.000573851894881683e+00
1.000211381172070313e+00
1.000231836151533660e+00
1.000356883984902634e+00
1.000415154634087145e+00
1.000251705219008302e+00
1.000331322889838059e+00
1.000472905424473424e+00
1.000602019902969708e+00
1.000386199342063076e+00
1.000328408890015064e+00
1.000126175555076991e+00
1.000127153552339498e+00
1.000235583108024739e+00
1.000306019676806546e+00
1.000499639098650917e+00
1.000433844766666525e+00
1.000289608339182568e+00
1.000540261379182727e+00
1.000323494417345138e+00
1.000140002862132560e+00
1.000455785644803974e+00
1.000199421811460265e+00
1.001736952357252353e+00
1.000277936013602043e+00
1.000160401527274701e+00
1.000657882001232402e+00
1.000116338260501836e+00
1.001151881664112286e+00
1.000455418416531961e+00
1.000345251022384030e+00
1.000659872393923067e+00
1.000390196985686764e+00
1.000696159177452360e+00
1.000589120973568669e+00
1.000265305381336178e+00
1.000300008068495838e+00
1.000573441381096496e+00
1.000126912583917616e+00
1.000177593684230315e+00
1.000402097552046232e+00
1.000231280568621983e+00
1.000189322413774340e+00
1.000484747098498772e+00
1.000205669376034168e+00
1.000404761411110011e+00
1.000360797027597837e+00
1.000233290714750423e+00
1.000238659632076921e+00
1.001010793135174159e+00
1.000357857078017165e+00
1.000572244361034535e+00
1.001224912698723823e+00
1.000144785435196360e+00
1.000572703245862449e+00
1.000524378076317999e+00
1.000219595983033560e+00
1.000781944562445958e+00
1.000350231897405351e+00
1.000217494882030378e+00
1.000437648824034964e+00
1.000311465639951658e+00
1.000591184966364233e+00
1.000210251829054764e+00
1.000367374884505889e+00
1.000220564992845951e+00
1.000723163819156047e+00
1.000591230353758299e+00
1.000257678713406317e+00
1.000131744842732262e+00
1.000437403311119855e+00
1.000410765522852241e+00
1.001470379608438321e+00
1.000840071568565470e+00
1.000281064722099433e+00
1.000702489224395419e+00
1.000929585563936186e+00
1.000613417071703815e+00
1.000260020233478375e+00
1.000192895302946861e+00
1.000492791172276075e+00
1.000822047719750030e+00
1.000341547039941048e+00
1.002966932272109757e+00
1.000632014394325697e+00
1.000626182900546057e+00
1.000256024040698133e+00
1.000273635164797392e+00
1.000167157300440923e+00
1.000247136910256351e+00
1.000379142978881086e+00
1.000213469297937641e+00
1.001406644367607068e+00
1.000651115100846145e+00
1.000609150727782337e+00
1.000575277599207613e+00
1.000188276806714738e+00
1.000412066322960314e+00
1.000320557250379494e+00
1.000244747475109275e+00
1.000398355064431755e+00
1.000534976471951110e+00
1.000450512511216639e+00
1.000271608727379080e+00
1.000227701176745088e+00
1.000285015208466133e+00
1.000381625280742481e+00
1.000295781484921154e+00
1.000209838397457363e+00
1.000742501194653578e+00
1.000929584972994224e+00
1.000132895088957641e+00
1.000467026653053759e+00
1.000376170217489369e+00
1.000115499261321705e+00
1.000459716224798346e+00
1.000962820230789418e+00
1.000387534182421767e+00
1.000696315957299021e+00
1.000216623921910575e+00
1.000400306520372151e+00
1.000736266030815891e+00
1.000139972517089415e+00
1.000367053713274057e+00
1.000283978407785490e+00
1.000317786776050433e+00
1.000294002637190482e+00
1.000344244890594814e+00
1.000395308234864222e+00
1.002107198893349649e+00
1.001238619795293383e+00
1.000192540458714419e+00
1.000518283137868947e+00
1.000304661441846932e+00
1.000386702426369956e+00
1.000845288742926664e+00
1.000250713170504735e+00
1.000277118631763829e+00
1.000717917128411960e+00
1.000404075419237815e+00
1.000430914730024989e+00
1.000641535189973563e+00
1.000276742661468710e+00
1.000610613363749790e+00
1.000234643986715577e+00
1.000153317017059562e+00
1.000238055078857435e+00
1.000752430811374660e+00
1.001860995004919319e+00
1.000377058750446135e+00
1.000207149729314793e+00
1.000287512787219502e+00
1.000635652858493208e+00
1.000285964487563017e+00
1.000218843575616967e+00
1.000243355729157013e+00
1.000208500301991821e+00
1.000742895209639993e+00
1.000352547453420282e+00
1.000326672752223311e+00
1.000286734591481430e+00
1.001124254548573012e+00
1.000267153276561904e+00
1.000322815165761714e+00
1.000305342893499150e+00
1.000396180370509924e+00
1.000385575799385585e+00
1.000374014242071397e+00
1.000458971942784547e+00
1.000630628453459625e+00
1.000439542309393914e+00
1.001356147780067207e+00
1.000153773967789927e+00
1.000176855548013721e+00
1.000735212252365613e+00
1.000546011322942963e+00
1.000648457184424744e+00
1.000172938517550847e+00
1.000444800159716152e+00
1.000300262333762902e+00
1.000529281753923305e+00
1.000503607743989276e+00
1.000305084439707892e+00
1.000216775805240932e+00
1.000338196737365459e+00
1.000303834373053480e+00
1.000286433480999992e+00
1.000230385796732513e+00
1.000650851631550653e+00
1.001704615806422005e+00
1.000347238372831349e+00
1.000427542731541442e+00
1.000142292616839068e+00
1.000155369155675711e+00
1.000139262120371075e+00
1.000570745365441550e+00
1.000241800760846012e+00
1.000147226164528336e+00
1.000399072500571807e+00
1.000489073318913125e+00
1.000387195687890030e+00
1.000334084168929216e+00
1.000318571680917978e+00
1.000123302933822567e+00
1.000326495096916402e+00
1.000512837856017301e+00
1.000256329595325067e+00
1.000383700844019286e+00
1.000238238791972378e+00
1.000301148295149378e+00
1.000315383703417549e+00
1.000215078292301385e+00
1.000281366618909651e+00
1.000548807104529869e+00
1.000873020898287002e+00
1.000351073035203209e+00
1.000470383192333612e+00
1.000293985965417187e+00
1.000541959274640513e+00
1.000362608980821744e+00
1.000854253075164735e+00
1.000583218585150425e+00
1.000358143646135289e+00
1.000325945588478538e+00
1.000240322079793964e+00
1.000305650964951720e+00
1.000199923006803049e+00
1.000422379383038463e+00
1.000622944659818048e+00
1.000424019066880721e+00
1.000141684419652677e+00
1.000476837885131198e+00
1.000529568956846749e+00
1.000575988648909620e+00
1.000288719457253173e+00
1.000503914945932715e+00
1.000422908527013988e+00
