6.902713448462989732e+00
3.244653113668704236e+00
2.840277873715361334e+00
2.724551611290266795e+00
2.865443360006397544e+00
2.746384349122596547e+00
2.843739810575045990e+00
2.718842450831654656e+00
2.893890495704649624e+00
2.785930129679019096e+00
2.911876970650741026e+00
2.805548011887325277e+00
2.523022518987478868e+00
2.946596694973786956e+00
2.902317508725831718e+00
3.056394502535729529e+00
2.899360898807826992e+00
2.998464339851551586e+00
2.726681661840268944e+00
2.959102875444054703e+00
3.045107064850956391e+00
2.615086449579010264e+00
2.597840195213608983e+00
2.828893697504891058e+00
2.762064372142418289e+00
2.774921228620986557e+00
2.795673027572470382e+00
2.972858635328965882e+00
2.795398991190385818e+00
2.797048213642347569e+00
3.036256196656522910e+00
2.797159678645829484e+00
2.764159430037016474e+00
2.764659662542470642e+00
2.860475108204501904e+00
2.628076839925134855e+00
2.658258094088419288e+00
3.183411481652652864e+00
2.773843497743589737e+00
2.733433006359398565e+00
2.645600602728573225e+00
3.042533902008695446e+00
2.811124043597134303e+00
3.165570810530805357e+00
2.624612407099285338e+00
2.795423706403390440e+00
2.712501793372424697e+00
2.812236310132932182e+00
2.897743693482231375e+00
3.070159711101737798e+00
2.946891980427544411e+00
2.711302904213660714e+00
3.085917365658792377e+00
2.661798891855611249e+00
2.821981316272669904e+00
2.894403787783906612e+00
2.879895676565783269e+00
2.776985068269707035e+00
2.798078956590221100e+00
2.799359761948016168e+00
2.914738660809839121e+00
2.886234404239045759e+00
2.635939530275009712e+00
2.874400628305184391e+00
3.008841896753016165e+00
2.913370664658520237e+00
3.048208517778487003e+00
2.956367443387634353e+00
2.761715636704137999e+00
2.725253523693244251e+00
2.896680379001601136e+00
2.898828051016915097e+00
2.736460161744623587e+00
2.747861108600507141e+00
2.713231739737175019e+00
2.822421629119137965e+00
2.671074290015406305e+00
2.668232352556727083e+00
3.047450679257201145e+00
3.072881832249982903e+00
2.784727226250900856e+00
3.100795504644775491e+00
2.874569200330506558e+00
2.736182525573753299e+00
3.244024886800172869e+00
2.919156228470848546e+00
2.549416721629091942e+00
2.881251183545741501e+00
2.857563439182019938e+00
2.970158461273861850e+00
2.946027116135566892e+00
2.620544267283057671e+00
2.802151502385835435e+00
2.794504175163440518e+00
3.068995436723034764e+00
2.837583284668782291e+00
2.789830919128089448e+00
2.839902967353298724e+00
3.080818816193304777e+00
2.678950414203246311e+00
2.704529003635840034e+00
2.809965248249046255e+00
3.066613350438725405e+00
2.869527600231295494e+00
2.649724109005113792e+00
2.910655652109026548e+00
2.932907931365148713e+00
2.809810886117754425e+00
2.968856920184184567e+00
2.767859549220843984e+00
2.692551688734693194e+00
2.781005763810871834e+00
2.907371866553675854e+00
2.588713493428560497e+00
2.906036063308660822e+00
2.863557196249003400e+00
2.737035639311715673e+00
2.748727764236826410e+00
2.981247938221235128e+00
2.922992450990095747e+00
2.768021127510106982e+00
2.800669783179443595e+00
2.774440304678476465e+00
2.667096780990443339e+00
2.832946085683258453e+00
2.680317917999102573e+00
2.863916359426966540e+00
2.539753112416907932e+00
3.270851881769385461e+00
3.001692543666143909e+00
2.768590906151169762e+00
2.735549771823727827e+00
2.975013505562118965e+00
2.605898441265691812e+00
2.794240591708222698e+00
2.698025060604980041e+00
3.080947130152208224e+00
2.945799484804222601e+00
3.283212812625651456e+00
2.865026111431928868e+00
2.983425908839010710e+00
3.022291507527342880e+00
2.827279621212041238e+00
2.694569008819159617e+00
2.878113537711385561e+00
3.004925949502919913e+00
2.710832796382708576e+00
2.926079270264598797e+00
3.230856994566558171e+00
2.773130705528183526e+00
3.011560662687988721e+00
2.672801423476033555e+00
3.023796042111576376e+00
2.937707822822318793e+00
2.718894775162055133e+00
2.838790811525035984e+00
2.741294130540925078e+00
2.847011037325982485e+00
2.988361951259365323e+00
2.971327507506405841e+00
2.926039819935096098e+00
3.020662381923128414e+00
3.029391207547124321e+00
2.728267707068588788e+00
2.736395189753889845e+00
2.878998708384544525e+00
3.046124197625906138e+00
2.812413923352774514e+00
2.811666621854571613e+00
3.050400585191090030e+00
2.688385697546109565e+00
2.936397796699415252e+00
2.549374502491694283e+00
2.727073866989139006e+00
2.885216735329755089e+00
2.755599059777735782e+00
2.550117316765686315e+00
2.776997718815792826e+00
2.728713648255363555e+00
2.805729729523008142e+00
2.938968307805788438e+00
3.031368711660885840e+00
2.733328448868359573e+00
2.946407616709213695e+00
2.790223519236731509e+00
2.866531028429006867e+00
2.968122505264751521e+00
2.906959187560175906e+00
2.804959318489016695e+00
2.784902906155163116e+00
2.709754030232737421e+00
2.629919540074509232e+00
3.011452273771548782e+00
2.797066520386177313e+00
2.759969150463795096e+00
3.172480916327767186e+00
2.987876521843009225e+00
2.655348301344545359e+00
3.676185233238102423e+00
2.863099580546017986e+00
2.614717118565876408e+00
2.870036411243325869e+00
2.689838053861965950e+00
2.927842896813176665e+00
2.783433295667848917e+00
2.837367260930539370e+00
2.675676382137603504e+00
2.929563313079341036e+00
2.965578634099895972e+00
2.772615179046421297e+00
2.711796303335890279e+00
2.743810087729451119e+00
2.695591625736405206e+00
3.091329425236434503e+00
2.686571680298956100e+00
2.998518741206109173e+00
2.776126024356281530e+00
2.988887582086791284e+00
2.692314293840620820e+00
2.689434443169439692e+00
2.708450349534959667e+00
2.588102814397961193e+00
3.228313854588391152e+00
2.703545403219264731e+00
2.671049659703069068e+00
2.757014777704688058e+00
2.860060393891779906e+00
2.698033492025063040e+00
2.796673819155954810e+00
3.058133255138049122e+00
2.877538207755424793e+00
2.763038131065330916e+00
2.874928837951296945e+00
2.655738955506993459e+00
2.710190818824689707e+00
2.925951482644149504e+00
2.635412179084228868e+00
3.061778658857930768e+00
2.801038755386291879e+00
3.020766543358373468e+00
3.196606000751703203e+00
2.858219715289550322e+00
2.748520559013740261e+00
2.837578103970978649e+00
2.777420502375041789e+00
2.969086054279790776e+00
2.923755193883625925e+00
3.227375819420386982e+00
2.853663395388494894e+00
2.833455709853074822e+00
3.305426385614123053e+00
2.796809609653953643e+00
2.569084051145241077e+00
2.932319374131649337e+00
2.874435784113521297e+00
2.802441656248023438e+00
2.903425082347848463e+00
2.866084268812501890e+00
2.965240311976890641e+00
2.914240993373240940e+00
2.929528666608832488e+00
3.091241372096841467e+00
2.659078629954008122e+00
3.134111591933001595e+00
3.015728553882556895e+00
2.836942032706327943e+00
3.172185917060143190e+00
2.961290007247007861e+00
3.096405043082457897e+00
2.953278023157031473e+00
2.656342331639252929e+00
2.897187733165571988e+00
2.537772746588131678e+00
2.629407576156441717e+00
2.806992626195779827e+00
2.683080613763287658e+00
2.835270100179552166e+00
2.991904257262326006e+00
2.898013864404697326e+00
2.777668247597102180e+00
2.873290737198435529e+00
2.858028258664379706e+00
2.695095147464481755e+00
2.971084711184361904e+00
2.762861609570023802e+00
2.654184211651914538e+00
2.681083484925042004e+00
2.995885560106291035e+00
2.907896951305581901e+00
2.939063363675795237e+00
3.010983371769896166e+00
2.906640898700153297e+00
2.736872786922065259e+00
2.800781111846016636e+00
2.775920940103593804e+00
2.767214494235747946e+00
2.709388738301199862e+00
3.022165558839724930e+00
2.616264035810888622e+00
2.779085039606353558e+00
2.807516123333386293e+00
2.761221569055660296e+00
3.078719095444097054e+00
2.858647511655640017e+00
2.833780821854924525e+00
2.830624558852269601e+00
2.948373330522096492e+00
2.653569953206251331e+00
2.735326456122439076e+00
2.903419389148337970e+00
2.745019445238891631e+00
2.984571367895243021e+00
2.769488479898200239e+00
2.604741428611291099e+00
2.671592313044418354e+00
2.874548027314576260e+00
2.684767283011130878e+00
2.870963866337608472e+00
2.978439991644124429e+00
2.636034527323833920e+00
2.801478496659429940e+00
2.699953640853192560e+00
2.899908183072528622e+00
2.821501427835362730e+00
2.756465923105529292e+00
3.003090112777676790e+00
2.803784504610233874e+00
2.794020866726802499e+00
3.216471677566561382e+00
3.141132596076477768e+00
3.160202141959583155e+00
2.897567308132272590e+00
2.981274978462960412e+00
2.748497722755474104e+00
2.825272113277637054e+00
2.861426234368751320e+00
2.753499837467665134e+00
3.312187606127472428e+00
2.800661007098439459e+00
3.030178578321858662e+00
2.928513423926107695e+00
2.761687629780672726e+00
2.909709950872017004e+00
2.552556935980335506e+00
2.759354695098326982e+00
2.801688154757937532e+00
2.765350233033017080e+00
2.859925916565069226e+00
2.905124726774134025e+00
2.739311233262943901e+00
2.877383571492891701e+00
2.794254793625714495e+00
2.891186906655061062e+00
2.819133758535933953e+00
2.680699952699777899e+00
3.062451546475506881e+00
2.648966983531157560e+00
2.632674344210075734e+00
2.898837894370033919e+00
2.797950305429620865e+00
2.853113655221341194e+00
3.096911280997230786e+00
2.703926494039633699e+00
2.833700763280449841e+00
2.580442442130536307e+00
2.885390341969719774e+00
2.931806793230979924e+00
2.747729150034301071e+00
2.990079235857382667e+00
2.966839364882468466e+00
2.730875395995022714e+00
3.002839360938453606e+00
2.761143428958789503e+00
2.776733597644189810e+00
2.754138113097647000e+00
2.992705381588086855e+00
2.753589898864466257e+00
2.784201637426894305e+00
2.799731724022026746e+00
3.300230131680942591e+00
2.577091098726647100e+00
2.761960342414313985e+00
3.083694663296601135e+00
3.250251510965467272e+00
2.767084824523038833e+00
2.709730491403854469e+00
3.212514380874942788e+00
2.798936654028919779e+00
3.056731154973158393e+00
2.833814440459447859e+00
2.794967661316670515e+00
2.740604492321130792e+00
2.913489279316837877e+00
2.931386856490354020e+00
3.118417326822417124e+00
2.716021324013622174e+00
2.974851337683536823e+00
2.954320050621630944e+00
2.793653636996170420e+00
2.940003713496305071e+00
2.763589457905158309e+00
3.049251129221849599e+00
3.108618402586255325e+00
3.023673603549850597e+00
3.026426985014703863e+00
2.887273232126584599e+00
2.956723401271961205e+00
2.673217073267303068e+00
2.717162912581489120e+00
2.879798311258929377e+00
3.301296904371050278e+00
2.894396025879871104e+00
2.824008381048083827e+00
2.759261692864442228e+00
3.224405011138135713e+00
3.319714538239845414e+00
2.697383791552683707e+00
2.895889354650131864e+00
3.003611397801821070e+00
3.067218616090437777e+00
3.143640083227100757e+00
2.928763548898024371e+00
2.749354965113142590e+00
2.794210820046107546e+00
2.835807030566788178e+00
3.252658793056096176e+00
2.898797109272871708e+00
3.012009206833895281e+00
2.704165010066153396e+00
2.791136795093138279e+00
2.950326922188843071e+00
2.986080166013008963e+00
2.662424640478165294e+00
2.741435469036464401e+00
2.793829898351553709e+00
2.860747857743355826e+00
2.838070161329164343e+00
2.725522991763280167e+00
2.719292254337768444e+00
2.739414352869671720e+00
2.718623940920080972e+00
3.081457213604677836e+00
2.898263726868914425e+00
2.678684104103229657e+00
2.748317317410522875e+00
2.773027203143396680e+00
2.748949455469120284e+00
2.939371329936376842e+00
2.823840617046686763e+00
3.252619434374421026e+00
2.882005694917907590e+00
2.868423585970203415e+00
2.746614549562529817e+00
3.025605415845779689e+00
2.808808065029769985e+00
2.852745228833430069e+00
2.944593749418808581e+00
2.938211694462647738e+00
2.735750545717129611e+00
2.816566502830514018e+00
3.137863536078925097e+00
2.838199843366425057e+00
2.985095607617854974e+00
3.102148158272385103e+00
2.917861219776590076e+00
2.799304836170888322e+00
3.665107306561881551e+00
2.887017901658080810e+00
2.894413506811257975e+00
3.021421861491241145e+00
2.884910969296949901e+00
2.550511110507642787e+00
2.791124980474668060e+00
2.673575739543748497e+00
2.631191635591338507e+00
2.869951291989579101e+00
2.966301359137724969e+00
2.713892569036981950e+00
3.107695116364073140e+00
2.843795191633045949e+00
2.769261996460605779e+00
2.738911483605261488e+00
2.937258175741471522e+00
2.559723058874796564e+00
3.080540638444612789e+00
3.173022746253554516e+00
2.995161171746219875e+00
2.822496490866484464e+00
3.035002905063163947e+00
2.899306132931197766e+00
2.966806863433305796e+00
2.664178574772528396e+00
2.793144666228000617e+00
2.740735933805147351e+00
2.625017527202548884e+00
2.756125749170741379e+00
2.590235522976157334e+00
2.655118836860076659e+00
2.728906569659138359e+00
2.775382116565732638e+00
2.795943681900130873e+00
2.796032787852102075e+00
2.747845222478248584e+00
2.901402601346696919e+00
2.916095623263662340e+00
3.051190597351382650e+00
3.078745039149010321e+00
2.830826805861492268e+00
3.014184849034292402e+00
2.983547549405497268e+00
2.811421223291536542e+00
2.948517251581284970e+00
2.953991516406284656e+00
2.955067781040151775e+00
2.825363302223017126e+00
2.994196625150338686e+00
2.931746113040880175e+00
2.728830359297674146e+00
3.178754342076732797e+00
2.991138326615330634e+00
2.838552108596402945e+00
2.921304003512425140e+00
2.554868822339310785e+00
2.831322178126666422e+00
2.875992110173013483e+00
2.728305369445855888e+00
2.733688088358162016e+00
2.860964012778465015e+00
2.887513326824768800e+00
2.716264964898538192e+00
2.779944676729013686e+00
2.822437919735630185e+00
2.793756613992828708e+00
2.825298979003371347e+00
2.909032135957660969e+00
2.676628304403798619e+00
2.964873641777076241e+00
2.705583272968707931e+00
2.977800959664723912e+00
2.843816056523921443e+00
2.848015976887624756e+00
2.644596100032083896e+00
2.843450195915642631e+00
2.876960382695562757e+00
2.793498328910242190e+00
2.592786585681216671e+00
2.715072467736333373e+00
2.838938043467000405e+00
2.978876537885752462e+00
2.599920948605530580e+00
2.753673683092197955e+00
3.075538441471689310e+00
2.756877028865945878e+00
2.767584813961309731e+00
3.035245291049366578e+00
2.881284813178948134e+00
2.909515957540522280e+00
2.838029740301915016e+00
3.040987856158121616e+00
2.894037653537351318e+00
2.666987839586821618e+00
2.786729394794940529e+00
2.817384049605785812e+00
2.719908399883213868e+00
3.149045223262813220e+00
2.860742397546251148e+00
2.763005144651172085e+00
2.979779548512789145e+00
3.222745568120321202e+00
2.890872635933266821e+00
2.902670914893421106e+00
3.047546623372725527e+00
2.582901015945090251e+00
2.846775486264204513e+00
2.719672676543507084e+00
2.653023613232697642e+00
2.912239760816569767e+00
2.601235296553018994e+00
2.919294920606172017e+00
2.726139411501077525e+00
2.701903930070067794e+00
2.723922848761487714e+00
3.150821389065292522e+00
3.278312457852917916e+00
2.755733930497543671e+00
2.959135388976355863e+00
2.847433123514841569e+00
3.141672206388213873e+00
2.726428208495824013e+00
2.824935734295119349e+00
3.617911649020360887e+00
2.738041550137188640e+00
3.356866311739801656e+00
2.870832352594793413e+00
2.763572418253908314e+00
3.227276165389838969e+00
2.915831718545389251e+00
2.915117598327838344e+00
2.676616852868918706e+00
2.869021294891353602e+00
3.226473467742221324e+00
2.874681133156331114e+00
2.846690776226749264e+00
2.824082657457876788e+00
2.838965965660612767e+00
2.868758128957847209e+00
2.951730910452636802e+00
2.832068618226303069e+00
2.927488739263582218e+00
3.067313348737938039e+00
3.198006855728062092e+00
3.134841309981061475e+00
3.237887940522393926e+00
2.993306055383826436e+00
3.081712163777190039e+00
2.825603910040827671e+00
2.785572434496345728e+00
2.996663657188726848e+00
2.889994084539659447e+00
2.640274727845863811e+00
3.157914358001021604e+00
2.682388151610496152e+00
2.673378762009090082e+00
2.817538162562692960e+00
2.907714445443863038e+00
2.786445125241561627e+00
2.993026473365005380e+00
3.007374094564502887e+00
2.819196104265396574e+00
2.714986248046532324e+00
2.720999424890740315e+00
2.752545905541357030e+00
3.097984974585056506e+00
2.879488659925847127e+00
2.965672731030017495e+00
2.738521401734781424e+00
2.737026559090764533e+00
2.772369608507093464e+00
2.845132539584408704e+00
2.834365552821282996e+00
2.853237925220803106e+00
2.821355554338236704e+00
3.011411492728862438e+00
2.681629670817335942e+00
2.719352763535851203e+00
2.829977107887994947e+00
2.855431305078395265e+00
2.570255505293818299e+00
2.887034108004400412e+00
2.915491691498309113e+00
2.936928440017782194e+00
2.789962308943322533e+00
2.822698003873505890e+00
2.887634063667475104e+00
2.592144716563406615e+00
2.583446798477526674e+00
2.914373357756846694e+00
2.837948318720843410e+00
2.722814559155718683e+00
2.957930656848435369e+00
2.744604491324761586e+00
2.796928055092944732e+00
2.957711045145221096e+00
2.541448398865093772e+00
2.794037199269585603e+00
2.770287801063066713e+00
3.049429325914469135e+00
2.845640217500159164e+00
2.912070607167223102e+00
2.773600061446868104e+00
2.712948266567441813e+00
2.590178738506411449e+00
2.740349531157526997e+00
2.654623337621346835e+00
2.875474856203631635e+00
2.693222655302143664e+00
2.780657728061655565e+00
2.579563497805271055e+00
2.764814417057144702e+00
3.154820565065207916e+00
2.822864889229705909e+00
2.599241358440840255e+00
2.723483428410034879e+00
2.804305758653611313e+00
2.760145364389939182e+00
2.695279028309007785e+00
2.630928761437987706e+00
2.893340886255370670e+00
2.940176144031048100e+00
2.733874843267917409e+00
2.768434226798439202e+00
3.028573456641710848e+00
3.150522240919660266e+00
2.804111942757304909e+00
2.631025239081811407e+00
2.890632976531203102e+00
2.981345975320067065e+00
2.743214585099213121e+00
2.541621579458310354e+00
2.623443511361849279e+00
2.624530904376792151e+00
2.802526276936787131e+00
2.798456857398400111e+00
2.559385070634961679e+00
2.756353039382227088e+00
2.819457562226520331e+00
2.789337865891139412e+00
2.951277482903301497e+00
2.615376322948182342e+00
2.804893469623494173e+00
2.869043939898141993e+00
2.781750024465560411e+00
2.851052753447783417e+00
2.867821303542645417e+00
3.020009756262172829e+00
2.771790288168212602e+00
2.864125648862150708e+00
2.891317964724050782e+00
2.942744678050284168e+00
2.569641143099782532e+00
2.762873967395766073e+00
3.043895531033595780e+00
2.772090935938083422e+00
2.799904379475486316e+00
2.710049550593995438e+00
2.844861796581214186e+00
2.797889547856397652e+00
3.043450461587606348e+00
2.821310612640163917e+00
2.853711508710592870e+00
2.681827010942821943e+00
2.762474079148289796e+00
2.836065930055946538e+00
2.742401241195674189e+00
2.919001905879415659e+00
3.142295559163957641e+00
3.145455494308760258e+00
2.950777963446714836e+00
3.054710864634813117e+00
2.891661179299836792e+00
3.078501439236173365e+00
3.013139285873731588e+00
2.923462593064903636e+00
3.083845622347226811e+00
3.023963767181977680e+00
3.016996553744641041e+00
2.988571537904933795e+00
2.910251547989358034e+00
2.642734425773855644e+00
2.643913669454135196e+00
2.739984298601644941e+00
2.745695337105879652e+00
2.627677331496072188e+00
2.785045628262719397e+00
2.740733617765954033e+00
2.702527566002650428e+00
2.980497574046812037e+00
2.975526215246597328e+00
3.014491159374791618e+00
2.928184946853463533e+00
2.876580647908365318e+00
2.666539420979363140e+00
2.937545555269470920e+00
2.698752507496797293e+00
2.925032879177637213e+00
2.616945713730087331e+00
2.801616279881720573e+00
2.745422432408633373e+00
2.821859355071129727e+00
2.570803823631592433e+00
2.919519785475208629e+00
3.255976425842117994e+00
2.776315252156139390e+00
2.707061505074463970e+00
2.817815034563116328e+00
2.791207560165126722e+00
3.137523003865110738e+00
2.764594092161569705e+00
2.706227771813883631e+00
2.870165286994589948e+00
3.165280348113015396e+00
3.044044083732748707e+00
2.634351308098312749e+00
2.831631045967659688e+00
2.872013751208709387e+00
2.840210688353916435e+00
2.803951431369179570e+00
2.863117996683348210e+00
2.784993432458518825e+00
2.826309696540458383e+00
2.931954852853763338e+00
2.971684025401902129e+00
2.859649406714734887e+00
2.878491769435895353e+00
2.837793936211534085e+00
2.772599446151340352e+00
2.760101338005073845e+00
3.058129979561117207e+00
2.743163946147743726e+00
3.018352979193710262e+00
2.775118188592655688e+00
2.807277485051596688e+00
2.841819889646901132e+00
2.981706641674523262e+00
3.131513786693847390e+00
2.829399739108467760e+00
3.052302106369142454e+00
2.746481725771321880e+00
3.138168786896196050e+00
2.783462498443556754e+00
2.815606235798326917e+00
2.655022269380204580e+00
3.071601514756885809e+00
2.923506253511029218e+00
3.160467918073051941e+00
2.848618433866847433e+00
2.689416601373926241e+00
2.905987783898902332e+00
3.081524439800014115e+00
2.728780784545797200e+00
2.936981906547801113e+00
2.921348271962828314e+00
3.063526982619535044e+00
2.884261564990762583e+00
3.102654348555166308e+00
3.099936481455576320e+00
3.078923256757092108e+00
2.697954687478917535e+00
3.090737762768439811e+00
3.002249837492771523e+00
3.012226984073754554e+00
2.871652007111786808e+00
2.740407377794628285e+00
2.684112881018552610e+00
2.916126644962659942e+00
2.904720433779616418e+00
2.750881074148266769e+00
3.006092330097096532e+00
2.933714529631490819e+00
2.683081099681130066e+00
2.983346385719663374e+00
2.877631609527950829e+00
2.778196140407344750e+00
2.739177749928611849e+00
3.153597914081900822e+00
2.864062692200893601e+00
2.954958281221403915e+00
3.200659500942026003e+00
2.909927965356390533e+00
3.175179754149036526e+00
2.764126675632070818e+00
2.910197052153893793e+00
2.841593418084161993e+00
2.950361705758203001e+00
2.678393873112856483e+00
2.817887085086851151e+00
2.730837400347996713e+00
2.747958283617271125e+00
2.714282524067088698e+00
3.101386385930050782e+00
2.857969717160796730e+00
2.690148666166944480e+00
2.725144813772677477e+00
2.676976374795884794e+00
2.526771993651857784e+00
2.732516737786518490e+00
3.272498604840146541e+00
2.777036386692846026e+00
2.791242455032766134e+00
2.562544625397698006e+00
3.084411445578157274e+00
2.948931103160185696e+00
2.943857896094513649e+00
2.628496763792788737e+00
2.938294880321779434e+00
2.838283830120620355e+00
2.734807728253608516e+00
2.793861888455109188e+00
3.178614103173655003e+00
2.882413451580198682e+00
2.989344620498396665e+00
2.716674337940452322e+00
3.028500917805599268e+00
2.819910649360969579e+00
2.741187221383773132e+00
2.730143441617197464e+00
2.947123677065548009e+00
3.167016181829801713e+00
2.897682534559716583e+00
3.055697618006066207e+00
2.805799281420705338e+00
2.601194314260942608e+00
2.717240169042418607e+00
2.853253896067645456e+00
3.199742426872607126e+00
2.876159003757690069e+00
2.966568367421472008e+00
2.806683827432810308e+00
2.776613594446800892e+00
2.711334379150610818e+00
2.660331367540500036e+00
2.995986775473606034e+00
2.791354083317267420e+00
3.144030296199175734e+00
2.576048811915423009e+00
2.833860428389824104e+00
2.758882911840608188e+00
2.697763872041949895e+00
2.962130096582720640e+00
2.857327870294654737e+00
2.790295482413697847e+00
3.080801600160367304e+00
2.749220037861495936e+00
3.008166134015767490e+00
2.851454348370469294e+00
2.925490533725472186e+00
2.662408855741094982e+00
2.933566008499748357e+00
2.936008492282872417e+00
2.785172830912582498e+00
2.816339720837954363e+00
2.852788453771437638e+00
2.951518433616028059e+00
2.872388606619780127e+00
2.798867958081328489e+00
2.700122442427761449e+00
2.708585080190784478e+00
2.860012520136831604e+00
2.892375083708318417e+00
2.789480510383463230e+00
2.958546302488600066e+00
2.729511847645328615e+00
2.838602382093760035e+00
2.807342077047850548e+00
2.885487591711696442e+00
2.790820426724553105e+00
2.815274888526281050e+00
2.901214455448386520e+00
2.999503028633732082e+00
2.960114354814285864e+00
2.867993079432229919e+00
2.601592903754267994e+00
2.647013811520868565e+00
2.957558464581447222e+00
2.802902130495391386e+00
2.831092919660662233e+00
2.887078851121678280e+00
3.073341129487982215e+00
2.912164076014642333e+00
2.932208173734775158e+00
2.861869849428773982e+00
2.845390661455577952e+00
2.952160871171263246e+00
3.124259169372393785e+00
2.705072636118782015e+00
2.985405242060666708e+00
2.833033159372114529e+00
3.041261239928436222e+00
3.173795637004478198e+00
2.844364812780364904e+00
2.816878893596079347e+00
2.884382913438165108e+00
2.825827301856855822e+00
2.527585766322623329e+00
2.992739198424383851e+00
2.948466026542940099e+00
2.741159522867003151e+00
2.680440016394592728e+00
2.618036973167203740e+00
2.966209088060588250e+00
2.809461397933204818e+00
2.748572783964795097e+00
2.796625094017679114e+00
2.895361368649117306e+00
2.831056732689495981e+00
3.000952881096446312e+00
2.878537942966986396e+00
2.768167001493668344e+00
2.804338946920573949e+00
2.555765314183170211e+00
2.861964726457505215e+00
2.941838531286496305e+00
3.220744976682480498e+00
2.999902300481803064e+00
3.150027230247886667e+00
2.948170861838339984e+00
3.018801082289953364e+00
3.174632502006510038e+00
2.798613919349900669e+00
3.040557363352216935e+00
3.104128183256287254e+00
2.575328704307648042e+00
3.215566626078705248e+00
2.623684460463241663e+00
2.755355868367179717e+00
2.824982417893807884e+00
2.750141978605876059e+00
2.905159580967731525e+00
3.040319179200616784e+00
2.580665907324546371e+00
