2.732924989115851188e-05
2.726064192099130379e-05
2.840873573784904882e-05
2.716384397038341784e-05
2.767127403967532077e-05
2.778091118545358157e-05
2.702522820382636954e-05
2.728332927908496181e-05
2.863538494077728856e-05
2.729375459589757205e-05
2.811328673678736625e-05
2.800955302678134041e-05
2.748434529779743483e-05
2.756128692148192042e-05
2.750610174801729636e-05
2.898932353016741184e-05
2.898677318476120072e-05
2.780346613908694280e-05
2.758521997236620347e-05
2.774691989285525340e-05
2.722526684693077004e-05
2.751408210192462868e-05
2.986165251184463341e-05
2.737073734148151217e-05
2.872572705478906475e-05
2.768316225338513794e-05
2.687302050178579731e-05
2.733626895577323144e-05
2.777780073132771836e-05
2.860891456855411299e-05
2.819197217423048327e-05
2.757762363521542621e-05
2.761274229384111888e-05
2.817842278848336140e-05
2.709547065312689504e-05
2.744636062961591973e-05
2.808717884038475254e-05
2.799185461655594260e-05
2.805542444104871876e-05
2.740172123203620525e-05
2.898264144272609815e-05
2.755506104217809690e-05
2.790846631960755981e-05
2.752802059755189086e-05
2.770902008177015502e-05
2.833648790701058447e-05
2.859108074228400461e-05
2.798876554086942548e-05
2.897335723888915798e-05
2.790342888853042063e-05
2.800847849892411817e-05
2.879387692773030459e-05
2.743388232638100101e-05
2.721069710351629154e-05
2.762103051146447109e-05
2.790785875851170507e-05
2.776726617264606485e-05
2.826582048891633237e-05
2.968713220922772922e-05
2.774112887740189836e-05
2.778920921840188836e-05
2.776596058373429588e-05
2.868901682420729282e-05
2.770956630623423188e-05
2.863527247370655388e-05
2.775154547978501456e-05
2.775125163430056398e-05
2.747971629509361833e-05
2.807541736345781129e-05
2.842211781293060120e-05
2.805876100205346511e-05
2.845744435335764263e-05
2.767286006554146928e-05
2.797767038942875693e-05
2.878620966084448050e-05
2.746250270382950384e-05
2.769710430009848139e-05
2.800342265842398919e-05
2.773629673604556265e-05
2.758813880372254496e-05
2.778381511344703005e-05
2.798470643037852097e-05
2.755641113112800104e-05
2.821364277519262568e-05
2.721150162850101303e-05
2.838329367543786249e-05
2.787072234984399157e-05
2.883475099251967561e-05
2.894164501805821790e-05
2.766447702377973128e-05
2.794334720379943647e-05
2.788373432621272868e-05
2.780622117131235154e-05
2.780600973768074206e-05
2.832730610779445851e-05
2.750793799607692146e-05
2.781732817717409711e-05
2.763179036923457517e-05
2.715992599082654347e-05
2.797346013102027228e-05
2.796411611863153408e-05
2.772771108920510095e-05
2.783913537366222336e-05
2.741742275720506216e-05
2.797463723309558562e-05
2.800045951476047055e-05
2.734139929231307528e-05
2.817632133823694648e-05
2.879602176422990407e-05
2.761879890435249530e-05
2.743850219921005739e-05
2.784646175229676929e-05
2.855071254472749188e-05
2.768305045074502451e-05
2.776172108024381834e-05
2.803788566157977295e-05
2.744034454705364642e-05
2.929216165870124008e-05
2.818288323373478206e-05
2.715157983031396896e-05
2.783814176695278460e-05
2.917631040234940269e-05
2.753682388840595640e-05
2.809298749465759991e-05
2.760490919790529947e-05
2.739814301962851346e-05
2.764349455260291661e-05
2.748353325597453130e-05
2.783174218353830901e-05
2.817921959302307206e-05
2.806684299094643208e-05
2.753050868090605106e-05
2.817062994665250601e-05
2.780110747107659061e-05
2.762678585526439663e-05
2.749093995179487123e-05
2.847752737573809982e-05
2.739371949021189901e-05
2.776688867549632463e-05
2.901936373350727023e-05
2.787213088128292343e-05
2.884172328907234637e-05
2.806400856886610379e-05
2.762927151616967458e-05
2.786566602135299946e-05
2.712634749772327851e-05
2.759282635277036651e-05
2.812401103448339620e-05
2.832868467018988785e-05
2.746264028157535409e-05
2.784291645015284881e-05
2.699852015125218699e-05
2.886876547604503014e-05
2.725792649614546258e-05
2.761099456323861455e-05
2.760909811045962950e-05
2.754560601164053230e-05
2.776194388587552371e-05
2.835013987819149622e-05
2.728467651465553911e-05
2.814014225644508290e-05
2.759074599300020693e-05
2.846820109752989331e-05
2.834590546257116327e-05
2.831470185795465907e-05
2.791443664671589285e-05
2.806179655645498310e-05
2.782499846188445382e-05
2.699586926146757356e-05
2.753992935453125729e-05
2.903942389913877675e-05
2.722653523133722385e-05
2.736817041098639104e-05
2.840155227712390959e-05
2.809281277724569193e-05
2.794287155142078689e-05
2.870513296649616837e-05
2.804179091155208287e-05
2.830201592931417713e-05
2.748433170145996612e-05
2.750187730230306934e-05
2.806337555251139693e-05
2.732394011561717887e-05
2.734272155673168889e-05
2.765129166412212447e-05
2.770953936700566725e-05
2.721503467150029280e-05
2.759226035430127865e-05
2.885085643824282734e-05
2.711508951709191726e-05
2.756511965962488839e-05
2.790905946867830662e-05
2.772023835009268292e-05
2.777425755554243023e-05
2.732355326754377440e-05
2.754092335020874219e-05
2.884171385506669653e-05
2.765648933849949057e-05
2.785465203972036814e-05
2.858404582907028124e-05
2.773190545637759614e-05
2.878438022027863646e-05
2.775679976980377863e-05
2.772427927567210808e-05
2.878714895565928373e-05
2.727433032619132019e-05
2.902972894622211897e-05
2.773373455161842784e-05
2.726288321622938457e-05
2.749226613536160245e-05
2.731261550338747018e-05
2.728471564382123650e-05
2.779869295889386666e-05
2.833650585213257265e-05
2.788048888423339658e-05
2.786237312840271268e-05
2.867021694923342780e-05
2.738566817890740923e-05
2.743050605321390042e-05
2.759626999458347839e-05
2.730539867912112941e-05
2.917551653698546044e-05
2.777866701830349625e-05
2.727220522918161294e-05
2.772539608372157297e-05
2.761136655729015045e-05
2.736535528085334436e-05
2.733206405630301213e-05
2.749259187437677038e-05
2.792870308136905861e-05
2.763120532302106377e-05
3.004871157045983324e-05
2.820353681950257439e-05
2.770804689369627235e-05
2.754569884184658899e-05
2.748114216003405647e-05
2.804240521459828550e-05
2.737440313613696984e-05
2.829690587918623027e-05
2.753199228501591222e-05
2.718903193695840155e-05
2.829477974104444786e-05
2.757951693176635864e-05
2.728953464547992250e-05
2.752737298694065223e-05
2.714580745469504763e-05
2.763901823378437999e-05
2.836701652579371832e-05
2.752792437896537661e-05
2.782786483562789580e-05
2.724036017431236527e-05
2.828437814005773090e-05
2.728887589953352030e-05
2.723827490259425160e-05
2.835623159704013733e-05
2.761929361543100786e-05
2.833966587401808880e-05
2.780877754872905218e-05
2.748120135583972002e-05
2.831260241399370173e-05
2.761471720598460095e-05
2.852019268159241330e-05
2.782532363888707790e-05
2.739171146944555186e-05
2.802022984668270166e-05
2.754752868643154314e-05
2.770866118882655228e-05
2.752245001880482199e-05
2.772554813352878312e-05
2.811396190778121392e-05
2.841379018328535463e-05
2.737165619633148713e-05
2.856565672490767551e-05
2.795111779745317534e-05
2.735803128868824184e-05
2.765364883607524145e-05
2.732008946864325786e-05
2.785039600573952837e-05
2.747255393748527477e-05
2.851445226981691572e-05
2.729217729783109210e-05
2.707297411060009926e-05
2.778675162811539379e-05
2.775477398260979984e-05
2.743467951901585309e-05
2.832748602811215052e-05
2.802855550367725756e-05
2.729315434769844848e-05
2.907609347362101205e-05
2.748017397466030512e-05
2.788149778783376620e-05
2.776434415071078149e-05
2.789843701669887673e-05
2.757703818849360720e-05
2.736394022343320714e-05
2.830503371503837785e-05
2.781638996336881285e-05
2.821527037721334165e-05
2.805872025066483272e-05
2.774122357394642920e-05
2.768737807077345341e-05
2.762321513106758222e-05
2.806282135926049242e-05
2.790557444235860785e-05
2.812269067453330545e-05
2.777150269551480812e-05
2.855338292732157826e-05
2.792237946695062036e-05
2.770445644261099684e-05
2.733846943722059031e-05
2.728082589260393627e-05
2.761852321233553332e-05
2.888815463115773034e-05
2.759531990288184968e-05
2.820264264250800406e-05
2.843669229610176253e-05
2.743530874590790962e-05
2.772921949347546318e-05
2.859824364722189096e-05
2.746610349945617850e-05
2.759272101991795778e-05
2.813451476216751487e-05
2.721956011822818114e-05
2.878639369826409896e-05
2.787155843574785067e-05
2.745638555358397229e-05
2.729909945648502695e-05
2.744172542527645588e-05
2.733319771609250538e-05
2.775565464212244673e-05
2.763562975070875638e-05
2.741595935190404356e-05
2.740475154013311180e-05
2.837645690740623507e-05
2.747915615622022352e-05
2.764856322646981707e-05
2.755595351682375271e-05
2.845113338143144140e-05
2.789445803844372917e-05
2.765974009333301028e-05
2.765686524357900512e-05
2.796815815310993246e-05
2.824558363953681378e-05
2.718811432098258284e-05
2.790772944175585072e-05
2.781411734453620281e-05
2.777311109254209019e-05
2.786824028064938274e-05
2.759387177047955371e-05
2.830041085452142830e-05
2.882671455535449687e-05
2.753724761180142148e-05
2.799665938956240270e-05
2.756755449160722045e-05
2.730134489924023565e-05
2.750711370334076546e-05
2.814730309814281978e-05
2.753496851934691383e-05
2.855388624351464332e-05
2.769364980783126903e-05
2.833335091416436938e-05
2.779326409601559443e-05
2.776462076794040536e-05
2.744887411933807513e-05
2.894537505759244060e-05
2.794668457904179990e-05
2.722608011490138002e-05
2.808344058731818737e-05
2.736627846296417596e-05
2.753146305288838253e-05
2.766756371011218685e-05
2.735971105544898754e-05
2.850963875562071405e-05
2.802277098858881900e-05
2.827910424788883641e-05
2.940141024040100501e-05
2.752298332404024743e-05
2.868244884890263323e-05
2.725909083396098315e-05
2.714210270173235748e-05
2.821920619117190964e-05
2.794171749192162827e-05
2.730064461621738172e-05
2.779062565759531905e-05
2.905573527139830375e-05
2.709789016579075777e-05
2.811118198421898022e-05
2.841287048681049045e-05
2.733050422399600578e-05
2.769314769867165990e-05
2.709869260510259392e-05
2.807386243584515851e-05
2.953920203021982705e-05
2.781643095162804392e-05
2.782979415164917663e-05
2.859232102809608771e-05
2.891584768003151168e-05
2.801592352974320772e-05
2.762450463639844244e-05
2.734296086973594036e-05
2.760894126433656158e-05
2.738750507945670687e-05
2.856264197031269610e-05
2.853559609801745061e-05
2.767284403887587893e-05
2.765547488802600997e-05
2.860599155142520012e-05
2.870770548306360127e-05
2.743757328010153654e-05
2.730255152916621661e-05
2.806411746028485016e-05
2.719700598054503257e-05
2.730059684169757467e-05
2.833706178820464232e-05
2.797937593494479949e-05
2.842623357218328106e-05
2.738792057982926916e-05
2.870501236296842736e-05
2.764179359277415914e-05
2.729866504465307752e-05
2.766392313892532698e-05
2.779363600260740066e-05
2.759923732211359520e-05
2.778237388190592352e-05
2.788604002760023968e-05
2.842968121202976974e-05
2.733646491193103258e-05
2.806797245347474455e-05
2.935123268457458126e-05
2.765433840810636369e-05
2.800441802886098239e-05
2.745460773263952024e-05
2.791338657909920871e-05
2.755212291802795245e-05
2.758911509817643545e-05
2.802159634899497426e-05
2.716730109470620765e-05
2.701796868896955568e-05
2.712634140749215893e-05
2.756293032088168323e-05
2.737962594326706034e-05
2.772165076833571154e-05
2.725867044451645498e-05
2.891655719261502721e-05
2.801372616233641926e-05
3.034398533878427659e-05
2.757632180566802518e-05
2.757973674873549002e-05
2.839736948400414882e-05
2.793951702819493050e-05
2.773813553075553089e-05
2.806200721852817389e-05
2.726184158864827678e-05
2.750786341131237562e-05
2.833634288683772913e-05
2.826116183530687695e-05
2.886991972417551233e-05
2.774255834228476318e-05
2.874001378909411982e-05
2.776666735787400132e-05
2.817947744654870272e-05
2.750582638292443347e-05
2.745116849411624439e-05
2.761426634119486058e-05
2.780999218888245645e-05
2.785934750985552243e-05
2.718867057431316377e-05
2.783536001378776693e-05
2.754625490007263423e-05
2.858934474787563961e-05
2.782165286308847403e-05
2.839705181688450918e-05
2.784403373739710558e-05
2.763495644315569670e-05
2.719352043859322079e-05
2.901706468673507085e-05
2.794124231270061779e-05
2.807823603025596954e-05
2.832310696843646486e-05
2.752022117811078674e-05
2.798418631128347703e-05
2.869783657434386639e-05
2.723657791175996924e-05
2.724986614952116466e-05
2.758091548535813211e-05
2.800136741009231838e-05
2.776199945190228590e-05
2.882671592354384843e-05
2.782293857109066840e-05
2.753372693626512195e-05
2.760967000196719900e-05
2.779330762632454985e-05
2.769685905498646199e-05
2.875505521524874652e-05
2.777854086519885072e-05
2.755667760543749074e-05
2.842246126916927719e-05
2.749857508613633850e-05
2.803451723985716962e-05
2.777729206376486451e-05
2.754136072746157262e-05
2.825903393745327248e-05
2.866484365387117109e-05
2.741346825402501164e-05
2.850718913430275262e-05
2.947360931409466004e-05
2.768735972464548509e-05
2.796227222643493085e-05
2.770925581645400013e-05
2.714743198967714969e-05
2.756053427018246427e-05
2.775400144016471475e-05
2.743008078585101086e-05
2.843018157770697574e-05
2.797140423517915402e-05
2.776249168017599740e-05
2.722366544957831455e-05
2.830561357414204318e-05
2.768348937655604552e-05
2.808574265894446274e-05
2.738202496637925126e-05
2.723344830460813567e-05
2.853575341689428555e-05
2.771290201133170744e-05
2.727824486590605378e-05
2.747611132164863847e-05
2.732541811265690686e-05
2.745272392328677849e-05
2.785732264952571648e-05
2.738692999380402078e-05
2.818008922342226134e-05
2.821624704439574917e-05
2.743690820572202259e-05
2.740842705877042615e-05
2.762513722198893661e-05
2.821360321996622180e-05
2.807394823802847271e-05
2.724317083689584490e-05
2.736363096312474067e-05
2.833165013989120298e-05
2.727436214436866518e-05
2.724487455197281769e-05
2.738556875197478992e-05
2.781776738367060681e-05
2.781727504622503457e-05
2.787001179266021769e-05
2.726210323387127124e-05
2.839729751044977753e-05
2.788415219201188471e-05
2.762960489273725417e-05
2.821375708545303054e-05
2.782044639420082729e-05
2.775652444513465174e-05
2.849794179386714132e-05
2.811346022012872653e-05
2.782735796912994762e-05
2.808528453515817723e-05
2.887182912102010976e-05
2.750632391325595578e-05
2.892950960350767762e-05
2.735179904985033706e-05
2.771882486652807998e-05
2.861683777159077676e-05
2.757897742839344384e-05
2.716048821793169999e-05
2.802260517291789882e-05
2.735741141564711074e-05
2.802159209376931296e-05
2.823848665648599681e-05
2.873543022664027172e-05
2.765733913809169362e-05
2.730486476306411982e-05
2.784976611391981504e-05
2.800689138723607368e-05
2.752855776269154061e-05
2.738684022898944790e-05
2.803501259436830923e-05
2.776892776175482030e-05
2.769465439644421150e-05
2.737595105457120157e-05
2.785728278462866817e-05
2.884684865928802773e-05
2.740128059581088977e-05
2.731236769791174927e-05
2.726974334698000133e-05
2.756134413484632068e-05
2.775441996813115902e-05
2.937723921651529300e-05
2.763978051018490292e-05
2.764299672103355917e-05
2.788671176129992331e-05
2.713465986534279169e-05
2.800462152091150704e-05
2.726026484189333977e-05
2.770285110259236084e-05
2.767609812079588908e-05
2.738425636000254597e-05
2.817781298577411083e-05
2.852642655301097186e-05
2.750779017421494521e-05
2.839418448272621408e-05
2.723728988847280176e-05
2.769957241996679398e-05
2.762246040069135395e-05
2.869393930002168202e-05
2.765060211868483150e-05
2.806731561864947552e-05
2.837023716045213262e-05
2.789870298274680548e-05
2.818066399435877845e-05
2.773242333510772000e-05
2.746758271404031623e-05
2.834467243461222569e-05
2.725343211238566283e-05
2.762236628960247422e-05
2.741195152177389175e-05
2.799916289200435630e-05
2.738762214887140932e-05
2.703772609194581076e-05
2.778034804801892148e-05
2.740364651909525347e-05
2.809250966481619446e-05
2.738996454101034009e-05
2.774403553515395553e-05
2.806232024079048288e-05
2.790459381610514987e-05
2.813969985754175118e-05
2.801373846104150678e-05
2.756596462949944146e-05
2.738538903102745754e-05
2.826772901112007866e-05
2.765702752295581078e-05
2.766990475487631325e-05
2.739901863114857476e-05
2.739304692464666021e-05
2.752131478478792327e-05
2.733770256558833373e-05
2.740842059659274666e-05
2.824211776693650721e-05
2.752894041350713550e-05
2.752586333969856444e-05
2.749916313933306551e-05
2.788967256310003086e-05
2.805907284133816906e-05
2.836928809660863428e-05
2.760349923788152048e-05
2.781944138505445117e-05
2.812685759319935748e-05
2.762029524096941158e-05
2.820287288285482511e-05
2.716310966604286933e-05
2.777083938122585515e-05
2.718960404353993867e-05
2.772511703128753671e-05
2.780512375680408940e-05
2.773877496456595660e-05
2.780131902215410227e-05
2.831566403885528728e-05
2.783800929175869423e-05
2.747338690244007805e-05
2.876723142843707717e-05
2.817087366765959664e-05
2.746699757306596626e-05
2.751875304993831102e-05
2.789181537410920838e-05
2.777202793239776617e-05
2.739587164154556680e-05
2.876836389732211597e-05
2.779503214207349512e-05
2.756549836490712334e-05
2.901038883738075926e-05
2.832255102048292513e-05
2.897758834054485206e-05
2.760591029239703049e-05
2.765083034381652291e-05
2.722022790410553043e-05
2.829074721776203541e-05
2.739352446310012933e-05
2.819234172870092655e-05
2.752639137011285553e-05
2.932168850844409791e-05
2.780819699434916296e-05
2.773849275856778295e-05
2.793023630467204635e-05
2.779502722046725801e-05
2.832571562245807524e-05
2.763921473403729474e-05
2.726616547454281328e-05
2.877102070688447249e-05
2.890114054224474598e-05
2.800508858022503404e-05
2.791940056843408261e-05
2.825179187188198843e-05
2.739756253870294535e-05
2.798047067010953209e-05
2.771514742234352973e-05
2.727958852645028502e-05
2.745114525198330825e-05
2.839651156502420170e-05
2.727119409563344613e-05
2.738434004360417272e-05
2.796126136085287395e-05
2.747202334669116144e-05
2.756255609387375349e-05
2.794908397641388242e-05
2.738894700832907134e-05
2.783287706108356706e-05
2.833591057896153579e-05
2.740740565674831860e-05
2.770070282584935058e-05
2.834580512416621676e-05
2.937907784965967611e-05
2.876927992378455591e-05
2.770090808901588800e-05
2.830644744550227677e-05
2.787714811337547427e-05
2.712856621936182128e-05
2.732429844658685908e-05
2.799803797057524691e-05
2.725498199755751599e-05
2.768119761290882273e-05
2.791443615283425100e-05
2.713789996771859164e-05
2.719023718983386694e-05
2.770130724502736438e-05
2.874322750135406492e-05
2.772070529733660881e-05
2.745748896061201845e-05
2.837277014584041007e-05
2.816595672723300227e-05
2.806405250336133634e-05
2.740295573197954582e-05
2.726544109514925099e-05
2.852372737830861070e-05
2.784933031938771481e-05
2.794345824644973102e-05
2.842203605516941588e-05
2.740379891418444331e-05
2.772260564230990675e-05
2.745848417628790985e-05
2.709559310933409067e-05
2.763977370333988473e-05
2.835394487534601630e-05
2.708261002809606038e-05
2.779519212397099599e-05
2.823016212072674427e-05
2.738868711945360604e-05
2.766330791312852976e-05
2.760650775767970578e-05
2.813384731846233156e-05
2.768275640912147220e-05
2.780540765527007743e-05
2.772369543502782403e-05
2.745999526817339005e-05
2.792699394825321466e-05
2.774003748360258525e-05
2.824242149408137556e-05
2.778731157718564577e-05
2.773241705604420480e-05
2.747429588285812971e-05
2.768667462493457871e-05
2.723067749486760897e-05
2.756742309107630890e-05
2.843073325737914233e-05
2.746620956545533907e-05
2.836048228034571467e-05
2.755378176165777419e-05
2.739324880384520574e-05
2.717301673839578384e-05
2.810166581543728330e-05
2.846762088878029389e-05
2.785026798639232332e-05
2.770140823722289051e-05
2.787625639137222621e-05
2.830956048796215690e-05
2.735093474287902048e-05
2.853078024483353165e-05
2.896399313781922654e-05
2.708189355318310615e-05
2.783923368079480615e-05
2.780481665837181043e-05
2.759872597041464518e-05
2.719642113737323670e-05
2.877452354858226383e-05
2.736966918119196370e-05
2.877129156849301557e-05
2.798537878248428100e-05
2.786578173942394848e-05
2.813202183219771927e-05
2.728607004698598904e-05
2.775052537055512508e-05
2.761548000710586654e-05
2.736854457132961927e-05
2.882397882961313564e-05
2.773782154122159642e-05
2.771707875817119759e-05
2.745852497011356714e-05
2.726983066350818180e-05
2.778406183607863656e-05
2.805292139031483308e-05
2.774744773596032077e-05
2.727990151828391455e-05
2.718729541959749550e-05
2.743854202415523820e-05
2.749408027872712838e-05
2.840134652683398936e-05
2.752561567416253910e-05
2.790113834595737684e-05
2.860941529349476332e-05
2.752264331748621474e-05
2.744053945661302494e-05
2.703515142562862913e-05
2.745455586333677287e-05
2.765483515430574094e-05
2.905935559429527191e-05
2.718613829400834227e-05
2.727275057923870107e-05
2.838155965597553225e-05
2.742602425320264444e-05
2.985361381757238968e-05
2.737901174810905696e-05
2.701843184953725793e-05
2.777100677174114944e-05
2.876728425290363581e-05
2.736420603887485266e-05
2.774606579512009646e-05
2.758461336908687067e-05
2.853702847901634708e-05
2.735001205507087388e-05
2.729611163510997391e-05
2.780263577712408193e-05
2.793951428173819889e-05
2.714327574137532432e-05
2.756520341454070586e-05
2.741512895089332974e-05
2.822140636044211806e-05
2.774122422374982144e-05
2.740200511502540378e-05
2.727169278497632851e-05
2.734085223158305627e-05
2.827406981292356346e-05
2.766641731832071406e-05
2.744829234307945097e-05
2.708592925797817893e-05
2.903646416299825032e-05
2.805987461524417120e-05
2.744249086470614018e-05
2.805905606611648829e-05
2.738137371040483330e-05
2.723511672414176836e-05
2.758742940504020714e-05
2.718034509732391731e-05
2.764866192059682874e-05
2.747878821795759886e-05
2.850456620319617888e-05
2.737477294497889495e-05
2.776644519886734954e-05
2.778657957029467119e-05
2.876485513890802967e-05
2.708916097440020260e-05
2.760998958950621501e-05
2.741643352014800232e-05
2.739730893681289800e-05
2.741509844370711906e-05
2.728031438342213042e-05
2.784137489339889686e-05
2.744586998496069847e-05
2.855393818749931326e-05
2.831405379396660613e-05
2.716607902142064996e-05
2.742431752232926117e-05
2.719179905934453439e-05
2.787998918903207920e-05
2.768474690236875105e-05
2.810234215775817389e-05
2.793293484926904767e-05
2.836996928796831486e-05
2.801210766028293622e-05
2.718247862690212775e-05
2.763844952119620831e-05
2.797439170879397160e-05
2.762025581466723631e-05
2.800289270968592869e-05
2.784510281371999277e-05
2.861386760663068906e-05
2.760275181262563074e-05
2.872799268339839421e-05
2.827275687922616682e-05
2.784640043661513841e-05
2.749822688863944435e-05
2.780267499915483280e-05
2.771671231704895999e-05
2.754803451178283025e-05
2.764357637782718281e-05
2.819033473040124681e-05
2.836260585694618937e-05
2.831223311008412201e-05
2.744933620997602874e-05
2.794427854700159459e-05
2.796587582942596236e-05
2.764666138288005858e-05
2.812212796556357695e-05
2.726781926697306748e-05
2.772903375796074323e-05
2.764126011763289625e-05
2.773232153490723834e-05
2.773390766384897527e-05
2.797630563745736744e-05
2.715256711550545940e-05
2.752055724947450089e-05
2.728120587653216320e-05
2.856421807022552564e-05
2.787090515664687981e-05
2.729915332760290034e-05
2.770019088773122915e-05
2.741058158501114800e-05
2.794754928106999459e-05
2.751768694913145016e-05
2.817603567468207298e-05
2.762394485537057913e-05
2.734435917080633492e-05
2.780805820807541622e-05
2.738998865042159163e-05
2.735228465921134169e-05
2.746848828917904060e-05
2.802421032479426437e-05
2.839173942824642209e-05
2.713060434349196361e-05
2.770882431641586972e-05
2.731897936921944220e-05
2.792103243541861133e-05
2.784918550173707614e-05
2.913396405444035667e-05
2.890891449638776021e-05
2.769958677891633971e-05
2.737163279182098315e-05
2.850046679926316855e-05
2.896722258153707299e-05
2.774231747967750259e-05
2.770918236885268367e-05
2.799453692361055957e-05
2.842486010286800449e-05
2.827014911219029615e-05
2.837166480512029297e-05
2.739661752289060710e-05
2.810036971939891724e-05
2.743877746751416624e-05
2.755338969000285364e-05
2.751237470003784324e-05
2.799141444085222533e-05
2.818963562680469370e-05
2.932959622188474974e-05
2.736704156363458097e-05
2.745181736469356264e-05
2.904467092247578784e-05
2.857093300734776494e-05
2.870684092651923434e-05
2.761059156388894368e-05
2.764222468876096847e-05
2.719452611772444698e-05
2.806972884953003752e-05
2.780840017730252175e-05
2.763802731177972515e-05
2.762712010103369678e-05
2.776473369487638597e-05
2.778629990827581036e-05
2.856622828220633053e-05
2.750418487482642209e-05
2.773293769010398111e-05
2.766063894023793678e-05
2.749009162375698850e-05
2.750374196716855285e-05
2.750971016768055576e-05
2.831320000162561401e-05
2.827516089435591620e-05
2.780442561657358772e-05
2.725034348579675295e-05
2.874515283881200718e-05
2.812423878891862810e-05
2.830424712419326607e-05
2.813706718475494681e-05
2.698965335046624303e-05
2.970888908666286413e-05
2.907103092880947758e-05
2.778290694051704053e-05
2.787733089858601207e-05
2.782016299393876149e-05
2.780118552749829891e-05
2.769950327064644018e-05
2.781934150686474121e-05
2.807112649570109311e-05
2.763004930674670917e-05
2.755340962789113181e-05
2.771704211360197584e-05
2.795911693375962594e-05
2.768292950333231186e-05
2.844502245768282462e-05
2.719902556162351179e-05
2.842594870519561293e-05
2.838066569149553140e-05
