1.653142743932114245e+00
1.650603472715171716e+00
1.677638046073737454e+00
1.611246718206664319e+00
1.665259506776306742e+00
1.643277372197167852e+00
1.606844094842777793e+00
1.645243652570617110e+00
1.591879940790318582e+00
1.715326649988690999e+00
1.645145822428634386e+00
1.673557604057253734e+00
1.570094629294366051e+00
1.652032029975976313e+00
1.633863110369700777e+00
1.684818981887030942e+00
1.583335017488373353e+00
1.565952650931567547e+00
1.505739880605669656e+00
1.627706095124443308e+00
1.654961472183072102e+00
1.617558851941446996e+00
1.580540778626170484e+00
1.525196955201843174e+00
1.586340030340382512e+00
1.592329559712655884e+00
1.605203924024274809e+00
1.515150482339822524e+00
1.597353757326447354e+00
1.590981745400002811e+00
1.552440518928343005e+00
1.569715306547338374e+00
1.590182675890437602e+00
1.557268897535757812e+00
1.576607527000255082e+00
1.569063818009360345e+00
1.594576378125111882e+00
1.644565534801347040e+00
1.599667476491292373e+00
1.560058346104584492e+00
1.628594708260606705e+00
1.701485155383355652e+00
1.595034375256196846e+00
1.584669226589958679e+00
1.573340428469721664e+00
1.585826404730284356e+00
1.585030744045410556e+00
1.659638066551265556e+00
1.548167137616401234e+00
1.548493005463470240e+00
1.582293418621504077e+00
1.591086047502277001e+00
1.556973521244151337e+00
1.606858339783798106e+00
1.779977443238649926e+00
1.621180061489475133e+00
1.564789384685218998e+00
1.579177373626894365e+00
1.665222780264856928e+00
1.614063443372178774e+00
1.681546704131753556e+00
1.638293837970637767e+00
1.614088269229069894e+00
1.465298582767119440e+00
1.578590307308072482e+00
1.599930497662178430e+00
1.613919996741206786e+00
1.610007870997364421e+00
1.789097447396984508e+00
1.528760074817248960e+00
1.586921245849276962e+00
1.591077729247483363e+00
1.618214130428841102e+00
1.636905720257794350e+00
1.654416500942736956e+00
1.517040250563166159e+00
1.571971426042380937e+00
1.598602271784382189e+00
1.659303778614107827e+00
1.579111350003264524e+00
1.524605008293682396e+00
1.586202770934048489e+00
1.599508783393393196e+00
1.628679336939048650e+00
1.632492123367310644e+00
1.667368704417729441e+00
1.538337365036184901e+00
1.553726087651925436e+00
1.538824642524666331e+00
1.491756040410586071e+00
1.609509099570633150e+00
1.710646453107050213e+00
1.668287363083907460e+00
1.626430040194594362e+00
1.615762571709657758e+00
1.678559085137218743e+00
1.640854467777539183e+00
1.623667804969141537e+00
1.660879743528522079e+00
1.531647332617648294e+00
1.584721765225634016e+00
1.589046411368965295e+00
1.671158084699797985e+00
1.595098159659114945e+00
1.510649577778014008e+00
1.737752912969118047e+00
1.628298947511533479e+00
1.534531707119550337e+00
1.529591064695660529e+00
1.668409180388822577e+00
1.645137890798698876e+00
1.715736016199140623e+00
1.552889367147302080e+00
1.621983912003366557e+00
1.617267739660211534e+00
1.609785962841537410e+00
1.693727277463920045e+00
1.654109162491042229e+00
1.709858958366144099e+00
1.574919660575234692e+00
1.626317451184088325e+00
1.525100998758221360e+00
1.593664359961683319e+00
1.710357066338817678e+00
1.580092658399140815e+00
1.636045329703747830e+00
1.493233650223382503e+00
1.620006237456972364e+00
1.614254650454981288e+00
1.659516791744788611e+00
1.591359546183370721e+00
1.680665728675773574e+00
1.661154309121422035e+00
1.560809673793317476e+00
1.571853441182305522e+00
1.616856682460095618e+00
1.664037410393289340e+00
1.542497336356851934e+00
1.641988263260006464e+00
1.597889235573594968e+00
1.568635186486234012e+00
1.569742113054390931e+00
1.610205085464259556e+00
1.619222095986233345e+00
1.715536552267585835e+00
1.684718122219343917e+00
1.643079682947902187e+00
1.606806024035062785e+00
1.639032256353394112e+00
1.711840945975090511e+00
1.652830266207335086e+00
1.724058784529252097e+00
1.679259649615321814e+00
1.667450742893519466e+00
1.631784593371079062e+00
1.569382056250424595e+00
1.583277011065774342e+00
1.580118175832656124e+00
1.613899685333432643e+00
1.573293360818433406e+00
1.576832417673011966e+00
1.629562362529851649e+00
1.711418141592178310e+00
1.614102498260420404e+00
1.673720682460010156e+00
1.615718071415906065e+00
1.629635875931886524e+00
1.589874975197496321e+00
1.626275684579176817e+00
1.692985460943414511e+00
1.599441979124113455e+00
1.510476660201250487e+00
1.550544658557963196e+00
1.640325047568196304e+00
1.529387214922133476e+00
1.687217086401538335e+00
1.498393839682673701e+00
1.772147593847981817e+00
1.563648511620751025e+00
1.599439548436225378e+00
1.606723271899182848e+00
1.702324728969848433e+00
1.559844946667163335e+00
1.580368984421921308e+00
1.643517871734159863e+00
1.589826169323502514e+00
1.542100513345048274e+00
1.557758962780970924e+00
1.547813964817080779e+00
1.534874891023443322e+00
1.553635121551367959e+00
1.743085591571472914e+00
1.705672241734580652e+00
1.595072183257150167e+00
1.553434398663629201e+00
1.616072634483535220e+00
1.543650810370869708e+00
1.577073010677306542e+00
1.590672575331557592e+00
1.557160749926187249e+00
1.654934916089511932e+00
1.599985340017038959e+00
1.689593862786278322e+00
1.582503950146445515e+00
1.581783091072798575e+00
1.630320836050322741e+00
1.594135773916692589e+00
1.644336495634044493e+00
1.627920681680356640e+00
1.516214530652552517e+00
1.585088448197887523e+00
1.572712395837481347e+00
1.646620849307474987e+00
1.658529574579098442e+00
1.619078379559935055e+00
1.625109269999896133e+00
1.681916620937087492e+00
1.674235019331841379e+00
1.662868299964400443e+00
1.593379021588543942e+00
1.589901344334033073e+00
1.514623324838016760e+00
1.549216291901065690e+00
1.584863684312446397e+00
1.606409084316948954e+00
1.673999066357919396e+00
1.569033777365719251e+00
1.558113093016408879e+00
1.642781019963757139e+00
1.616146150917787017e+00
1.668069868317699544e+00
1.641695827586764134e+00
1.702118232747441118e+00
1.694172060344424358e+00
1.640952556216431102e+00
1.731918288712843701e+00
1.673240906031959296e+00
1.767783564236257599e+00
1.601257114588013675e+00
1.626582983186659170e+00
1.572162744830525538e+00
1.636779710449564051e+00
1.548008720756311130e+00
1.561322882487847119e+00
1.650461191839639685e+00
1.639330939935534026e+00
1.533669836873651215e+00
1.522038105855648693e+00
1.753789941524175111e+00
1.684407728377568247e+00
1.624509854251193541e+00
1.615860489976891357e+00
1.637158674254296065e+00
1.500825049225066321e+00
1.578075373730298159e+00
1.615338068825948881e+00
1.479540058922477641e+00
1.611522349459781900e+00
1.617280284240429911e+00
1.605735630219415011e+00
1.538842686082613653e+00
1.632982220740082591e+00
1.630084772423167294e+00
1.599680584194231647e+00
1.698076193695178038e+00
1.743503814518075679e+00
1.694948271214188118e+00
1.494084735331730807e+00
1.543077965648831151e+00
1.762685105692188836e+00
1.658024865705645112e+00
1.635156163263435269e+00
1.545488596899637690e+00
1.670735479864338568e+00
1.591172420454675995e+00
1.604369672424528437e+00
1.627181846883473559e+00
1.610283702198878286e+00
1.665513449050405548e+00
1.550085130964084401e+00
1.527790889333965119e+00
1.607877018390392099e+00
1.556149734921326910e+00
1.617958873753065907e+00
1.626243540226391282e+00
1.738766867853754672e+00
1.689183063760018033e+00
1.624235936060796526e+00
1.561921919177237328e+00
1.614709202292962553e+00
1.521653709109766606e+00
1.597115300514488467e+00
1.561885519085800533e+00
1.584226033293339553e+00
1.607084207217076122e+00
1.603434592737497333e+00
1.617296034439784203e+00
1.684176164236246498e+00
1.636119188070553010e+00
1.709752454820707035e+00
1.684852856817002920e+00
1.664972796784218501e+00
1.689573258251696908e+00
1.580238762089076765e+00
1.630836456523772515e+00
1.674798043282292426e+00
1.602473150533231916e+00
1.600191733380412096e+00
1.558777999108238665e+00
1.614124978646619191e+00
1.600182934739228680e+00
1.550757761363292131e+00
1.609528293141252675e+00
1.599459204619011032e+00
1.582287973044967488e+00
1.630822694953702801e+00
1.573138419950163458e+00
1.564773852001436927e+00
1.584452655970089552e+00
1.703237312227267486e+00
1.614686836646540780e+00
1.637112595118517699e+00
1.622479607547234970e+00
1.584776266903382913e+00
1.560722868180759670e+00
1.615870721789093523e+00
1.599579291591083585e+00
1.607304354472040009e+00
1.561478675683763306e+00
1.571703762970483975e+00
1.712542483623377132e+00
1.578438212515766548e+00
1.576357247782549376e+00
1.702137854295116881e+00
1.579863939937214079e+00
1.617853181336756707e+00
1.520125806134523527e+00
1.601496794768365817e+00
1.588612107877828583e+00
1.652890106163943607e+00
1.664434386276605782e+00
1.608586075642280511e+00
1.627436925308527238e+00
1.637650249204593900e+00
1.578280786608106112e+00
1.641460724697595186e+00
1.621747561829057105e+00
1.663860064045541653e+00
1.611646815793738252e+00
1.604801797856794554e+00
1.677555738681813402e+00
1.554155723250724819e+00
1.623928889159687694e+00
1.643827670117506967e+00
1.680233504135595579e+00
1.514612188759193900e+00
1.568756406199199427e+00
1.614241138187476832e+00
1.692612106540665629e+00
1.593976039809585910e+00
1.645635097244923850e+00
1.572306150309892514e+00
1.680514572477051161e+00
1.627504287026058094e+00
1.684272981756085086e+00
1.717616180039391871e+00
1.590107574719020533e+00
1.543771299105396455e+00
1.558704792306189857e+00
1.530954942716346912e+00
1.652527363555833739e+00
1.551064074322678454e+00
1.631117165299491578e+00
1.638415123020339426e+00
1.533079153836839126e+00
1.599103009610081338e+00
1.662643766765269815e+00
1.616393609309734858e+00
1.710435327012649331e+00
1.650303447787841105e+00
1.698585237132406833e+00
1.699558567289076727e+00
1.488198495349595252e+00
1.758646012333978659e+00
1.634709566383178547e+00
1.606490488463784727e+00
1.641707195183651935e+00
1.715360305663784279e+00
1.511618676406851769e+00
1.554513225044869440e+00
1.613117285256454592e+00
1.683388171323717986e+00
1.663340071738540926e+00
1.631592564691620506e+00
1.662623507925563349e+00
1.565820065180641096e+00
1.571857228892243441e+00
1.652323890296685249e+00
1.520546752240485189e+00
1.567778190712333153e+00
1.583995617196363614e+00
1.608388739856775551e+00
1.498189546868946564e+00
1.603045250842236591e+00
1.597086110789305069e+00
1.615930141170469625e+00
1.832714472216510071e+00
1.646255913892421541e+00
1.584517770031255157e+00
1.655502616111661274e+00
1.740187454454956928e+00
1.627904071756457460e+00
1.606178089718510726e+00
1.737743036095688920e+00
1.552108495085769091e+00
1.619982061254997996e+00
1.556632638412059455e+00
1.719660124761425823e+00
1.625037719160445926e+00
1.606897663852811187e+00
1.624862748649173350e+00
1.625170519465473751e+00
1.532264210801234761e+00
1.539821957974647049e+00
1.589786013022393973e+00
1.623457082796699869e+00
1.693106284546322504e+00
1.701099048758001553e+00
1.541089947677556138e+00
1.609969013772899693e+00
1.695988937327995716e+00
1.555196045638449931e+00
1.599457468803414661e+00
1.570179691492594509e+00
1.543011501419696119e+00
1.644571338635396174e+00
1.618183977162184428e+00
1.782284602573559473e+00
1.580252394809017469e+00
1.630365701577665360e+00
1.535762759206980022e+00
1.621265566319707530e+00
1.660658035145570866e+00
1.622791816831293366e+00
1.600452543429649044e+00
1.598491617350352501e+00
1.601079405504861830e+00
1.699563179866194540e+00
1.561304771293974492e+00
1.615442745073181197e+00
1.741634397819889157e+00
1.574896204385400234e+00
1.622829178571035591e+00
1.608248120268548575e+00
1.594621880734218733e+00
1.655593283971071417e+00
1.683625779604840833e+00
1.576569855889377481e+00
1.655806060480032649e+00
1.737906045126622612e+00
1.528228590416530253e+00
1.573591250843620282e+00
1.568992594975849864e+00
1.531038812832433704e+00
1.472409645836329828e+00
1.565791840210777996e+00
1.582845582814766505e+00
1.772745061134439970e+00
1.623283732240597743e+00
1.536974222707423454e+00
1.694565119764416039e+00
1.584385965983283295e+00
1.686534928694891189e+00
1.595246371312142752e+00
1.530823208681542535e+00
1.594359733357932907e+00
1.606799015186879620e+00
1.623818141425602324e+00
1.564497055584556096e+00
1.615749708824818720e+00
1.588276707104879115e+00
1.621922178139330262e+00
1.690387725478114112e+00
1.577272585479628564e+00
1.578302812535444133e+00
1.541444926047553121e+00
1.551475132301766813e+00
1.687989578962892923e+00
1.669690549557727888e+00
1.588512135898939359e+00
1.593425081268262877e+00
1.636267373299837402e+00
1.596946959853288162e+00
1.510833838323285327e+00
1.594173784339469213e+00
1.630878990214729374e+00
1.580125789003145709e+00
1.639599860685043264e+00
1.638742627141298369e+00
1.524246925335172698e+00
1.599149571119327540e+00
1.570185903554149442e+00
1.710206187367367292e+00
1.563519082071944011e+00
1.528542850885938442e+00
1.607936899242350171e+00
1.635820421436102956e+00
1.563058095557496641e+00
1.751974999554966939e+00
1.600687852133968914e+00
1.559757712889538794e+00
1.514451410425405431e+00
1.632621941936203358e+00
1.648291203634665081e+00
1.689651533211478096e+00
1.650010022760557415e+00
1.629309010135964408e+00
1.693866646729120795e+00
1.658597526516285114e+00
1.689189955756998485e+00
1.620251560302337301e+00
1.650632809728724393e+00
1.592421324827469009e+00
1.587474837948305906e+00
1.588566424442187097e+00
1.637884044814437390e+00
1.634652858011023557e+00
1.576192155086534985e+00
1.668878709269984606e+00
1.564936911616293447e+00
1.628534849736062551e+00
1.535120295539132540e+00
1.683819258798687102e+00
1.608184374655224680e+00
1.581293984877217396e+00
1.615002570638169210e+00
1.597327731893742664e+00
1.626281609715723553e+00
1.635762125867827432e+00
1.687255738474807476e+00
1.603543281633218021e+00
1.549016481017293501e+00
1.649336852168372225e+00
1.725002339928009665e+00
1.627106954496031044e+00
1.627646067032002541e+00
1.612072552592155983e+00
1.558159143720392104e+00
1.699092187974883261e+00
1.700625267493169890e+00
1.608021907329683753e+00
1.636409449645847003e+00
1.602687961436947139e+00
1.551823100882604223e+00
1.639233241671124830e+00
1.656002523136099081e+00
1.648597833725767181e+00
1.575273637357662793e+00
1.628262580410793081e+00
1.646600788553439054e+00
1.518919045603174256e+00
1.680093796579124277e+00
1.596423308638143190e+00
1.534845991532669540e+00
1.581746825712042614e+00
1.557216728957775187e+00
1.674719602051712108e+00
1.581404246897814891e+00
1.626288043752110779e+00
1.562196199976761513e+00
1.597947073729395928e+00
1.760500006055122135e+00
1.552018241805621646e+00
1.764891799766870273e+00
1.547093860393699449e+00
1.649132454773992951e+00
1.575559457482700543e+00
1.626807060887435430e+00
1.630957326343638103e+00
1.563480930676631075e+00
1.653340138377014990e+00
1.569328705195193630e+00
1.621651345288218415e+00
1.593943703459817174e+00
1.699862113324662305e+00
1.654450500335301832e+00
1.905162210229455644e+00
1.685960630936809590e+00
1.557491506255806124e+00
1.570745036614255019e+00
1.584403772613139028e+00
1.661589806448853679e+00
1.560158033165024882e+00
1.624303012832761572e+00
1.522843718383680267e+00
1.618398747221488687e+00
1.621654426996834708e+00
1.680039189517942511e+00
1.640036849227256344e+00
1.612061119141447785e+00
1.624614707191182728e+00
1.629832908748512610e+00
1.543967458440332008e+00
1.546705240973885953e+00
1.688467727656865147e+00
1.619177232598769223e+00
1.602700238683060219e+00
1.652189600068799447e+00
1.614591018884673046e+00
1.576745346358708444e+00
1.587650240759463482e+00
1.596518104629176538e+00
1.754334687912708635e+00
1.592305849294804787e+00
1.585323851224744951e+00
1.616132521499919816e+00
1.542130159743307471e+00
1.610886200830124126e+00
1.612567155980233258e+00
1.717191234535340394e+00
1.563645830579126983e+00
1.560231356926568003e+00
1.594573915052263313e+00
1.623274991644145793e+00
1.582581760566087903e+00
1.572954562132689027e+00
1.658035589031828794e+00
1.591868298700518158e+00
1.577602706214622286e+00
1.543544064963815687e+00
1.603120495875537177e+00
1.642472715772293146e+00
1.581869083957559319e+00
1.566003878289535578e+00
1.661965050629005125e+00
1.569165867026849348e+00
1.512239130075606397e+00
1.652307462911193792e+00
1.569066547743674711e+00
1.634915469007055089e+00
1.600328748707502413e+00
1.545576123589182060e+00
1.630187317975619665e+00
1.580364637337223765e+00
1.622849723042643300e+00
1.624948053110334856e+00
1.562681822794190545e+00
1.560938463056716019e+00
1.660225244518818144e+00
1.523968078185918840e+00
1.526321239438097832e+00
1.614860422728177980e+00
1.595650231695673105e+00
1.528018752519067158e+00
1.633799833144475189e+00
1.565476440146225778e+00
1.602734892125456057e+00
1.559739380246593310e+00
1.590928343559644409e+00
1.591771687745051178e+00
1.597916664532446518e+00
1.653297567187746786e+00
1.562207687038397630e+00
1.560393081922899716e+00
1.539071254557126123e+00
1.689986465759248935e+00
1.712631871116066185e+00
1.542305660483237029e+00
1.605042356976969398e+00
1.621089420350952715e+00
1.517411731296155697e+00
1.508020769349323720e+00
1.563693102241174859e+00
1.601123749800026363e+00
1.592944364042350402e+00
1.590646340532030800e+00
1.576981855038286806e+00
1.508449071044533074e+00
1.524790004412243327e+00
1.595277388728725931e+00
1.630252189936612250e+00
1.661814433234303001e+00
1.635453588430660021e+00
1.815466546029270045e+00
1.647690313691757336e+00
1.615163289181529960e+00
1.634774164677009090e+00
1.637388976484267733e+00
1.601759745545655145e+00
1.528435724741118440e+00
1.630760467897385046e+00
1.582930744225127473e+00
1.636544586282325797e+00
1.595648937474527518e+00
1.632493756415603903e+00
1.520168733146304740e+00
1.559543710505307379e+00
1.571169662970576031e+00
1.595149674365908155e+00
1.590184138499242339e+00
1.624873289945872656e+00
1.516896953881582188e+00
1.734636632864779537e+00
1.588313207264043792e+00
1.583959100715495616e+00
1.545224601260346331e+00
1.535113895300800113e+00
1.682468689571131604e+00
1.561386909318157601e+00
1.574311861176379335e+00
1.617727729651058155e+00
1.634203356109085847e+00
1.549040277026556112e+00
1.769965274711785108e+00
1.604274869697033479e+00
1.616145849942263180e+00
1.634768024794628349e+00
1.647909825456450372e+00
1.615796602333137821e+00
1.645098267905477751e+00
1.558898357263584389e+00
1.596994972529591328e+00
1.629580039947457371e+00
1.617597898346006202e+00
1.544066353537920655e+00
1.574538253937507459e+00
1.674191315887467280e+00
1.570631364749400793e+00
1.552965512518767799e+00
1.538885717532087583e+00
1.507156865880801666e+00
1.660795240463444289e+00
1.597859227006779959e+00
1.554073142138024499e+00
1.664277141381885983e+00
1.647032692572216739e+00
1.558639272646709539e+00
1.590879703344659335e+00
1.596958174870892977e+00
1.599139644959502338e+00
1.603759481991939628e+00
1.644940200679495979e+00
1.679844092870016015e+00
1.669591197201678368e+00
1.543839386051469642e+00
1.547255730025320464e+00
1.652181936397627116e+00
1.715478874667444753e+00
1.526050963954701745e+00
1.616595196527346845e+00
1.763656808623049743e+00
1.547201718320564634e+00
1.567204183037587129e+00
1.664749620419692544e+00
1.534621716017921411e+00
1.548204382955008285e+00
1.451392859733058094e+00
1.561831756123822412e+00
1.633959213524940335e+00
1.607217585491892642e+00
1.538695783594716593e+00
1.608578051016557042e+00
1.525062194396737958e+00
1.507068559753212522e+00
1.549250000320109288e+00
1.522503023678391854e+00
1.558223315625329564e+00
1.563675993358040417e+00
1.576195921012889967e+00
1.591002893043080180e+00
1.639248413389310599e+00
1.653422541855588568e+00
1.646877248698134011e+00
1.558010424481397482e+00
1.570835095881571553e+00
1.564788201778588350e+00
1.523568665602169192e+00
1.656572763008464788e+00
1.553748902371206997e+00
1.520177371397652299e+00
1.582127034159163115e+00
1.604414547747993192e+00
1.618557507066911816e+00
1.568900292637180005e+00
1.616848570544921815e+00
1.504149326716627044e+00
1.614350270487623362e+00
1.559290057105590988e+00
1.601210780037018555e+00
1.604624969923758693e+00
1.568074812620144920e+00
1.577042001186485409e+00
1.683769381910721563e+00
1.513131306020557787e+00
1.629890226711265377e+00
1.598101664182245862e+00
1.566178693079106621e+00
1.498939222337756227e+00
1.580407276213007695e+00
1.537846196167139246e+00
1.594000765183146484e+00
1.527376740837836033e+00
1.573154915106228069e+00
1.674128099327861330e+00
1.590739941187738538e+00
1.582762529914927718e+00
1.529622859393920509e+00
1.523974221377760063e+00
1.606193339633062767e+00
1.696348479917848318e+00
1.615475397005084801e+00
1.652629410343903205e+00
1.500547495641128881e+00
1.643220933584251808e+00
1.586164590980391420e+00
1.590786724760550497e+00
1.636606612446525943e+00
1.569427903330171459e+00
1.669329328386246925e+00
1.590443868915793590e+00
1.549971029141749224e+00
1.680649615922393814e+00
1.585402070864868174e+00
1.543297422157605459e+00
1.594346444368968774e+00
1.626026725819558205e+00
1.705479344700463917e+00
1.590735959136909683e+00
1.570171621391439176e+00
1.645627356689143728e+00
1.608956837841339027e+00
1.522691069995109281e+00
1.584561904889728368e+00
1.605961803230600893e+00
1.716195374013960384e+00
1.572272003639948901e+00
1.562030369063249990e+00
1.523063432696422748e+00
1.644539381291070690e+00
1.752096880860058770e+00
1.634009769138345280e+00
1.548487353356334362e+00
1.531554221993823850e+00
1.601427994387825571e+00
1.662916834811697830e+00
1.767505183389810108e+00
1.563256443585546496e+00
1.530305846916850676e+00
1.570933937812841741e+00
1.605340313253442730e+00
1.687624164774369717e+00
1.558144990888157055e+00
1.585522653931584980e+00
1.594221069071735775e+00
1.607515669953858195e+00
1.608851444390900776e+00
1.489174965308213583e+00
1.557909381437538654e+00
1.667920909589968304e+00
1.581913338790221779e+00
1.566310309134561818e+00
1.616028024318015621e+00
1.722391407898012927e+00
1.604825821430245325e+00
1.619950715977789724e+00
1.606541872446470620e+00
1.694027916369249986e+00
1.631015739854719815e+00
1.732160456864551445e+00
1.623855971971719603e+00
1.623448273848876688e+00
1.644156660310332807e+00
1.736559688475006524e+00
1.639674106862617275e+00
1.606538302975254906e+00
1.532997089575481642e+00
1.580007729022518514e+00
1.602641599940947348e+00
1.680366203880340414e+00
1.643450049828492077e+00
1.618455232480794592e+00
1.578645795579786348e+00
1.634196149083435357e+00
1.626397511072198654e+00
1.489224200075008886e+00
1.611552816234224306e+00
1.581980776726104709e+00
1.677439915837601880e+00
1.639488381093147762e+00
1.632723007387687941e+00
1.543746677285743996e+00
1.606251778707415756e+00
1.550701939495870985e+00
1.599986784622765779e+00
1.541755820594685078e+00
1.659460730299459286e+00
1.627911545276480743e+00
1.586402300040290481e+00
1.668633858277302817e+00
1.561219126169410831e+00
1.586390000080838414e+00
1.630811238581079570e+00
1.619524922119639054e+00
1.638058401774918016e+00
1.519542655284929600e+00
1.515990133061352330e+00
1.633345048337264238e+00
1.559768814864419983e+00
1.599742088809443352e+00
1.511069033550905827e+00
1.750228074115236510e+00
1.524940985804135618e+00
1.635955454629068440e+00
1.490009696278822293e+00
1.640480542886564752e+00
1.583887281823299853e+00
1.566308370148697504e+00
1.555849295197444748e+00
1.681472730112965719e+00
1.676993810062731738e+00
1.596702049221484510e+00
1.520221450846565459e+00
1.669254359839097646e+00
1.652140984415598979e+00
1.643875514936271154e+00
1.681554942346944470e+00
1.720862872503550411e+00
1.534788209025945260e+00
1.720272502764615519e+00
1.572075804580755909e+00
1.609680115628237429e+00
1.651171532814819320e+00
1.592838910235720107e+00
1.635591224615912553e+00
1.705820311441809123e+00
1.532781285551603867e+00
1.686619043477058932e+00
1.694316074963116092e+00
1.619212260587623353e+00
1.664325727518309872e+00
1.581209087400184066e+00
1.576060956575360272e+00
1.566045597705290504e+00
1.635183803494027588e+00
1.637733523786046197e+00
1.583008878860115098e+00
1.635774376135056940e+00
1.678195501812665746e+00
1.665892924985488799e+00
1.634077649418930633e+00
1.629359503372370899e+00
1.613215823720175246e+00
1.552853105189937466e+00
1.663822234214271001e+00
1.659310578427954264e+00
1.663760066148405992e+00
1.562133351594880093e+00
1.667387087431227322e+00
1.660963454320076416e+00
1.626463289759864983e+00
1.550508544170532854e+00
1.534840927595855442e+00
1.604816005712704330e+00
1.647071397071146803e+00
1.593416606434291616e+00
1.615413378831994873e+00
1.579775748418446257e+00
1.540885651175427640e+00
1.686783664544905026e+00
1.505101364292073196e+00
1.604235374363605970e+00
1.546619875429640967e+00
1.584513436534959130e+00
1.657958107409346793e+00
1.624665342169589799e+00
1.537555330407161414e+00
1.578654233865625311e+00
1.613338736362138759e+00
1.615487098326056303e+00
1.778797947587992923e+00
1.541185895482113599e+00
1.634030606815750186e+00
1.607548279670630631e+00
1.686789733510329681e+00
1.582334760668614226e+00
1.647489555199451061e+00
1.571940717357547923e+00
1.627644078916252512e+00
1.557261771772720627e+00
1.558964340368773849e+00
1.599243917213015065e+00
1.520031256168508760e+00
1.656242799116029563e+00
1.662832897129025600e+00
1.647050218371327368e+00
1.637750757653638756e+00
1.564906819005577265e+00
1.664926167564566351e+00
1.583036885640626279e+00
1.616813997293484739e+00
