1.305667944323311846e-01
1.870887173715680626e-02
2.352517239172052105e-02
2.898752905025287277e-02
2.772142857538435756e-02
3.106116794124818767e-02
3.244185700072992062e-02
2.593794476649000438e-02
3.511030901399146698e-02
3.007923997648956349e-02
3.066133952594024895e-02
3.168362678831327522e-02
2.598244184007713828e-02
3.122017560300759109e-02
2.639170275027506035e-02
3.255250289294826793e-02
3.091079013682066640e-02
2.784506772308543987e-02
3.090054440545791925e-02
3.155485766037553069e-02
3.114133538191573430e-02
3.085425105354784939e-02
2.845592861067462731e-02
3.026783660430207648e-02
2.730293306401665454e-02
3.021427352050303980e-02
2.678544583999498130e-02
2.482362706350808162e-02
3.152739586169069769e-02
2.634192883496465701e-02
3.009313606749387110e-02
3.364835659798763590e-02
2.485562059062958531e-02
3.359293555762262601e-02
2.833938596029730167e-02
2.665279925209886047e-02
2.978873682362754780e-02
2.641227938291861033e-02
3.176437262403264405e-02
2.938407042098403754e-02
2.710898082863355193e-02
3.593009639970933672e-02
2.795093003051353844e-02
2.634987728581509106e-02
3.054367979434097213e-02
2.549692384416958266e-02
2.559175299700511622e-02
3.146257368674428012e-02
2.985508870657496011e-02
3.430254014621127862e-02
2.573032818140176536e-02
2.910259105319679823e-02
2.848963791306973262e-02
2.880275368033763383e-02
3.187121001160851674e-02
2.851284497587215638e-02
3.023772054729929881e-02
3.568363275814736418e-02
3.226860374690344868e-02
2.793642612739976119e-02
3.158403373815540233e-02
2.945261378688333528e-02
2.739977238717753935e-02
3.008934592028649629e-02
3.041065123942672532e-02
3.058848240344517674e-02
2.893426098416350400e-02
3.064743862810563255e-02
2.932665552752015611e-02
2.901694934115989916e-02
3.121350770182595297e-02
2.755077585974838317e-02
3.208606564218767498e-02
2.947768642513213383e-02
2.778387818736860124e-02
3.133301211869565783e-02
2.973238546140613905e-02
3.023657576861653318e-02
2.937106794301823018e-02
2.918069776446718597e-02
3.062627283251583010e-02
2.942317463208520695e-02
3.089357419418132036e-02
3.042363930291150029e-02
3.140042635370998703e-02
2.563824458327991496e-02
2.980216257459188806e-02
2.668145804598942919e-02
3.019835861594919943e-02
3.181914701330399581e-02
3.018658361331141848e-02
2.973915339817550726e-02
2.673498741115535801e-02
3.029786141212349043e-02
2.466300810019378745e-02
2.564869460647424548e-02
2.685006837102673488e-02
3.110102912997125130e-02
2.770339135018274127e-02
3.079484248617852041e-02
2.515230622777302541e-02
3.042565432810634407e-02
2.595956497565666751e-02
2.881862201875450002e-02
2.875319266728566803e-02
3.432391796086432106e-02
3.549670181799906982e-02
2.674205771544584109e-02
2.978315315121890863e-02
3.093027870755172756e-02
2.631351318951046306e-02
3.534086592984090475e-02
2.887791301789129766e-02
3.173654705013115307e-02
3.010791299836008614e-02
2.812465761179099022e-02
3.166200650315052073e-02
2.956588112127101972e-02
2.681899761190526324e-02
2.764196796365261943e-02
2.687688230129898007e-02
2.590804575517684574e-02
3.228690367714763532e-02
2.612753577746721595e-02
2.658000883444348178e-02
3.585007026243694495e-02
2.419247758007261884e-02
2.855629398038531455e-02
3.145346545853838077e-02
2.583004805495831349e-02
2.947412609893762178e-02
2.849874112839961837e-02
2.857999749704254883e-02
3.092685757975713670e-02
2.768209987046607937e-02
2.486641116984098648e-02
3.487677011369839236e-02
2.896685386514011654e-02
2.790679795548989955e-02
3.419587525248035664e-02
2.774159683507576232e-02
2.797069583463844197e-02
3.621806132120630739e-02
3.107418337405840406e-02
3.090136346488716115e-02
3.251508218995397687e-02
2.683583541053433108e-02
2.802068341863311191e-02
3.035543461052466266e-02
2.691249262199246067e-02
2.886435947978435723e-02
2.660428852703476676e-02
2.982120136002896008e-02
2.883457857608723307e-02
3.179517202172151003e-02
2.947015424007090600e-02
2.911262046063710709e-02
2.775232034187683980e-02
3.140641599465590628e-02
2.666286660109465009e-02
2.892763292583082346e-02
3.054698013692674907e-02
2.649357778193194707e-02
2.880969269191293800e-02
2.764069939905902315e-02
3.035442063686372149e-02
3.116994359273272952e-02
2.977083192884611568e-02
2.633432012005461689e-02
3.068548389824695202e-02
2.711138478069115287e-02
3.134392429618267778e-02
3.213556901297445756e-02
3.035723681086178669e-02
2.411717584982030899e-02
3.217621743556870612e-02
2.759786873810306934e-02
2.730046914739545430e-02
2.674252498791651611e-02
2.890700220527366027e-02
2.839074189966386483e-02
2.858451674667430650e-02
2.534720362990142833e-02
3.306679809702154499e-02
2.910699510757432454e-02
3.079063379631778383e-02
2.852450788668015047e-02
2.964493244603933278e-02
2.750400839248842363e-02
3.140487030167542215e-02
3.335951911819585308e-02
2.713715604119768324e-02
3.011814009041156523e-02
2.913635589351166663e-02
3.101387849890156756e-02
2.928204885751071324e-02
3.508446876761289746e-02
2.839114696017547637e-02
2.777251092009137834e-02
2.659219142183743764e-02
2.915642902932173361e-02
2.793279865551934540e-02
3.249919567629261374e-02
2.398635115639395632e-02
2.631271880494715984e-02
2.639052938289641534e-02
3.248498041770505468e-02
2.553742331555072104e-02
3.035703946278447626e-02
2.955766687317484473e-02
2.898906169525887824e-02
2.733877741217949006e-02
2.969683613094573418e-02
3.189417067666996952e-02
2.917041615264479373e-02
2.727676807270218440e-02
2.477105642313048861e-02
3.250468540038378706e-02
2.694451301399481552e-02
3.320412417936347005e-02
2.412830225318096655e-02
3.005181561160753800e-02
2.515159882752240547e-02
3.227638572659249916e-02
3.121702690526238430e-02
2.563842309761317495e-02
2.752635847655609397e-02
2.913489622449457264e-02
2.918963853200957567e-02
2.833213417719089230e-02
2.702544547111291467e-02
2.789972476423097439e-02
3.113148963977073469e-02
3.250285565592100911e-02
2.741840630135806631e-02
3.163213985620225155e-02
3.339998157468491297e-02
2.744949179986298435e-02
3.220716759118367328e-02
2.993212401865342348e-02
3.049921071388202523e-02
2.733663982331759404e-02
3.043813930586374353e-02
3.187493090238911753e-02
3.176810949866031020e-02
2.800499083456704785e-02
2.974642698142026739e-02
3.148044476294148408e-02
2.526443918066815716e-02
3.143212461872858104e-02
2.908412686697149641e-02
2.711526971203298553e-02
3.327315700591754188e-02
2.549698575833971720e-02
2.935726866812395780e-02
3.222265708971589621e-02
2.431043621203379454e-02
3.213467440794760127e-02
3.361548408824600875e-02
2.745617589727674529e-02
3.056904703425944794e-02
2.994661764174859006e-02
2.730563890408033503e-02
3.265974726042147197e-02
2.874356962034054983e-02
2.771595448206159995e-02
3.140239825778535360e-02
2.581640123662090613e-02
2.836306374445356215e-02
3.235448656504549825e-02
2.646572552582227358e-02
3.124707644363714995e-02
2.905388096415126645e-02
2.729095358109753094e-02
3.215524705099133407e-02
2.587570084427539760e-02
3.370903824691253575e-02
3.287308291692680323e-02
2.403137470305369977e-02
3.098310617772656941e-02
2.968805938440836553e-02
2.904352571043102016e-02
3.039982111954703595e-02
2.826923585294051702e-02
2.976750259893852502e-02
3.407179382027390735e-02
2.545320709891119720e-02
3.101195404809233003e-02
2.713373462994559185e-02
2.897654464746020689e-02
3.223451849142446729e-02
2.642336031623527051e-02
2.949089200864598095e-02
3.095937086962054566e-02
2.392764960321512244e-02
3.139402353098930815e-02
2.876254779218726659e-02
2.873651266413342412e-02
3.696098199599543582e-02
2.789375440496619230e-02
2.797193335245804977e-02
3.351842885837808678e-02
2.369531452146898115e-02
2.957053614667003519e-02
2.856762459034488041e-02
2.942437182347681923e-02
2.763195933490100384e-02
3.177793382237508596e-02
2.837200712675179426e-02
3.045600500116146456e-02
2.784827638903117700e-02
2.881434121581318702e-02
3.479889378766158614e-02
2.584483928673954323e-02
3.237402248610125877e-02
3.030375998115173233e-02
3.047111793942496732e-02
3.664829897116973073e-02
2.572567997854777883e-02
2.856391731156964625e-02
2.871853089428772626e-02
3.057343685847165038e-02
2.900918616885258400e-02
3.182061770525608513e-02
3.163900126753444592e-02
3.023670892485382650e-02
2.739420622921450582e-02
2.563047273172678470e-02
3.521087703991981899e-02
2.587800837707610740e-02
3.109915224089763661e-02
3.264294132086238004e-02
2.537595212247197377e-02
3.228840359659487791e-02
3.240813272383000904e-02
2.685066065806526736e-02
3.542931996435850356e-02
2.792307703287871812e-02
2.773879511143102425e-02
3.128336468524185732e-02
2.878527815278236410e-02
3.013635026118977392e-02
3.295667548508280503e-02
2.639048174022488175e-02
3.096568836065497626e-02
3.082886016387947209e-02
2.835025240433813529e-02
3.180349938973119073e-02
2.879511150904189368e-02
2.435483846592149948e-02
2.939259824999318482e-02
2.690331346068450605e-02
2.565809301003727991e-02
3.125438483214695168e-02
2.403376527199574397e-02
3.018505369785831963e-02
2.909606237411077947e-02
2.564411495542976219e-02
3.403876756389898062e-02
2.783323162088786190e-02
2.608739673493325195e-02
3.059130664759444201e-02
2.945023170280993557e-02
2.640159304547546118e-02
3.139782022937641359e-02
2.706149234324390154e-02
2.781055590842515177e-02
3.134058905700054520e-02
2.576412289332345382e-02
2.980966906420438184e-02
3.492856469462556068e-02
2.852540159857806096e-02
2.653680290769268313e-02
3.057309244414890825e-02
2.739349031947648297e-02
2.903926557142998480e-02
3.403071273676507719e-02
2.873373286179497013e-02
2.892435124303627605e-02
3.282121609621160840e-02
2.834473511421846739e-02
3.457713101151879687e-02
3.236384778845559362e-02
2.589319445496861619e-02
3.177063877141977216e-02
2.745328886023702675e-02
3.264351258407813261e-02
3.199842424442118222e-02
2.836031949351302053e-02
3.027463340388448360e-02
2.975482377225157141e-02
3.051542145261144576e-02
2.867736126932437721e-02
3.129720094051251233e-02
2.675462663731009716e-02
2.679867258795019802e-02
3.141081948416157149e-02
3.019735660283802414e-02
3.069658544717883755e-02
2.498670820525958694e-02
3.073964195283316811e-02
2.597969505494304027e-02
2.767154239758034748e-02
2.744222763250781308e-02
3.073732254222066862e-02
2.725315653664117654e-02
2.771972354794365739e-02
2.635526714054053574e-02
2.656495140709955877e-02
3.414011726567779681e-02
2.736112377410288704e-02
3.191947027446279117e-02
2.411072567547048809e-02
2.733327094886394207e-02
2.608094139144641332e-02
2.805091389578205641e-02
2.671290766492387392e-02
2.801836367322644780e-02
2.866473726519758874e-02
2.754055200914000412e-02
3.149508358527652874e-02
2.605468952145024650e-02
3.297719716340543478e-02
2.746701786151962976e-02
3.015317441637961268e-02
2.367896186030477024e-02
3.192373082222388359e-02
2.916768322607956460e-02
3.072484799925185445e-02
3.112938060699152465e-02
3.158847256914279478e-02
3.467181444676760427e-02
2.601761195948547670e-02
2.871655287402726311e-02
2.752409416130507241e-02
3.160315353412430917e-02
3.338568435125528061e-02
2.434892940934846317e-02
3.013797823766948408e-02
2.602815692224074232e-02
3.261713177607879904e-02
2.809507690708379010e-02
3.215102333424642300e-02
2.512138199551007534e-02
2.976333454967366662e-02
2.699389839866824653e-02
2.821039027571649663e-02
2.710270789612046968e-02
2.918885325225778482e-02
3.206372417946663084e-02
2.680184723575374656e-02
2.980259238725053300e-02
2.763432896496155824e-02
3.047624524313240213e-02
2.482646820189216008e-02
3.109924882874647370e-02
2.891363336902576242e-02
2.724300522537482713e-02
3.255677843621209572e-02
2.480849901349407513e-02
3.098274479927414643e-02
3.003054721318676457e-02
3.291786954891907924e-02
3.051431189582689413e-02
2.701681610175385786e-02
2.906200422751192836e-02
3.017434225434977718e-02
3.374426328866141772e-02
2.836433803742788654e-02
3.057430568160204171e-02
2.816731924712976773e-02
2.984714209313974950e-02
3.065641772000807230e-02
2.805729164900821332e-02
2.752937798407189066e-02
2.681971286699623078e-02
3.064327194179719896e-02
3.228845316758899991e-02
3.088938622971109174e-02
3.053588309144743274e-02
3.019436643992798319e-02
3.124151622000233622e-02
2.747043027064026074e-02
3.148714291867243942e-02
2.939239620904305836e-02
3.006602409807459728e-02
2.859061263492702551e-02
2.918036360583644087e-02
3.217726348408828096e-02
2.793472664691422011e-02
3.185283945147460855e-02
3.083948783879070926e-02
2.971206082758311509e-02
2.873086234347110510e-02
3.455636609654524211e-02
2.804999970400495410e-02
3.276683718372007392e-02
3.126127717637093573e-02
2.936524621967316964e-02
3.421057520296804516e-02
2.849574226688217360e-02
2.921501697773837627e-02
2.783569895926235951e-02
2.860706305753019790e-02
3.044458451426101595e-02
3.142395249603818080e-02
3.020553520122735286e-02
2.926268195152866708e-02
3.003849316407729286e-02
2.843036016292263199e-02
2.772796427819277168e-02
2.927012312993788196e-02
2.724674806689552156e-02
3.202384522183385207e-02
3.088637006109407057e-02
3.482947702543034291e-02
2.814310646711889324e-02
3.447195348004161719e-02
2.923572401976035767e-02
2.710604894220090474e-02
2.980098636955395147e-02
2.784647410347348973e-02
2.859445988146525411e-02
3.018558379897171712e-02
2.936776503479763406e-02
2.894640840292152240e-02
2.949682614000746772e-02
3.201123431570166572e-02
2.852488750040202414e-02
3.032710036414440827e-02
2.844694406509842496e-02
2.877835378172426128e-02
4.872881234528591426e-02
5.591665370191997719e-02
2.900097892861540003e-02
3.208428596857625797e-02
2.733285184477171961e-02
2.933740160699616073e-02
2.833967703967402163e-02
2.827560426393494961e-02
2.882693808017256984e-02
3.339874085580572111e-02
2.929296734205981065e-02
3.049518419395674806e-02
2.847546127134362171e-02
2.807317299189942411e-02
3.185108538565765979e-02
2.639636544994834397e-02
3.467671030639787877e-02
2.845733616559766727e-02
3.378420131636956231e-02
3.086761131183807932e-02
2.961039103357802210e-02
2.796049747710652525e-02
2.565932634292910838e-02
3.180346202911954467e-02
2.564344559528653616e-02
3.495846659898809577e-02
2.961748646706561724e-02
2.539258172795359064e-02
2.996312975384411367e-02
2.779705888548398077e-02
2.960689680169846516e-02
2.693652162981379633e-02
3.243496286142681650e-02
3.084696581379621841e-02
3.117141151382724421e-02
2.612372791441612205e-02
2.662732670970400714e-02
2.849570076772287019e-02
2.992102179961823524e-02
3.068238240213735576e-02
3.033709052601768832e-02
2.510015029433552286e-02
3.249398018058901466e-02
2.710924407443893874e-02
3.187145106628828245e-02
2.562521062416712667e-02
3.097701066148956378e-02
3.179630364282984983e-02
2.706194173814822912e-02
3.086210794258187687e-02
2.921765530075666473e-02
2.744467861613292953e-02
2.826398844243345823e-02
2.970970928461935667e-02
2.918250048870866739e-02
2.657977446301774266e-02
2.742834111180971965e-02
2.708737457852739700e-02
2.985690408652009672e-02
3.177532721187191489e-02
2.890548857708214944e-02
3.283270296734562554e-02
2.885599434817865544e-02
2.944279087437914888e-02
2.835057585990102824e-02
2.970685817543207430e-02
3.085008402068779854e-02
2.756450865559440661e-02
3.066131882326529959e-02
2.935438045424923481e-02
3.238406280721419644e-02
3.248548707719565304e-02
3.079462235632771105e-02
2.683603838342140877e-02
2.573175383075184883e-02
3.225805429845011313e-02
2.901547785519751482e-02
2.575604127231106641e-02
3.233175153476353786e-02
2.531185850805988194e-02
2.843624304304378722e-02
3.181370074973403905e-02
2.482693164859671453e-02
2.977773647298061904e-02
3.122369577264784771e-02
2.800160082944369577e-02
2.725203326236304291e-02
3.006207937849744716e-02
2.846747442495919933e-02
2.732972912056061757e-02
3.083196695854212993e-02
3.106138713573152951e-02
2.650290132806666643e-02
2.676715967241014710e-02
2.895994807998910486e-02
3.023891454439585347e-02
2.468468440556986082e-02
2.679058733085867838e-02
2.876244828097875364e-02
3.004157523090539642e-02
2.791169765042952888e-02
2.851410482662821572e-02
2.689756144597694326e-02
2.851415428749245334e-02
2.723920942174718959e-02
3.058176238358556800e-02
2.705138187977796510e-02
2.766826484122450816e-02
3.214173338991761775e-02
2.745785929656286567e-02
3.086770233951184605e-02
2.980074831526330695e-02
3.092166314288759613e-02
2.705183468600009730e-02
2.782692772359595529e-02
2.749189925349855915e-02
2.438706496218990064e-02
2.878713565631580221e-02
2.904081936267362274e-02
2.883979096684068447e-02
3.116854370484756567e-02
2.597313589766427067e-02
3.069377260719181530e-02
2.450167454209342330e-02
3.314892021344573170e-02
3.033036729661572201e-02
2.634199814166672191e-02
3.156399347202222538e-02
2.821130699462035679e-02
2.998960039306069678e-02
2.917783057712406911e-02
2.733638209070313185e-02
2.969470976005679844e-02
2.875354026808068023e-02
3.052027383762876203e-02
2.961257440497471957e-02
2.641451190011052941e-02
2.985610289638568338e-02
2.838455690046441313e-02
3.026530023577803097e-02
3.045542649071129176e-02
3.119395632434025095e-02
3.014845281090879070e-02
3.152937879792507003e-02
2.885632862713834873e-02
2.657076373709821304e-02
2.499730112870401227e-02
2.760434874295676980e-02
3.061307352740984603e-02
3.020603106182436978e-02
3.182476687198775023e-02
2.785771051548896482e-02
2.784741371739953009e-02
2.885053226027647216e-02
3.404504232839886124e-02
3.273362977117103001e-02
2.905493199833287035e-02
2.967356829990256198e-02
2.909668660138661073e-02
2.646641061738906273e-02
3.118596868222999613e-02
2.856734392480619542e-02
3.031014809743923927e-02
2.976766099873585578e-02
2.711079277333854759e-02
3.148067885140456990e-02
3.087257107708139131e-02
2.911050981321110578e-02
2.870645013752121805e-02
3.323172003130473590e-02
2.707167120039192382e-02
2.703883828401745446e-02
2.941757613399549262e-02
2.923810108953790385e-02
3.074326888318702766e-02
2.869782554835138139e-02
3.076357738892868815e-02
3.133787312839896033e-02
3.055951010495010570e-02
2.983374601213784755e-02
2.881671110382113751e-02
2.623335801021176722e-02
2.773045119045989756e-02
3.030567574028523309e-02
2.825451070301047279e-02
2.731849592822986963e-02
2.981710526000288727e-02
2.765538510118983884e-02
3.186386840561898637e-02
3.047058707627352953e-02
2.655879841155976348e-02
2.925144393267973056e-02
3.044204117934368181e-02
2.984362320414093300e-02
2.872924371834757046e-02
3.258307350232324956e-02
2.947220931834712912e-02
3.000155450683209338e-02
3.204288297218334941e-02
2.900898440848033444e-02
3.080032001419372861e-02
3.062989743735395481e-02
3.198040055885309485e-02
2.622177710850378055e-02
2.730304933197066908e-02
2.685519324906110450e-02
2.962131594471481555e-02
3.141229467631806438e-02
2.701825989470501427e-02
3.023909175613559083e-02
2.792078874762197668e-02
2.723045861773269391e-02
3.112223428355418223e-02
2.554822382880519993e-02
2.520827064214813812e-02
2.967160341208546770e-02
2.900947117042436060e-02
2.859227654760387524e-02
2.977567353777592352e-02
2.706864323579373163e-02
2.918171226861901099e-02
3.047680676210299741e-02
2.744663846577056684e-02
2.890066121577250860e-02
2.727320375871234923e-02
2.943474858988580703e-02
2.599571549168969500e-02
3.134728530412629610e-02
2.768118995396107174e-02
3.035195399949271178e-02
2.949966785254123577e-02
3.121151610337311033e-02
2.889317170793179873e-02
2.893422152797388638e-02
3.002769436203046177e-02
2.710256474508751165e-02
2.769029430987587914e-02
3.109838256375540427e-02
3.130381483619597283e-02
2.834175091435044147e-02
3.130189135952601842e-02
2.664755873438790640e-02
2.964738609326005372e-02
3.088913975908218548e-02
2.983642054869400581e-02
2.916317350201802147e-02
3.092891773479493345e-02
3.006491712747320910e-02
2.397836285705798320e-02
3.160765377631748196e-02
3.135417996598031942e-02
2.794309133996033395e-02
3.081668955563296453e-02
2.950925553392060377e-02
2.425142924797887151e-02
2.659430468767114489e-02
3.026499571015792145e-02
2.620170192107601839e-02
2.790341083714215076e-02
3.126231653871169164e-02
2.560772764745669963e-02
2.595494783540564648e-02
2.981107917503843241e-02
1.934479622982940294e-01
2.767133021947146276e-02
2.840224433937361265e-02
2.901669651793161234e-02
3.001134924152737068e-02
2.937801032064799381e-02
3.193347242418670406e-02
3.063402608181712769e-02
2.788570971092827963e-02
2.995724916796745768e-02
2.630368209696843859e-02
3.063369961190568272e-02
3.067187243739740235e-02
2.645456647786866011e-02
2.777506814673469729e-02
3.140948462169106808e-02
2.838421533130971314e-02
3.156749596788158835e-02
2.706726255257301678e-02
2.950743196622091988e-02
2.769678892375495791e-02
2.927837635726546553e-02
3.000902394465082557e-02
2.643819386298645879e-02
3.252302441315606252e-02
2.846594323435449811e-02
2.794059532036119453e-02
3.022375780002760359e-02
3.206962165063464293e-02
2.901419982548119822e-02
3.289082967892490578e-02
2.908870268624245276e-02
2.925516156968789930e-02
2.963523347588249354e-02
2.976155076149288731e-02
2.780353156250114574e-02
2.978464922555115746e-02
3.044314205410894245e-02
2.566725150166372649e-02
2.735810375067051353e-02
3.399042991607507946e-02
2.558934719407354383e-02
2.993513288233669647e-02
3.315272610546816934e-02
3.063443144825495068e-02
2.878016317779709399e-02
2.861927290554099404e-02
2.733770355417527997e-02
2.807094363186605351e-02
1.453059024218564532e-01
2.704706330557910682e-02
6.464266827577358487e-02
3.145316930565975055e-02
2.805765577442300221e-02
3.149320907294753807e-02
3.080471040764565932e-02
3.413797668285560583e-02
2.694185467352525065e-02
3.067592386661097126e-02
2.799248879091873615e-02
2.466552076979506083e-02
3.344525053895214955e-02
3.070195584211889150e-02
2.521370895233413303e-02
2.963340110450506798e-02
3.249302338508856108e-02
3.405164322912319907e-02
2.960735613578992578e-02
2.836363255077580664e-02
2.925062792193257669e-02
2.626832117244395567e-02
3.347068267396915292e-02
3.147167364483549612e-02
2.754355334449325524e-02
3.347511072619082512e-02
3.041616923027285271e-02
2.577339846024261777e-02
3.003890182054548899e-02
2.943057425914063011e-02
2.904202600989364003e-02
2.920299403176839989e-02
2.942289669458580600e-02
3.167056714922612815e-02
2.946150941427854580e-02
2.826517144369707774e-02
2.900284368299865453e-02
3.199619602944964170e-02
2.876751103882110513e-02
2.966201731004330933e-02
3.014831171261371512e-02
2.790061413724573974e-02
2.441676667051681515e-02
3.307250922426667461e-02
2.768148484440462534e-02
2.539794995620949999e-02
2.743811013936896595e-02
3.050078661181383419e-02
3.093848603615070164e-02
2.872858088151014622e-02
2.765293980090313339e-02
2.637231094233277034e-02
3.358675953957493410e-02
3.251331955588365047e-02
2.658792297148667924e-02
2.695992336743831611e-02
3.000822721064018428e-02
3.320385144406449995e-02
2.933500940914191696e-02
2.719962181267577064e-02
2.750425776654177867e-02
2.815333716078342527e-02
3.037623443326553305e-02
3.017440938662632050e-02
3.119852341485420191e-02
2.474856237250314464e-02
3.134889912785637778e-02
3.413106411954229535e-02
3.202749834720437783e-02
2.685603034857497740e-02
2.489691930091402286e-02
3.150702885707222511e-02
3.025700574975614260e-02
2.830380268471582167e-02
2.680884720784824926e-02
2.705189813914589750e-02
3.457563958156595341e-02
3.004092397197470621e-02
2.995466380130488646e-02
2.828581505149206296e-02
2.954985876582791327e-02
3.345401251946186066e-02
3.048269936148260278e-02
2.845225043738843981e-02
2.695526044052170764e-02
3.201300245495299068e-02
3.557216563013251148e-02
2.993009500264016617e-02
2.480564859851879661e-02
2.570725761782646779e-02
3.330046175455540075e-02
2.920571696010888785e-02
3.151317353522661846e-02
3.011577761422579158e-02
2.703338965567624042e-02
3.015914272684868877e-02
2.902030531765788929e-02
3.113837291179492525e-02
2.642331865599328866e-02
2.807340917705235250e-02
2.638583894412990447e-02
2.860726855997771864e-02
3.345163799255188031e-02
3.065313870388738579e-02
2.887262434029001790e-02
2.776266143372242701e-02
3.072622761840573119e-02
2.877087773750108476e-02
3.080354730471381378e-02
2.876711006482084859e-02
2.760546257234569242e-02
2.937644814197038975e-02
3.160369910371532698e-02
3.039387296690174850e-02
2.758007490867674452e-02
3.141144222415664933e-02
3.030724783597816413e-02
2.643047587712513830e-02
3.192359040701501366e-02
2.967301720818500688e-02
2.974208169143698760e-02
3.067852750573805617e-02
3.109273375293326869e-02
2.728584328629143213e-02
2.980631983936239682e-02
3.207035342928888505e-02
2.809232796747788280e-02
2.977151548167821307e-02
2.920833509240687229e-02
2.982421703929608384e-02
2.864301055996603881e-02
3.098595341562074279e-02
3.086623029017523251e-02
2.522373705373662928e-02
2.956178687708289551e-02
3.045810938913576238e-02
3.092350302501784692e-02
2.812773334203244602e-02
2.909626898354729374e-02
2.927986275909070027e-02
3.408175393969221229e-02
2.748545747758842500e-02
2.812600903061717242e-02
3.105569485919696879e-02
3.262436262604140325e-02
3.016296536527642708e-02
3.125455540554849393e-02
2.751035579886568910e-02
2.919749170660605048e-02
3.105842819958181539e-02
2.963813010081802618e-02
3.087278564714666593e-02
3.291847804825490803e-02
2.845791126778563288e-02
2.986342894187327818e-02
2.808401483699676099e-02
