3.734939224090226162e+01
1.113157724881741295e+01
7.420344085490823360e+00
6.537249725557696678e+00
7.721872357428241074e+00
7.802415831552216297e+00
7.463687522258451779e+00
9.304804159393246010e+00
6.530460626956338110e+00
7.902213462566846758e+00
9.346452861420184277e+00
6.263121520039410584e+00
6.929779361157015316e+00
7.944264253104340590e+00
7.591168436398920250e+00
7.351917342824571655e+00
8.645757159849722484e+00
7.231297884092884765e+00
8.464028271168043460e+00
7.094140530378187925e+00
7.131665212641077112e+00
7.294615091354688552e+00
6.331429740544407103e+00
8.415430172556092714e+00
7.835359203485769974e+00
7.533133193936475180e+00
6.056763219689750954e+00
6.495220466167484830e+00
7.703337010849093502e+00
7.894628807257756620e+00
6.672723101460312556e+00
7.893914241424696776e+00
7.849517826013708621e+00
7.712463681052317277e+00
8.382511896559904585e+00
7.355666759761064100e+00
6.802428874745697129e+00
7.338993408995702517e+00
7.932766465494895947e+00
7.779477488163118792e+00
7.458027739391314803e+00
7.128168303888715585e+00
7.706358259844691361e+00
6.800129460561881167e+00
7.980844142524844642e+00
6.723653221552509329e+00
7.928241555670664908e+00
6.896654035504294455e+00
7.685240380260170312e+00
7.916002537121442195e+00
8.560143445985275434e+00
9.153335038121209521e+00
7.124236809216048627e+00
6.834542965549082361e+00
8.318226219801099219e+00
7.017720915948096660e+00
7.236171213940520985e+00
6.778363470948153946e+00
5.850995021039013366e+00
6.932229588202333481e+00
7.758544243589847511e+00
7.008795756364238905e+00
7.323294451643087122e+00
8.434134653993957897e+00
7.530379414086000089e+00
7.692710723182774046e+00
7.862909808249254340e+00
6.717317377936548262e+00
7.918268645066818934e+00
7.454269053625469432e+00
7.676510360674522637e+00
6.366707408547947367e+00
7.916007542431342969e+00
7.806790952533324557e+00
7.687244694825810853e+00
7.395222200085557418e+00
7.712946091795966019e+00
8.049982485934338072e+00
6.915885271874766538e+00
7.615994391262868923e+00
9.158247931749164295e+00
9.479914866078049229e+00
6.936406485510148379e+00
7.511762884439782795e+00
8.742368702521329027e+00
6.621364297326685744e+00
7.472366788163832041e+00
7.728856079665566980e+00
7.501214358581515640e+00
6.751201412324147277e+00
7.466833056756362552e+00
7.106398216695586356e+00
8.649958483606299708e+00
6.124068054111466708e+00
6.527381124456977268e+00
7.377483422965644522e+00
6.884317507567073946e+00
6.309321041034444022e+00
7.173998275697040405e+00
7.164288859431001022e+00
7.218639727438006304e+00
6.540249123869395831e+00
7.030292435662178541e+00
6.167173459452682138e+00
7.446246273121711390e+00
7.302734369137313664e+00
6.797081779177799099e+00
8.367243189437942874e+00
7.515184008097729240e+00
7.842431250004556986e+00
8.440457839324469802e+00
7.519753099097390425e+00
8.041841289691442185e+00
6.519106006776116402e+00
8.918682120795724089e+00
7.465531790475896656e+00
6.858614901288187404e+00
7.502771861291357425e+00
7.539843203652216275e+00
8.639849765486731670e+00
6.779823786926984397e+00
7.253198164615053400e+00
8.196166274377695515e+00
6.834961758240327256e+00
8.019557754047722753e+00
7.403342887320519594e+00
7.290640155083267793e+00
7.000461968065977203e+00
9.547543055310780957e+00
6.263534071181040552e+00
6.846568530822727539e+00
7.307659441463433048e+00
7.629337483962100208e+00
8.047732821603828413e+00
8.024666117990545189e+00
6.059191502453444400e+00
7.045016718880719786e+00
7.234702492415567399e+00
8.230217259421195308e+00
7.395794196372341922e+00
6.455341789920300499e+00
6.879419488031340180e+00
6.921837712670702025e+00
8.331268651193306951e+00
7.683261473643533179e+00
7.047701746339980033e+00
8.496986564276090448e+00
7.540046967670763323e+00
8.272227512424031204e+00
7.390603990914319077e+00
8.540208897754073547e+00
7.886112503196330614e+00
6.739221770141178069e+00
8.433580208856616522e+00
7.288622056909392022e+00
7.723392118219709168e+00
8.363380763831614217e+00
6.683199250820088366e+00
8.264378453211648434e+00
8.634877792625355042e+00
7.481062986560086614e+00
7.453125869435273998e+00
6.773615063402028902e+00
8.625143366673617251e+00
7.062612442007120350e+00
6.377021834253894461e+00
7.182057681232309143e+00
7.864829225351169129e+00
8.564776023675285899e+00
6.971165780164458425e+00
8.362881312922977983e+00
6.991509425506642117e+00
7.167986059795806497e+00
7.300234134317761914e+00
7.940901325805137745e+00
8.781472291014164711e+00
7.397036509884320488e+00
7.138455977544437836e+00
8.381010196995248407e+00
7.541854947593164660e+00
7.021381333665813962e+00
6.241703736702138627e+00
8.164533928322637024e+00
8.204136464377466353e+00
6.681952990377487467e+00
7.175433152737706877e+00
7.077901482936045596e+00
9.343035267837217717e+00
7.567543911751987373e+00
8.164022945610062365e+00
7.697676984121009092e+00
7.775019103048483871e+00
6.521933836704200793e+00
9.313532414073328880e+00
7.746716459452836823e+00
6.434870265620425300e+00
7.862326143286253455e+00
1.043167641634832243e+01
9.574416366035872983e+00
6.702324896702299029e+00
7.269876257233504724e+00
8.433380457669823471e+00
7.588740778454194036e+00
6.145314475204062710e+00
8.607879681340545375e+00
7.243537586740421474e+00
6.720384991621169313e+00
7.044985236792523864e+00
7.410869948274637409e+00
8.312855572359328704e+00
7.288416708424634294e+00
7.813542282638096026e+00
6.861453532552560297e+00
7.976887605665093695e+00
7.300033786608184805e+00
7.778253679592364911e+00
7.774387157103648249e+00
5.958924676363234418e+00
6.895845862701853513e+00
7.743766102554866748e+00
8.196891398680886454e+00
7.989371012089860002e+00
9.194216424147521494e+00
7.965451782065146702e+00
7.167451101255085000e+00
7.562190908815552781e+00
8.970508466114150536e+00
7.387161499439728551e+00
6.582605233308648884e+00
6.673626365675310090e+00
6.940342011066753969e+00
8.130559807003569617e+00
8.198072871790749616e+00
6.530057569917777194e+00
8.197638922437379350e+00
8.338419458011223639e+00
7.197834518082211197e+00
9.421240213033582833e+00
7.584026889524682957e+00
6.517849009820870343e+00
7.342457563125019959e+00
7.280117015196373664e+00
8.143150062482547469e+00
6.893938887267696991e+00
7.418133825594985353e+00
6.348936867606472134e+00
8.225934739324529232e+00
7.418189073535939926e+00
6.862455284473607087e+00
7.841980145954407178e+00
6.730382833280686761e+00
7.665049010209914471e+00
6.811799136691509382e+00
7.191579340909971307e+00
7.789804894165118121e+00
6.817183462865310517e+00
8.244581605726512663e+00
7.933069313372265619e+00
7.845000001635957787e+00
7.586817026079268445e+00
7.395063846488219461e+00
6.962580579820386362e+00
7.895928743469443845e+00
7.366364387025226002e+00
6.874069544759046302e+00
7.543176549577711221e+00
7.406348932141990637e+00
8.707265000714244252e+00
6.983293440212078984e+00
7.889192484962751273e+00
6.875279853158441590e+00
8.714347834063046250e+00
7.713319478662111983e+00
8.251289574192544052e+00
8.602383948435543104e+00
6.295976071097860505e+00
8.251937501783066509e+00
8.915822416151346630e+00
7.058635938574879809e+00
8.852786628674977010e+00
7.540607027408839258e+00
7.441139706655472530e+00
6.949642993547069381e+00
7.894335049791776804e+00
6.745221260705052124e+00
8.756468970132756269e+00
6.999434298891364925e+00
6.562931882033685049e+00
7.338397811829977968e+00
7.742507584365623252e+00
7.383445040739285758e+00
8.624011316621105649e+00
7.055164992004932856e+00
7.340212130202336205e+00
7.625844345861669815e+00
1.010825612768813819e+01
7.163822851562713367e+00
7.509678497715035483e+00
7.275854819875661406e+00
8.144217031367496418e+00
8.500374018630484585e+00
7.166485806344648601e+00
7.067880150897930314e+00
9.879694780047325153e+00
7.921738604258871774e+00
7.688115887434406659e+00
9.108855121988968406e+00
7.449844745944525393e+00
6.585685443798572791e+00
7.157786531759390058e+00
7.868646682115965518e+00
6.279021485359506549e+00
6.868551878356803364e+00
8.536696182428272550e+00
9.422306482825355545e+00
8.064827672754891097e+00
8.021301578490524165e+00
7.858024284619079758e+00
8.173257325050569122e+00
7.603169743884008902e+00
7.016471072816397481e+00
7.870569471613847234e+00
7.185321530623195230e+00
6.684495852205183830e+00
6.951427650033425110e+00
8.032724993786159118e+00
6.705153637287606827e+00
7.116482236633724590e+00
7.446858318207858041e+00
8.604524887654950049e+00
9.101125559404680487e+00
6.561641544838674456e+00
7.727392866056688625e+00
7.245672615185675625e+00
7.684858107239376679e+00
7.188531236564745797e+00
8.673314203595397842e+00
8.408714573622367183e+00
7.547678580421409933e+00
8.926205254562699309e+00
6.786084287994935238e+00
8.864693822843548787e+00
7.134969919546503725e+00
7.277181648530297586e+00
8.193974327377475220e+00
7.389908650197309470e+00
7.279398181193481143e+00
6.918105225551905768e+00
8.863929196981029435e+00
7.261767959123415217e+00
6.865262285168134859e+00
6.808979834822159738e+00
6.601501763496278485e+00
8.624312547823880237e+00
7.422561272589217829e+00
7.222970295127973728e+00
5.998196798124628693e+00
6.725884977331851644e+00
7.410597560528094263e+00
6.930257628220256372e+00
8.477515655589831667e+00
8.563112096306177534e+00
7.313201881109326230e+00
6.848092463164723753e+00
7.465462486372716810e+00
6.882769290210976720e+00
7.808062385621354018e+00
7.930810487914286000e+00
7.308226984931956771e+00
7.789365274054040889e+00
7.164639599797461678e+00
7.125310051991776028e+00
6.411676017794194493e+00
8.686808075981467425e+00
6.162227668420718452e+00
6.760270437770762086e+00
8.321741115637941277e+00
7.604837040997569630e+00
8.011760564393185291e+00
8.109481738094784120e+00
7.825255531632325123e+00
8.340371147278442976e+00
8.898186115938734986e+00
7.879145321782622169e+00
8.101809074590249793e+00
7.063056654803968826e+00
8.506415420931073612e+00
9.055902772136864343e+00
7.140251856088649873e+00
6.811230367433643629e+00
6.824035015610247612e+00
8.644715729200051157e+00
7.950799445439415969e+00
7.125781816738886221e+00
9.170599252249424183e+00
7.147562511972197719e+00
8.215493189770409543e+00
6.746355502142359128e+00
7.606400233358512786e+00
6.984483911251071930e+00
6.071376394861376369e+00
6.503650422044085389e+00
7.739823393087065462e+00
8.077307734419445495e+00
8.407602699589372008e+00
9.003175730309376235e+00
7.371078884032638889e+00
8.387251259798603087e+00
6.827374294896404905e+00
7.189370062185224342e+00
7.209662596103272314e+00
7.760841959419511937e+00
8.388485438640602254e+00
8.100572907446391469e+00
9.249835521775180425e+00
8.065622666705609234e+00
5.902560859618970923e+00
7.769947108778605838e+00
9.108959738417112817e+00
7.139894711190695631e+00
6.951278382353307528e+00
6.933060232481816243e+00
5.964731147471588280e+00
7.914860900008343414e+00
7.477432268314858632e+00
7.449854506157921108e+00
8.465125159253153342e+00
6.475848380056703490e+00
7.327766605790948518e+00
7.698263361508562497e+00
6.687383038432444415e+00
6.338793061896797809e+00
7.849484535215609959e+00
8.184310151738239725e+00
8.217841920645485132e+00
8.099886783076897245e+00
7.211359101258834947e+00
8.759735745028791598e+00
7.670492191341693911e+00
7.948337845224702214e+00
7.237671362244407547e+00
8.450883701359064304e+00
7.920727855930862482e+00
7.372831316256593936e+00
7.241266406780243692e+00
9.193405026769195132e+00
6.656000649343781106e+00
7.508980889834267813e+00
1.011169275361243791e+01
8.593418118698780361e+00
7.769178128218439561e+00
7.484289410062501702e+00
7.864722481124893250e+00
8.690746789428262176e+00
7.272435322446217043e+00
6.979638246638965704e+00
7.789467673609555831e+00
6.394819234091912108e+00
7.851984976756080314e+00
6.799472378975854880e+00
7.860301025094890370e+00
7.557853154753124691e+00
8.139091171929404567e+00
7.169375007100469155e+00
6.811893456471879382e+00
6.755953702224356761e+00
6.722775120113271718e+00
7.684172880217279733e+00
8.019870741967210392e+00
8.077262173202180762e+00
6.817159022169537508e+00
6.968631318742073866e+00
8.320950292142875071e+00
6.800758035057117290e+00
8.353292506840972464e+00
9.647003028744267183e+00
6.577134899210944852e+00
6.907469674135273685e+00
6.609758206867083707e+00
7.544523410692058007e+00
7.844062041695197607e+00
7.762389704110472799e+00
8.524288088449067047e+00
7.822747699147665656e+00
7.102823644208000609e+00
8.016111819423279883e+00
8.213487428008463098e+00
6.989895500939969253e+00
7.808324941413832043e+00
7.920269086058056907e+00
6.848199609281541811e+00
7.634796303250578120e+00
7.985189989556546131e+00
7.948513038630114380e+00
7.867777106376402152e+00
7.614255096754037666e+00
8.248438981169520900e+00
7.190971745651405733e+00
7.456123825565469154e+00
8.566279060591694972e+00
8.544623191068122736e+00
7.630003280059466597e+00
7.258531784046023283e+00
7.799338123812524337e+00
6.868979671416649779e+00
8.040457819444803533e+00
7.672442556198718400e+00
6.204743853160002764e+00
7.024113592373153026e+00
7.284591295168405090e+00
8.038546753626123476e+00
8.730448708173687677e+00
7.147174362990501351e+00
7.669355474372734349e+00
8.153033836640409149e+00
7.869444350936343646e+00
7.021309264213305035e+00
6.621877864980832307e+00
6.955701202709939857e+00
8.098110350981766459e+00
8.335803924734310755e+00
7.966084284199454579e+00
7.792981805421586472e+00
7.506715965718082195e+00
6.450762444766020565e+00
7.008638224832779429e+00
8.166865679629756514e+00
7.976117457601083593e+00
8.767920634721905415e+00
7.509260933527699855e+00
7.399306257130640496e+00
7.159242723284981125e+00
8.586068580185461485e+00
7.589541703904703951e+00
8.641237609671785336e+00
7.481442046978094673e+00
6.383363449348883556e+00
7.335918258390751845e+00
7.377596069181119987e+00
7.947207793951859500e+00
7.647881711281053541e+00
8.919603222175609858e+00
6.986018460259179719e+00
7.069041628015674483e+00
8.736668249993160273e+00
8.790356011377017609e+00
1.113064670112197163e+01
6.372609514368414274e+00
7.248748616214967022e+00
8.108264895911871051e+00
7.612744101077953296e+00
7.317483728543844990e+00
6.669884762438544001e+00
9.278424891468349145e+00
8.122288499717965848e+00
1.103252791153445145e+01
7.229994500625896769e+00
7.354678608391016503e+00
6.847504130969068292e+00
8.776297392819214949e+00
7.922270685381169741e+00
7.353412588892479285e+00
7.858078676328523748e+00
6.638348097971433326e+00
8.682505247275546623e+00
6.928113063929523641e+00
6.476095229778188411e+00
7.317479601511513110e+00
7.228721345437369550e+00
7.690767575151450153e+00
7.186421833279275972e+00
9.252636248825934828e+00
8.015986177477207875e+00
9.059599737427044275e+00
1.004631610317977852e+01
8.551226642229586616e+00
1.067584218176333621e+01
6.568974563584260018e+00
7.016787795383291559e+00
6.947345519998778585e+00
6.786570902158092444e+00
7.663268754016330675e+00
6.537129234506140030e+00
6.864535288319366657e+00
7.999742560012419901e+00
8.227022322456752690e+00
7.229199222916099288e+00
9.092431925119536018e+00
7.041497196593144103e+00
6.309784924769703096e+00
9.979607198078243258e+00
7.806068384246016123e+00
7.282792573278343617e+00
6.563427352105996704e+00
6.924191739636997411e+00
6.092613919404561429e+00
6.899255306822854372e+00
7.821543257059474286e+00
8.128959903487510630e+00
7.223948002952126579e+00
7.086356560820228800e+00
7.982975923728069745e+00
7.941938089227367215e+00
7.119470657013756032e+00
8.160446852576651366e+00
7.784713041505875175e+00
8.029800385005538388e+00
6.911084016527901497e+00
7.246044921668779004e+00
6.469109963512434724e+00
8.131237922892264436e+00
9.184077785854416476e+00
7.993168340980103537e+00
9.570549060052572443e+00
6.994363543961819474e+00
7.822213302881690034e+00
6.747976052378700906e+00
6.385377850947153711e+00
7.292760491143062573e+00
7.425514863164630164e+00
7.725456367211704034e+00
7.740220463358617131e+00
9.918033944065005159e+00
9.017867880027170102e+00
9.646395074519803714e+00
7.581909428568795128e+00
9.043857219382074319e+00
6.270206552447613824e+00
8.701202945667775523e+00
9.547487022431786485e+00
7.959092604467313592e+00
6.941436174190020125e+00
6.921564852003808888e+00
7.035870810842664191e+00
6.330791746053945346e+00
7.264592663155617913e+00
7.756213785105027014e+00
6.182026574156366472e+00
7.117620162164859821e+00
7.694985860130182154e+00
8.140599198385709556e+00
8.378208140944462201e+00
6.489311978624217936e+00
7.858054106341719525e+00
7.278698649300250345e+00
9.198263740791260190e+00
7.590951197557897601e+00
6.743587821888795020e+00
7.094106525822176046e+00
7.450826994830507921e+00
6.592969747669489067e+00
7.662853056238848382e+00
9.050804653700847524e+00
7.594133238274095810e+00
6.872117456681172243e+00
6.287128102290244769e+00
7.583178206983808067e+00
7.281009935074070683e+00
7.999943791781931601e+00
6.605078558793930910e+00
9.605964804758349018e+00
8.413984092318818497e+00
7.862629513392040081e+00
5.573163529962826601e+00
6.965866830394349840e+00
8.529995636410692583e+00
7.807418298390309097e+00
6.809677566467779108e+00
8.954054235167527409e+00
1.043581075337584352e+01
7.986442697783481925e+00
7.595738120602610444e+00
9.879993065480952907e+00
7.949322960199568300e+00
7.430297224517005361e+00
8.582279091544354088e+00
7.498806237415623244e+00
6.339171102015759729e+00
6.341363395931645996e+00
6.668201597929349411e+00
8.206237376241325876e+00
6.776425953121240298e+00
8.957550328891231928e+00
6.703685725928400174e+00
6.642904506797631115e+00
7.381315614170592454e+00
7.702470315795096667e+00
6.844482255826467743e+00
7.495013556557251100e+00
6.458431886678610567e+00
7.436092239523638625e+00
6.304819407887213956e+00
5.484229505658267279e+00
7.956601457350553908e+00
7.181308787212820732e+00
7.811676925878024313e+00
7.646351701519408017e+00
8.199691643012517517e+00
7.302137945325263502e+00
6.266224152015830384e+00
7.169852254416541726e+00
7.878073043254164354e+00
7.307507969872334641e+00
6.896201808692908664e+00
9.344898877640941848e+00
8.093274963286390289e+00
7.678204399883959752e+00
8.388318383163703373e+00
7.335784154792766465e+00
7.231061499848318697e+00
7.528727520681789187e+00
7.858850814609866120e+00
7.824563661253352898e+00
6.774901753368758328e+00
7.464446319051490697e+00
1.166176380843308102e+01
7.052369801836598562e+00
7.484173376012060785e+00
8.485793345567483215e+00
8.571262892598754846e+00
7.283540657687951558e+00
7.516402321143162091e+00
7.849092195582062281e+00
6.635560512397985278e+00
7.098283733915399019e+00
7.142141475529423467e+00
8.801009036847004197e+00
7.354477290743358431e+00
6.533873693395504390e+00
6.509371351394516836e+00
7.081885343862865945e+00
6.825598138017146432e+00
7.094707931332646211e+00
7.400826300237900668e+00
9.049005257569199046e+00
7.439194873184150403e+00
7.789813072667213234e+00
7.611196102569778965e+00
7.460367373627462051e+00
8.579660085760041355e+00
7.739172516411603198e+00
9.391777499950032748e+00
7.539574550776160677e+00
7.082108132758929919e+00
6.291688259670571881e+00
7.205331528400486185e+00
7.789097664568548574e+00
6.296351062827473477e+00
7.860843360840822136e+00
7.680629975211855864e+00
7.341439903310954307e+00
8.299025305026662025e+00
7.958193756824637255e+00
6.615055301737457150e+00
7.408461551650172616e+00
6.948865504272839999e+00
6.844574313560573664e+00
6.112985943316415316e+00
7.530509634619519943e+00
7.217973378010128727e+00
8.237162632101391324e+00
7.522502775904559513e+00
8.760977447430896348e+00
7.681079101024680611e+00
7.622295747094740115e+00
7.423027816140407964e+00
7.551893279991995556e+00
8.398342808546496840e+00
7.827502983822930638e+00
7.204785428203504871e+00
6.569136059616778489e+00
6.144384971306640963e+00
1.020532269330814223e+01
6.179194778422132828e+00
6.391511546843132940e+00
8.807297222770392509e+00
7.065278918318124823e+00
8.427102774483152814e+00
7.240143154420893623e+00
7.175500110491482175e+00
1.022659115318928968e+01
7.198048376487752087e+00
7.671861406503581726e+00
7.047908691547949189e+00
7.794448697450607533e+00
8.600637778586605720e+00
7.192467978443823462e+00
8.605802090025910900e+00
6.900331600688867972e+00
7.409200161992601785e+00
6.087962555470178394e+00
9.232460069085149712e+00
7.692630274982874994e+00
7.619521524437275595e+00
8.005484193103985291e+00
7.297840227367825783e+00
7.285355138618545112e+00
7.396987675732091816e+00
7.068138686851831665e+00
9.474983577642557719e+00
9.217701269711593426e+00
7.755535304744691771e+00
7.817824441312023254e+00
7.433514752102055034e+00
7.592964143474240757e+00
8.969417218137062164e+00
7.238903506371951124e+00
7.461077828421563751e+00
7.994219570378478856e+00
8.024103004656160110e+00
8.410742265351856872e+00
7.410528796983685496e+00
7.964140848694588826e+00
8.352246264132647369e+00
8.762314740878847985e+00
8.310681641911878970e+00
7.232111367249438594e+00
6.544668325778840945e+00
8.364616121965553930e+00
8.255924421016469950e+00
6.096812239849406012e+00
7.456209526993613501e+00
7.462703356731193338e+00
7.787719754208063172e+00
7.999840334331469904e+00
8.124757798827632271e+00
7.867108509182097364e+00
7.425697950652672574e+00
6.166626940932758316e+00
7.302664523416788178e+00
8.364538532377169489e+00
8.504150336822091205e+00
1.031623503759024807e+01
7.248480234677342260e+00
8.551282234431425877e+00
6.891015475670425161e+00
6.636502630980397832e+00
7.406706058987480468e+00
7.572296901451165851e+00
7.881158457287092745e+00
7.913742829345774332e+00
7.731589385836884709e+00
7.091598410599987190e+00
7.820341623751824400e+00
8.342064331970362900e+00
8.004349448549398005e+00
8.477383063596962032e+00
7.630101926000588008e+00
7.003754936101489470e+00
6.653362979071114403e+00
8.475929345507351442e+00
7.560402529998604848e+00
7.411436738267124902e+00
7.468942550164478611e+00
8.042866860920916849e+00
7.549241552891587936e+00
7.502668561828597760e+00
7.236280227946958021e+00
7.469621122567507321e+00
8.001287581083685652e+00
7.333395548892506888e+00
6.861150651505891318e+00
7.638864699689917437e+00
7.848120285379910577e+00
7.529767450791365668e+00
7.970780418307991333e+00
7.643527455245533453e+00
1.058371395589765562e+01
8.056972393034772750e+00
7.378141379473996508e+00
7.555834090159387451e+00
6.731616067473588316e+00
7.360129028975176624e+00
7.396775720083073935e+00
8.290758692096572346e+00
7.634182350997696709e+00
7.480685249758959543e+00
7.508026540219639777e+00
8.894546214598081590e+00
7.662166308299749318e+00
7.451892185742481800e+00
6.829485157995563327e+00
7.593690565786775259e+00
7.997960973007369745e+00
6.633080838002100244e+00
8.484222684885311949e+00
7.569909498247005430e+00
6.572137125419582837e+00
5.964722920436219766e+00
8.265810633107189886e+00
6.349558556852917590e+00
6.414540855485264537e+00
7.198688986855972693e+00
7.117106019412370088e+00
7.310756298589791591e+00
8.187269784975171660e+00
8.318386273797575114e+00
7.666611426304450028e+00
6.941241701057697000e+00
7.226302613883958337e+00
7.693181540029780940e+00
7.478962705657433041e+00
8.142391702082914406e+00
8.372346030905074343e+00
7.412330729620717484e+00
7.490486409218546804e+00
6.971013865231028284e+00
7.360493745604283156e+00
6.639087145664800182e+00
7.769669417488863417e+00
9.967706010808891293e+00
8.373692081715176982e+00
6.975141650273975813e+00
8.401458031624136069e+00
6.548883970209059768e+00
6.849141825464631239e+00
7.998083341521296852e+00
7.190201654000233589e+00
6.848555996115495148e+00
6.699055302022142833e+00
7.921288056302294933e+00
7.700653683302311592e+00
7.007420164759154524e+00
7.594530978651001796e+00
7.990103570015059553e+00
8.818141789576054990e+00
7.139148249576849459e+00
8.301346611927595376e+00
7.917235594942369836e+00
6.627804052137053148e+00
8.188296243319603818e+00
7.681436837770391435e+00
7.365747025155028993e+00
7.520288689124891235e+00
6.771099413612764906e+00
7.971669487384481556e+00
7.227601168393031017e+00
8.165774373303648304e+00
8.307542715772957109e+00
6.720578923443000896e+00
8.696944176540132077e+00
6.852249669252501896e+00
6.165523068606390211e+00
6.406993437531355973e+00
7.391747854058786871e+00
8.278663599892118086e+00
6.737072913492435866e+00
6.838626089836925992e+00
7.158375666901826584e+00
7.479814224635282116e+00
7.824459106070493775e+00
7.037961351021003509e+00
9.062952459998724564e+00
8.036818797365098632e+00
7.591997513622404270e+00
8.076688478009616645e+00
7.357460106580288262e+00
6.844584658929087517e+00
7.203144710100107595e+00
7.958918384659781964e+00
8.470314710471917863e+00
1.010458114916073669e+01
8.456630838144194584e+00
6.568814432021033767e+00
6.444409704797447347e+00
7.678960593978882976e+00
7.363035864454058554e+00
9.677875580350985274e+00
7.637339920678716254e+00
7.310712841981623633e+00
7.586645684459250027e+00
6.487678670686345406e+00
7.574656971174234421e+00
7.038349033434303514e+00
8.708018005564488462e+00
7.575412937973575289e+00
1.041796728197530619e+01
1.003569450569905719e+01
8.926573919764985376e+00
7.763225127974465956e+00
8.682226762129554132e+00
6.300043581014080019e+00
7.316880404725853992e+00
6.256139022963369101e+00
7.098878861765184567e+00
7.740280727880163525e+00
8.540264371991206360e+00
7.360176769088578652e+00
6.569326248531496049e+00
7.190748696482638813e+00
6.153729271373678422e+00
6.690989099845693566e+00
7.003876766956553368e+00
7.821359252516655758e+00
7.150348461981216097e+00
6.469579577820072203e+00
6.419536235573755079e+00
6.495323796402050043e+00
7.716735344110114525e+00
9.854808319053724119e+00
