5.353399037555072598e-02
4.859073877210475650e-02
3.426198700822725290e-02
3.440966040971971118e-02
3.321917646800515156e-02
3.629045548690692374e-02
4.045048471937955081e-02
3.580110407410277973e-02
3.417398574291125035e-02
4.032783236420296735e-02
4.521000818218887107e-02
4.216058433486738477e-02
4.129453134517970664e-02
5.163168060449179614e-02
4.366776842207156784e-02
3.899755597739191365e-02
5.057207854349087678e-02
5.295730214001017483e-02
3.522338182155017317e-02
4.200077222814507794e-02
5.407346040769798329e-02
4.381957092265847259e-02
3.746348210295164655e-02
4.535479334333928497e-02
3.946746656653193214e-02
4.112758046166766629e-02
3.678117691684462676e-02
5.340926226939553961e-02
3.517676616433020043e-02
4.573808347354298837e-02
5.410490714119575023e-02
3.972095882190781330e-02
4.460007732258040175e-02
3.224960644240808250e-02
4.219434887053197247e-02
3.886566039955533652e-02
4.707402559713145390e-02
4.360000573175866478e-02
4.116514269649507174e-02
5.549970469568126646e-02
4.763416814499667890e-02
4.725051570515416410e-02
4.323059920086642915e-02
4.090411009959961375e-02
5.154063651983746552e-02
4.923065533654379100e-02
3.597771905570007478e-02
4.318486310484245111e-02
3.838735569256818830e-02
4.063108830159733315e-02
3.784905501220471591e-02
3.786904837030045240e-02
3.540419232768580310e-02
3.535331951817934082e-02
4.605962883105153144e-02
4.537967298252767318e-02
4.485758272939635583e-02
3.830180711033727425e-02
4.885926121320839643e-02
4.645486508719173097e-02
3.833590002101656957e-02
4.596821105375558519e-02
5.130109224516773286e-02
4.798090317343232242e-02
5.169017377612558639e-02
5.164493466886553585e-02
5.146368558146377503e-02
4.774665210582504371e-02
4.774474702199864307e-02
5.339370770282762801e-02
3.058020828288056034e-02
4.222871039847991143e-02
4.162083957223443320e-02
4.904128799086064638e-02
5.085115931806040435e-02
5.505488509324626273e-02
5.334196010736205057e-02
4.227720543853418639e-02
4.608301318901776578e-02
5.378596783310383989e-02
5.136815228642051256e-02
3.471642309605951077e-02
4.691244825220473175e-02
4.523219878007206374e-02
3.664522225306645481e-02
4.047558239614588993e-02
3.695445814870179646e-02
3.951979890754149516e-02
4.682003003516907458e-02
3.758059567334242485e-02
4.330675038725780024e-02
4.956539982993875965e-02
5.576643902619683041e-02
7.029156163230659837e-02
4.536174256923416331e-02
4.332975399902739416e-02
3.721092382721473413e-02
4.446695417631199576e-02
4.083028191507183380e-02
4.999222698476987053e-02
3.493695806365192807e-02
4.944240324667348307e-02
4.870263860371641662e-02
5.226000450632652117e-02
4.723408173113653047e-02
5.424142809045468666e-02
4.455346153019089372e-02
4.761312566218747072e-02
5.613313743882407392e-02
5.628266325754083255e-02
4.764895819505694796e-02
4.313747393578798439e-02
5.034719465798089683e-02
4.834798473280649961e-02
4.793648181500722444e-02
4.954658566829029526e-02
5.075269522154220864e-02
4.155604532193246659e-02
6.933840201181171170e-02
4.152566358921142703e-02
4.111113347754145192e-02
4.351857979592652081e-02
5.772002851929102646e-02
3.650345513023962873e-02
3.885840181882455752e-02
4.080960705347553424e-02
4.198562496593191695e-02
4.673156067648043255e-02
5.105835044016784896e-02
3.839842240351198227e-02
4.582738981516159410e-02
4.343035589772120675e-02
4.098578806476060182e-02
4.576990845468037472e-02
3.850930083418736133e-02
4.869115417205398949e-02
4.007529238269835065e-02
4.794720537524516102e-02
3.310701046526200175e-02
4.073931637486784274e-02
3.924841879880176798e-02
4.533335758443920310e-02
4.269161546074388275e-02
4.410434078986742029e-02
3.657418482374062696e-02
4.231031294618758237e-02
3.460000111215674051e-02
4.426014533385964900e-02
4.539184162840499692e-02
4.920244853660459688e-02
4.927890138837342365e-02
4.562876152068150171e-02
3.958463484335355415e-02
4.132540494208387233e-02
3.281733849688687338e-02
4.620663346803146471e-02
4.103283107006546609e-02
4.142232071731079962e-02
4.062218942813097117e-02
4.461275183349347473e-02
5.211597768230216698e-02
4.345562261575925539e-02
4.121284562286849779e-02
3.724924235768342640e-02
4.473058321130452680e-02
4.714394863017607601e-02
4.427421873876966757e-02
5.201464391651707680e-02
6.054550592700198852e-02
4.320120422652746345e-02
4.470484895229414474e-02
5.088455175492258981e-02
5.145143532883268700e-02
4.121081426232946904e-02
4.821248638170137768e-02
4.649097717616751391e-02
4.208157645390566554e-02
3.916660841184606973e-02
5.661415225016985103e-02
5.559690347810913175e-02
3.699274311588440084e-02
3.576979237649233201e-02
4.564592680610547043e-02
3.868011423553990857e-02
3.795145148530264939e-02
5.289927070180448082e-02
3.851420660929094630e-02
4.183126312129673008e-02
4.295861965040106284e-02
4.458985352340695540e-02
3.580614382100655996e-02
4.584385889802514158e-02
5.333085650072543621e-02
5.459042314505514054e-02
4.350302038327426291e-02
4.884606977352435458e-02
5.275493080838776494e-02
4.849295068169949541e-02
3.466817734249047489e-02
4.972151217427295961e-02
4.557159686718247060e-02
4.190645753526391765e-02
4.688292380825290900e-02
4.360429441365505643e-02
5.374322437305358718e-02
4.294790563745214812e-02
6.110386223223361613e-02
4.242985455961598845e-02
3.708444367677089792e-02
4.871488056695974511e-02
4.143878247441200313e-02
4.285476755506830576e-02
4.390127134971542888e-02
5.101162683283758104e-02
3.559854814126652695e-02
4.356024869650374637e-02
4.049629975194370818e-02
5.330041837288079787e-02
5.340633265747128655e-02
3.446740220863960674e-02
3.921081780937085703e-02
4.339665070619594389e-02
4.099486486090817006e-02
5.373102005726430874e-02
4.372450472001580823e-02
4.333956918985747142e-02
4.276280068682242197e-02
3.465374386851127753e-02
4.463273705488235432e-02
4.711287591739043296e-02
6.146911610162814760e-02
4.705117400752087398e-02
4.308995500644488552e-02
4.823480251966918986e-02
3.306984616270083194e-02
4.258636587995961315e-02
3.626125156919755843e-02
5.059166841396334907e-02
4.103046498975502360e-02
4.588254403281896016e-02
3.986316526137011207e-02
5.478827898479173009e-02
4.545793889587705638e-02
4.059240217117867505e-02
5.365042163927333935e-02
4.450889613944743889e-02
3.754828219092410518e-02
4.030121121239677029e-02
5.112113059822043920e-02
4.091184151518082596e-02
6.744548440728011240e-02
4.630896641125949870e-02
4.355855726884035051e-02
3.309445277247152761e-02
3.520803943255315649e-02
3.548070458309376951e-02
4.617184751165268747e-02
4.260927752354733838e-02
5.049406822327605349e-02
4.103641297939797372e-02
4.255465599136998289e-02
5.472797410229138931e-02
3.930319133654093522e-02
3.259412720501332628e-02
5.188517330239977160e-02
6.120583214814504652e-02
5.251045328699981141e-02
4.021028938197198505e-02
4.514834646857619760e-02
4.346599010042003636e-02
3.969393476784979780e-02
4.954443812042920448e-02
4.614560419749107190e-02
3.434418352147618897e-02
3.638033141885529259e-02
3.968981134415899836e-02
4.774960710902576705e-02
4.782466254054201088e-02
3.822742250888415405e-02
3.864848625123582654e-02
4.041633271012823325e-02
4.769041042284622584e-02
3.564285684724387976e-02
4.273720009717252993e-02
4.549673722487007632e-02
4.537031783695102266e-02
3.407425263459807480e-02
4.009966825874111684e-02
4.126617697431496368e-02
3.651665471295856280e-02
3.883955516581296535e-02
4.505242522358245127e-02
4.758113145042030395e-02
4.452698840747236486e-02
3.986399730611587394e-02
4.879560968661586506e-02
4.972356981980974311e-02
4.813535395647285803e-02
4.493978605882607835e-02
4.892736664910995320e-02
3.558355495313503952e-02
4.004588755818978829e-02
5.358481377228743736e-02
3.633340143071214778e-02
4.104594948788177489e-02
4.262802434192456552e-02
5.256445219491524823e-02
3.877575211413839679e-02
5.169522957218761205e-02
4.937804945536432288e-02
3.566213893570842342e-02
4.057738591420603086e-02
4.278117873889510786e-02
4.849706741569456692e-02
4.402095006460326337e-02
4.540616226767705405e-02
3.762982954556196719e-02
4.043284664560752723e-02
3.492906504436203013e-02
3.973759722737572886e-02
4.033265933293788547e-02
3.334618265181990560e-02
4.073167258279639796e-02
3.619242214160962173e-02
4.798914905521117075e-02
4.658631085658810483e-02
4.384185973957309412e-02
4.469866864688951114e-02
5.082456151867856958e-02
3.887721783790153846e-02
4.323014536035091337e-02
4.420135983370667571e-02
4.585544297738460007e-02
3.524676961214597004e-02
4.519229433419377773e-02
3.622352740242708313e-02
4.496556850426459279e-02
5.232098971379208624e-02
3.486512230055118650e-02
3.894999498697074986e-02
4.723209024538748552e-02
4.026013676014249948e-02
4.890149020886295356e-02
4.859509314514831591e-02
4.660786275566498882e-02
4.316040804860422214e-02
4.466847188283565306e-02
5.911201927438738263e-02
5.666137621652284767e-02
4.297994873589337100e-02
5.988097938264468761e-02
4.354602547023776749e-02
4.648526414935474221e-02
4.448984185966414068e-02
5.055398421005915383e-02
4.968556602603958761e-02
4.641614246833770246e-02
4.032249038071023667e-02
3.449248009403925452e-02
4.026045711353333501e-02
4.206051144097348871e-02
4.721413808825118685e-02
4.661312310835880046e-02
4.192504914292100732e-02
5.175735924270239569e-02
4.562035111841881291e-02
3.665090341503303428e-02
5.708534857047219135e-02
4.079595326039550662e-02
5.251104251852429378e-02
3.911015617991162041e-02
4.781868423367797299e-02
3.442556690391197771e-02
4.663670003347342163e-02
3.755061269184143541e-02
5.017872339073072008e-02
3.878468210551553469e-02
3.982955593667650979e-02
4.056388005186227497e-02
3.587894682818802000e-02
4.422849247009366658e-02
3.698083184683779306e-02
4.868531290845143356e-02
3.823330851043512529e-02
4.274497771170230470e-02
4.585930342568046714e-02
4.191757601675093897e-02
4.963395581547892094e-02
4.419015563632799209e-02
3.658889316448507567e-02
3.698378391527102488e-02
4.109580043118441633e-02
5.270044300474494015e-02
4.950506411759877240e-02
5.049408399519055013e-02
4.761288827863864592e-02
5.036200535935825284e-02
5.150959439700007747e-02
3.839962736357978301e-02
4.665493192703091402e-02
4.036439752567925338e-02
4.205763176916602758e-02
3.691443565261742776e-02
3.347283106948801407e-02
4.315391519271619125e-02
3.729009756172435575e-02
3.056944412155983629e-02
3.567323570925721998e-02
4.151303458385854905e-02
4.974452232710326743e-02
5.865449215166980423e-02
4.415733177648675095e-02
3.500989423540762369e-02
3.735435698805498334e-02
4.641115445529229999e-02
3.522724042534855493e-02
3.609900911458814587e-02
4.318808755183641684e-02
4.197436667399895294e-02
4.175801012137689283e-02
3.852955359721133705e-02
3.494272624707277924e-02
4.517778513191653827e-02
4.092976932080241714e-02
5.440908000653469495e-02
3.317192859814358658e-02
5.241570272244552853e-02
3.704732472196367588e-02
4.677778574184686400e-02
5.592847016127391879e-02
4.896127512288225153e-02
3.445707757180331565e-02
3.690945049505411218e-02
4.776690335583173852e-02
4.445865634314347808e-02
3.896678839515804044e-02
4.578594644913630551e-02
4.730201293916756755e-02
4.221540387850041681e-02
3.713710564865253111e-02
3.635682821061234776e-02
5.011933581221885564e-02
4.481557433226206200e-02
4.468356596974845663e-02
4.262491666294253995e-02
4.762851081817263271e-02
3.977149070313768658e-02
4.648577629379543885e-02
3.640755978820452154e-02
3.851096698201324220e-02
4.356338986044316908e-02
6.266439026072916085e-02
4.336008297567025410e-02
3.719100639384682883e-02
5.700943989210902757e-02
4.295471183795192965e-02
6.224412453617681612e-02
2.869244788177516270e-02
3.840052357812401285e-02
4.020156510229347391e-02
4.395697011480059757e-02
4.259234329523497314e-02
3.731620955679074841e-02
3.272307724239784804e-02
5.080461607837635091e-02
6.366346773972281214e-02
4.342310357553712946e-02
3.109327028791312314e-02
3.961782711523605810e-02
3.805502110222826889e-02
4.495910269310991053e-02
4.047148024874493849e-02
3.831420618384195204e-02
4.645107464706414030e-02
4.514076209003566736e-02
4.420184450043740387e-02
3.966382856948286878e-02
3.968066539045363161e-02
4.719829180023751153e-02
4.556631347642348812e-02
6.258993203966436991e-02
5.755184239929320850e-02
3.959125833678384804e-02
4.218180307205286056e-02
4.954809723242704217e-02
4.112105987587890560e-02
4.756592938294035289e-02
3.702613806367644617e-02
5.772736772460649451e-02
3.997745263011746875e-02
5.599084197344035563e-02
4.953521729591293249e-02
4.072756067906590366e-02
4.183063972178503037e-02
4.139442192697979223e-02
3.647915540648812710e-02
4.874670273096370909e-02
4.058303592323813519e-02
4.577195601834618821e-02
4.474875739960822857e-02
3.500123629094161609e-02
4.041065152688051026e-02
4.923946211024484571e-02
3.884306147048167956e-02
4.878980198141904395e-02
4.288435327192227642e-02
4.480379811621924835e-02
4.652732164299677037e-02
4.364899584065843469e-02
3.873110622847850126e-02
4.556192078097547060e-02
4.525580165913772185e-02
3.616173299450813061e-02
4.413363811591991537e-02
5.857770774167628952e-02
4.627992233268223010e-02
4.954475553164026935e-02
5.663754610253680238e-02
4.533384450659583981e-02
4.347863259888461868e-02
3.515090742666272805e-02
4.925451417882854843e-02
3.841100718510072343e-02
5.933690955055320043e-02
3.353607603306064250e-02
3.740744420352512534e-02
4.314225725278757889e-02
3.746259225259739034e-02
4.707656654381584677e-02
4.324341215160307228e-02
4.131089337752169577e-02
4.702563378851153109e-02
3.366449585277220269e-02
4.550100370136122424e-02
3.813419070035958119e-02
4.281898991302320739e-02
4.837983010601522998e-02
4.822139736189452047e-02
6.677604069205628212e-02
5.979057164641222305e-02
3.258879969551141398e-02
3.554683415694802340e-02
4.840105603242916138e-02
4.024712806382511887e-02
4.528249823651211287e-02
3.416934615527231905e-02
3.615118122059635813e-02
3.865207721839070826e-02
5.171849394755042434e-02
4.156091567708863205e-02
4.811611400196025290e-02
4.310269478797230241e-02
3.239790559816446702e-02
4.189471753564721901e-02
3.687543551644557882e-02
3.483479041137194088e-02
4.793594227452337153e-02
4.357259249393864720e-02
3.118751736316273046e-02
5.117581059294159379e-02
5.240953585948981280e-02
4.608539254011039671e-02
4.926401418813531469e-02
5.038638660179795004e-02
4.050095482338740560e-02
4.369113795349093693e-02
4.016982290881528084e-02
3.375857640355282852e-02
4.527739054221168596e-02
4.249324893739860748e-02
4.953451525132088196e-02
4.737172580713699954e-02
3.825445878143725331e-02
4.694566111514082707e-02
4.654178908088797001e-02
5.334249279075892886e-02
4.149728840591049989e-02
5.136013204476799765e-02
4.131175046943952323e-02
3.940326210429208331e-02
4.778868286372982971e-02
5.148404570203213987e-02
3.775326272017836410e-02
4.235995540657531977e-02
4.603903468428198476e-02
4.457292899111137824e-02
5.245806643388107454e-02
4.526782950315381276e-02
4.715383610975591028e-02
5.798190190034729907e-02
3.769947279014845137e-02
5.406691594869018208e-02
4.103849137686572252e-02
5.283232572801174060e-02
3.864703755904157212e-02
4.653396496605616273e-02
5.263476012117332403e-02
3.915005520717187992e-02
4.747584256589952589e-02
3.548678911933453306e-02
3.853137303412501602e-02
4.892473437142256382e-02
3.652692706300780107e-02
4.511686629866899778e-02
4.495660380633410835e-02
4.337463017870391013e-02
3.323742517200137941e-02
3.941173073185522818e-02
4.406058393049757521e-02
4.424622890661818186e-02
4.428502891008148645e-02
4.802524854208084504e-02
4.762832425675292414e-02
3.880770322646951570e-02
6.166636726314097400e-02
3.375719359183700086e-02
4.505933005616073045e-02
4.201263129952775843e-02
3.275346339888572655e-02
4.958448265957696166e-02
4.929400196715559568e-02
3.384606726228493734e-02
5.022167840783482717e-02
4.167082573764378101e-02
4.688859429649010202e-02
4.891402630046547823e-02
5.187213828400139698e-02
3.906419804884339597e-02
4.031111212070619815e-02
4.706102710130373457e-02
4.786668957496599541e-02
4.495442610133477263e-02
4.270240914861044706e-02
4.522443575495361384e-02
3.618098435550134301e-02
4.651180892344146389e-02
4.870513346887906520e-02
3.389804255814218847e-02
5.504173072380510318e-02
3.478278155516701525e-02
4.005016850494348690e-02
6.302369962349714527e-02
4.678910939042370959e-02
3.474921878296685640e-02
5.049642336405218285e-02
4.893170290546268453e-02
5.149360535422095597e-02
4.431969570572126538e-02
4.934803036432987983e-02
3.987890723856792746e-02
3.839889906121279201e-02
3.330408762002512457e-02
3.417356976822292364e-02
4.205989938793813082e-02
5.646555530914335042e-02
4.074308740331800821e-02
4.411057620283065361e-02
4.082232183123753883e-02
3.624215245932046331e-02
4.458460822844147881e-02
3.836936924393330450e-02
4.034938144551632883e-02
3.754591758531645312e-02
4.445606854543054931e-02
4.391188813764605736e-02
4.885385089222000349e-02
4.909492045799256077e-02
3.946113888209620141e-02
4.411494163985590217e-02
4.015877956337279148e-02
4.130874906850218881e-02
3.280491557964144295e-02
3.726376912461879659e-02
3.843820190187328956e-02
4.130874087294904989e-02
4.453112416147420038e-02
5.714115046519617491e-02
4.729838687074630621e-02
4.030241754102945745e-02
4.218815022053334918e-02
3.636098393329316447e-02
3.011026661170169288e-02
4.704871010015784782e-02
3.895202746962736495e-02
4.420474046142435637e-02
5.094772976586899038e-02
4.438496290070850780e-02
4.338969423586672147e-02
4.132148342424864923e-02
4.135293272978734364e-02
3.948231203655001159e-02
5.584797455999382376e-02
5.136883797288818027e-02
4.319324318463534096e-02
4.637545084637964554e-02
4.462057735965890837e-02
5.638411122644543944e-02
4.136867479780585027e-02
4.342191183600845050e-02
4.962269844422578791e-02
4.588712196439085483e-02
4.892194999210920658e-02
4.612673375899797867e-02
4.123857872652569173e-02
4.224893848509292393e-02
4.468194102735405238e-02
5.360043298253855393e-02
5.263622720221008272e-02
4.494412241331649516e-02
4.686448353466806521e-02
4.938385710554628327e-02
4.495760758061721069e-02
5.044807273849801627e-02
4.055082483703892349e-02
5.384089861130442883e-02
3.670491871217355234e-02
4.721811970409721393e-02
4.746300473063696373e-02
4.418107565144140103e-02
4.766450381577053141e-02
5.095262921394648481e-02
4.214303712030369187e-02
3.596765084629578030e-02
3.879280979578826616e-02
4.318150765810007535e-02
4.758461125878121756e-02
3.801250874328702956e-02
4.522054616049656084e-02
4.216110659387917181e-02
5.377987543161176498e-02
4.287140722248643232e-02
3.393332948009282479e-02
3.733936488528057790e-02
4.037436070507154084e-02
3.876215760699316254e-02
5.554591492798886809e-02
3.225254728771500407e-02
5.148971797926754634e-02
6.467051169323256854e-02
3.835500165667982131e-02
5.195510522400415693e-02
5.235821101658611615e-02
4.884025041877013140e-02
5.017406067034335670e-02
4.542211267140025543e-02
3.966671840655563996e-02
4.005509810474589677e-02
4.909391279641732442e-02
5.512601595999618714e-02
4.808010623454269522e-02
4.626641863233200980e-02
4.554001277393707192e-02
3.716144676936890268e-02
5.597789983248357970e-02
4.306320415662792667e-02
4.084983498798638174e-02
4.264955709378832893e-02
3.296956003088994530e-02
4.241885145507907212e-02
5.015055763465878225e-02
3.385805590618184285e-02
5.320489470520405745e-02
5.457095873039400497e-02
3.753072186068900917e-02
5.338439678695531404e-02
3.856885786517601222e-02
4.496387767107164202e-02
4.204227099168599685e-02
5.261759957776054181e-02
4.541218954112662826e-02
5.099135132757307703e-02
5.952441848313849704e-02
3.837683239353292808e-02
4.472150611718465896e-02
5.589550065937569368e-02
3.384269870236498307e-02
4.480439354179881900e-02
4.211196900153001133e-02
4.647010729629174469e-02
4.071444581914995808e-02
3.926792714191051914e-02
4.491350644226195510e-02
5.452238756477063852e-02
5.538959861884865110e-02
4.155688230281918971e-02
4.039001928529448865e-02
6.030325304362106620e-02
3.989041218346648515e-02
3.629889451951915508e-02
3.520353580938825194e-02
3.603248647696468548e-02
4.678669965773642886e-02
5.623353644035981175e-02
4.884537438274733079e-02
3.669750448491897188e-02
4.573338121822396324e-02
5.542022582992042062e-02
4.082970881468486746e-02
6.056956154939475978e-02
3.857415516202348377e-02
3.737220865752294979e-02
3.895905869425877327e-02
4.334764326111650162e-02
3.747404943973323826e-02
3.996319744649153016e-02
6.699902012997244194e-02
5.104584165024850240e-02
4.230498579546445453e-02
4.742110566132089200e-02
4.152515762853635495e-02
4.241103650286385390e-02
5.713046928642137590e-02
3.971932946967589306e-02
3.364347212244740704e-02
4.669374443031690247e-02
4.108531601125564592e-02
3.689916152265974164e-02
5.253031112158407928e-02
3.852266625166105019e-02
3.569764310572635935e-02
4.438046146918482593e-02
5.128441872440662325e-02
4.247995671062577971e-02
3.908210325703909138e-02
4.362648526744264399e-02
3.848968802104238418e-02
3.949203516858778434e-02
4.401607489520266425e-02
4.445571953182458208e-02
5.073022435408190006e-02
5.161923950040353537e-02
4.397532989473247611e-02
4.042075361181176468e-02
4.647974688874740440e-02
4.156153944198207051e-02
3.862421445473004228e-02
4.204255476375522854e-02
3.998604401764670885e-02
4.130705966721247985e-02
4.014832623202563983e-02
3.593678602100305181e-02
2.924822436152040364e-02
3.945932583221745810e-02
4.720361924010524346e-02
4.274986088477508717e-02
3.589870888554832357e-02
5.982077823575426834e-02
4.550451804203894252e-02
4.709427317346904368e-02
3.867227508934901331e-02
5.519024228022519768e-02
5.205202521336118465e-02
4.127569377179204912e-02
4.260881950635226484e-02
5.475315388153696033e-02
4.706500036538210224e-02
3.588468593787100258e-02
4.030538868102532396e-02
3.683006591844018018e-02
4.140793508070141765e-02
3.670390822406952719e-02
4.385543360110617100e-02
4.692241098901205054e-02
4.539263509812577896e-02
5.696920774173163532e-02
4.396679603431744715e-02
5.383333806664671733e-02
5.421722434263545609e-02
5.052769886930336130e-02
4.889383409735287289e-02
4.053831044340409223e-02
4.767836827264580052e-02
4.313520157525186499e-02
4.835167724540281181e-02
4.540987059508636708e-02
5.575779110515179104e-02
3.493989201610703255e-02
5.070714514530234168e-02
4.933050435103513570e-02
4.194898123824877811e-02
3.923312855544192762e-02
4.609007364673489010e-02
4.581026522008346119e-02
4.766181328465652484e-02
3.951610995248071995e-02
4.524891286765578974e-02
3.745956699519775723e-02
4.869327930849174507e-02
4.626567156473059689e-02
4.442782495991365321e-02
4.296885897047789116e-02
3.169962982597247098e-02
5.775398149782912105e-02
4.810112796535082752e-02
3.529075183333920535e-02
4.321343407216944599e-02
4.454210241724818053e-02
4.541773161650536350e-02
3.835121831146436067e-02
4.793929067740428790e-02
4.565283710465910250e-02
4.163703636719984919e-02
4.137319158359620275e-02
4.667783075080902955e-02
4.247270144673463699e-02
4.152053576179763617e-02
3.303854475050857498e-02
3.707438402854187909e-02
3.993125797532046106e-02
4.620717414592293709e-02
3.843993404289150484e-02
4.435904778567851398e-02
4.768086879207111828e-02
4.851182582851731179e-02
3.627880929485153422e-02
5.130661589320795885e-02
3.869975440505449976e-02
4.239123606574848185e-02
4.748912617475085224e-02
4.466346027442582439e-02
4.198545837792413277e-02
4.303048561237288183e-02
3.686678671873452884e-02
4.132324019988502933e-02
4.878252903945185653e-02
4.805768363965726847e-02
4.516699897910913392e-02
4.141669275008733053e-02
3.759096707496406564e-02
4.006193628888150837e-02
3.751941953115714434e-02
3.893573625698219104e-02
4.303416156146125382e-02
4.323163760881635481e-02
3.685048748612772263e-02
4.097133372491851971e-02
3.411945501246386320e-02
5.025847348581902185e-02
4.092459044835253246e-02
3.626496405892811609e-02
4.320127119557855971e-02
4.166510700159090086e-02
6.145578232288785581e-02
5.024965679671747343e-02
3.616374108088522832e-02
4.541187787833369377e-02
3.786466670039884824e-02
4.516458259726718882e-02
3.503612107457823588e-02
3.873195995523617818e-02
3.723671367552670169e-02
3.995475755009862684e-02
4.961640647072429466e-02
4.474820754550962176e-02
3.842193645294866150e-02
4.773717425473890386e-02
5.900839769515443811e-02
4.395052937914353114e-02
3.435169823359784241e-02
3.882408764099079534e-02
3.847414352128138149e-02
5.496994671308454844e-02
3.534964933168759788e-02
4.199810814975284828e-02
4.040756679607369894e-02
4.664618952377933003e-02
5.039676009697865305e-02
4.234416034637773080e-02
3.617379265031658159e-02
4.873024025228611666e-02
4.089249341875979271e-02
5.840415243530244771e-02
4.280951098094496615e-02
4.751401083358251093e-02
4.328761900473539204e-02
4.707629631968315159e-02
4.178203709793739534e-02
3.809087237414209709e-02
4.071937346675071762e-02
4.851639208079826932e-02
4.507934572777640148e-02
3.496118960410984217e-02
3.521198454919801518e-02
4.617046550796117393e-02
3.747205992992180129e-02
5.645368303046639086e-02
4.738423174684143480e-02
4.565665159412524848e-02
5.888189520145108852e-02
4.726196147743489534e-02
4.637868049408495202e-02
4.048398490771187852e-02
4.039982081308962636e-02
4.391507443662510252e-02
3.399991439494606804e-02
3.730448928725881713e-02
3.728631068633923157e-02
4.085693496880459658e-02
4.189802379433509028e-02
4.481037545422966728e-02
