4.207019244862050982e+04
4.490546279448304995e+04
4.471285865375377034e+04
4.351587406680405547e+04
4.188264314599355566e+04
4.475692688634846854e+04
4.427215943938316923e+04
4.297431907274496916e+04
4.287699750224281161e+04
4.517956525011679332e+04
4.367195555780786526e+04
4.337326844810033799e+04
4.311746774541481864e+04
4.387657472684362438e+04
4.396693141797826684e+04
4.380139252986551583e+04
4.262213955229183193e+04
4.393296235195208283e+04
4.327812999847028550e+04
4.364142092134658742e+04
4.252313994859180821e+04
4.310267463786820008e+04
4.305114495480305050e+04
4.463744472985664470e+04
4.278907517909808666e+04
4.345805738219658087e+04
4.304098619776347914e+04
4.348810014478801168e+04
4.312176701000312460e+04
4.392130369677489944e+04
4.361337984703329130e+04
4.436726487093287142e+04
4.302420181621536176e+04
4.310449385233796784e+04
4.281356075439201231e+04
4.371069488169077522e+04
4.421224275218659750e+04
4.409084624489839916e+04
4.320386506892672332e+04
4.306689160423765861e+04
4.423525403299372556e+04
4.439860159215261956e+04
4.412894672652264126e+04
4.454458843247181358e+04
4.443986719464656198e+04
4.466449045624213613e+04
4.488299018260596495e+04
4.450891476416511432e+04
4.426691740457781270e+04
4.535710226610089740e+04
4.442146553654622403e+04
4.438340652709564165e+04
4.391842250278546999e+04
4.505116597375001584e+04
4.477288417375885911e+04
4.442018196097665350e+04
4.477471830802764453e+04
4.405074804371375649e+04
4.375646557912631397e+04
4.647440899671907391e+04
4.535021158752917108e+04
4.507645444498534926e+04
4.385509641867968458e+04
4.510975948265799525e+04
4.506192151725744770e+04
4.688953546178340912e+04
4.538546215102852148e+04
4.447668257645624544e+04
4.312247130407182703e+04
4.603302988120640657e+04
4.591576086792971910e+04
4.530292594798081700e+04
4.375212232242446771e+04
4.406485024876378884e+04
4.261449211960831599e+04
4.572833101085149247e+04
4.550459265503103961e+04
4.580870554998577427e+04
4.413700553605926689e+04
4.333065304602542892e+04
4.272566324299819098e+04
4.400858028877466131e+04
4.357638292452763562e+04
4.540956686198958778e+04
4.435711378709932615e+04
4.542863177781410923e+04
4.505538094841476413e+04
4.400405856424560625e+04
4.326844895342200471e+04
4.304750712638221739e+04
4.221474753903638339e+04
4.330345452646492777e+04
4.243337387343178852e+04
4.476589952156990330e+04
4.235976845509463601e+04
4.468114215105074982e+04
4.370808887696000602e+04
4.426683119838117273e+04
4.343879943452917360e+04
4.344172089547864016e+04
4.300006920619468292e+04
4.298797965943405870e+04
4.272718533348033088e+04
4.366539281246187602e+04
4.349000509201418754e+04
4.485680523566235206e+04
4.309266647401433875e+04
4.398547913618576422e+04
4.259230937460903806e+04
4.273647802024772682e+04
4.264909031002061238e+04
4.284693147571810550e+04
4.292442640734057204e+04
4.301392565829834348e+04
4.311488986473096884e+04
4.303481381535105174e+04
4.266498612742331170e+04
4.372140028249809984e+04
4.308232458164487616e+04
4.371555417394071992e+04
4.349558342389576137e+04
4.321631734850343491e+04
4.373441283183963969e+04
4.361226684299478075e+04
4.396661080738958117e+04
4.391834451792501204e+04
4.435479171728981601e+04
4.448142469062178134e+04
4.391163181784991320e+04
4.435375361796604557e+04
4.457755874958533241e+04
4.419738176736349124e+04
4.364631336320220726e+04
4.449668624790174363e+04
4.414508742484555842e+04
4.442219755391117360e+04
4.437741876644918375e+04
4.451261126513067575e+04
4.478558377822097827e+04
4.435448491869816644e+04
4.440858614468453743e+04
4.551513362339413288e+04
4.543635374764307926e+04
4.562836458609655529e+04
4.544975113536485151e+04
4.622801380387150130e+04
4.445647221262696257e+04
4.550565516946856224e+04
4.428371517086128733e+04
4.472493604625894659e+04
4.350475155453064508e+04
4.443351079566114640e+04
4.418092710862556851e+04
4.371001253558845929e+04
4.437422875556022336e+04
4.534864630147556454e+04
4.563160611388676625e+04
4.643118836460300372e+04
4.547446761563089240e+04
4.622070497927819815e+04
4.433986525469658227e+04
4.472538042690000293e+04
4.297344604756016633e+04
4.355892126050817751e+04
4.331912678938428871e+04
4.458480911942966486e+04
4.493817028003212181e+04
4.625353557377930701e+04
4.474271402077644598e+04
4.507896789714073384e+04
4.229451613977443776e+04
4.335697990309604211e+04
4.295043909273521422e+04
4.416104346558172983e+04
4.467725229838303494e+04
4.544127842663726187e+04
4.384260315120253654e+04
4.508399008542193042e+04
4.364608479628174973e+04
4.422163483255257597e+04
4.260569035351555794e+04
4.375350620158093807e+04
4.197325375364857609e+04
4.286609510339870758e+04
4.311872171645128401e+04
4.308946714085971325e+04
4.319109677362811635e+04
4.364680247521856654e+04
4.294566203138954006e+04
4.370818344519551465e+04
4.342272717659251794e+04
4.477425607252427289e+04
4.337203457580877148e+04
4.363017261961720214e+04
4.228779462822592177e+04
4.285961725534407014e+04
4.246342105305525183e+04
4.374526455610988342e+04
4.330486593610486307e+04
4.426111206822461099e+04
4.370298923157301761e+04
4.410693663957778335e+04
4.305797510200273973e+04
4.314115233395586984e+04
4.301734849215741269e+04
4.387893845359843544e+04
4.433970262772262504e+04
4.386439055792837462e+04
4.356138914708315133e+04
4.401245063746599044e+04
4.333353192606338416e+04
4.455483823304604448e+04
4.407941814483921917e+04
4.454975837359165598e+04
4.392297715642343974e+04
4.456005690458121535e+04
4.344375906506204046e+04
4.494933242743287701e+04
4.456030513060095836e+04
4.428481369305508269e+04
4.414026893185333029e+04
4.532949182347379246e+04
4.480804134108666767e+04
4.461647287372127175e+04
4.406044425060100912e+04
4.529881965858930926e+04
4.440830565379076143e+04
4.433810462213831488e+04
4.406546122499315243e+04
4.439361023123396444e+04
4.565741616132827767e+04
4.627306295586608758e+04
4.541407823859464406e+04
4.742899487493810011e+04
4.475751207681369851e+04
4.630235327793338365e+04
4.508805379937957332e+04
4.635239629242442606e+04
4.467616815438876802e+04
4.498870372222219885e+04
4.389529180202675343e+04
4.411300880512481672e+04
4.280346693634519761e+04
4.356067429772679316e+04
4.363176145462274872e+04
4.502417408368584438e+04
4.515585208783364942e+04
4.564429969896091643e+04
4.526356941113962239e+04
4.564405896883682726e+04
4.336746030545312533e+04
4.472828323545045714e+04
4.262428447760868585e+04
4.394837117153900908e+04
4.232311418105744087e+04
4.371980232422981499e+04
4.237123720771183434e+04
4.476601846110197221e+04
4.321169056993292179e+04
4.497807611719567649e+04
4.368481504591363773e+04
4.521736363838603575e+04
4.434196511021326296e+04
4.472975452709680394e+04
4.429397524782260007e+04
4.454470613266449072e+04
4.357305027173325652e+04
4.439895326281989401e+04
4.403483829052527290e+04
4.468129026028636872e+04
4.330417040897253173e+04
4.383662687038366857e+04
4.303049777645646827e+04
4.453336728036774002e+04
4.277370732493991090e+04
4.418167099239820527e+04
4.295912616734056064e+04
4.403734337180337752e+04
4.321235503357187554e+04
4.264853088085622585e+04
4.298708017272802681e+04
4.297916035842891142e+04
4.216536933282726386e+04
4.295761839216028602e+04
4.310283860471591470e+04
4.216478201907197217e+04
4.265508547401159012e+04
4.316595615998702851e+04
4.291148569914780091e+04
4.323280677758697857e+04
4.344854171340595349e+04
4.306226534429921594e+04
4.324229137418633036e+04
4.333983046905783704e+04
4.293067265501485963e+04
4.385664067689596413e+04
4.339756318490601552e+04
4.373102786558269145e+04
4.348366979067378998e+04
4.374878513030304021e+04
4.331844761207649572e+04
4.453666178543337446e+04
4.400300840651008912e+04
4.489572527558397269e+04
4.418513248530657438e+04
4.525409751683966897e+04
4.375864455545051896e+04
4.374287537873007386e+04
4.386626272818561119e+04
4.426270288238348439e+04
4.497637929977041495e+04
4.402756586172256357e+04
4.459849168218033446e+04
4.584979364962263935e+04
4.450824604716621252e+04
4.631749042435773299e+04
4.532625023085712019e+04
4.501155557291906734e+04
4.459735260365447175e+04
4.457007630883940146e+04
4.423450572287532850e+04
4.530451834517524549e+04
4.587742868101177010e+04
4.627129386962866556e+04
4.391943881065351161e+04
4.461038185797304322e+04
4.392483364879067085e+04
4.398836864281422459e+04
4.524877831352412613e+04
4.685654042849199323e+04
4.368439281198768731e+04
4.309116977004279761e+04
4.425845708807576011e+04
4.638517965349405858e+04
4.474192768630480714e+04
4.355901594588095031e+04
4.381783122263584664e+04
4.571886925336887361e+04
4.474346605200011982e+04
4.416324398177948751e+04
4.305860747212008573e+04
4.549478035562638252e+04
4.422448500299648731e+04
4.409879162057002395e+04
4.405190740521416592e+04
4.616435312807965238e+04
4.243100349877281405e+04
4.364222752905506786e+04
4.399886718522854062e+04
4.369953434868881595e+04
4.259684152776405244e+04
4.475101397400374117e+04
4.271087613952609536e+04
4.347571374308480881e+04
4.407146414430031291e+04
4.416230100681023032e+04
4.332121077161366702e+04
4.397028637932083802e+04
4.304353353953812621e+04
4.351400957243851735e+04
4.323958558382280899e+04
4.299769288797625632e+04
4.259379842797794845e+04
4.382486866731756891e+04
4.238092955282345065e+04
4.397897615441498056e+04
4.247127351319583249e+04
4.365125205960952735e+04
4.385513451136438380e+04
4.417756195287621813e+04
4.346270255235541117e+04
4.285071566499589971e+04
4.344029409407429921e+04
4.289775314048451401e+04
4.338181024164098199e+04
4.326315856033322052e+04
4.424141355482563813e+04
4.369956048189116700e+04
4.445020416252987343e+04
4.397151144284908514e+04
4.283920646967588982e+04
4.412846689040857746e+04
4.375636141822172067e+04
4.479626117840923689e+04
4.369861770189656818e+04
4.419506726632789650e+04
4.403238598358022864e+04
4.442870878976158565e+04
4.414204446703307622e+04
4.440103276596934302e+04
4.479578513467635639e+04
4.458095719568228378e+04
4.437383203299355228e+04
4.442633175866772945e+04
4.421938821059828479e+04
4.446995373504041345e+04
4.439241029265560792e+04
4.500353821404650807e+04
4.409872397633318178e+04
4.469019772607263440e+04
4.530852321552075591e+04
4.519527073917101370e+04
4.483505424023863452e+04
4.496849563482132362e+04
4.480203520912119711e+04
4.605397716570812918e+04
4.426825257149735990e+04
4.513606841384953441e+04
4.417190342504672299e+04
4.478197477241799061e+04
4.548957792428029643e+04
4.512732864528499340e+04
4.487777871314940421e+04
4.535638616690771596e+04
4.365263392459174065e+04
4.509782439564161177e+04
4.469211103691095195e+04
4.513512450585159968e+04
4.402288895817523735e+04
4.609581529230284650e+04
4.411686882043747755e+04
4.381061985460457072e+04
4.411041577456770756e+04
4.513031778450764978e+04
4.330228732550445420e+04
4.422294551964294806e+04
4.425350892914304131e+04
4.476334509719514608e+04
4.323866184246709599e+04
4.388739050789728935e+04
4.334981704179878579e+04
4.452016105820908706e+04
4.307647836431253381e+04
4.388860168845566659e+04
4.342891172435458429e+04
4.450479552993101970e+04
4.265742131418054487e+04
4.390103698180527135e+04
4.288542562470010307e+04
4.437483592985536961e+04
4.268580562214706151e+04
4.354483264912181767e+04
4.328828703348950512e+04
4.414605540349888179e+04
4.295056569250040775e+04
4.353246959829179104e+04
4.350388212084570841e+04
4.344989945094816358e+04
4.246276031599396811e+04
4.363322213291451044e+04
4.331815756148476066e+04
4.249457211602381722e+04
4.298931901884836407e+04
4.337139867515880906e+04
4.369943036970754474e+04
4.377068724949860916e+04
4.316352835337785655e+04
4.341736072081720340e+04
4.355818455624791386e+04
4.401686111614338006e+04
4.329636446063705080e+04
4.382547165772208973e+04
4.341329120912090730e+04
4.424767735955990793e+04
4.366461835490730300e+04
4.439138187798033323e+04
4.342669951133809082e+04
4.454196176697004557e+04
4.458697111324714206e+04
4.360974067621586437e+04
4.357473683751458157e+04
4.487255962475331762e+04
4.366011009042378282e+04
4.466056756597623462e+04
4.442032690900849411e+04
4.605361579875039024e+04
4.425113463333504478e+04
4.485785174173568521e+04
4.471601251451305143e+04
4.527166983860867185e+04
4.437179877717507770e+04
4.510784699252610153e+04
4.539520107532493421e+04
4.458367502483197313e+04
4.414100626058600756e+04
4.528484048842600896e+04
4.465677086086916097e+04
4.533873059917475621e+04
4.479425654385702364e+04
4.542878191737150337e+04
4.385912977763391245e+04
4.567518538478806295e+04
4.488421309598160587e+04
4.503457131312870479e+04
4.330149215409033786e+04
4.491883886995806824e+04
4.461835677406904142e+04
4.525030211167959351e+04
4.332229559177371993e+04
4.586514952798193553e+04
4.507125031494742143e+04
4.512844113634322275e+04
4.437703618226441176e+04
4.389909572992903850e+04
4.418340934557828587e+04
4.443484634657826973e+04
4.444280202995819127e+04
4.458175750761421659e+04
4.298012014641467249e+04
4.426521677441509382e+04
4.424239969096993445e+04
4.420586017633057054e+04
4.360932261021801969e+04
4.390663635657114355e+04
4.265398772448177624e+04
4.396594751881909906e+04
4.390541505235760269e+04
4.402106942877540860e+04
4.391396179326837591e+04
4.413564650856648950e+04
4.256469158468484966e+04
4.328079913713157293e+04
4.260450110235982720e+04
4.389134482845477760e+04
4.360718955389301846e+04
4.359074603828526597e+04
4.269467670548311435e+04
4.367420612922163127e+04
4.239736431259241363e+04
4.356542708165439399e+04
4.287179551718344010e+04
4.415061924136019661e+04
4.313963321141902270e+04
4.365964973443678900e+04
4.310953773102467676e+04
4.346347900464144914e+04
4.352016123572906508e+04
4.327551412209308910e+04
4.430690104269903532e+04
4.429774613720007619e+04
4.255976504993637354e+04
4.356565422802203830e+04
4.344258914961753180e+04
4.354650750242791401e+04
4.360678589257158455e+04
4.364043929863125959e+04
4.354164743409897346e+04
4.507119527993804513e+04
4.412189768391536927e+04
4.363965148972575116e+04
4.363035702934679284e+04
4.455649648287140008e+04
4.365315046308447927e+04
4.420681793428213859e+04
4.401566615767061012e+04
4.442824895422482950e+04
4.452756818822671630e+04
4.472528778262409469e+04
4.510231226379711006e+04
4.504840874772140523e+04
4.436755842272310110e+04
4.459717735842894035e+04
4.371625463559154014e+04
4.545032107316800102e+04
4.504143120202774298e+04
4.509608156992761360e+04
4.458420524342034332e+04
4.498431789440824650e+04
4.486304750482430973e+04
4.520691481450275751e+04
4.415246364735972747e+04
4.540888544390551397e+04
4.511269004658702761e+04
4.541485899436235923e+04
4.492517722787819366e+04
4.592028254271212791e+04
4.473957898083758482e+04
4.589028512038949702e+04
4.440000793965747289e+04
4.461638249975893996e+04
4.406021362560506532e+04
4.574852208926202729e+04
4.481486110483723314e+04
4.536278067097742314e+04
4.386375119381122204e+04
4.487808257027169020e+04
4.471040397994616796e+04
4.510371043756342260e+04
4.384922126582646160e+04
4.476396406206813117e+04
4.380389856942291226e+04
4.437436572916537261e+04
4.393403638762273476e+04
4.463361197464544239e+04
4.343656722524324141e+04
4.482375851290088031e+04
4.322667690396481339e+04
4.404882061782986420e+04
4.347645884814951569e+04
4.490792256021210778e+04
4.296520387515954644e+04
4.410462277389106021e+04
4.216204134291398805e+04
4.361865515866292117e+04
4.377872422451077728e+04
4.377061704448927048e+04
4.359900708456297434e+04
4.302450758853509615e+04
4.305977035821761820e+04
4.416150678265983152e+04
4.252458145463528490e+04
4.380139045978772629e+04
4.242132888710416591e+04
4.398693208091404813e+04
4.273487445309739996e+04
4.361527858830742480e+04
4.306760096185744624e+04
4.416356915623149689e+04
4.338706833493555314e+04
4.360489373542764952e+04
4.369141613805264933e+04
4.322427596272515802e+04
4.351646649356689159e+04
4.390243931726142182e+04
4.367343704659982177e+04
4.363423621741967509e+04
4.356722709542546363e+04
4.395616215680120513e+04
4.353998288071028946e+04
4.385285332645538438e+04
4.322708276599776582e+04
4.437587287875494803e+04
4.317035583107390266e+04
4.499089925816766481e+04
4.364291500258808082e+04
4.451574314716568915e+04
4.351782701314804581e+04
4.449837170474130107e+04
4.429512126265245024e+04
4.491769346835265605e+04
4.454879780087998370e+04
4.489738462432257074e+04
4.503519661483731761e+04
4.491759352363845392e+04
4.531258102659854194e+04
4.427967923856114794e+04
4.506234720232528343e+04
4.479904477826167567e+04
4.470389269825035444e+04
4.511568040558591019e+04
4.480275387501691876e+04
4.588105497940584610e+04
4.377024376259255223e+04
4.510666608885309688e+04
4.378726092265581246e+04
4.518491358284546732e+04
4.460195405010833929e+04
4.480792985913252051e+04
4.404319743946180097e+04
4.528281315050386911e+04
4.452881131899526372e+04
4.524005814073800866e+04
4.432339474879448244e+04
4.563612111296479270e+04
4.470320077638053044e+04
4.514178199212453910e+04
4.412716329241017957e+04
4.476541313615300169e+04
4.407231484843578801e+04
4.507151735753926187e+04
4.452881913467302365e+04
4.437603720046309172e+04
4.399536437543515058e+04
4.422656031253736001e+04
4.411016529100269690e+04
4.453046239931627497e+04
4.442495343616578612e+04
4.484013351400924148e+04
4.322388135317616980e+04
4.444430104746768484e+04
4.270041320000299311e+04
4.477067281517736410e+04
4.278067666367288621e+04
4.452746934480375057e+04
4.247441823479433515e+04
4.443563590640287293e+04
4.324583076477909344e+04
4.374105459562205215e+04
4.358599538786088669e+04
4.348573993995437922e+04
4.293779002294625388e+04
4.341069451424125145e+04
4.294423359800176695e+04
4.365839588268427906e+04
4.260349643581596320e+04
4.352058387899994705e+04
4.279675269228939578e+04
4.363713214032264659e+04
4.336878320484739379e+04
4.294274527911896439e+04
4.294444472301434871e+04
4.392741465785495529e+04
4.315589032076564763e+04
4.418132821626985969e+04
4.278483831085438578e+04
4.353402798713836819e+04
4.329271682234068430e+04
4.428230194437992031e+04
4.385136806988595345e+04
4.379173796986333036e+04
4.367052135945299233e+04
4.423826349834571738e+04
4.337538603843012243e+04
4.407588869414738292e+04
4.308427367360538483e+04
4.453386431495041325e+04
4.371284657124354999e+04
4.495218935892431182e+04
4.425147052733830787e+04
4.425777444608043152e+04
4.439530062703321164e+04
4.397283443899804843e+04
4.405516713072360290e+04
4.392568294869396050e+04
4.421380098635132163e+04
4.436164289371560153e+04
4.431091545210253389e+04
4.480021195152089786e+04
4.402500178771004721e+04
4.548221014029832440e+04
4.399453939792924211e+04
4.512429722347297502e+04
4.430256670482001937e+04
4.525168964415586379e+04
4.437897124658090615e+04
4.511811492317786906e+04
4.464715610023019690e+04
4.505284624742013693e+04
4.475981094228509028e+04
4.491467388616764219e+04
4.470897922084093443e+04
4.577184634043989354e+04
4.457291490644376609e+04
4.486243422930355882e+04
4.496082292188137217e+04
4.481500601541302603e+04
4.412754374507304601e+04
4.589407995531459164e+04
4.412537630142975104e+04
4.548585420164442621e+04
4.355975505048970808e+04
4.501493578116922436e+04
4.349393754235934466e+04
4.484552374428824260e+04
4.368888758873010374e+04
4.515430112187477789e+04
4.338976584731697949e+04
4.419355837710025662e+04
4.456265973824034154e+04
4.459121622903065872e+04
4.339852524715180334e+04
4.404534751723642694e+04
4.365258589230860525e+04
4.458289776247031841e+04
4.289270863068025938e+04
4.349949073368812969e+04
4.286620990872679249e+04
4.324119518048161262e+04
4.393542086645991367e+04
4.376892858714418253e+04
4.265652570489877689e+04
4.347954099661668442e+04
4.330741392261481815e+04
4.335130963231001078e+04
4.276402084294622910e+04
4.333177436468515225e+04
4.206247118984514236e+04
4.353764447690966335e+04
4.342691778228364274e+04
4.384353279315273539e+04
4.302693563018902933e+04
4.324107526620831050e+04
4.312077283031023399e+04
4.388905403366955579e+04
4.332934583354593633e+04
4.358825693507818505e+04
4.254932142944588122e+04
4.408789568808249169e+04
4.394966952166846022e+04
4.369263071797548037e+04
4.290088763605480926e+04
4.420593173800189106e+04
4.316257890146842692e+04
4.406440925084071205e+04
4.344807870117828134e+04
4.362945025757494295e+04
4.333262087063053332e+04
4.393292041955811874e+04
4.447385502060084400e+04
4.370548866696074401e+04
4.397419140849108226e+04
4.495312718648811278e+04
4.459808267537966458e+04
4.453373121349547000e+04
4.415795069804958621e+04
4.485293086883606156e+04
4.465414209728424612e+04
4.513725038456574839e+04
4.477071254698797566e+04
4.499772256062657107e+04
4.422461929459872044e+04
4.496453528769432887e+04
4.454767693250910088e+04
4.469861875408940250e+04
4.471478711778797879e+04
4.498656361120245128e+04
4.392783774500677100e+04
4.591102486045985279e+04
4.378815644833706028e+04
4.526553093691443792e+04
4.405991863135559106e+04
4.561097386815601203e+04
4.497731375413723435e+04
4.474610917065016838e+04
4.518526421220213524e+04
4.505401682111584523e+04
4.327269738246938505e+04
4.580900842058572016e+04
4.397298849971631716e+04
4.510282974505324091e+04
4.468201756560838840e+04
4.427450160750217765e+04
4.429067568312820367e+04
4.570486338141156739e+04
4.343679869555469486e+04
4.481753953129763977e+04
4.401518381897142535e+04
4.445275872406866256e+04
4.380082097154354415e+04
4.498517576568332879e+04
4.339584917607042735e+04
4.399922120073014958e+04
4.331262657674301590e+04
4.447623367848886846e+04
4.282536143195543991e+04
4.428294618111123418e+04
4.310295393294291716e+04
4.386161880400922382e+04
4.343316806692002865e+04
4.422501515345135704e+04
4.311067879184573394e+04
4.463162652183751197e+04
4.330552753705589566e+04
4.412867880151019199e+04
4.237068112426898006e+04
4.366272202996608394e+04
4.302298283678086591e+04
4.376540917704112508e+04
4.282623613375765126e+04
4.402370013683354773e+04
4.289986041361439129e+04
4.391015656897638110e+04
4.374080415377246391e+04
4.363997751285627601e+04
4.302230925168161048e+04
4.336026772415692540e+04
4.338801410093637969e+04
4.358723780124827317e+04
4.300665768905526784e+04
4.374657919047115865e+04
4.319596034519723617e+04
4.418584908393972728e+04
4.359085401579221070e+04
4.364350169866795477e+04
4.336934855075923406e+04
4.424073241982988111e+04
4.371777299790024699e+04
4.498916016302271601e+04
4.354670324013588834e+04
4.349819916522267158e+04
4.345337612492538028e+04
4.501422368953818659e+04
4.324490648876822524e+04
4.483208814591039118e+04
4.436976893637582543e+04
4.356708746440101095e+04
4.437255041454526508e+04
4.454717532786608353e+04
4.372863772006690851e+04
4.475526002587825496e+04
4.372913417063852103e+04
4.492674106386697531e+04
4.415889737284548028e+04
4.502853448201604624e+04
4.438874413618264225e+04
4.538775484361371491e+04
4.403115001339606533e+04
4.488642030218377477e+04
4.433989507873577531e+04
4.547603078102372092e+04
4.459527987793451030e+04
4.488967747352911829e+04
4.473238588421732129e+04
4.615562351997641235e+04
4.414298484278802061e+04
4.482961047629579843e+04
4.466848793488284718e+04
4.529041063655877952e+04
4.433415257406210003e+04
4.516798688970453077e+04
4.406545455747040978e+04
4.478130121431068983e+04
4.457979433612393768e+04
4.529355326815195440e+04
4.382806519512422528e+04
4.483175169651517353e+04
4.450154815418353974e+04
4.539037058287028049e+04
4.309900635795303970e+04
4.474904628083421994e+04
4.361577689552195079e+04
4.440992949582115398e+04
4.398046886574584641e+04
4.522686307876463252e+04
4.393952167966713023e+04
4.426667593284790200e+04
4.370755409989912732e+04
4.441747145408596407e+04
4.333884093984595529e+04
4.451158043688167527e+04
4.336097432887668401e+04
4.433591590615040332e+04
4.284857284729020466e+04
4.421966749978259031e+04
4.301421003415851737e+04
4.399499025617988082e+04
4.275991112516193243e+04
4.347119222455773706e+04
4.346920823065236618e+04
4.314223311165113410e+04
4.311764656158655271e+04
4.401298612018268614e+04
4.298133154131721676e+04
4.346101448193321994e+04
4.209847374857609975e+04
4.384558604765456403e+04
4.286667578539274837e+04
4.396840321777113422e+04
4.313184707734223048e+04
4.314223372890808969e+04
4.306552576595733990e+04
4.419786087981722812e+04
4.274785685584969178e+04
4.379499565797700780e+04
4.248001759847467474e+04
4.356071972802859818e+04
4.349958196384566691e+04
4.423433760656066443e+04
4.311815127445545659e+04
4.310869759618383978e+04
4.348837523632490047e+04
4.426982387825912883e+04
4.386768553538931155e+04
4.384897686920258275e+04
4.415950313291310158e+04
4.429012760751319729e+04
4.467406237976377452e+04
4.472089134656658280e+04
4.389051739041688415e+04
4.445851383623329457e+04
4.435793749970514182e+04
4.515845757363545272e+04
4.415802673308830708e+04
4.459161750459694304e+04
4.419390991384986410e+04
4.530482306942880678e+04
4.406075389696190541e+04
4.528727711762520630e+04
4.398125998001224798e+04
4.554323529174453870e+04
4.390174797154676344e+04
4.539831934119553625e+04
4.455563632487090945e+04
4.569808924338992801e+04
4.391949934467543790e+04
4.599823100595932192e+04
4.454220262842772354e+04
4.573977667071681935e+04
4.409880362756635441e+04
4.553393490705940349e+04
4.395304675315369968e+04
4.491947575982058333e+04
4.418337786359331221e+04
4.526661578555788583e+04
4.423634527921078552e+04
4.601245238559546851e+04
4.440178960518765234e+04
4.550513009880622121e+04
4.397927598456289707e+04
4.552663579906473751e+04
