1.072311816387727434e+00
1.066681187777365425e+00
1.065835325976454362e+00
1.070263390880292542e+00
1.073232073234690720e+00
1.070032662701741799e+00
1.064272943621988432e+00
1.068006120816944016e+00
1.070925842562939545e+00
1.072653898736722677e+00
1.068398305528684977e+00
1.065695837640965982e+00
1.066902104051918210e+00
1.072413791428375340e+00
1.072070966704748107e+00
1.067060332771740949e+00
1.067177246258697032e+00
1.069447217010645046e+00
1.071416466531318168e+00
1.071139876080287712e+00
1.069472643897028341e+00
1.067017334960046471e+00
1.066746425487351990e+00
1.072394857869101603e+00
1.073036430212167325e+00
1.067485687460345778e+00
1.063043760271818572e+00
1.069271336206962575e+00
1.071998703902835803e+00
1.070508434548205212e+00
1.064790054093821992e+00
1.065680982093569096e+00
1.069086372639627358e+00
1.071993809586430535e+00
1.069477959092199004e+00
1.066451039996284322e+00
1.066174606808691250e+00
1.068250450626804904e+00
1.071372388318617253e+00
1.070926902405905379e+00
1.068659255485905568e+00
1.064227552864564164e+00
1.064098115203788275e+00
1.070384516762567184e+00
1.072653955097932155e+00
1.068434877267291805e+00
1.062738764290561910e+00
1.065261044496374820e+00
1.068304658431905807e+00
1.073020545984682661e+00
1.070578610808898157e+00
1.066878165802245038e+00
1.065460320699123775e+00
1.066908182613850453e+00
1.069200277416360478e+00
1.071779585716374772e+00
1.070512867417371394e+00
1.067755595579813255e+00
1.063126655391966491e+00
1.065557292614411455e+00
1.068422654586636433e+00
1.071947072627175812e+00
1.071263612709973723e+00
1.068880508141485164e+00
1.067972991989980525e+00
1.066621111214240969e+00
1.065358610254283134e+00
1.070137815217616195e+00
1.072249600023587934e+00
1.071445071474125932e+00
1.068197889128714717e+00
1.065137306221845881e+00
1.066108533520493395e+00
1.070035135902538181e+00
1.071029436431507831e+00
1.071619192213712601e+00
1.073012916358852209e+00
1.069307688341512907e+00
1.063945182888403007e+00
1.066293772399860229e+00
1.067854176514912989e+00
1.071784659641160209e+00
1.072317278616134351e+00
1.068331022115182050e+00
1.069409022612146654e+00
1.067427018824168350e+00
1.065959308376939862e+00
1.070617616541431838e+00
1.071957349439332852e+00
1.072208863069795015e+00
1.068810135586100163e+00
1.065146899009580483e+00
1.067317975093192040e+00
1.069424603640581228e+00
1.071625557910461435e+00
1.072312162180196315e+00
1.071379976770039155e+00
1.067508496272750573e+00
1.063840992404615937e+00
1.066150077371418980e+00
1.069865973559407157e+00
1.071723422847578933e+00
1.071146573425159065e+00
1.069819769784346342e+00
1.067821117968555722e+00
1.064336297178109625e+00
1.063319624581992695e+00
1.068314225186038691e+00
1.071889615380212879e+00
1.073300866582567181e+00
1.070043160561957141e+00
1.067630139756737373e+00
1.066247237725530983e+00
1.064485744902920139e+00
1.063809656466559339e+00
1.069648449192460049e+00
1.071604620810324926e+00
1.072033362091585840e+00
1.068988680428337501e+00
1.066013619178951100e+00
1.065926146477491177e+00
1.065448275645315190e+00
1.065938079992207133e+00
1.070537099507361312e+00
1.071921993669636253e+00
1.071087055880360905e+00
1.066980859530316295e+00
1.065292381697456880e+00
1.064969067433172434e+00
1.068860646894113975e+00
1.069608064045724616e+00
1.071695869033986392e+00
1.072822731003575614e+00
1.069043579630861274e+00
1.064880532326389906e+00
1.065581118960669649e+00
1.065884303108056486e+00
1.071005989051786234e+00
1.072133229570318758e+00
1.070790452220805378e+00
1.070434231858655272e+00
1.068237269218756280e+00
1.063779539795644657e+00
1.067786973122448302e+00
1.070137035560945860e+00
1.072261682722183362e+00
1.071169068203295049e+00
1.067099274493705119e+00
1.067073941844641327e+00
1.069362934986549218e+00
1.069705683661608786e+00
1.072085406209492220e+00
1.072591471578282274e+00
1.070208932718280881e+00
1.064918975137307156e+00
1.065784846862050328e+00
1.068774432129963481e+00
1.071385479763135695e+00
1.072518674587221277e+00
1.069820203811685744e+00
1.069175693671517102e+00
1.067631923573770125e+00
1.065885810698247838e+00
1.069820134602911033e+00
1.071645965423489555e+00
1.071032247055620390e+00
1.068444979020327645e+00
1.066302729678185512e+00
1.066731170246351335e+00
1.068502667830550701e+00
1.068416922424350268e+00
1.072429278498211902e+00
1.072100704269620675e+00
1.068690944016604805e+00
1.064750312186011350e+00
1.064398410229674852e+00
1.066510125833218359e+00
1.068923323282743088e+00
1.070693997666320563e+00
1.072607192813141319e+00
1.072102418427275605e+00
1.067577222336607567e+00
1.063020663800749555e+00
1.064191220646133917e+00
1.065953269281447735e+00
1.070390585951292772e+00
1.070523147368949379e+00
1.072261980499120249e+00
1.071272235252469507e+00
1.067966699231175376e+00
1.062713775602458055e+00
1.064284132858502874e+00
1.065605419468843573e+00
1.070440900186005351e+00
1.071362433739526665e+00
1.072187782563601699e+00
1.072269690085251970e+00
1.068642892856328741e+00
1.065102260575359505e+00
1.064878235662450434e+00
1.065474502999355977e+00
1.069816564265482439e+00
1.070515600743489504e+00
1.071350024805841628e+00
1.072041937525833211e+00
1.070179123770104157e+00
1.065676852608964609e+00
1.064900567702000922e+00
1.065162743923921518e+00
1.069649209256218647e+00
1.069199575528633428e+00
1.071101204524148365e+00
1.072835264042197867e+00
1.072470226256948544e+00
1.069304775579127398e+00
1.066232796405392813e+00
1.066227135523886815e+00
1.068879238004614152e+00
1.067263709101692992e+00
1.070230372209973302e+00
1.071254919524218474e+00
1.072307382866738434e+00
1.071457107106340123e+00
1.068824817782709102e+00
1.069155428846838785e+00
1.067510908111919399e+00
1.064290129400293106e+00
1.067420216209587824e+00
1.069514440169562874e+00
1.071808855854847531e+00
1.072160150069886742e+00
1.072163926227918562e+00
1.071341227546188657e+00
1.067313005789206848e+00
1.064197794639412997e+00
1.065757783096554334e+00
1.067315917381512991e+00
1.069605791495201297e+00
1.069860222902582203e+00
1.071349309873871780e+00
1.072107075378919916e+00
1.070876878994610593e+00
1.069415434147970467e+00
1.067388711125471845e+00
1.067348180331522123e+00
1.065567764489395941e+00
1.062256047915619783e+00
1.066275169867084704e+00
1.069099523320098610e+00
1.072428505505730323e+00
1.071709959916225863e+00
1.072550324801433419e+00
1.071143402394276078e+00
1.067633975105517274e+00
1.065012686303165923e+00
1.065251270303326780e+00
1.065274242069268684e+00
1.065497335955348568e+00
1.064087428882203978e+00
1.068412882014574627e+00
1.069015392108833229e+00
1.072055279086601143e+00
1.072552466915007496e+00
1.072630530826432338e+00
1.071628241269670490e+00
1.067760988437616909e+00
1.065741784974976625e+00
1.066181478726015097e+00
1.066440465512678237e+00
1.066637809615739174e+00
1.063217366493395044e+00
1.066591952410753885e+00
1.067372062271919830e+00
1.071701097620913590e+00
1.072763919763047857e+00
1.072223460540605133e+00
1.072752278528792624e+00
1.071384163885151342e+00
1.070381985890447751e+00
1.067561651910939879e+00
1.069111485192268507e+00
1.068059197044298747e+00
1.064174271716190834e+00
1.065431956561339044e+00
1.066039287244398448e+00
1.071317471839788649e+00
1.070712980931521008e+00
1.071577550987540706e+00
1.072588527189575647e+00
1.072077989625021210e+00
1.071179793931436031e+00
1.067004510311531984e+00
1.069191179763563815e+00
1.068129412288812974e+00
1.064492020072842271e+00
1.067410473591563047e+00
1.067507425797788567e+00
1.072039499930797612e+00
1.072475865637649850e+00
1.072848864727427465e+00
1.073121744954830259e+00
1.070828665529008905e+00
1.067421329716008671e+00
1.065769990798410172e+00
1.067458499435926633e+00
1.067358390997864115e+00
1.064750539890900738e+00
1.067975637169898517e+00
1.070469194384121137e+00
1.072387567148106013e+00
1.072895607257930539e+00
1.072221770429838683e+00
1.071197714009604729e+00
1.067728044393556175e+00
1.063439899467692795e+00
1.064526425725942360e+00
1.066395709671930758e+00
1.066266160464903745e+00
1.065609157008513330e+00
1.069947989285198187e+00
1.071544236207637946e+00
1.071809660142424514e+00
1.071403535044483046e+00
1.070912860418694601e+00
1.069342286980441425e+00
1.064949859082297001e+00
1.061481620892883670e+00
1.063989975644205721e+00
1.065801287210900616e+00
1.068692816705063553e+00
1.068395245457947951e+00
1.070834036816049162e+00
1.071660163644608810e+00
1.071532939189387967e+00
1.069255934443377853e+00
1.068590226806570120e+00
1.067187949457748086e+00
1.065671329164402659e+00
1.062404368640280428e+00
1.065607284726833859e+00
1.066714756715488877e+00
1.070268092837008744e+00
1.071455501440382152e+00
1.064082869506743023e+00
1.067366777540944112e+00
1.067106297609208054e+00
1.068983567326778017e+00
1.071169169513587427e+00
1.071912721673938362e+00
1.072270533494616762e+00
1.073418769924009197e+00
1.069851014044353787e+00
1.070232860177100287e+00
1.070476393862001885e+00
1.065025263502812347e+00
1.064351665221750620e+00
1.066467000216114069e+00
1.068084492934008534e+00
1.065627856159588660e+00
1.069345070285999899e+00
1.071511483698798450e+00
1.071828451137643912e+00
1.073486454879700291e+00
1.071318675898757400e+00
1.071270130492554484e+00
1.070971773360366086e+00
1.068643579421851619e+00
1.066215346665013275e+00
1.067131928785861827e+00
1.067801979524345635e+00
1.062668169928585815e+00
1.065617172460180839e+00
1.068282174925632599e+00
1.069408296183549156e+00
1.069517344402409309e+00
1.071948967723004742e+00
1.074525020987312729e+00
1.071604407102105361e+00
1.075524947382977770e+00
1.071123678019835213e+00
1.070654777247499245e+00
1.068638624594834496e+00
1.065468131071594549e+00
1.064197398325998911e+00
1.065450454704635952e+00
1.067329024333032006e+00
1.062191439197789800e+00
1.067247289446813241e+00
1.069498123739408113e+00
1.070248170741566751e+00
1.073220082783307383e+00
1.074230128630492498e+00
1.074291899505614545e+00
1.070662167799552700e+00
1.071139414065922502e+00
1.067929536601937457e+00
1.068113601887530795e+00
1.066204097784001048e+00
1.059447097070156829e+00
1.063136138785316653e+00
1.066203737487805725e+00
1.067704260510770942e+00
1.067359862804900139e+00
1.071693043387276001e+00
1.072759244103813403e+00
1.071802402025432421e+00
1.074622720234814421e+00
1.071833649309424930e+00
1.070379498453162936e+00
1.068486346105562257e+00
1.064551824628830801e+00
1.063340108662154559e+00
1.064313407483422402e+00
1.065149027763749867e+00
1.059753631525428119e+00
1.065692360206405898e+00
1.067215661715656738e+00
1.068328310063955122e+00
1.070286316937339777e+00
1.073424688001443750e+00
1.072928819927448041e+00
1.070818835669657521e+00
1.074231602505087313e+00
1.069852271724147430e+00
1.068880922514255261e+00
1.068543157252302533e+00
1.062416339052617564e+00
1.063895863333313541e+00
1.064696940185330787e+00
1.065495272826776807e+00
1.062314754034625830e+00
1.067625200178509814e+00
1.068174046989609716e+00
1.069923618534941445e+00
1.073326648155705110e+00
1.071748180807776230e+00
1.072263363274511550e+00
1.072168179560561763e+00
1.070793411202622947e+00
1.067011228777176246e+00
1.067560288048317485e+00
1.067918189220085301e+00
1.062501904425896981e+00
1.063883291263332476e+00
1.066085526758165258e+00
1.067682809347106465e+00
1.066302040410140428e+00
1.070289464721454920e+00
1.071716633087252957e+00
1.070897127963247542e+00
1.073803279914772091e+00
1.071018683312889186e+00
1.071054088780985625e+00
1.071427050987207474e+00
1.067685296429302433e+00
1.065747135813606805e+00
1.067085345589599887e+00
1.068118957129946756e+00
1.063854278137938314e+00
1.067197033507394366e+00
1.069411954569772449e+00
1.070355385160471018e+00
1.072426676183778405e+00
1.072263127051220177e+00
1.072251286800338876e+00
1.071296469552227126e+00
1.071317520788152455e+00
1.068585329664633710e+00
1.068997824852398582e+00
1.068045737242421023e+00
1.062759486368672901e+00
1.064734737665896214e+00
1.066787932260618854e+00
1.069232564438564070e+00
1.066491206248137535e+00
1.070449666080707907e+00
1.072980108702759061e+00
1.072067069295798314e+00
1.075208436340151508e+00
1.073301518945258826e+00
1.073185437033688849e+00
1.070615686524143406e+00
1.068751336894058879e+00
1.065735567117233495e+00
1.066956747186650567e+00
1.066534388204317008e+00
1.060355219099054613e+00
1.063820845577836183e+00
1.065649059453652292e+00
1.068141976932146298e+00
1.064860317222361408e+00
1.073580933618370592e+00
1.069777244539888317e+00
1.067622188424216079e+00
1.063402758426993833e+00
1.064151642921829621e+00
1.066926547131535674e+00
1.069817969622602005e+00
1.069952253427069122e+00
1.072958677718313325e+00
1.071984966722601351e+00
1.068073212485505463e+00
1.064848191775643826e+00
1.064802546213886814e+00
1.065997270523240115e+00
1.066965295537113834e+00
1.067530998996168989e+00
1.071584400905183587e+00
1.072790121974970479e+00
1.070261455182635935e+00
1.068409268541728796e+00
1.066615911300055286e+00
1.065540982345486221e+00
1.065334133786886683e+00
1.064214262205499750e+00
1.068199435419274090e+00
1.070081124458198030e+00
1.072925026285138195e+00
1.071622866299305477e+00
1.069382720425421374e+00
1.068151315298144999e+00
1.066019890971718453e+00
1.063073932246034525e+00
1.066251464735217924e+00
1.068790311552846983e+00
1.071471056674609290e+00
1.072584130033061411e+00
1.068143449094284048e+00
1.067540797814362508e+00
1.071249991557476688e+00
1.074053921728219896e+00
1.072807930934786880e+00
1.072168343340268004e+00
1.071793098186249793e+00
1.071689481636169505e+00
1.068923687883841289e+00
1.068823788452540891e+00
1.069803015367708943e+00
1.065080637014759191e+00
1.065857057526888418e+00
1.066260292010587474e+00
1.067696537992414374e+00
1.061734064327471083e+00
1.064078611744940339e+00
1.066007219054088351e+00
1.067826257565327230e+00
1.063887725546815544e+00
1.066320546204608588e+00
1.067832815770345611e+00
1.069407854586094553e+00
1.066781895813894820e+00
1.067623815140411159e+00
1.069227506528645177e+00
1.070269169381873553e+00
1.068175273642572032e+00
1.070205211674507106e+00
1.070020595144756781e+00
1.070966378338685132e+00
1.069416367750245289e+00
1.069772985328213633e+00
1.070975177454249971e+00
1.070999733671726517e+00
1.068186527004412634e+00
1.069655676986932979e+00
1.069120201590429975e+00
1.070434313425891792e+00
1.065154956257217123e+00
1.066297998798277469e+00
1.067567184471961639e+00
1.067717686186830273e+00
1.061391731587763676e+00
1.063879252271865195e+00
1.064719864963004303e+00
1.066026004403508587e+00
1.060381679047198489e+00
1.063590329806114898e+00
1.064694709401662998e+00
1.065742601617708951e+00
1.062841995917912508e+00
1.065384200561152017e+00
1.066990563742549636e+00
1.067047964855659892e+00
1.067873746538814173e+00
1.069248093354173257e+00
1.071309750094430857e+00
1.069800020121036033e+00
1.073261095359991923e+00
1.073290516794358718e+00
1.073744017345278357e+00
1.071797731158431688e+00
1.074557152842258834e+00
1.074356866449092784e+00
1.072419040262298617e+00
1.070875381711039021e+00
1.070862537280104165e+00
1.070663061518527526e+00
1.069109550453743784e+00
1.068173193284647882e+00
1.064030079659788797e+00
1.065805193647575200e+00
1.065924546753481694e+00
1.067959903326648252e+00
1.067767421244585124e+00
1.065674340861373359e+00
1.064904675620516494e+00
1.068993347506355995e+00
1.072083844330584235e+00
1.070471144699461474e+00
1.067068278244468260e+00
1.064656327259430268e+00
1.066587982063546214e+00
1.071013717537695253e+00
1.072034307486816163e+00
1.069069040494527112e+00
1.063458611008363031e+00
1.066938865313620699e+00
1.069899852726162948e+00
1.072043893183485697e+00
1.069086245552469894e+00
1.065560772150688340e+00
1.065563710446212564e+00
1.070958364331439761e+00
1.072409373409996647e+00
1.069612015122612725e+00
1.068858338699562482e+00
1.067757965594257508e+00
1.067714895619231052e+00
1.071264711693515004e+00
1.072214914433249122e+00
1.069474363522502802e+00
1.063804985339773745e+00
1.067659662749409266e+00
1.071327219206600567e+00
1.072271409685052745e+00
1.068648546410707389e+00
1.064980579174127584e+00
1.069043558434526586e+00
1.071932170600073730e+00
1.072023856847696521e+00
1.066381706244857064e+00
1.067826088153289055e+00
1.069848374517180289e+00
1.072279536811397982e+00
1.069110018064487022e+00
1.067015039839162904e+00
1.067962641413458424e+00
1.071306408182855385e+00
1.070682266431620677e+00
1.067956921121146818e+00
1.067041262731771800e+00
1.068418389076897901e+00
1.072289892878788509e+00
1.070040114657868413e+00
1.065936383327373838e+00
1.065383425424626163e+00
1.072268570156786227e+00
1.071526323730651820e+00
1.066531627159203133e+00
1.062385511673402894e+00
1.070682155147249404e+00
1.072820550938293982e+00
1.067800903507017507e+00
1.062657036211607453e+00
1.067111098100217426e+00
1.071705907388665890e+00
1.070989114335771042e+00
1.064483008746803794e+00
1.064389534463384690e+00
1.069491571189061352e+00
1.072909813701638848e+00
1.068361512749377518e+00
1.064169611035830965e+00
1.064933313129393433e+00
1.071203971682673783e+00
1.071829801403550109e+00
1.066695885045220171e+00
1.063996402474770786e+00
1.068807716566488875e+00
1.070952041930513632e+00
1.070108942289732745e+00
1.066222955411502138e+00
1.065921098436642733e+00
1.069700678870484367e+00
1.071291169979561531e+00
1.070062373235576292e+00
1.067357963938833754e+00
1.066581760092887743e+00
1.070764949022656509e+00
1.071770659052928343e+00
1.067680289063968058e+00
1.064261845103178672e+00
1.069542986770522175e+00
1.072539624027245342e+00
1.071026282289327503e+00
1.063861811800514090e+00
1.067098492532170262e+00
1.071455500055154220e+00
1.072207004736974056e+00
1.065962228641028853e+00
1.065885734895758885e+00
1.069477771811284228e+00
1.072809331374750430e+00
1.069180355306291519e+00
1.066080269618448151e+00
1.068285179597141754e+00
1.072476297531713252e+00
1.071384792566283828e+00
1.066115252042846739e+00
1.067381094355709159e+00
1.071578366514397196e+00
1.072018098194273961e+00
1.067034848601847274e+00
1.067060405067412843e+00
1.070188349263662131e+00
1.071690622310006002e+00
1.069049406651935152e+00
1.067292545807080328e+00
1.067671993913001494e+00
1.070621450018613752e+00
1.069852652416976690e+00
1.069070335769544799e+00
1.066766098257948547e+00
1.067904742156050579e+00
1.072102620025077391e+00
1.070846210067121440e+00
1.065979824371682705e+00
1.064078279740318544e+00
1.071135590496576695e+00
1.072764993409503820e+00
1.068133276251707953e+00
1.062030488632295988e+00
1.067717897452026277e+00
1.072576197736619719e+00
1.071371336553532005e+00
1.064467330262834244e+00
1.064693926116862421e+00
1.068949785297080624e+00
1.072889034913546924e+00
1.069112252898998916e+00
1.065190346761684559e+00
1.065491382207199633e+00
1.069358456180783401e+00
1.071646116387540149e+00
1.070002372073691976e+00
1.065978574111239308e+00
1.065372713007159300e+00
1.068673984171654601e+00
1.071127966415187593e+00
1.070154495175652087e+00
1.065534978701761171e+00
1.063367107839964687e+00
1.070064480862930489e+00
1.072085010427940466e+00
1.069686273838054369e+00
1.064028121877671484e+00
1.065557440744641537e+00
1.070193125621297536e+00
1.071589081857775794e+00
1.069077070458270162e+00
1.064719768925701082e+00
1.066574917976593762e+00
1.071183132842101982e+00
1.072388340369618387e+00
1.067576846453088368e+00
1.066181392578446241e+00
1.068771013742324083e+00
1.070350682872488024e+00
1.071345941094057341e+00
1.071025485493194873e+00
1.067681908293469428e+00
1.066283095454771512e+00
1.070763362095987770e+00
1.073271310654127175e+00
1.070774929181713908e+00
1.065203517750199502e+00
1.066804119315842847e+00
1.069207943111724513e+00
1.072897599788232847e+00
1.070137764609967013e+00
1.065736584503625517e+00
1.067434631399106104e+00
1.070874635818914067e+00
1.072183112822540085e+00
1.070190293328672215e+00
1.068464532355371421e+00
1.066416935592932935e+00
1.068428967767663051e+00
1.072337504630043181e+00
1.071421263114998634e+00
1.067371423604327463e+00
1.062984539024849795e+00
1.068172141131679354e+00
1.071789647729760819e+00
1.071039632929543295e+00
1.065530031278794310e+00
1.064151258667806577e+00
1.067535243055794725e+00
1.071412475714290213e+00
1.071129477651095119e+00
1.067974525477115355e+00
1.065963566597032841e+00
1.066415825421771268e+00
1.068939963005424820e+00
1.072784415841042005e+00
1.069952736826126793e+00
1.065422397722914916e+00
1.062327998801157358e+00
1.069589582606983003e+00
1.072603906740180246e+00
1.070153116784509306e+00
1.064320484157902591e+00
1.064315906879420348e+00
1.067230113418210502e+00
1.071870311803578613e+00
1.071491207184883887e+00
1.066560630501045548e+00
1.065599873960952459e+00
1.066420865240343296e+00
1.069832512167297800e+00
1.072006133253566640e+00
1.070283709823504514e+00
1.066661413568235739e+00
1.063431783138451658e+00
1.068660700482675141e+00
1.071761949101162736e+00
1.070932561529734928e+00
1.067275190035532173e+00
1.065021587216041787e+00
1.066449953561096731e+00
1.070921015742065441e+00
1.072330304081430707e+00
1.068859527258922082e+00
1.066946172667454285e+00
1.066565309849939025e+00
1.068377019119491456e+00
1.070719919995676506e+00
1.072253454762296165e+00
1.069577095586959459e+00
1.064230074596047571e+00
1.066497803258044330e+00
1.069710462615184543e+00
1.072288140357881669e+00
1.070431509693388294e+00
1.065303894358968106e+00
1.066511725950080924e+00
1.069831180817765182e+00
1.071699971300801080e+00
1.070962486826370741e+00
1.071242532826635285e+00
1.067644853765595148e+00
1.065000226432439190e+00
1.070519447782319222e+00
1.072554027002402766e+00
1.071110889956527812e+00
1.065104926159730514e+00
1.065182978609352515e+00
1.069097718651229378e+00
1.071728535877323418e+00
1.071187154956818599e+00
1.068633457642873097e+00
1.066655675283155080e+00
1.067424790219035691e+00
1.068906985187250136e+00
1.072509582715766463e+00
1.071037133844692901e+00
1.066723403135853010e+00
1.061672521689643878e+00
1.066858983686037599e+00
1.070754090973113248e+00
1.072280853994685312e+00
1.069352890970324044e+00
1.066433737750318356e+00
1.065281206185088703e+00
1.066862757298009612e+00
1.070524159900669847e+00
1.072431171361682978e+00
1.070814856896322276e+00
1.066239804556381454e+00
1.061193681268979505e+00
1.066977843448187357e+00
1.069745285854692973e+00
1.072100837638885862e+00
1.069797120152350844e+00
1.066751255374847052e+00
1.065268426692792092e+00
1.066795213111591423e+00
1.069285566144016375e+00
1.071184191775314654e+00
1.071195350212621911e+00
1.067514533951811728e+00
1.062542759099817768e+00
1.066345545010422224e+00
1.068872189270439144e+00
1.072385188624103591e+00
1.071532556748820975e+00
1.067709928625749205e+00
1.066008727996489158e+00
1.067626210918466212e+00
1.067614031443518074e+00
1.071425034333913118e+00
1.072436767659826984e+00
1.070631580347640499e+00
1.065773604764200799e+00
1.064948929242504727e+00
1.066897042826343789e+00
1.070381149116273134e+00
1.072688417786088477e+00
1.069641171801831048e+00
1.070361631544858749e+00
1.067507879489307809e+00
1.065228646638334498e+00
1.070328949441360589e+00
1.071324453586071535e+00
1.072271377117024471e+00
1.069640543375681041e+00
1.065427467047433741e+00
1.067036148009517404e+00
1.069622029394177831e+00
1.071453205970767986e+00
1.071634614273774044e+00
1.071123128938707980e+00
1.067050417489167735e+00
1.064799948194440349e+00
1.069464285311691132e+00
1.072227208324762593e+00
1.071694158893796045e+00
1.067541357904937982e+00
1.065909990757118342e+00
1.068868019431983063e+00
1.070702191402751247e+00
1.071894885631829775e+00
1.070105986889467342e+00
1.068454891495584480e+00
1.065392852162820203e+00
1.065101710369419363e+00
1.071626600365161330e+00
1.072454523898247913e+00
1.069445744207318860e+00
1.064193161710250468e+00
1.064591820448589576e+00
1.069028788270514285e+00
1.071412199628003270e+00
1.071906905666523135e+00
1.069139644988338800e+00
1.065990524378801707e+00
1.064322960947339469e+00
1.066400027755663782e+00
1.071867178783821872e+00
1.071731290540010706e+00
1.067749478168149135e+00
1.061970547827347344e+00
1.065350114876080889e+00
1.069105151114347674e+00
1.072231176629565796e+00
1.071432141716421649e+00
1.068161428882256736e+00
1.065881210436445903e+00
1.066610231380177298e+00
1.067948885836279560e+00
1.071301434794023510e+00
1.071942755700370897e+00
1.068520125159473588e+00
1.062772712820525323e+00
1.066069348370824565e+00
1.068702827230570085e+00
1.073084058432549837e+00
1.070934180008132230e+00
1.067040471869607599e+00
1.065851892659229083e+00
1.068793898629369021e+00
1.069417219390157214e+00
1.071595098478822283e+00
1.071779025558524445e+00
1.068458230785501950e+00
1.063167547620756270e+00
1.067848333070900546e+00
1.071041896436444096e+00
1.072463421622813717e+00
1.069184083894969550e+00
1.066077263625337945e+00
1.066452201083047724e+00
1.070352551609737857e+00
1.072161101095095548e+00
1.070053380964444578e+00
1.069825497154646810e+00
1.067876724013306466e+00
1.066439896194589787e+00
1.071300901225807234e+00
1.073233323431966868e+00
1.069165602911108737e+00
1.064279187367247248e+00
1.066505257441214827e+00
1.070840175374149883e+00
1.072248109736507526e+00
1.068322807476097092e+00
1.064679006664874583e+00
1.067899946000997025e+00
1.071215822841472542e+00
1.072047561777768943e+00
1.068303973033377430e+00
