5.487749969355029123e-01
1.572675215804457682e-01
8.797348302711019419e-02
9.637980969541908027e-02
9.503188208496171629e-02
9.756195201944434237e-02
9.809247561477109356e-02
1.047612111712948324e-01
9.626929458420703523e-02
9.587484611058523509e-02
9.713686157705486712e-02
9.187492064693675298e-02
1.079731488356437535e-01
9.740136968344392798e-02
1.032690437341240580e-01
9.846487952719346071e-02
9.904208166501769772e-02
1.039229874988866348e-01
9.665385978529426880e-02
9.126052048419983076e-02
9.616448983091513414e-02
9.168808746221311645e-02
9.645350369283919867e-02
9.704234550461524056e-02
1.027634014333461271e-01
9.532163690237525910e-02
9.146344880467591199e-02
1.034352283253294064e-01
9.829855694579095471e-02
8.728738193714807858e-02
1.000852967453034204e-01
1.032145257971245900e-01
9.888803826092656957e-02
9.220832338544798779e-02
9.460169932940955262e-02
1.027375713847655386e-01
9.645693898655496867e-02
9.635876318755023928e-02
9.167070032565094451e-02
1.014519324745453976e-01
9.258949038137889720e-02
1.014839500825183705e-01
9.840279505358745515e-02
1.019156638118399461e-01
1.002261097949379981e-01
1.025508674881167037e-01
9.548020398493341221e-02
9.948889441791125554e-02
1.006626376682304147e-01
9.501937836207491328e-02
9.499159636297299647e-02
8.277696641555204460e-02
9.693268880329694581e-02
1.023523378938177852e-01
9.819074470149791178e-02
9.553862098206658549e-02
1.042061877145688958e-01
9.700196578700279182e-02
9.480612798380397277e-02
1.040927552730025324e-01
9.244609288342454934e-02
1.023326169469146452e-01
1.039573407323291926e-01
9.336398385237873465e-02
9.567774255494519708e-02
1.006677267999927378e-01
1.086839398028034698e-01
1.008456776190801846e-01
9.619964830289728930e-02
9.897154409541854270e-02
9.855216467605859565e-02
1.046828957542653288e-01
9.904564848899745366e-02
1.006956641365087946e-01
9.600516095649591630e-02
9.800951142373859337e-02
9.968308615014571938e-02
9.880959679974264664e-02
1.060116460165056035e-01
9.675800818211917342e-02
9.889864899563606537e-02
9.556274650691470862e-02
1.042327317860982511e-01
9.359945458426729981e-02
8.786096102215568138e-02
9.521939467747135566e-02
1.034502363838702976e-01
9.818028692862594553e-02
9.427320056177275476e-02
9.497096065821110378e-02
9.487173863109717165e-02
9.699002778773647970e-02
9.294735084048297291e-02
1.012900078632927303e-01
9.064246778426675311e-02
9.435979584785390839e-02
9.869391092675147692e-02
8.909937494542556624e-02
9.479841222417201285e-02
1.018588490677738989e-01
8.444330664912978734e-02
9.955421134203462641e-02
9.300178064767170016e-02
9.147742491845521629e-02
9.993431729852325640e-02
9.975157118230801312e-02
9.476462537282015486e-02
9.677706089873841511e-02
9.758860572281063961e-02
9.764978432245415008e-02
9.671915195904995377e-02
9.627804468348435951e-02
1.018771197704440440e-01
9.906349097944630588e-02
9.252414645037178309e-02
9.234073067368996079e-02
9.732167136595194779e-02
9.570108468744217833e-02
9.468919168330122704e-02
9.666826178986352713e-02
1.050089526540371188e-01
1.011703782656417638e-01
9.572818127249610454e-02
9.690206024631596582e-02
1.023572210747056010e-01
9.746132703261245478e-02
9.319481460047267241e-02
9.562450763016934474e-02
1.030688932354172360e-01
9.131117537734882716e-02
9.048961301993536932e-02
9.764550136450084183e-02
9.792150369931756915e-02
9.490360203386420668e-02
1.031277977070576973e-01
9.483788712419415068e-02
1.019751283090826327e-01
9.834450288982658772e-02
9.620571492448218298e-02
9.942977022306762058e-02
9.524397996260933197e-02
9.909279723578230670e-02
1.041347159337462636e-01
9.723371909663097723e-02
9.373854033819913056e-02
9.469493373947410197e-02
9.493862457221947937e-02
1.020018148498657989e-01
8.610780150645457043e-02
8.745459500710014988e-02
8.922623556800958478e-02
1.028189882299866131e-01
9.796989456973050070e-02
1.001637932147957794e-01
9.920805151556881529e-02
9.550764550882460957e-02
9.251575549287077704e-02
9.827708407607266272e-02
9.640999384181458964e-02
8.697659696145428054e-02
9.561950596926849233e-02
9.350816142798752673e-02
9.197256484983114266e-02
1.035007311550117381e-01
9.868507946180965495e-02
1.026888921889841655e-01
1.018855087460032866e-01
9.299902181528495182e-02
9.629121771601588387e-02
9.358036682424411556e-02
9.551588745677248860e-02
1.028845844976994384e-01
9.826609061875223039e-02
9.304158716882127145e-02
1.001056287558229063e-01
1.001919735266364742e-01
9.789452158289810302e-02
9.622301326058597948e-02
9.457407845011860104e-02
9.673552583714814523e-02
1.022930241720218514e-01
8.977111889476570294e-02
1.047799529929976103e-01
1.002138053008185814e-01
9.688247769260327491e-02
1.019751985157779095e-01
1.015515474740316948e-01
9.692556651039620219e-02
1.036051404786069441e-01
9.757857331321480310e-02
9.075716114307431914e-02
9.997213343812323683e-02
9.249393539513617313e-02
9.593003436077619794e-02
1.022956167877848016e-01
1.022400859194293604e-01
9.830358197842481438e-02
9.731179909597161004e-02
9.705731778453167979e-02
1.035237968537836561e-01
9.425887003833417765e-02
9.454836241810814224e-02
9.883194448494468654e-02
9.673442871342143035e-02
9.662259673476822353e-02
9.850588139480612182e-02
9.350480691635278119e-02
1.002583942221430824e-01
9.241882332094643326e-02
9.866366706785709151e-02
9.974844911838735839e-02
9.418662779754810588e-02
1.031288766776031901e-01
9.624880249621622919e-02
9.857155550161114665e-02
1.037398036056240008e-01
9.640275599417613694e-02
9.530154419904010576e-02
9.493547579960186222e-02
9.700537234740198855e-02
9.465945393508780337e-02
9.572163987100286431e-02
1.004942092980212892e-01
9.249551834782776538e-02
9.568841576468042898e-02
9.823657028761531573e-02
9.743648763846991800e-02
1.019227886577426107e-01
1.000778732290168727e-01
9.624852182133494805e-02
9.986343094153905808e-02
9.474003956201963728e-02
9.292004817481096246e-02
9.637561095368966935e-02
9.766333603505167327e-02
9.895565252215639263e-02
9.652841177914625592e-02
9.615695302969172464e-02
9.289750682402750370e-02
9.200910046242333218e-02
9.500893728482630307e-02
9.889675514666584899e-02
9.134097780901512253e-02
8.843707491551336397e-02
9.610967751169773032e-02
9.531540954966094548e-02
9.892211623994190406e-02
9.657715266549779520e-02
1.002469133684948527e-01
9.883643481734820380e-02
9.324183964006568792e-02
9.220268838537139244e-02
9.342911197908827792e-02
9.181390053214305569e-02
8.818713075674868007e-02
9.933105444647005733e-02
9.293303799387275799e-02
1.037964231054512160e-01
9.988478041865496426e-02
9.700624935043648811e-02
9.358997040034601478e-02
9.824175344333382909e-02
9.820074005522862193e-02
8.501421479935016012e-02
9.731004684736316301e-02
9.702543465239685250e-02
9.410711171044769396e-02
9.439578613553281650e-02
1.022740623825747763e-01
1.004453929350010016e-01
9.514649475055685091e-02
9.780142606911843006e-02
1.030065030509420138e-01
1.026555220714883421e-01
9.724165389360221734e-02
9.711821951533097796e-02
9.972446634108315944e-02
9.911766064008661892e-02
9.706009127763619293e-02
9.779156847701987731e-02
9.520675915400673983e-02
9.591586087014494777e-02
9.787865239691889707e-02
9.438378746201100955e-02
1.016873252720093129e-01
9.532160416068917452e-02
1.013785642307033219e-01
9.540926247030143137e-02
1.002110936516694556e-01
1.012557529997200056e-01
8.515775524518591488e-02
9.894621540759900025e-02
9.864549758824618653e-02
9.782778646209254469e-02
1.004510067371112148e-01
8.790502003595307423e-02
8.843957935741009191e-02
9.353844641410084815e-02
1.056918991921825118e-01
9.877457253499687118e-02
9.590024789123333115e-02
9.548014809008564807e-02
1.023144168213705046e-01
9.257334191656434175e-02
1.008135552110006328e-01
9.823102774022818284e-02
9.885607813578621561e-02
9.371576542729030679e-02
9.244051548412515751e-02
8.914551043006878339e-02
9.676271526360377684e-02
9.024736396257017346e-02
9.043228642553130525e-02
8.892478598373086685e-02
9.319068474880194686e-02
8.797119329272751198e-02
1.009530939332895783e-01
9.847140065963089217e-02
9.205258378128276797e-02
1.032907938300275386e-01
1.019117090475393228e-01
1.012534221421869524e-01
1.045300380727839651e-01
9.900821816939822662e-02
9.400651714529165148e-02
9.763404842744340117e-02
9.388801014376613185e-02
9.059960705550236526e-02
9.058712035385321770e-02
8.853502533579839240e-02
1.000519633941854558e-01
9.748977131040957589e-02
1.009976438169517127e-01
9.254261275737835080e-02
9.993717320543127336e-02
9.497722432568314610e-02
8.823561960698493578e-02
9.863832313983329769e-02
9.859002841375946735e-02
1.039317274916064793e-01
9.692499412847158102e-02
9.669393246892077354e-02
1.024037881620302876e-01
1.032288932361034722e-01
8.934759087374770370e-02
9.138106542428418855e-02
9.064159069722838025e-02
9.531821460179600025e-02
9.214687019690025183e-02
9.258543333259583452e-02
9.981013817461520388e-02
1.010777891115963306e-01
9.560329427060723639e-02
9.203443978069834885e-02
9.974999193125301533e-02
1.010870506291297738e-01
9.761637122689356683e-02
9.797552226292327582e-02
1.059302127366778395e-01
9.285304142382728998e-02
9.343748736722019832e-02
9.440862802941585308e-02
1.019576832191275012e-01
8.747998246787740129e-02
9.979857051716016503e-02
9.556888478937138054e-02
1.043229745781150825e-01
8.864567056623912089e-02
9.266323669750545222e-02
9.713780498295623844e-02
9.773243505021349253e-02
1.026791370481471566e-01
1.009826326219580295e-01
9.656871971145633560e-02
9.518873816060691162e-02
1.025846700304390707e-01
9.202137579486380226e-02
1.021032805501663754e-01
1.012112225167551699e-01
9.521739715231659906e-02
1.032316409460664469e-01
9.576552559436699030e-02
9.790355238338482868e-02
8.978058382705653151e-02
9.629660557540720145e-02
1.003819547582342070e-01
9.747042084879595225e-02
9.308246805564308890e-02
9.307946703012064116e-02
9.226171916279386764e-02
1.011634644350712514e-01
9.786574138698454772e-02
8.874420561994651735e-02
9.450133585102604705e-02
9.917388619640973846e-02
8.536232281522593279e-02
1.013261224541483901e-01
1.039014762222134625e-01
1.017086272557338328e-01
9.552282786176712059e-02
1.000028030835616727e-01
9.995045932760880658e-02
1.001706460158920120e-01
1.077059409548719454e-01
9.010823102465612133e-02
1.008948111320175228e-01
1.032042959715448321e-01
9.084270458328547182e-02
9.495661263626477278e-02
1.004014912830653999e-01
9.666859397745952709e-02
9.549207447809608673e-02
9.691336255209545558e-02
9.573275603317928095e-02
9.220960747904306809e-02
8.966719667202188715e-02
9.896237503706639682e-02
9.908710988560189004e-02
9.738533109527215681e-02
1.024298235333425955e-01
1.004790019398180828e-01
9.912023689945780036e-02
9.634850054894918137e-02
9.474660617632015003e-02
1.003037717008741225e-01
9.098631190677011760e-02
9.258054647371587176e-02
9.577518141621112202e-02
9.935124195080939635e-02
9.711017482305492332e-02
9.502814222876404537e-02
9.676385557311073526e-02
9.827559722603786130e-02
9.696016850627656170e-02
1.060939281560108055e-01
9.643151747240322202e-02
9.858625544216677306e-02
9.698006158559707712e-02
9.569499104283664404e-02
9.512318862948551668e-02
9.133999517600571716e-02
9.697233776819567941e-02
9.723661120654863987e-02
1.045293044531328541e-01
8.834410424460906186e-02
9.586414838815435213e-02
9.648581695342293985e-02
1.012805105511589143e-01
1.015976771321407540e-01
9.163006682384119972e-02
9.713932894833120224e-02
9.861400951801431447e-02
9.286803243648290851e-02
1.004444671356394536e-01
9.642017043475488436e-02
1.053431696033028109e-01
1.033104328749634149e-01
9.128594596137012962e-02
9.856957521538281530e-02
1.002754208368277500e-01
9.654042259680087334e-02
9.466418571132305393e-02
9.965080239935847350e-02
1.026402272647060909e-01
1.050680618313327847e-01
1.009336500725528663e-01
8.959745716347987388e-02
9.272241243501237740e-02
9.984226776506939516e-02
9.875534211431265252e-02
9.108896515423918483e-02
9.590224556829050895e-02
9.223483686188388431e-02
9.809538513251182812e-02
9.998400929571245321e-02
9.215737477978966363e-02
9.448138141023663950e-02
9.366755344138476269e-02
9.408843063714959765e-02
9.647081124588682832e-02
1.032063046350951974e-01
9.844179431435320926e-02
9.959039499424507391e-02
1.041660076181362415e-01
9.913754107165323459e-02
9.742587531253762978e-02
9.933903733479095000e-02
1.036519905642786094e-01
1.025108564629092639e-01
9.168081151775329951e-02
9.334118637603666668e-02
9.516845497694446931e-02
9.579468925614034736e-02
1.063465526487973045e-01
1.040401932218852493e-01
1.019086231734758069e-01
9.232238360130815003e-02
8.477530258431983934e-02
9.228766337832648714e-02
9.406128991271182904e-02
9.128008831244793786e-02
1.023283262579533642e-01
1.055066938509186952e-01
8.991202625913125024e-02
9.562228421811244661e-02
1.031904586937966856e-01
9.996267991346259596e-02
1.011268790420125491e-01
1.025180811526437696e-01
1.003415969843962779e-01
9.236197257390943438e-02
1.027766556712592094e-01
1.037459606271282780e-01
9.937758788320893988e-02
9.703771151068751877e-02
9.525822314945223135e-02
1.019403038729182615e-01
9.471401045634750271e-02
1.012497021480500414e-01
9.922763017551611275e-02
1.044820335038965653e-01
8.935642888959005603e-02
9.436649951981161688e-02
9.857543976668931007e-02
1.003375543747204585e-01
1.006178815530339443e-01
9.895231049194352924e-02
9.644904838222820298e-02
1.045420778993937094e-01
9.887288707705133017e-02
9.991058365282494413e-02
9.654908664138127372e-02
1.006475002064313590e-01
1.087755394549957955e-01
9.919057473423867344e-02
9.381679829160931294e-02
9.428072741485500619e-02
9.878997394141732225e-02
9.985742193343609407e-02
9.912708382813800734e-02
9.525862974042867415e-02
9.051793240448118005e-02
9.553689150608615788e-02
9.186854642177749719e-02
9.292110126274136239e-02
9.849603001283541159e-02
9.991186793637128749e-02
9.993194980201815236e-02
1.211547115111013539e-01
1.204411815508796280e-01
9.623492422582746730e-02
9.323906620748273477e-02
9.937514903329265625e-02
9.738640435773272819e-02
1.002286120005737025e-01
9.532032674352405865e-02
9.910324756130603485e-02
9.565331266168328184e-02
9.494010803685125344e-02
8.900522642401030582e-02
9.454003216241146923e-02
9.134910982682389879e-02
9.224744169984133713e-02
1.018928467952935069e-01
9.394288634410714878e-02
9.746941450642239435e-02
9.382589661656583202e-02
9.550611746584500295e-02
9.752508836262412106e-02
1.014427089159597867e-01
9.687149429973787584e-02
9.216035219508349197e-02
9.182618368487248384e-02
9.801011543447156471e-02
1.020341687895911925e-01
1.015262893210066852e-01
8.798959441316153707e-02
9.422901401354101536e-02
1.010883249088879166e-01
1.007811166408242726e-01
9.938359629262870365e-02
9.799680674771578393e-02
9.803824684307367587e-02
9.697476780331355795e-02
9.665467543784618532e-02
9.575883100956200655e-02
9.641153535194650626e-02
9.159557669674917024e-02
1.048551287946917349e-01
8.955558255329519601e-02
9.821386568975550013e-02
9.496144679968465674e-02
9.883501798314685283e-02
9.518454185374961019e-02
9.495677070124092234e-02
9.714965219106737326e-02
9.699860081423299085e-02
9.420035250520730763e-02
9.670997488812244081e-02
9.236679696026606212e-02
9.722796666713681701e-02
9.193725747959799466e-02
1.029555860011085455e-01
1.003590515537392119e-01
9.958861476950478520e-02
9.677391706784217729e-02
9.116003593610917666e-02
9.607155633526814897e-02
1.000872787231346511e-01
1.031292920837244415e-01
9.177128192967896891e-02
9.668685590652173478e-02
9.896491812406904565e-02
9.524569457824669239e-02
1.030657052569937254e-01
9.732791128245023293e-02
1.026713107500184519e-01
9.782207538492948551e-02
9.947982449551698303e-02
9.576951174990924742e-02
1.038167762357210394e-01
9.906278115792031824e-02
9.828354962042046283e-02
9.725363502259730397e-02
9.990198764764510186e-02
9.780323770370322189e-02
9.628350641658565967e-02
9.605407669106379165e-02
9.600597271056572624e-02
9.770398501265639690e-02
9.544888041108101628e-02
9.601446400085333899e-02
9.669330428177556891e-02
9.217147920590011700e-02
9.363425582444012685e-02
9.520398681754282944e-02
1.003094498723915567e-01
8.623987029225908818e-02
9.905608873025979755e-02
9.660530329458827392e-02
9.217882265138196973e-02
1.016743230930929609e-01
9.907436376863507088e-02
9.965721660158316508e-02
1.061265816227334735e-01
9.399695752753732536e-02
1.031864049253596316e-01
9.042497467312662907e-02
9.496758200394232741e-02
9.953118109070437092e-02
9.362722020238645193e-02
1.003127103128346742e-01
9.487669073613827497e-02
9.751256181071871199e-02
9.826385814185509271e-02
9.009221032538231033e-02
9.910356749806183141e-02
9.781903011201104059e-02
9.291814247129424886e-02
1.025982719662720533e-01
9.441955870227333736e-02
1.068698950223495731e-01
9.877602433792644077e-02
9.274276194948634366e-02
9.559756364759204594e-02
9.629767158354604617e-02
9.695157754810118655e-02
1.031633820659379197e-01
9.889022426516651254e-02
9.565082268370617147e-02
9.233868263123863607e-02
9.564652894490761892e-02
8.910679768884423313e-02
9.612746624443919974e-02
9.538820513761488151e-02
9.237731174547245128e-02
9.941106468466501256e-02
1.012555420797608269e-01
9.884377027589090481e-02
8.884317712993056171e-02
9.627863326994233473e-02
1.014313658725537748e-01
9.720573701442096481e-02
9.407387320052783275e-02
9.278048885368804510e-02
1.023641642830537130e-01
9.234931987927082198e-02
9.192168759674548828e-02
9.943286796672622108e-02
9.252784307607470060e-02
9.460725099103728386e-02
9.716763043326620553e-02
1.016153564274997895e-01
9.563272461645684619e-02
9.838917787123527270e-02
9.251529111785006254e-02
9.468306152594288538e-02
1.031901584599934779e-01
9.719756273334648200e-02
9.929654234043928940e-02
1.042452818585384161e-01
9.419680959499822370e-02
8.918587060805999167e-02
9.981733203807792443e-02
1.042482983891707266e-01
1.037982422013779271e-01
9.633168757503338120e-02
1.029944845729075797e-01
9.190201308302094196e-02
9.718667121275371967e-02
1.016978091481763602e-01
9.852682563357594014e-02
9.735298841069614517e-02
9.799219409774169443e-02
9.056620205601750850e-02
9.277371323850569507e-02
9.135975219335874808e-02
9.833410278745961797e-02
9.849514834664266361e-02
9.723713583028527341e-02
9.506773826270628613e-02
9.815930883945947483e-02
8.620845214743390328e-02
1.003672292215144202e-01
9.588075152800530632e-02
1.021890486950722127e-01
9.513903891805455815e-02
9.960672820041471809e-02
9.169691586095750357e-02
8.972491901924252444e-02
9.941666483989988756e-02
9.788091564153454660e-02
9.956716950411416411e-02
9.888859950451375780e-02
1.051849967596879681e-01
8.977601005895331776e-02
9.325308710157217962e-02
9.552331842815435514e-02
9.978647495431448855e-02
1.001011566453293283e-01
1.024494425486140031e-01
9.560169649615581078e-02
1.007603183759453735e-01
1.053093034953497403e-01
9.311853672487072076e-02
8.852491202692931715e-02
1.009931306593289391e-01
9.948146910958348410e-02
9.432403294468781618e-02
9.590905015981608661e-02
9.370032668191756453e-02
1.003545182102999339e-01
9.207067230363306931e-02
9.566730061123164541e-02
9.792668842862889411e-02
9.994092258742279244e-02
9.983079846990233763e-02
9.298393235313966165e-02
9.896695266024090054e-02
9.825329741509318537e-02
9.169567927508863459e-02
9.990278503884979233e-02
9.281607675615061170e-02
9.038170818383786664e-02
9.757078535083922588e-02
9.344553329899923932e-02
1.026170617933234441e-01
9.669185767068771975e-02
9.567486606513189717e-02
1.007052242904472178e-01
9.103268818039005061e-02
9.563088000343700212e-02
9.660663320527636266e-02
9.562588882131344004e-02
1.051422685230934129e-01
9.656845786515093344e-02
9.842392464556813658e-02
1.036414210579289230e-01
9.388293954479969006e-02
9.801983839051549297e-02
9.700769247559479225e-02
9.320670604518736801e-02
9.399872329464079024e-02
9.738691508354282989e-02
9.520994830727808056e-02
9.974641038051201836e-02
9.868318151585112052e-02
9.878463254582668662e-02
9.806445324172315126e-02
9.781650704606588420e-02
9.489599758024591658e-02
8.968393585139185220e-02
9.994246245977246590e-02
9.831003761861155377e-02
9.528954670212660960e-02
1.006239586225821658e-01
9.807775365105317333e-02
9.705012741402066490e-02
1.031158804678929813e-01
9.841567348618894540e-02
1.039643457834109191e-01
9.654138389641299389e-02
9.563017259799393155e-02
9.835903273835193417e-02
9.966738242904038536e-02
9.442250542514840639e-02
9.708135866165876204e-02
9.565823263280869015e-02
1.006777791053338755e-01
9.492550907577892993e-02
9.196877166256367531e-02
9.880933623546500622e-02
9.817197958268751579e-02
9.933731701273632031e-02
9.477860346466872310e-02
1.044113214533462231e-01
1.004861497248621394e-01
9.645354957441863719e-02
9.869805868883854694e-02
9.621735065247946639e-02
9.354393883699790857e-02
9.067021710447858984e-02
8.747896620278908242e-02
1.021399127529900031e-01
9.994861078197171678e-02
9.301022041736917156e-02
1.011309721369215292e-01
9.549048991506427220e-02
9.530859622853375679e-02
9.457580364565931763e-02
9.389200379070369862e-02
9.952741780532248228e-02
1.032984763886791307e-01
9.808482581044491999e-02
1.012488348507001312e-01
9.382004653552238060e-02
9.877329598552883616e-02
9.874957211881442432e-02
1.017483882795930522e-01
1.059703786480640370e-01
9.694607269035707131e-02
9.032882928807965672e-02
1.004492844494204729e-01
9.228603480357693012e-02
8.576704784373251345e-02
9.570807972353334581e-02
9.948242655842430560e-02
9.307054206261757001e-02
1.052326984464464765e-01
1.008672873089085376e-01
9.187957883512502810e-02
9.610854192445916766e-02
9.177103002503371465e-02
9.616848897062119095e-02
9.498565950010855186e-02
9.510386205909007740e-02
9.283974267044295403e-02
9.936773040191615447e-02
1.062254251613389683e-01
1.012765794018122140e-01
9.960210253933203528e-02
9.868196092581046908e-02
9.513099209706790682e-02
9.417414072837225480e-02
9.580313802676840296e-02
1.024713459558718454e-01
1.014383360534046458e-01
9.219097601552189714e-02
9.208094774213858302e-02
9.730215865769968608e-02
9.298443181366183863e-02
9.409015891778065022e-02
8.990158290642957795e-02
9.570098626124694252e-02
1.064403304518691806e-01
9.358705160523385358e-02
1.047268515389450511e-01
9.811628545484485375e-02
1.013708585939708112e-01
9.214010847965774242e-02
9.634265297891203561e-02
1.027486830631573200e-01
9.868510568614294320e-02
8.401838901955556438e-02
1.053350577097973001e-01
8.842862596546470499e-02
9.018711388839130427e-02
9.241266711606446749e-02
9.961577664624127193e-02
9.218015902542213424e-02
9.227083167076072234e-02
1.006055010405929179e-01
1.015833874459060593e-01
9.806023649401446329e-02
9.382188784116386737e-02
1.011048874272310327e-01
9.944555981027881908e-02
9.493009025057042027e-02
8.825072978202688767e-02
9.669260950943350807e-02
1.028683752699684484e-01
1.063474050604056031e-01
1.054314737079806441e-01
9.448144839724359478e-02
9.248314005572551288e-02
1.025772315682355607e-01
9.744108994500404186e-02
9.840757223093687944e-02
9.305060383223488774e-02
9.609560420022067451e-02
9.802101246216753105e-02
1.044892492499322617e-01
9.172471814947118218e-02
9.942211364901813730e-02
1.065991041346577156e-01
9.513220794537333158e-02
1.011503361269104756e-01
9.278946775995250418e-02
9.345257371715642858e-02
9.457622730466634653e-02
9.759917269347702373e-02
9.323642063828772863e-02
9.511675451173763618e-02
1.002274516722480024e-01
1.008016621109853739e-01
9.507038688616217814e-02
9.648448239838289253e-02
9.765122629166411716e-02
9.478945546765521479e-02
9.897655289268432466e-02
8.580429844435988329e-02
1.013791103455569664e-01
9.843036777179464680e-02
9.578089530263002305e-02
9.932668980411311910e-02
9.935244244282924464e-02
1.016859654844679134e-01
9.863469609093013235e-02
9.675538706958561330e-02
9.897694925851713288e-02
8.968146161432674623e-02
9.896618535904284919e-02
9.119923720433392722e-02
9.833350052453346257e-02
8.854828218327591427e-02
9.148772146556422014e-02
9.023242330379034615e-02
1.022267617495707659e-01
1.004621266204763497e-01
1.012630920517878647e-01
9.294798027230659343e-02
9.192012106775258873e-02
9.900206006810423343e-02
9.766412860166195919e-02
9.706541890141967555e-02
8.580561287411402061e-02
9.773490277706366192e-02
9.185211530113088219e-02
9.075161902400767644e-02
9.216962259083243125e-02
1.010017011620575056e-01
9.734385858998328978e-02
1.060748369811076453e-01
1.023524016730963243e-01
9.574361829396675627e-02
9.627811931492434583e-02
9.489057779740769916e-02
1.026284687095191661e-01
9.079833531716023642e-02
9.937273912092850492e-02
1.033163436329406354e-01
9.019870972124265085e-02
9.775882505805169598e-02
9.555476849772266690e-02
9.643853548913884632e-02
9.848734827266399094e-02
9.767836668152962698e-02
1.055773399702700649e-01
1.019247403036102617e-01
9.825815112538280327e-02
9.866475311208561250e-02
9.094808399746215355e-02
9.834456660290058494e-02
1.005044984545264558e-01
9.509049041345744857e-02
9.798495926116070065e-02
1.043906931151040579e-01
1.010705124562109453e-01
1.041437526166984623e-01
1.037117818865256613e-01
9.423437276900496762e-02
9.781931761519076229e-02
1.027655453755597637e-01
9.928333942253060596e-02
9.779208216370294249e-02
8.832948754948777292e-02
9.744737014071090664e-02
9.880129473007720486e-02
1.000243468719355100e-01
9.355787564814951884e-02
