1.240003999969485182e+00
6.351244541295262280e-01
4.857671954716240581e-01
5.696925018615284220e-01
5.079939694528364802e-01
6.444965107212158317e-01
5.440947783444578523e-01
4.879893937711836105e-01
4.329638837997470957e-01
6.695848817600145164e-01
5.242492798381119812e-01
5.113046587614189509e-01
5.492648248479038431e-01
7.096115087727347115e-01
5.104945212931307763e-01
6.146681140803267329e-01
4.501270657211252635e-01
6.168914895188287728e-01
5.528559059811186671e-01
6.981088532444610362e-01
5.999717188248061550e-01
6.627577747426232069e-01
5.088465474054720827e-01
5.941356495700955698e-01
5.204313917243374998e-01
7.843987807999283079e-01
4.627409693483968134e-01
5.689531508308940388e-01
4.894159485512196706e-01
5.948007709951146360e-01
5.511972021261158927e-01
6.628502436403691522e-01
5.017707398979481814e-01
5.782583468751651967e-01
4.974640959326095402e-01
6.101271075670411381e-01
5.558265183042837565e-01
4.625174292049861191e-01
5.185630718158485974e-01
5.360044651194049159e-01
5.971625175874227809e-01
5.384799206427601792e-01
5.172186248105986595e-01
6.093359047839592701e-01
5.609553283854604722e-01
6.490132783477562395e-01
5.888399796033144673e-01
4.602434109991168087e-01
5.708028234288990976e-01
5.483524654232782014e-01
6.255532527437304147e-01
7.588974445794874901e-01
5.606332790759905871e-01
4.860591158920198329e-01
7.852612445999188617e-01
6.526658284429553980e-01
5.883470921192101022e-01
4.888814510683215930e-01
5.858677370267501017e-01
5.011433659000500418e-01
6.400111154033808480e-01
6.746024059339505996e-01
5.497670889517209947e-01
6.603948137030208887e-01
5.482900353072018840e-01
7.515708948791957056e-01
5.803157751091611027e-01
6.643313498556940866e-01
5.634481167093625675e-01
7.476753477200915876e-01
5.634015463943020663e-01
4.957703764704364247e-01
5.257574860093020552e-01
5.332462660486045891e-01
5.364254627396281006e-01
6.614861583127985556e-01
5.344074606860770293e-01
6.222004857712228887e-01
5.344098932818440728e-01
5.015263864193373333e-01
5.711140695595812167e-01
5.142674526758751474e-01
5.637719947452668467e-01
4.560233732982045818e-01
5.834648317904933545e-01
6.307759639431853582e-01
5.688128327132777606e-01
6.704624305003601403e-01
7.123471540077379593e-01
6.448281677570915082e-01
5.464581451927188471e-01
4.600069816349547369e-01
5.609168742291001930e-01
6.831064140902526338e-01
5.683753687264417875e-01
5.872349470241614577e-01
5.713903182110656731e-01
5.310617264796549941e-01
5.038097318191890883e-01
5.594081181793785218e-01
5.950328241965254783e-01
5.352733654745127634e-01
6.511587400829739192e-01
5.482658197497939367e-01
5.697395488052847679e-01
5.270823566867465226e-01
5.717154646231681348e-01
4.536002021303456311e-01
8.031064611855522895e-01
6.051145411596107193e-01
4.820824183927677198e-01
6.091314593395358301e-01
5.251935453014268118e-01
5.020208013218366849e-01
5.229844310801234908e-01
6.540190284735577508e-01
4.941771730397998552e-01
4.679939460742430501e-01
7.745070323378442367e-01
6.954049162977916643e-01
6.790257946896421926e-01
5.787272616249351520e-01
5.506233235529037762e-01
5.400000675747432810e-01
4.949666475617475192e-01
6.298802382701734759e-01
5.906083309177647678e-01
5.397280991091228941e-01
4.698743735311076142e-01
6.080338506518399022e-01
5.718791803366789495e-01
4.728551510687501458e-01
6.965943394169666902e-01
5.572162800687221473e-01
5.138921994982158514e-01
5.258923186730762867e-01
5.320407557298564294e-01
5.965174178904389946e-01
7.338975418982806032e-01
6.067811078404242719e-01
5.293617903497375154e-01
4.554424376735801139e-01
5.926172739591328842e-01
5.707260979364643383e-01
5.676613260628606827e-01
5.901811590668077923e-01
5.482323663031432037e-01
5.891604024793465344e-01
5.432579553936899286e-01
8.423467650135342266e-01
5.685296284093473984e-01
5.079080310793865349e-01
6.834008193542042697e-01
6.696542242914793608e-01
6.109715130955676310e-01
5.526717354362892243e-01
6.166107410206755901e-01
9.015775833188522936e-01
5.282309392399963111e-01
5.173543439560471802e-01
6.816497333512224754e-01
6.181550491404476100e-01
6.059897925558458409e-01
5.569972232451507743e-01
5.187283954618117088e-01
5.666846532108561485e-01
5.757890540262254886e-01
4.890458433277675154e-01
4.907114682987205323e-01
4.798908856577105420e-01
6.990866716195394126e-01
5.699636793770439525e-01
6.020723481440858338e-01
4.736886975393293508e-01
5.117579126383342558e-01
5.814979821394296033e-01
5.410282375168913305e-01
5.797423018361875791e-01
6.214070717498114682e-01
6.196903276058978172e-01
6.444784736942461567e-01
5.585468841236762572e-01
5.437509100929321937e-01
5.389963293313387860e-01
5.079704348263078817e-01
5.111403131177506554e-01
5.614906932842281817e-01
5.714562846779992489e-01
6.663914930002182713e-01
5.999642210971517509e-01
6.231815496356553075e-01
6.181776231843160163e-01
5.007875939024984957e-01
5.913240330583096060e-01
5.514270881893840182e-01
5.140588319411060203e-01
4.333011795670446697e-01
6.735590996478018067e-01
5.180996528554753233e-01
5.504773374776597006e-01
6.410562381663759135e-01
5.808835558266587373e-01
5.990040763154019787e-01
5.947210155049087454e-01
5.601283184146800265e-01
5.073619199024482773e-01
5.567545129307083229e-01
6.398523848411249437e-01
5.348380367753260423e-01
4.920815839583312923e-01
4.839720149484084133e-01
8.787267775907857681e-01
5.603500922630606507e-01
5.337016654472160893e-01
4.301365883613512131e-01
5.988720737862474053e-01
5.581862697910048299e-01
5.764209677218293804e-01
7.671493796485887584e-01
5.501570568852274246e-01
6.452264380832163360e-01
5.196656615548251867e-01
6.175333294388460903e-01
5.750465055930445990e-01
5.000728619362518890e-01
6.786904432133575860e-01
4.937286568232055473e-01
5.712118557955692122e-01
7.206046935040651968e-01
5.521841238319602496e-01
5.936844143256873041e-01
6.216310004472468398e-01
5.029816734981439330e-01
5.784359698533569905e-01
6.052679264029002804e-01
5.548414434976458587e-01
5.684329488205727143e-01
5.440633248892183804e-01
7.494823048578520552e-01
5.511990866761647956e-01
5.493247255160598197e-01
6.864893585706434154e-01
4.840930903853422618e-01
5.608260548603895002e-01
5.420577245002620170e-01
5.706679762895133790e-01
6.235446749988174941e-01
5.106293637368130023e-01
6.192476114981918522e-01
7.500187018501147662e-01
6.112043120861564427e-01
5.861289731607103315e-01
5.081838113914557420e-01
5.352851700087953857e-01
5.605806523553449328e-01
6.037589020491450631e-01
7.093074423438501253e-01
4.674856170851321990e-01
5.320376597513019057e-01
5.238994215380247121e-01
4.865340617774610021e-01
5.545582403855900955e-01
6.259568744002776963e-01
5.162138849784593253e-01
5.698164506354707060e-01
4.967253724106605595e-01
5.782192125900900148e-01
6.004542204956753171e-01
4.662173251635574056e-01
6.152290493727822218e-01
5.828291599531377765e-01
6.298104623059210816e-01
5.247250199171793472e-01
7.172672936781259168e-01
6.317860832152770723e-01
6.120669958225590790e-01
5.443019282152266047e-01
5.697010045520584098e-01
5.674843525970002522e-01
4.934855123589123593e-01
5.820573819284217132e-01
4.933129139069619140e-01
5.205401451897586629e-01
5.384753977976181050e-01
5.603394472200741161e-01
4.977956497649267398e-01
5.901798697886587730e-01
4.736595310876476894e-01
6.291601699795938973e-01
6.483933827614789536e-01
5.654947668237702008e-01
5.380065355642394964e-01
6.691778654298071727e-01
5.532505351433556484e-01
5.711295223888809280e-01
6.364475444859893916e-01
5.683782770056228228e-01
4.950193710748775899e-01
4.658681945861117280e-01
4.921890643334629334e-01
5.462671446421306642e-01
4.977895053921940760e-01
6.120009704468443168e-01
4.762076647333707280e-01
7.402612485827058109e-01
5.804898362240114018e-01
5.379295328620317118e-01
6.207787087066606313e-01
6.572213493565809417e-01
5.527331561865077569e-01
5.473564937409095554e-01
5.879486989537772157e-01
4.851561961897772890e-01
4.874311322307238736e-01
4.924372884190539312e-01
5.924667712809711384e-01
4.468952823981741651e-01
5.848228710180940482e-01
6.967257913125997071e-01
7.114291360951121579e-01
6.320232789427562281e-01
5.628727319029104281e-01
5.082144021041463677e-01
5.263253546519688353e-01
5.868482969389583470e-01
6.406035549379995864e-01
4.176895271948871668e-01
7.063764952821643961e-01
5.361686349416767694e-01
5.395150359051912314e-01
5.277631284475976514e-01
5.403327743140906581e-01
5.238591267307896038e-01
6.433801932876521690e-01
7.311013412896916197e-01
5.341235710771857770e-01
6.103179748195527443e-01
4.756950862702635230e-01
6.337390588206244235e-01
5.624851920886458911e-01
7.168808515811985194e-01
7.058336195516917710e-01
6.172239326480298827e-01
6.015827917894758237e-01
5.020332239889965242e-01
5.412731635461996982e-01
4.379270676824991715e-01
5.350829102501006851e-01
5.676484516871601604e-01
7.150612081175464763e-01
5.493789838564022698e-01
6.752279669462775136e-01
6.169618523612298011e-01
5.434761148970107536e-01
5.787047274166112754e-01
6.024011692457089673e-01
6.213366323304766459e-01
6.964749307752892138e-01
6.287779506647545036e-01
6.461773775610032411e-01
6.249249753713936872e-01
6.249831771312460704e-01
4.888624445698985244e-01
6.187543974239392286e-01
7.066044816804031292e-01
6.429725123230733974e-01
5.668272040157538161e-01
6.226308768400292681e-01
5.082441165570199537e-01
4.759149015805275162e-01
6.984301905172226599e-01
6.688070029916806103e-01
5.190092432267400246e-01
5.867632804637904487e-01
5.934452017630689191e-01
5.667868593699219026e-01
5.878669296295694346e-01
5.011023405998231706e-01
5.792079093748965235e-01
5.652635094805422700e-01
6.534975476862092680e-01
5.493255980351391399e-01
5.556265211860730302e-01
5.264246744773538600e-01
6.217165282563767992e-01
5.622795109547060743e-01
5.777608423703832763e-01
6.357829038207236660e-01
6.372345137362936951e-01
6.182520298657390168e-01
6.198425971451596572e-01
6.850359688266924874e-01
5.115671606183556097e-01
5.390172847252179267e-01
5.935471020030550493e-01
5.340593689632362473e-01
5.641538669224195335e-01
6.123656169118230075e-01
5.356901142063230647e-01
5.864773179825014671e-01
6.770346904982595948e-01
5.738598653360676982e-01
6.010472263186121822e-01
5.831964383124882412e-01
7.226177509468156845e-01
5.060683278579184430e-01
5.719064142578244025e-01
6.815586591963632701e-01
8.358945070079762951e-01
6.621905614683636365e-01
5.930678004272226245e-01
4.709326027647659507e-01
6.091602654784858961e-01
6.100318939472906266e-01
4.476176906072427686e-01
5.527120255948518857e-01
4.552838566312322754e-01
5.094610610693843800e-01
4.932502984753081576e-01
5.325588590709555703e-01
5.727907279828214904e-01
4.932471933036631784e-01
6.285594239664044069e-01
6.210250246748340031e-01
5.179154979398920000e-01
6.179195965748057739e-01
6.890050292089698880e-01
4.910374980168519810e-01
5.531955948202893492e-01
5.929224034626583428e-01
6.233728984166053699e-01
5.010391393484923128e-01
4.780459637927849670e-01
5.786440633198768335e-01
5.843391427865013421e-01
5.825805424390680942e-01
5.932560708926664095e-01
5.713624740038080185e-01
4.915729395446988836e-01
5.793267070205001534e-01
4.569243229658581096e-01
5.376023051614756687e-01
4.364136286336372517e-01
5.296126680851035440e-01
5.704117009908411529e-01
5.314651592712797967e-01
4.429733405773993993e-01
5.411069119601243926e-01
4.176509977587416489e-01
6.560532308973905380e-01
5.984341046143815124e-01
4.939464363793036883e-01
5.114078918804012552e-01
5.808143743248713742e-01
6.876723228532313215e-01
6.153391436499545675e-01
5.508787180577915388e-01
7.224635406805123283e-01
4.809701875606067212e-01
6.720501153273753525e-01
5.644948129528718495e-01
5.546116577848424489e-01
5.907516732084279187e-01
5.208573567964253082e-01
6.503760050066550447e-01
7.753525767941743529e-01
5.631991762522866596e-01
6.948131543098979845e-01
5.238327894228540504e-01
4.792787632870281200e-01
7.698233046434685978e-01
5.749244737256382631e-01
5.550588365647745048e-01
5.226650803163939152e-01
4.684405133183699443e-01
7.086458140933361571e-01
5.302594669505091840e-01
6.737696720208854462e-01
6.316517921168675054e-01
5.705210772005673281e-01
6.065279730830963612e-01
5.736395871042437866e-01
5.643446751922291948e-01
4.528151392827940436e-01
5.761005746208285316e-01
5.992489556615000490e-01
5.767936284444177275e-01
5.286067514670250711e-01
5.402365769774341020e-01
5.521011828586890324e-01
5.409726442142298586e-01
5.712145969120391298e-01
6.091411868453165956e-01
6.710814983638924147e-01
5.888817623141543445e-01
6.464305681659925362e-01
4.583095594272960649e-01
6.002778880838030018e-01
6.030815653358629902e-01
5.678931486311286081e-01
5.551726890847875628e-01
5.239340022518749196e-01
4.943071071589383858e-01
5.856829633668988455e-01
6.481684469737877263e-01
5.499280436076707801e-01
5.834332590725890277e-01
5.232518691027798763e-01
5.536571289442051569e-01
4.792544717738150828e-01
6.495772302653768371e-01
5.314010436644414082e-01
7.005970942760906262e-01
6.004132737982020851e-01
4.877262808497448421e-01
5.528751237704110366e-01
7.638348745495152636e-01
5.507753432790621906e-01
6.250225946186686032e-01
5.081011820691910819e-01
5.813486211348595223e-01
5.943931426512852889e-01
5.634044636975860110e-01
5.140410417789081921e-01
5.712589612000510408e-01
5.913950006366820444e-01
6.569897859638423876e-01
5.782003838232191439e-01
5.879961927227285168e-01
6.190448098247223196e-01
6.138236590987273811e-01
6.109883990099583828e-01
4.376637272059301087e-01
6.970548271414710451e-01
5.172191126983854970e-01
4.869690276827716713e-01
5.174242646953739477e-01
5.381273550075429402e-01
6.377007072219741390e-01
5.327368782341008746e-01
6.552739566325335163e-01
5.851025950263445408e-01
6.887596751168095777e-01
6.002283623675828128e-01
5.909409826393086096e-01
5.476775864441967290e-01
5.485490705952656976e-01
5.287368922133487414e-01
5.701332013127157206e-01
5.957310484293368846e-01
6.084854725480900450e-01
5.763507329766126563e-01
4.410588380112138163e-01
6.418789303287696368e-01
6.658988277092611208e-01
5.590380527301765934e-01
7.595422791241529525e-01
5.327371677690333485e-01
5.889486415883666837e-01
5.235515990272932019e-01
5.344856259855774727e-01
6.482052959637421008e-01
5.787486135977202295e-01
5.932526883710559362e-01
6.105030387597376595e-01
7.255989748827558206e-01
5.376547869673783397e-01
5.668183304158379565e-01
5.260661972338165349e-01
5.194290828323110398e-01
6.623170028775089424e-01
7.979193901514043397e-01
5.592409224975761761e-01
4.889142397603491452e-01
5.854613676809993228e-01
4.326469377826670515e-01
7.345555817442280810e-01
5.508579799767712171e-01
5.422379334309623822e-01
4.980678201058360566e-01
5.520403607006851843e-01
7.554567461299781517e-01
6.003983508609993525e-01
5.548081083450212558e-01
4.727597270252252848e-01
5.084943575431873919e-01
6.163866479389769060e-01
5.975917878612313494e-01
5.131758581005110287e-01
5.197944092368457225e-01
4.978847361431804064e-01
6.191239424674552794e-01
5.609560296354840769e-01
6.253752615410713700e-01
4.427913439156875852e-01
7.269983728407320989e-01
9.681534645290503782e-01
6.908331863240144699e-01
5.347096074582659009e-01
6.499485081716241952e-01
5.734903140752436457e-01
5.461327392538900538e-01
7.749527763173353900e-01
5.469568333638231694e-01
5.374779588432753163e-01
5.320301646454594913e-01
5.039487308166245016e-01
5.688017420381594746e-01
5.484529237178662475e-01
6.158268767916724729e-01
6.344410877403513505e-01
6.497866372683619440e-01
5.370701898393678286e-01
5.000560948425047947e-01
6.602337455397638832e-01
6.606892355387665727e-01
5.207839690889578543e-01
6.231862366053867452e-01
6.995935319485599990e-01
6.244661207384059054e-01
4.667803658397706168e-01
5.709440190470557175e-01
4.589223200887404541e-01
5.588067629698408867e-01
5.854248115565948707e-01
5.814725769159042601e-01
5.418223240591022449e-01
5.603750533395658318e-01
4.690408947418473473e-01
6.376846983572439509e-01
6.040288200278101094e-01
5.396965723414731686e-01
5.152531833791289539e-01
5.785726961827677428e-01
5.487738426471410191e-01
6.392059172869600792e-01
7.215892314099563443e-01
5.538815269182658652e-01
6.165661745927676352e-01
6.128278147453612990e-01
6.734830315388499189e-01
5.404965606929151845e-01
5.818825752313662170e-01
4.731398047473130419e-01
5.245475786686998321e-01
7.149653717649744333e-01
6.530823349996487392e-01
6.119179127256095807e-01
6.512748479740959606e-01
6.537819608962104345e-01
4.819779641467198950e-01
5.795570810070280743e-01
5.616005553654582760e-01
5.837685513034270857e-01
5.513760687606009681e-01
5.403823769226741014e-01
6.345987287355782103e-01
5.256133943156404698e-01
4.682326639144209768e-01
4.455978072333368623e-01
5.179617890253306323e-01
5.623045686511367602e-01
5.129253578593123697e-01
5.264246618832406632e-01
4.914791401336435217e-01
4.733230060403756378e-01
5.488354917737821026e-01
6.059313143374815969e-01
5.886759278804621909e-01
4.881354084708325880e-01
5.884083215812795364e-01
5.778742295607796065e-01
6.273099499998684436e-01
4.855354179152987504e-01
6.086493752573179927e-01
6.622439149232467459e-01
6.192328986557087411e-01
5.805838563054738222e-01
5.217939279729808533e-01
5.030601971295168839e-01
5.771309151889426614e-01
6.738143041253727983e-01
6.622368006390249029e-01
7.037544301468852126e-01
5.890486295435348740e-01
5.922726290065050136e-01
5.226097184749135538e-01
4.990383901381070242e-01
4.861120082718198288e-01
5.002479591143317306e-01
7.226772738062304802e-01
4.672427598023655704e-01
6.189535389022489120e-01
5.996676942307826996e-01
5.143221754733384721e-01
6.459598140446395353e-01
5.683079597320164211e-01
6.606329642950632408e-01
7.700643586960691511e-01
6.195762788758842898e-01
5.759009475784782062e-01
6.508337557464054512e-01
6.924527003220033450e-01
5.156565555835307402e-01
7.079274794278247462e-01
5.999520845788329781e-01
5.914144088812521849e-01
4.900398404552093190e-01
8.547375998853233847e-01
5.492085743322099312e-01
5.124049554200766909e-01
6.655532828370185339e-01
6.001213733377728232e-01
5.147291599104399928e-01
7.512653745487563040e-01
5.188806788015004612e-01
5.285673398905015308e-01
4.837793255431032668e-01
5.750724026122377985e-01
5.668364538876420333e-01
7.013778387878828458e-01
6.593488329014027816e-01
7.284249710406733858e-01
6.033960821270397679e-01
5.508982363973655705e-01
7.503929434413083577e-01
5.515485552383286860e-01
6.286882276929579572e-01
5.387346900456538856e-01
5.348893966762555685e-01
4.954733514614444445e-01
6.443872128004834998e-01
5.775805879358373307e-01
5.089987312612530568e-01
5.319204183330935587e-01
6.671141870546175578e-01
5.921058455657667308e-01
5.776582957058398193e-01
5.432131532163612109e-01
5.900957300523206328e-01
5.628426752747822670e-01
5.503246684825642276e-01
7.278776167372468242e-01
6.300577675805579814e-01
5.407831910075446835e-01
6.653914237425544442e-01
5.768289890239258755e-01
5.423888513887538121e-01
5.193301073791792843e-01
4.755689341589177110e-01
5.995108165035049064e-01
8.224315778204474015e-01
6.002679156577115371e-01
5.562732820799332067e-01
5.880657960011399510e-01
5.653187074545792390e-01
5.443591761218923297e-01
6.570149668868044968e-01
5.400185386767520912e-01
6.065469482203986740e-01
6.002446877682536819e-01
5.700479518238616983e-01
6.543413009193651542e-01
6.705400006963949666e-01
4.966175919528064142e-01
5.210840263322928934e-01
5.541634263942398775e-01
5.340461987710146685e-01
4.527381450804416341e-01
7.600244021199593636e-01
6.169887521925639939e-01
5.735713635217845052e-01
6.066977664947558191e-01
5.790854542486310041e-01
4.900158425458724376e-01
5.853188930425202718e-01
5.080367995687289362e-01
6.151105924008040127e-01
6.440812045072040748e-01
6.582854910564552853e-01
5.797900005232052845e-01
5.889864035303986611e-01
6.559572893319275400e-01
5.814377252611500069e-01
4.573201113424290587e-01
7.504310770055074853e-01
6.097343386617661842e-01
5.771450373612051488e-01
7.615497371588346720e-01
5.221179580160919542e-01
6.478140408002054373e-01
5.690230898422310446e-01
6.495793070025036586e-01
4.743270676465632940e-01
5.382609074792289450e-01
5.332206318749806995e-01
5.338769781808898607e-01
5.524166803002277248e-01
4.089627993060023781e-01
5.068332893504265968e-01
6.496002879877699199e-01
6.533309231718199550e-01
5.049359017369668967e-01
6.126438777411171710e-01
6.302123763315481408e-01
4.665744004822747759e-01
6.265439203000454649e-01
5.983426056491470968e-01
5.800507852397118747e-01
5.816241407426883114e-01
6.648745164378225825e-01
5.339625212610186189e-01
6.338764530014784349e-01
6.080456365668016616e-01
6.443257140146699813e-01
5.851300416948942429e-01
5.488471522974198713e-01
5.699077380578166929e-01
6.268910841357848707e-01
5.870038388410813157e-01
6.327945795027177800e-01
5.833045685842396244e-01
6.904164757765109961e-01
4.958801224182650125e-01
5.846266104496001814e-01
7.936365791714572460e-01
5.302157633350568222e-01
6.414627061511153361e-01
5.572862372414481014e-01
5.733570722685247256e-01
4.689947560478115451e-01
6.243651029854628831e-01
5.926093033240765751e-01
7.403262999658022370e-01
6.157215516950635958e-01
6.314325933525632983e-01
5.521006906438846729e-01
5.457764000364574430e-01
5.710509176297003942e-01
6.216222828965188851e-01
5.466533886381317320e-01
5.064189201735342927e-01
7.652400996947036349e-01
6.097854379156188998e-01
5.505289040996307337e-01
5.674491142791339149e-01
5.145510431133358820e-01
5.085723085259443721e-01
5.023790862423386239e-01
7.908248951700702634e-01
5.827202418658955496e-01
6.270457742277719682e-01
5.689223365237343621e-01
5.734868923429018439e-01
5.083895345985711689e-01
6.530606146832204084e-01
5.948260539034146976e-01
5.868316851129061762e-01
5.974690462519448575e-01
5.433975898648576441e-01
5.593807484906160310e-01
6.993997488147064567e-01
6.277400658369113318e-01
6.556179909697054109e-01
4.681782471728440087e-01
5.776514763683089360e-01
5.466129393790325475e-01
4.748790736265285917e-01
5.077986688184632502e-01
5.125838952962256112e-01
4.803614060324108981e-01
5.081428613643692582e-01
5.277397144368343174e-01
5.069453985603241675e-01
6.461430988922944874e-01
6.657003416268376661e-01
5.307288829069974900e-01
5.424603454723337936e-01
5.653925979465803664e-01
4.622507188991664684e-01
4.685761684335295607e-01
5.412259389034422830e-01
5.110019313238879368e-01
5.771271043766732500e-01
4.892990389023350595e-01
6.937851177588365559e-01
5.223540192872186960e-01
5.681830162928502848e-01
7.231966519949616368e-01
8.375175381078361347e-01
5.254244304795890885e-01
7.180539316753814516e-01
6.630693286720212853e-01
5.417600290376682892e-01
6.081356652175794464e-01
6.044463963281921925e-01
6.218277116062022047e-01
5.622090025191548435e-01
4.683946291513398918e-01
5.762717238661072550e-01
5.982609056955177085e-01
5.954790470823166926e-01
5.627206595656923938e-01
6.013359191862215347e-01
5.249769410258049440e-01
5.227856652421232209e-01
7.167781296562857341e-01
5.118085966978764834e-01
6.544206967971714084e-01
5.426739064609135132e-01
5.686333827220438897e-01
6.493740702054968672e-01
6.261362076227616758e-01
5.984584481260202260e-01
6.413542676368851891e-01
5.446580472611278756e-01
4.937894855811600925e-01
4.514295862691443673e-01
5.570820476100594165e-01
5.486721103496395857e-01
6.971585381166741646e-01
7.252664265407400279e-01
4.875094656723102937e-01
5.127534982285777421e-01
5.677364967557165798e-01
5.142434744001991298e-01
4.893425023168281318e-01
4.678562394211366882e-01
5.553712180397764042e-01
5.137373971133334383e-01
5.236438542604581192e-01
6.647294642598614578e-01
5.744413954637719311e-01
4.908671368122962675e-01
5.193689592622469098e-01
5.735197415356333428e-01
6.569475946251212006e-01
5.763215817206073233e-01
6.160760276483834286e-01
4.988363659464614130e-01
5.676857908136627717e-01
5.769218608667119330e-01
5.664464411398842936e-01
5.676968386936758204e-01
4.693951796532222498e-01
6.307228901698209711e-01
6.194941334073001959e-01
5.022564069774381190e-01
6.810382961444936267e-01
5.928262468070379931e-01
6.779764271688872856e-01
6.629124788656320932e-01
5.254842097967741266e-01
7.011905036671128855e-01
5.322943822953611903e-01
5.463689983192349109e-01
5.839145196665980198e-01
6.966280225805971948e-01
5.211644600577275410e-01
6.330876711556669978e-01
6.705120482358645218e-01
4.823320941158023012e-01
5.996453793443847768e-01
7.256880070537624627e-01
6.568453705070296245e-01
6.157835746217305006e-01
4.829906008166858777e-01
5.162122712458230289e-01
6.514600344580345759e-01
4.473876256948308150e-01
5.530642436409165530e-01
5.570598547951692847e-01
5.024280280277361177e-01
5.249219047999226229e-01
4.102344182535097583e-01
5.172390826501475081e-01
5.936484389219275348e-01
6.299400173923298540e-01
5.676651237033698560e-01
4.528427487815895325e-01
5.238771419535178664e-01
6.414999124244321616e-01
6.815742567881322156e-01
6.453037554624755368e-01
5.380066397713058057e-01
6.396523489329785095e-01
5.696902125779117476e-01
6.371844077772241821e-01
6.818751549407859880e-01
4.992221235498763843e-01
4.761134268129988967e-01
5.661586150844166720e-01
4.976951754789012972e-01
4.919346022091936055e-01
5.627776484620669040e-01
5.289243959995196809e-01
4.938910656099625984e-01
9.836383133834699644e-01
4.963859071474522877e-01
5.333369427936440754e-01
