3.803077802410537722e-01
1.193014822137137276e-01
1.144000591339500855e-01
1.159000150405888885e-01
1.122115783207332795e-01
1.132520737314216958e-01
1.140168020720087466e-01
1.125919243091281913e-01
1.127959474250938010e-01
1.147060723438504959e-01
1.130616753535239188e-01
1.113186603217216075e-01
1.122247822484416235e-01
1.165113954977396865e-01
1.152420930336484489e-01
1.136641521926260862e-01
1.127363377016653151e-01
1.151129910260035444e-01
1.099560689197435215e-01
1.117496282380858325e-01
1.121545611166157030e-01
1.136543645086873222e-01
1.141976850201041616e-01
1.119456887303001275e-01
1.137120787270862465e-01
1.139673475062523700e-01
1.099981658577124238e-01
1.119873310758474766e-01
1.135499285721753016e-01
1.141578314690696594e-01
1.118520865785775642e-01
1.153169652636760606e-01
1.127863937320659482e-01
1.140782531595969929e-01
1.108412614617273195e-01
1.140894026321147975e-01
1.142236951037433890e-01
1.143223151758759465e-01
1.147947589450516032e-01
1.145125843956949913e-01
1.131438923998151908e-01
1.119983180465741607e-01
1.170821723835624301e-01
1.138538781310202003e-01
1.128815336170406886e-01
1.147390504726298055e-01
1.138873808234462520e-01
1.154620045155985153e-01
1.144652366728761139e-01
1.134039948928433905e-01
1.141085460205628344e-01
1.151835243249276636e-01
1.145882780973067061e-01
1.124401629666458569e-01
1.129894222402952342e-01
1.137624580996799140e-01
1.135730659553270683e-01
1.145012702464381915e-01
1.124842599814339789e-01
1.122452867665930942e-01
1.156302422050804052e-01
1.123260792865375529e-01
1.125299282141386248e-01
1.136027655290384464e-01
1.127372886404056085e-01
1.165233387212556287e-01
1.132881081128591094e-01
1.115011311125703869e-01
1.106531821413738459e-01
1.137155306706145869e-01
1.135139868472984093e-01
1.160540078089038474e-01
1.134347944999038044e-01
1.113236675939262565e-01
1.116226690884145056e-01
1.155444116092117501e-01
1.148451730566040774e-01
1.127515671150068483e-01
1.151673097334146717e-01
1.143176337736942355e-01
1.147750193012996023e-01
1.126542737341578310e-01
1.131080767400463732e-01
1.127509010844481574e-01
1.179901638850407580e-01
1.126830188710016695e-01
1.134297760306515468e-01
1.154628569714141323e-01
1.159628488891998599e-01
1.130313546604721359e-01
1.128099601084724818e-01
1.151321057903083173e-01
1.125578743294621820e-01
1.110221734575160824e-01
1.150641241864869407e-01
1.118998277192280594e-01
1.143478661402884677e-01
1.104424221133865625e-01
1.111554273486158317e-01
1.144711212353718005e-01
1.130565242773566986e-01
1.142931443071824871e-01
1.134181183020711303e-01
1.131734219212618409e-01
1.142334874545780227e-01
1.138526849856538736e-01
1.157251170780809607e-01
1.122009835304564607e-01
1.115182038066890591e-01
1.146972806466095285e-01
1.134123030382088032e-01
1.135219557638420113e-01
1.147534374467123197e-01
1.133507280363847403e-01
1.147596932035769846e-01
1.129324615232804030e-01
1.120196499452158628e-01
1.140826748545498842e-01
1.125321031709173303e-01
1.142001435128174869e-01
1.130438792867396181e-01
1.135321854046589807e-01
1.134320784275389821e-01
1.118219475414847092e-01
1.124486088571582526e-01
1.126121957841222238e-01
1.116578176292269686e-01
1.154292255454211630e-01
1.125874486804356589e-01
1.124097248628610352e-01
1.130851341260201010e-01
1.114148463261820377e-01
1.137738723334067864e-01
1.156193530107534340e-01
1.154596992132688321e-01
1.108791795366288607e-01
1.147418779171240771e-01
1.111252512280315186e-01
1.142355557610806871e-01
1.116604794076282020e-01
1.158765149222930335e-01
1.130602252350802195e-01
1.120812525636632195e-01
1.155162343437003691e-01
1.136308731209708101e-01
1.152232892892305349e-01
1.123215526471861708e-01
1.105608495850831791e-01
1.138535602875360569e-01
1.128206097160362881e-01
1.099255546515049559e-01
1.124189037152599629e-01
1.125160079524953199e-01
1.133327480542166837e-01
1.136886223330844936e-01
1.104335744036589045e-01
1.147024795432813604e-01
1.141427535647672048e-01
1.135752589668884427e-01
1.131657932389996402e-01
1.136780231314817174e-01
1.130041343342116922e-01
1.127226965390642627e-01
1.144596683004462240e-01
1.139828110220054841e-01
1.108969650891324377e-01
1.148705996159174597e-01
1.104351753871630065e-01
1.123609615810610141e-01
1.118887027447129784e-01
1.145931369348426460e-01
1.122500713757574320e-01
1.090671656437058740e-01
1.125752340156965098e-01
1.168561398969808762e-01
1.142981062444621415e-01
1.136588591020507161e-01
1.140303295402826378e-01
1.144854134405146329e-01
1.143161693579823751e-01
1.145187714071946444e-01
1.129071966817777467e-01
1.115007715720098547e-01
1.134617309354447323e-01
1.121406918688029331e-01
1.125014723861756522e-01
1.131131308215727604e-01
1.139827717640357480e-01
1.129658927467897117e-01
1.142654582788264067e-01
1.104973549006828537e-01
1.120069578113439129e-01
1.131111138259495857e-01
1.139488427844111279e-01
1.139325929175605406e-01
1.130735320194392879e-01
1.121641174658687401e-01
1.109229814166746292e-01
1.123921095489067712e-01
1.126169250967292840e-01
1.120046778351699718e-01
1.110393614651090100e-01
1.131230904213408883e-01
1.133845419600940374e-01
1.115402132359052390e-01
1.117791511659665393e-01
1.126326162922200030e-01
1.135259106481871089e-01
1.134023275103182155e-01
1.151473381975583743e-01
1.136710589426822016e-01
1.138060952397443315e-01
1.121237848471621640e-01
1.121935509515734758e-01
1.133352581984678753e-01
1.121824579407615097e-01
1.136721645685520865e-01
1.131627685844331099e-01
1.112599195805832886e-01
1.143169720345030976e-01
1.130260684014340045e-01
1.145273296754206610e-01
1.136197465651593158e-01
1.135975749402586693e-01
1.125467554963576894e-01
1.140418290555838959e-01
1.148561648765607651e-01
1.120260899631257412e-01
1.137999634409123384e-01
1.127293650302027411e-01
1.144836314676881406e-01
1.143690562735199395e-01
1.137958976262014726e-01
1.131523041994473566e-01
1.117272098931435392e-01
1.115013297264006303e-01
1.128965560910338006e-01
1.113661348061496803e-01
1.119986328694159844e-01
1.130113524414827209e-01
1.117879848606373044e-01
1.121454225013253925e-01
1.153154983096093683e-01
1.110558062627766684e-01
1.146240624362906968e-01
1.116993574480504986e-01
1.119535320018859303e-01
1.129469774596571496e-01
1.133731067093745187e-01
1.125557800384577450e-01
1.127862794341592950e-01
1.135991761666259453e-01
1.152375222137419913e-01
1.151833460659632269e-01
1.147374061637189968e-01
1.143321291434065551e-01
1.115864687632249636e-01
1.145173395048085935e-01
1.117987663801034565e-01
1.121886673361788128e-01
1.151382944522240104e-01
1.117980469855143627e-01
1.149560541868979990e-01
1.146757980149245570e-01
1.119563206843662007e-01
1.117418625207582811e-01
1.132203379263579529e-01
1.098911835999038800e-01
1.151158348390593500e-01
1.140783743294631197e-01
1.101881058010610592e-01
1.133350706181416867e-01
1.138523485277815328e-01
1.135331067280404699e-01
1.120927926124569984e-01
1.111070789963249233e-01
1.171293752054932691e-01
1.126428192650808929e-01
1.142108385690984440e-01
1.126433889459403370e-01
1.154626811439743161e-01
1.140700497979815625e-01
1.127745391044906037e-01
1.117210201306077233e-01
1.119111017793587431e-01
1.154029737686354390e-01
1.117904625168381905e-01
1.143177747302204783e-01
1.117033901468981599e-01
1.148028022437264789e-01
1.130241997440897816e-01
1.122538257313371035e-01
1.118468265428730346e-01
1.126393725406457241e-01
1.118124684043969863e-01
1.159282549565669590e-01
1.129408526389555217e-01
1.130533362354691346e-01
1.125615377398790362e-01
1.120337380685639816e-01
1.130469038845584168e-01
1.124539520506567802e-01
1.121744306742307601e-01
1.112822062789953076e-01
1.121864702500184885e-01
1.114794457263926508e-01
1.153714263980284288e-01
1.120548218214496294e-01
1.114362126597052000e-01
1.151795758639854589e-01
1.132481655702015227e-01
1.140455204622814606e-01
1.152825200867648725e-01
1.096438052659212820e-01
1.163828507882365693e-01
1.127573858307309995e-01
1.110360900053933286e-01
1.133333956894071737e-01
1.139980678639393175e-01
1.106771124421929431e-01
1.121242467213129645e-01
1.134160053942781660e-01
1.151952687035233541e-01
1.125736721617160013e-01
1.121378940792892853e-01
1.143995724185535440e-01
1.139118874264642978e-01
1.137350143063821095e-01
1.129774966448007373e-01
1.118022142508596217e-01
1.180881597412740819e-01
1.135814574872408556e-01
1.150485861271233340e-01
1.146168798155683122e-01
1.111899987490697628e-01
1.149622220269427286e-01
1.125587430700705077e-01
1.127401395557511704e-01
1.156173813198917710e-01
1.125063833503498617e-01
1.107929650761813739e-01
1.148278528614125188e-01
1.105455741039639284e-01
1.117114014296541474e-01
1.111034753229774019e-01
1.129620066496107994e-01
1.159990069111394850e-01
1.148838272635813312e-01
1.132823295020578408e-01
1.128124614284334998e-01
1.121661802276745917e-01
1.114881923522045709e-01
1.128530108621115247e-01
1.110131755497735795e-01
1.122298004348397243e-01
1.172998940985864047e-01
1.121902126606873634e-01
1.099611297323548759e-01
1.149048527387509372e-01
1.136755285099367851e-01
1.128204111907473994e-01
1.135575278492906848e-01
1.139702021312298530e-01
1.141755752499431509e-01
1.148259682493667638e-01
1.118771046241376216e-01
1.146470894028184390e-01
1.108363228970567632e-01
1.139800522476709516e-01
1.144579738029939814e-01
1.113469083797925391e-01
1.176487172921337754e-01
1.124329364605845677e-01
1.156793066793845859e-01
1.102423984976954180e-01
1.139996043016391208e-01
1.111534758579674348e-01
1.118471961381035801e-01
1.150793061318589744e-01
1.143823731346751277e-01
1.137263305796945151e-01
1.135394854407139748e-01
1.153389655736680591e-01
1.137430957555201766e-01
1.125621779301056308e-01
1.124321320491287746e-01
1.140851819687762475e-01
1.159557896501270668e-01
1.111816060012324608e-01
1.137778143698015693e-01
1.111476291572693065e-01
1.124117446719977570e-01
1.147146936547175367e-01
1.143201178485519359e-01
1.127724775577228361e-01
1.139292737435647213e-01
1.125242836093589549e-01
1.130465936773831226e-01
1.123144697927542374e-01
1.113263321277939422e-01
1.118906547958294639e-01
1.136540930426044038e-01
1.129035405792921803e-01
1.118556945983022466e-01
1.133493966995291341e-01
1.140873999375173059e-01
1.123212518093593126e-01
1.126325765928874595e-01
1.117973124621378517e-01
1.131095152883555693e-01
1.116264390540958884e-01
1.100045902189546038e-01
1.137145183129912446e-01
1.117672251749825957e-01
1.147386414090946077e-01
1.105804816246159505e-01
1.143393961594854208e-01
1.126188011738534916e-01
1.138034183973050673e-01
1.131199121268919305e-01
1.103627125554837302e-01
1.110835562801143206e-01
1.134359772292143215e-01
1.114916267791428856e-01
1.104418448510873091e-01
1.104009560281280639e-01
1.108819197225083958e-01
1.116874035572834878e-01
1.125787064386119807e-01
1.151890019989530722e-01
1.138112227077686528e-01
1.135189967337806721e-01
1.133592795845007606e-01
1.125832354359437432e-01
1.162641770432182864e-01
1.130809092754626877e-01
1.124784408047916906e-01
1.138347876107835416e-01
1.140728354162776764e-01
1.116709616892545970e-01
1.135232902370280211e-01
1.133455842457455898e-01
1.125197614671748086e-01
1.124108184682429401e-01
1.149072080567238585e-01
1.115436421487214086e-01
1.121377155542639809e-01
1.126362574140219730e-01
1.135676531189347971e-01
1.161815142801741890e-01
1.131894318092295099e-01
1.121959385232604300e-01
1.131551596751097233e-01
1.112921644237350044e-01
1.126121581708082742e-01
1.118249586537695406e-01
1.135040439077328461e-01
1.126645345315489544e-01
1.139630184614429387e-01
1.134855326243116719e-01
1.131459659304216436e-01
1.144835998656630188e-01
1.133663891919199779e-01
1.122286154297552074e-01
1.139705883247742885e-01
1.155262704015960207e-01
1.123584917825529439e-01
1.116149613329802115e-01
1.091671073373514655e-01
1.132373552222212393e-01
1.133818317972244416e-01
1.128363427105048972e-01
1.132138763699189477e-01
1.133713092420972901e-01
1.138825597473639151e-01
1.120915835437584218e-01
1.151744102183848983e-01
1.104803825913429488e-01
1.119844832988127620e-01
1.128561930767694871e-01
1.123500205408645147e-01
1.138471999461851403e-01
1.133335172621074138e-01
1.130008341263852994e-01
1.133384547385752616e-01
1.122351170725932185e-01
1.101835306016033383e-01
1.157330662651401970e-01
1.133405374768081814e-01
1.123129588935990325e-01
1.144718726346374560e-01
1.117422073486670359e-01
1.122748161897448999e-01
1.130511636785245938e-01
1.118852054971212762e-01
1.153973702600206430e-01
1.151519756189992999e-01
1.117638442781289931e-01
1.136648350220189480e-01
1.159895779691338252e-01
1.126631209160037644e-01
1.139486178092821433e-01
1.141123604654836338e-01
1.116919187765158250e-01
1.158114488607133175e-01
1.136989160296299484e-01
1.150738833509301617e-01
1.110339988877509371e-01
1.110275553502009377e-01
1.138517025164615254e-01
1.178026701242304713e-01
1.133251161049079053e-01
1.120915017184519885e-01
1.129397557754688586e-01
1.144376779083572798e-01
1.139288481169820483e-01
1.139463066855648382e-01
1.128982800752148241e-01
1.188176387164934927e-01
1.128914601626454239e-01
1.113936705339898664e-01
1.104169033662754790e-01
1.153587060588315422e-01
1.118059062613118854e-01
1.127897085792703702e-01
1.137245966261593438e-01
1.118955994021055139e-01
1.127374722215826464e-01
1.137328088234892953e-01
1.114768272665317278e-01
1.127101980317301855e-01
1.149401673737037305e-01
1.130761248844709549e-01
1.124519257014030549e-01
1.135329158039025121e-01
1.125840524777738938e-01
1.130248632677942205e-01
1.144672389840932780e-01
1.162045917294362574e-01
1.138126092617558205e-01
1.145440033395441620e-01
1.140928739271797887e-01
1.144884359121878664e-01
1.141528509235116423e-01
1.136420323852090075e-01
1.130662399049402467e-01
1.110603305330298690e-01
1.114617329126065259e-01
1.121615851511870710e-01
1.100353083952772398e-01
1.157727364248744700e-01
1.155428650972199628e-01
1.132863254065359510e-01
1.137181426355194508e-01
1.095494086002958695e-01
1.131806922174580510e-01
1.147232315476824083e-01
1.132237794392393082e-01
1.136816416505749827e-01
1.108129842463912162e-01
1.149932322716986366e-01
1.116085257113730439e-01
1.132103658640678662e-01
1.117102524593223123e-01
1.125713777971429352e-01
1.115879994492608440e-01
1.140225166250371097e-01
1.134485897755098949e-01
1.152177946727828833e-01
1.143205803529542958e-01
1.133419448869996404e-01
1.147537968708532419e-01
1.102607352803726681e-01
1.141307929042882779e-01
1.115425672911905114e-01
1.138057616480603468e-01
1.137148530267807628e-01
1.132638182687475265e-01
1.112806735433405775e-01
1.132452304586058500e-01
1.104020526935177299e-01
1.113731680569724908e-01
1.115426161117218790e-01
1.126898988463026496e-01
1.155336687688619940e-01
1.119888916830563824e-01
1.133825637598823571e-01
1.126873326198047642e-01
1.132860533407787917e-01
1.147367259233963571e-01
1.143221066956434939e-01
1.122765073138865671e-01
1.115722154516649856e-01
1.105603131403260081e-01
1.128173202803763736e-01
1.155177707526480191e-01
1.099797457461983013e-01
1.121664956599366242e-01
1.117621479217481978e-01
1.140507149328164466e-01
1.151461067310588782e-01
1.159933851859682036e-01
1.104384041188372634e-01
1.135324023535490140e-01
1.131927034063497650e-01
1.129253001529053613e-01
1.146730895269189587e-01
1.129600477945750664e-01
1.133852043074023291e-01
1.124125701326157550e-01
1.144252371165202231e-01
1.152947930603541310e-01
1.148714047115346332e-01
1.128198798658610474e-01
1.101318670730121740e-01
1.127293306106216808e-01
1.132699722672008968e-01
1.124494258335100721e-01
1.127401791015785193e-01
1.137541364550292700e-01
1.123630407194109865e-01
1.124595700797865888e-01
1.105528212229930640e-01
1.154040455637219825e-01
1.116411722692604996e-01
1.131144696087319074e-01
1.132999738444427779e-01
1.111347025493800156e-01
1.114133165820436200e-01
1.161144796379058042e-01
1.139008672163813601e-01
1.167442301465658749e-01
1.129949983939834146e-01
1.139869343669626112e-01
1.107051824230130266e-01
1.143215558938963650e-01
1.141239606945369939e-01
1.119484705983158218e-01
1.124395565966578026e-01
1.150047128652574441e-01
1.124881486361597877e-01
1.131562284014282077e-01
1.159103603407323768e-01
1.168164537310159984e-01
1.146296620437880914e-01
1.140909282397846725e-01
1.122995696501315477e-01
1.137145706526939415e-01
1.123368680268115594e-01
1.118164875440106620e-01
1.119170142537605633e-01
1.134559413835276170e-01
1.134573915162097463e-01
1.133554094268214157e-01
1.129043525190723957e-01
1.121411340808272372e-01
1.117251469592224766e-01
1.126541123156190316e-01
1.125316424003867388e-01
1.152510548910433003e-01
1.144084419404967079e-01
1.111921123259690392e-01
1.108393154446048745e-01
1.124369322736151616e-01
1.152011794297546077e-01
1.103427866614065389e-01
1.105822910969616046e-01
1.149044323246104504e-01
1.133573815425136799e-01
1.148458588937486397e-01
1.159180258058493812e-01
1.108379659879097645e-01
1.132339137390598188e-01
1.141698535236833206e-01
1.153853135903975119e-01
1.136763554748291688e-01
1.143277592420345740e-01
1.132932450379407069e-01
1.151356825515289922e-01
1.119231016493800884e-01
1.140316514807125925e-01
1.123978731718881657e-01
1.132762790430935501e-01
1.136492665801008967e-01
1.119859490544502650e-01
1.122409276824453406e-01
1.134996042436308000e-01
1.150343701090932175e-01
1.134967222881646809e-01
1.150897840761391511e-01
1.150571789705641251e-01
1.151417216732941035e-01
1.105635475780712002e-01
1.146895422172367757e-01
1.126373146700425099e-01
1.133885672493192692e-01
1.147892363357957413e-01
1.146280876178700642e-01
1.133018770528166352e-01
1.142731240740746251e-01
1.128211685247833412e-01
1.133604482278477571e-01
1.159643550455227157e-01
1.121033216149227990e-01
1.120258034742597220e-01
1.143207433495236902e-01
1.143966783274623228e-01
1.145853336865232386e-01
1.107961985566557617e-01
1.121407652331365135e-01
1.133075187836360964e-01
1.119041479699061509e-01
1.138964647864511570e-01
1.151175761403912950e-01
1.122876851868818415e-01
1.146096708466406294e-01
1.136705043405421972e-01
1.117946979060878004e-01
1.148370687512701438e-01
1.150060931511083240e-01
1.104767814243870494e-01
1.159184427894408564e-01
1.127433976687600148e-01
1.127134898502016452e-01
1.130171339656255852e-01
1.138054595324902857e-01
1.140480689546484183e-01
1.120959236596584252e-01
1.106969809009993450e-01
1.145365895946027085e-01
1.132504294171392117e-01
1.119966855383082716e-01
1.135577933254037081e-01
1.128155773321254107e-01
1.132732651283998027e-01
1.121696843797653359e-01
1.148226256820969876e-01
1.144831141895544108e-01
1.108392463714923531e-01
1.116961037248755395e-01
1.145713324781262449e-01
1.127303838216148907e-01
1.124106582919245922e-01
1.152492471011464098e-01
1.141576761265879758e-01
1.127036873176135295e-01
1.135700844098954665e-01
1.123298969076168968e-01
1.125020462137329008e-01
1.151931287327210701e-01
1.133480112747576457e-01
1.125024018946363252e-01
1.147831983252031313e-01
1.147777542608965640e-01
1.167960184153442743e-01
1.147689549326933872e-01
1.144588424395885096e-01
1.160939644010402505e-01
1.140867277726914097e-01
1.131114719073131603e-01
1.137638670485083270e-01
1.170058940695942462e-01
1.104116338115322532e-01
1.152966336812005360e-01
1.101784300651804521e-01
1.119029786578613489e-01
1.142139615486075788e-01
1.086824373097182994e-01
1.135964470224267026e-01
1.133151143078830192e-01
1.158627896142835900e-01
1.129980618543743320e-01
1.127553220068034240e-01
1.133286650685147862e-01
1.137576165306677795e-01
1.115319726293819147e-01
1.137459364373123727e-01
1.152325463009185313e-01
1.135136327817483637e-01
1.143505830784806859e-01
1.130590277884936656e-01
1.140960318832962839e-01
1.127922768589084412e-01
1.147847278579825075e-01
1.150602908057797580e-01
1.124905425907579970e-01
1.130653996623231516e-01
1.119283252390110561e-01
1.115857642470343969e-01
1.122580444545433903e-01
1.099241230623565629e-01
1.115606217206413231e-01
1.112780163819296897e-01
1.131024356492792843e-01
1.138757016002936995e-01
1.143235154055063374e-01
1.125510476655288139e-01
1.128390669535876134e-01
1.150935361561883918e-01
1.125032687006795734e-01
1.123057627610460768e-01
1.128504097251458449e-01
1.126563153567270298e-01
1.110361006475983070e-01
1.111970176305922542e-01
1.145059945159248443e-01
1.130780044964987130e-01
1.127181249621959647e-01
1.143186707182808487e-01
1.119917379642605820e-01
1.155859708344936926e-01
1.130430303611619086e-01
1.150883308839323466e-01
1.104209884225791083e-01
1.146140678821698927e-01
1.140453541930474407e-01
1.135445402020870687e-01
1.133820458119297880e-01
1.144109521601317930e-01
1.125370546345992040e-01
1.125333177939056017e-01
1.152188332840398816e-01
1.138997276749226101e-01
1.118010623568791856e-01
1.134295800150866285e-01
1.116300735811010525e-01
1.149901371410625983e-01
1.143186579902980560e-01
1.145176283863843236e-01
1.131180888184970396e-01
1.120459835723152664e-01
1.155758561333618817e-01
1.128894375769951830e-01
1.116157474484916062e-01
1.141848764883742345e-01
1.133803106333464844e-01
1.123527827885699437e-01
1.125264658278729013e-01
1.130756207852961909e-01
1.143989257328145298e-01
1.122907379062470096e-01
1.144791461539887562e-01
1.131200047930867314e-01
1.126222864574202009e-01
1.125641060011816491e-01
1.129587844282413794e-01
1.139438886735194001e-01
1.145543815715578118e-01
1.137113439045421837e-01
1.152257902075483204e-01
1.126904137268193579e-01
1.145703648106069922e-01
1.135605145789037596e-01
1.152636789058467948e-01
1.144992352691309445e-01
1.138854893802871554e-01
1.126107057973071979e-01
1.101448297827923306e-01
1.135718457722456748e-01
1.120598853460105099e-01
1.126186297291875277e-01
1.128384435059768404e-01
1.132278410991914286e-01
1.144789958011219050e-01
1.105707133848764373e-01
1.122202174952401377e-01
1.140308892421137144e-01
1.144726978974059117e-01
1.159506650539099543e-01
1.127333921933223460e-01
1.123907330567043700e-01
1.135325939285539848e-01
1.115516476669240059e-01
1.119473889096778974e-01
1.139809165573277966e-01
1.134006930935686636e-01
1.158697162798737190e-01
1.100834716019278708e-01
1.174133381735924103e-01
1.138772171548223799e-01
1.143620679072336749e-01
1.117588316874921217e-01
1.158755521962868129e-01
1.131848957090345331e-01
1.142644230132428412e-01
1.122261576152307899e-01
1.137586173216648955e-01
1.126868333608621042e-01
1.122214090567860839e-01
1.117491498310980297e-01
1.173252907863223254e-01
1.115089005536575306e-01
1.117680053271341428e-01
1.125936521637368459e-01
1.114564898405029925e-01
1.148240061481669155e-01
1.113442432492615652e-01
1.132696377836128893e-01
1.101144626167421259e-01
1.120422467254841431e-01
1.147641150735091986e-01
1.145726299311596447e-01
1.128026568601599028e-01
1.115815794072351902e-01
1.132824206233622732e-01
1.126115915440356746e-01
1.137480693074176680e-01
1.104725070596458553e-01
1.117365544749090861e-01
1.150904890103668088e-01
1.140059414113612363e-01
1.107633316555078073e-01
1.150859247324203666e-01
1.111130471942879810e-01
1.133867578517773617e-01
1.136002228856531487e-01
1.106260922795398449e-01
1.098663614187890408e-01
1.135139587990953991e-01
1.136854200564426931e-01
1.139679531807682861e-01
1.134062463887552386e-01
1.141720896378495831e-01
1.126569648845352073e-01
1.118964615295849063e-01
1.123755736680875361e-01
1.124806419363048177e-01
1.113596672668026172e-01
1.117239229636359937e-01
1.134800065125055601e-01
1.131344118973439117e-01
1.142123537645040737e-01
1.146522443466144181e-01
1.129874326154655523e-01
1.141082066158607272e-01
1.111872533484357245e-01
1.130465607682362428e-01
1.127088803038373138e-01
1.154453526528505664e-01
1.154326649981406300e-01
1.122984146945721767e-01
1.142707125160838250e-01
1.134958353026863237e-01
1.132570641642934445e-01
1.128136916230352560e-01
1.133945005341426282e-01
1.125405523056267620e-01
1.124867308435169994e-01
1.151885083921466851e-01
1.117609624964951004e-01
1.133930322240227911e-01
1.133981516863647593e-01
1.147780643508080345e-01
1.147822284765335488e-01
1.145399464138067563e-01
1.140583642339488973e-01
1.124892155768457830e-01
1.127692554643388301e-01
1.127580754803488711e-01
1.157343968986963428e-01
1.143088467575651274e-01
1.112889887715525078e-01
1.138342444698920569e-01
1.167508792090024977e-01
1.161242855425888010e-01
1.113257689874408707e-01
1.111307363402457421e-01
1.148807120168668094e-01
1.158675692034863980e-01
1.106860553736292718e-01
1.114292233314245067e-01
1.138198898075022669e-01
1.120019607787886562e-01
1.142845476802811233e-01
1.141542989203436359e-01
1.126184512189877807e-01
1.124389206696553983e-01
1.133282000308335619e-01
1.147724685792899796e-01
1.140409773116099895e-01
1.121369599851422816e-01
1.155736434169629956e-01
1.147240119776393591e-01
1.143830441907107837e-01
1.101646770763105576e-01
1.144220915611976613e-01
1.134891266692131945e-01
1.102951016935967282e-01
1.124820930600968633e-01
1.132426653343752976e-01
1.160535246429955369e-01
1.118360991237902641e-01
1.140987744334621828e-01
1.153874117179289338e-01
1.127586385945002628e-01
1.135020455875167256e-01
1.124527622300272728e-01
1.136095574951888898e-01
1.131058348657035528e-01
1.135792075714393001e-01
