3.519966278354954348e+00
2.006158864140806575e+00
1.533845055847880445e+00
1.450244322343221537e+00
1.437640746035429018e+00
1.441823757173190224e+00
1.443648541477958291e+00
1.442628006359502502e+00
1.446770799135929320e+00
1.447205975271475431e+00
1.445782484942716328e+00
1.451818089015263880e+00
1.437877039535630841e+00
1.447015425686048795e+00
1.441907869523867625e+00
1.434648838978418217e+00
1.457686430370598307e+00
1.445279755479475181e+00
1.443636916720586250e+00
1.459509636993230774e+00
1.455539512452099560e+00
1.440770179755503033e+00
1.429618074075173828e+00
1.441668286790456444e+00
1.448819042608489482e+00
1.453507010981030412e+00
1.443173709953155193e+00
1.454175023329516980e+00
1.455248044399666707e+00
1.454520195558884454e+00
1.452200420151410487e+00
1.449163476874310019e+00
1.452207816558144016e+00
1.440582299353103002e+00
1.440736367879468016e+00
1.461884222736016259e+00
1.442894906243066933e+00
1.448177297414261488e+00
1.447536924108246748e+00
1.457973140475590901e+00
1.447024229581922894e+00
1.451476019467188294e+00
1.461506268636017847e+00
1.448751744596549651e+00
1.442831032971833460e+00
1.450959376186425898e+00
1.450121732854825263e+00
1.447401093505183534e+00
1.449882335947277445e+00
1.458335985822514891e+00
1.436962344054598439e+00
1.459304759136576868e+00
1.436400442290756807e+00
1.457025384259663214e+00
1.464632229610219216e+00
1.443559658769157483e+00
1.441928366105962311e+00
1.437663781361471660e+00
1.448592953207091805e+00
1.453493089063612631e+00
1.440033593905985621e+00
1.440631966966141819e+00
1.445281247969963934e+00
1.437943702993162542e+00
1.440958417918491552e+00
1.445540137328747754e+00
1.442607219763812898e+00
1.441033617591929161e+00
1.438936451867225630e+00
1.439809601542825668e+00
1.440723738898417094e+00
1.444071508440138762e+00
1.452108013954811261e+00
1.451669280985867116e+00
1.442908725896726585e+00
1.462131984979929689e+00
1.461850949311599202e+00
1.458280379543467564e+00
1.455910011759965705e+00
1.444891933583652754e+00
1.449892283240430846e+00
1.449150748706652836e+00
1.442709404831166387e+00
1.366565878947198387e+00
1.442077891442448800e+00
1.454149470523965482e+00
1.458897399349223800e+00
1.438056031134117507e+00
1.453238792698300141e+00
1.440205410667684038e+00
1.440489656826782205e+00
1.447292705589491080e+00
1.453471602566640763e+00
1.455625392119670680e+00
1.454313013669030541e+00
1.450727610145936097e+00
1.390030136310134168e+00
1.450154330081920406e+00
1.433699853021778825e+00
1.433021442551198010e+00
1.433058002112157725e+00
1.444941824774801375e+00
1.446923402206724996e+00
1.454494127797268721e+00
1.449033209751243501e+00
1.437430635407641821e+00
1.445340079169173286e+00
1.441244060981901054e+00
1.445457863995972092e+00
1.454154773583209437e+00
1.450501267859442667e+00
1.442527898888667170e+00
1.432929833343822290e+00
1.463608361075222630e+00
1.458211162081068268e+00
1.442587892201966815e+00
1.445836155152894875e+00
1.441241589163493986e+00
1.449163792216570545e+00
1.450197086900960830e+00
1.455572253140520189e+00
1.470299873421830883e+00
1.451485008090225737e+00
1.446099818406208604e+00
1.456311787114893175e+00
1.442091681840747430e+00
1.442574178042134614e+00
1.441199709585907041e+00
1.445847248310715205e+00
1.454208039834471888e+00
1.451131112843595083e+00
1.447003288939036958e+00
1.454962510971382406e+00
1.443143734199534789e+00
1.453287460890675842e+00
1.454764551980626264e+00
1.452418789777549790e+00
1.450793667908627071e+00
1.438601125863993246e+00
1.434626991303845189e+00
1.447809807698550166e+00
1.439491136072537980e+00
1.444836830862868071e+00
1.452246214912261468e+00
1.440934078125767792e+00
1.446378968784052255e+00
1.446809165475878567e+00
1.443715225959497861e+00
1.451026522391917650e+00
1.434725752876364391e+00
1.448924458744740296e+00
1.459635676728830100e+00
1.457734690744903805e+00
1.457731997651044331e+00
1.456047017818505429e+00
1.445792348168549735e+00
1.456756746467583907e+00
1.445385213474140063e+00
1.439982645093035529e+00
1.444266106917338144e+00
1.464259177171779447e+00
1.438371430834392894e+00
1.438260363199632241e+00
1.459223064243737378e+00
1.452886143235219363e+00
1.453661688078592196e+00
1.444489622435464193e+00
1.451637262182352117e+00
1.445268235662899414e+00
1.439116773187448572e+00
1.445407061808175131e+00
1.451127003882943134e+00
1.452618516161983786e+00
1.449918204264327493e+00
1.451978848064196637e+00
1.440369670153045512e+00
1.441672330366226440e+00
1.454522762507145073e+00
1.442990954524276725e+00
1.454833946549256352e+00
1.452391139676182830e+00
1.457363418213725836e+00
1.436933987585151895e+00
1.453467120779881938e+00
1.448738050569725822e+00
1.449861803924266779e+00
1.446216240959349753e+00
1.457054340964007100e+00
1.443088898990849467e+00
1.449104520217818770e+00
1.453983459908534837e+00
1.459777908562504223e+00
1.451297666463835290e+00
1.450711862753634396e+00
1.442434085982758241e+00
1.447066183654139637e+00
1.435866782890949711e+00
1.437302961290513048e+00
1.442362376227139809e+00
1.443037306721077995e+00
1.457286126467340237e+00
1.449818633213256991e+00
1.441017040317623454e+00
1.456195747234960036e+00
1.454235145885744096e+00
1.446123792026893007e+00
1.441377868676281482e+00
1.444381343285829455e+00
1.447022934387329984e+00
1.449221809277088768e+00
1.450136183651923982e+00
1.460279255072172377e+00
1.451090766169188973e+00
1.452156361136178520e+00
1.447693303227850281e+00
1.444184037805922971e+00
1.443092303210121496e+00
1.456418843265863128e+00
1.450965795312796791e+00
1.440701013431380906e+00
1.458813019406934197e+00
1.451117735054588298e+00
1.449915377760331969e+00
1.443601353280641986e+00
1.445835210987541863e+00
1.453547732025701533e+00
1.449459790242785928e+00
1.437420827492583486e+00
1.456079484469094742e+00
1.441899750250063006e+00
1.441286175686110838e+00
1.443302081922178237e+00
1.460216888269836533e+00
1.458788919249127902e+00
1.453509544520566132e+00
1.452222114634006411e+00
1.443389170545994027e+00
1.450167247539473125e+00
1.454605203864897556e+00
1.441584439259522954e+00
1.459893111413641087e+00
1.452959355301771227e+00
1.445732713180307938e+00
1.449138884664382232e+00
1.449944293878949297e+00
1.454702581060050237e+00
1.447147294548112750e+00
1.450386094076431931e+00
1.448301891248190421e+00
1.437399602707581048e+00
1.441726501242944769e+00
1.457090349992790745e+00
1.458587400601391471e+00
1.444358405081846985e+00
1.449953413430010496e+00
1.456729497207718049e+00
1.445361441380483392e+00
1.444532728497597063e+00
1.439123600978319928e+00
1.433728333194460580e+00
1.453828286768830136e+00
1.434864131180009883e+00
1.444038805767088984e+00
1.456526454502699686e+00
1.451704517537370398e+00
1.450251153365939238e+00
1.461428109480796378e+00
1.455473388229120646e+00
1.435300026692549746e+00
1.450249881180335487e+00
1.452585465364900408e+00
1.449286462425302568e+00
1.443599420379654275e+00
1.464251822759342625e+00
1.451189332074786620e+00
1.455057372256876702e+00
1.459707099165223676e+00
1.433776194773082491e+00
1.445016828028206524e+00
1.448161759804378779e+00
1.446755646465435641e+00
1.457848468125578556e+00
1.444654683134252604e+00
1.447387370662723161e+00
1.455469186779853041e+00
1.439860426296048823e+00
1.443698428425018276e+00
1.436090351009498223e+00
1.453932237802219030e+00
1.441457611940749617e+00
1.450941065389537377e+00
1.444835478215660940e+00
1.442761072064269179e+00
1.451239495881813335e+00
1.457838155352948473e+00
1.439003765024149617e+00
1.449411156938624989e+00
1.443091253804351659e+00
1.451968765809709794e+00
1.453800142554688479e+00
1.440332111441652296e+00
1.452370948079845681e+00
1.453720955944036053e+00
1.443489461589371858e+00
1.447604426014729162e+00
1.444527846191609344e+00
1.443549022042234453e+00
1.452198488406438281e+00
1.456675963099192783e+00
1.450378666233967717e+00
1.447117521470280499e+00
1.441571119404910784e+00
1.459427344382625780e+00
1.449212288616227085e+00
1.447867789743881639e+00
1.445255125624952397e+00
1.448558122128118075e+00
1.440906993739692332e+00
1.445961428700064166e+00
1.446822509703422632e+00
1.441464577585830131e+00
1.452310115966030546e+00
1.440968921344026876e+00
1.448645890244529832e+00
1.443917915839428856e+00
1.463071856481680921e+00
1.460499629256134746e+00
1.444074101823823675e+00
1.448518280021921845e+00
1.444292869244123034e+00
1.439715655040677555e+00
1.451576762876446880e+00
1.454063068509149348e+00
1.438515519064017978e+00
1.465859607318526381e+00
1.446550944126118177e+00
1.443190143586172480e+00
1.448553014492265589e+00
1.453734151472893199e+00
1.446395326979535101e+00
1.437354026125474249e+00
1.451392682217827801e+00
1.456318280588359659e+00
1.449799054817503929e+00
1.433963380484769790e+00
1.442324138041340298e+00
1.435164036707636148e+00
1.446328481386862208e+00
1.456206889300879936e+00
1.444720736268246597e+00
1.452903033290501522e+00
1.443184292857108364e+00
1.450466589821243213e+00
1.449236112400872578e+00
1.449450921772990730e+00
1.438802988580318853e+00
1.443341544481567817e+00
1.456540045326113919e+00
1.452011941085278535e+00
1.443717373521133940e+00
1.453869177457787654e+00
1.446870000534498102e+00
1.448477993934359720e+00
1.457561135925766083e+00
1.450867277594461768e+00
1.452125627810966879e+00
1.442196554907559269e+00
1.455325663353309595e+00
1.447810455986124456e+00
1.466222608490234114e+00
1.452128619776695828e+00
1.440172056273476331e+00
1.446636382300064971e+00
1.445688423049345639e+00
1.454811576753562319e+00
1.446150876729171086e+00
1.450836787154186291e+00
1.439742918526137228e+00
1.444215170913861757e+00
1.443827663178428367e+00
1.449910711758260806e+00
1.451182726666937928e+00
1.445167071009306525e+00
1.451817519087610808e+00
1.452743647017791906e+00
1.444710335968686366e+00
1.443955696654248166e+00
1.459702763175791951e+00
1.447809646428370955e+00
1.448078668395293978e+00
1.451708465354343058e+00
1.450530979458259262e+00
1.456702416525484267e+00
1.446427268259313559e+00
1.444395803590803773e+00
1.442073456900403450e+00
1.432268450482979683e+00
1.455073053428066920e+00
1.451478600814907205e+00
1.466315112317239544e+00
1.453563481365730548e+00
1.441774115975406945e+00
1.488426440688534802e+00
1.441518073123598365e+00
1.437592531880420577e+00
1.447548666012522522e+00
1.442053263677052000e+00
1.452580043253723030e+00
1.446556794263047063e+00
1.443683368841149228e+00
1.442497178181881834e+00
1.447880814014469442e+00
1.453360274209535508e+00
1.439857664715148200e+00
1.451866136280163033e+00
1.445115669724710949e+00
1.451776502648206346e+00
1.458435822043014696e+00
1.439710936679776898e+00
1.448058273218093772e+00
1.445696416262089556e+00
1.431355390818108919e+00
1.446714010828454189e+00
1.437403674722258051e+00
1.457367744420014599e+00
1.448244167848073527e+00
1.438316192825091377e+00
1.444940295831697252e+00
1.449303992662766438e+00
1.443857666826759534e+00
1.450963836406518048e+00
1.442737589750424432e+00
1.442655834836159112e+00
1.445745163056422866e+00
1.454847605780458908e+00
1.447424437414633669e+00
1.453684439744743706e+00
1.456957335984804702e+00
1.448422406794308337e+00
1.450080030474664161e+00
1.438864412615455057e+00
1.451346459612850470e+00
1.455185965387124858e+00
1.442514296770611493e+00
1.452045513228879869e+00
1.449863386900470230e+00
1.454395302072811091e+00
1.456234347269988127e+00
1.450062413175371878e+00
1.456225952061155349e+00
1.448732988774871888e+00
1.447547680756200217e+00
1.448502652013982095e+00
1.457516759455877109e+00
1.440146185965089698e+00
1.449491964296722113e+00
1.449732259298334602e+00
1.461879450500745747e+00
1.450011409988720024e+00
1.440700469500015179e+00
1.441202413260692650e+00
1.451729576388954390e+00
1.459348010372882642e+00
1.440279683087076990e+00
1.443541383767231512e+00
1.450107984966199748e+00
1.441875739136836199e+00
1.455442548528467883e+00
1.446833662746509486e+00
1.470033574696653078e+00
1.447886216806548942e+00
1.448801166828086240e+00
1.447425776690534516e+00
1.438333986595599301e+00
1.434723223878888954e+00
1.450159415093527304e+00
1.455570705290198497e+00
1.443689651016409670e+00
1.460498882275332866e+00
1.442051614316837593e+00
1.446009904441377891e+00
1.454034820372594794e+00
1.448094696428979145e+00
1.448446966687625403e+00
1.437785782389479294e+00
1.434381319410743760e+00
1.455215946279340589e+00
1.446980417713300104e+00
1.450933930701614027e+00
1.449093134220317713e+00
1.442402464544786156e+00
1.449946964643942238e+00
1.459404664990940459e+00
1.446681602993495686e+00
1.439940651322227039e+00
1.459028562849885358e+00
1.444732734739283986e+00
1.445589950783708444e+00
1.449197316374398303e+00
1.447018213926641206e+00
1.450381606672988877e+00
1.437567058926723762e+00
1.451498800988783477e+00
1.439740398240020758e+00
1.435616032148128385e+00
1.439982647942593674e+00
1.454057743270270597e+00
1.439099026632448153e+00
1.451111065941326439e+00
1.435701112669973911e+00
1.456556529699549740e+00
1.449767714266241958e+00
1.469631331299661836e+00
1.446455662370797590e+00
1.450775383281138753e+00
1.450091336651101903e+00
1.435578730673457759e+00
1.456685479405814165e+00
1.441472399681865024e+00
1.444608103406105570e+00
1.451758354205856749e+00
1.452713325305575953e+00
1.455341507850136606e+00
1.439436442860610343e+00
1.461308699244288078e+00
1.450064486733802616e+00
1.444469660877664596e+00
1.445389655564708109e+00
1.437590686462969281e+00
1.457201492753888772e+00
1.436816405816625064e+00
1.450800755875490733e+00
1.438880131180728217e+00
1.453260388704050277e+00
1.444455583658081022e+00
1.439128216301012619e+00
1.451798947629285630e+00
1.438164891710091320e+00
1.446201793589211304e+00
1.446217898876270835e+00
1.440248359276111945e+00
1.445892778441264070e+00
1.443334983592260645e+00
1.449611862583112032e+00
1.459535962169062007e+00
1.453924603295158269e+00
1.445725776618664860e+00
1.448091098628342399e+00
1.456687591572007667e+00
1.441408880393862502e+00
1.447145569041414559e+00
1.453945726897587054e+00
1.456887908620026373e+00
1.443861897529115090e+00
1.450560567478138996e+00
1.447901309326942387e+00
1.458438223192684680e+00
1.439672855292458253e+00
1.438228101899395206e+00
1.452222364157425005e+00
1.438517682420215937e+00
1.446593937474765612e+00
1.450250456231233498e+00
1.446166710442112535e+00
1.458899110945720112e+00
1.450144752383556446e+00
1.444422038300526179e+00
1.453627267237213028e+00
1.450725761149332271e+00
1.447001490143119629e+00
1.449056155765422682e+00
1.455420801690078481e+00
1.455048617401231148e+00
1.446173957764758544e+00
1.454865032695593419e+00
1.449645857945031091e+00
1.455525186857122621e+00
1.451459205733180990e+00
1.450139630957803183e+00
1.448346602104980452e+00
1.451836904899212799e+00
1.441544473408014060e+00
1.441119263748537938e+00
1.451794332395859533e+00
1.445197368643092561e+00
1.455900746385463629e+00
1.442372348923004033e+00
1.446388278581326015e+00
1.437195357886989378e+00
1.438385396245097425e+00
1.457981913559382114e+00
1.449073294367680509e+00
1.451024999558206741e+00
1.458546956280866391e+00
1.435342514329436492e+00
1.449258175872482957e+00
1.443517865942984146e+00
1.450832388706843057e+00
1.458097229414768270e+00
1.451287642608985351e+00
1.450741152357698516e+00
1.449827565718352140e+00
1.447937700225105484e+00
1.436186791446680600e+00
1.437367690508865703e+00
1.454770278467381495e+00
1.443294685599080474e+00
1.446436900261609537e+00
1.457025997028013720e+00
1.441581394126568938e+00
1.448140421399410460e+00
1.438256869430368123e+00
1.447982533658319415e+00
1.454732295545902776e+00
1.446925144038204269e+00
1.448507807234220124e+00
1.445236828223209535e+00
1.452924008582538562e+00
1.453050869880750717e+00
1.438528462297183452e+00
1.437819196925943732e+00
1.451483958901033988e+00
1.435659926883180670e+00
1.460157688470062221e+00
1.435067801062593906e+00
1.448782263711118068e+00
1.454424564104752404e+00
1.455680945320641628e+00
1.435268614102413576e+00
1.469929420190555724e+00
1.446067356827810846e+00
1.440924903532935897e+00
1.442594735198910794e+00
1.442294370497795519e+00
1.444516786342962877e+00
1.444017575229200379e+00
1.444659164323815581e+00
1.440553661126359630e+00
1.439410777417593712e+00
1.442514776819376898e+00
1.459642594938362459e+00
1.441691711250484564e+00
1.446955694989007224e+00
1.461848443428520827e+00
1.448109568453688212e+00
1.467379989171511134e+00
1.456492083327189047e+00
1.452548559811314366e+00
1.443532342816736147e+00
1.450323533462738235e+00
1.447636780657533206e+00
1.440485766810096324e+00
1.457031739856928576e+00
1.446012389543944288e+00
1.432214122446611615e+00
1.442355883822680429e+00
1.448643697392121732e+00
1.451186725545132727e+00
1.442929499691765871e+00
1.461929085774282155e+00
1.445794834032061216e+00
1.440881218990273549e+00
1.455746078799840193e+00
1.456620403691557986e+00
1.448620802063474322e+00
1.453068617446197752e+00
1.444697591177659612e+00
1.460269850487195820e+00
1.448431656881860041e+00
1.440918451803834044e+00
1.465661521641164589e+00
1.449455765570460519e+00
1.451119363559428832e+00
1.444028330869743248e+00
1.450378978931366580e+00
1.454666683980841535e+00
1.446545945025269120e+00
1.443227413400748116e+00
1.437192251447786173e+00
1.456721234864208681e+00
1.444435874405440412e+00
1.448056804296763200e+00
1.441266466005364011e+00
1.461085339431730468e+00
1.438853019644433795e+00
1.435207984881494481e+00
1.452336026586208639e+00
1.449462733643211987e+00
1.447521060211731658e+00
1.464398620770771320e+00
1.448261336181041248e+00
1.447868883215223113e+00
1.450794893038202193e+00
1.456204072778823688e+00
1.457320342415153291e+00
1.437834291742305037e+00
1.449722225713231838e+00
1.444119435108462524e+00
1.444004752355190879e+00
1.476064071738683703e+00
1.441445648318744333e+00
1.474227346208650369e+00
1.436889677320235092e+00
1.451509586186860323e+00
1.442471575690269292e+00
1.448952631458833906e+00
1.437750420267870588e+00
1.444402874380402935e+00
1.460191355912446642e+00
1.456762093667664404e+00
1.439033036370562346e+00
1.441768666015199818e+00
1.432742834553241362e+00
1.455045510807451592e+00
1.449411792774074614e+00
1.474286330461495487e+00
1.450158172278444457e+00
1.436039998916885940e+00
1.447850019067573601e+00
1.445521202790780002e+00
1.436594516521886078e+00
1.441949424847050354e+00
1.439153696763001200e+00
1.446760012823947505e+00
1.432610212072279010e+00
1.442252081741393743e+00
1.444538112336606117e+00
1.449145607857589058e+00
1.438954463581783472e+00
1.449720547106574386e+00
1.448874972409280648e+00
1.451274304356575895e+00
1.453322571268306662e+00
1.452717992216971510e+00
1.430974279849664521e+00
1.437696348814416547e+00
1.441374685129224398e+00
1.450630634197215496e+00
1.441196500264757985e+00
1.437108955644301078e+00
1.454246257706647949e+00
1.439272365479673077e+00
1.453794981452650070e+00
1.448982278422439540e+00
1.431464050450548253e+00
1.446497883210412505e+00
1.462113495402281860e+00
1.443463917089520709e+00
1.452137620651096528e+00
1.449216656134657111e+00
1.441988364184067839e+00
1.447136708851423315e+00
1.458692471507210930e+00
1.451673692666980875e+00
1.436943818012488938e+00
1.450166985195173952e+00
1.449137189822319316e+00
1.443078634087146428e+00
1.436364718899542314e+00
1.450191726644877832e+00
1.448451651914772098e+00
1.435761704385283721e+00
1.440795311954196745e+00
1.451269987027774988e+00
1.447843005047763310e+00
1.458377480995882047e+00
1.457555945684692489e+00
1.452261887262124240e+00
1.445631470320400513e+00
1.443589292806488622e+00
1.450561062701005266e+00
1.446841230965974390e+00
1.470371819227908494e+00
1.442842599910991952e+00
1.447137378412683528e+00
1.448523349834163865e+00
1.447068198571223041e+00
1.457802674440072055e+00
1.456030263138558878e+00
1.447773786306526533e+00
1.455472794670414016e+00
1.447518884698094199e+00
1.457700545327215602e+00
1.444176034682145504e+00
1.457671794541938626e+00
1.448813414395824006e+00
1.458796590740431220e+00
1.444325130921433553e+00
1.455469308456274424e+00
1.442104626811417267e+00
1.455389211498083757e+00
1.444933844496005149e+00
1.436869334739542259e+00
1.456823469608732990e+00
1.444530290109700799e+00
1.465696405397554525e+00
1.434429232492082207e+00
1.448713491786996821e+00
1.439208153845143112e+00
1.442013403248116221e+00
1.451675237522378259e+00
1.445597033543709387e+00
1.447584437697770454e+00
1.446257076593984392e+00
1.449762613567580294e+00
1.444660277428828632e+00
1.456278210360549608e+00
1.444800602415758695e+00
1.449905483693593622e+00
1.447098625364015678e+00
1.456757915481704746e+00
1.443154048074634099e+00
1.470055008492795690e+00
1.451466542292610296e+00
1.436638564333035939e+00
1.458780009779166997e+00
1.440748287617847012e+00
1.438997508979197759e+00
1.445737948979815002e+00
1.463888713171834555e+00
1.458184004489986973e+00
1.451163800412106575e+00
1.456812766592601394e+00
1.445679476565347121e+00
1.453743319309870774e+00
1.439415334773103128e+00
1.456162783080639622e+00
1.447876197818243282e+00
1.443429688373303765e+00
1.457688572384858272e+00
1.455549896700184531e+00
1.446523434173827338e+00
1.438325822878970150e+00
1.440143420715347844e+00
1.446054267189669229e+00
1.455382612285893940e+00
1.448905123160294961e+00
1.457886037715175886e+00
1.441738337238363643e+00
1.446612921236107852e+00
1.442565726204503296e+00
1.457408845047911017e+00
1.455907009635668770e+00
1.452817263070436349e+00
1.465445356001626953e+00
1.451785605622530229e+00
1.446855304987010316e+00
1.438329459251792120e+00
1.445297903173851539e+00
1.443602108518158289e+00
1.458715594559841788e+00
1.453155997022784529e+00
1.437187156738226612e+00
1.455700418022285225e+00
1.428035811948935585e+00
1.443585834065070905e+00
1.460433006443028869e+00
1.450051940387273586e+00
1.436795088901652973e+00
1.456203891995703659e+00
1.443437224445948797e+00
1.442009368641476108e+00
1.438912190790458734e+00
1.449149155017109392e+00
1.442389154441180432e+00
1.443169287969215731e+00
1.436674295383499445e+00
1.456277816026867455e+00
1.444141535303298474e+00
1.454640660007258779e+00
1.451824797862484084e+00
1.448129872089026549e+00
1.440827078836317332e+00
1.438652587906197544e+00
1.451969187797096161e+00
1.440438096491422071e+00
1.439062757273685156e+00
1.448492799006795062e+00
1.464052659486608565e+00
1.451111361200102978e+00
1.441838220197753762e+00
1.456398588626099055e+00
1.458178854272407010e+00
1.447837399147280157e+00
1.447983485013011329e+00
1.455040939803647460e+00
1.448865162782338567e+00
1.440447054017856665e+00
1.452450858691409108e+00
1.446926815317613579e+00
1.447991230683401742e+00
1.448082015047498894e+00
1.455372667994338842e+00
1.451498557725151795e+00
1.446181787279249509e+00
1.448509246251443505e+00
1.453933231586719721e+00
1.458671393898844926e+00
1.455628134622424685e+00
1.445944574234619528e+00
1.450036262800858955e+00
1.446715355278838100e+00
1.454237337128627461e+00
1.447154086758511982e+00
1.440427743031527541e+00
1.460835998306492689e+00
1.440569680694700816e+00
1.444152710776759774e+00
1.452960661272036047e+00
1.453628247518452321e+00
1.452490304969795698e+00
1.451668922576711651e+00
1.454816336006816035e+00
1.439812786058133121e+00
1.442571606117745819e+00
1.449320428632969060e+00
1.449154199638356788e+00
1.445397361090941191e+00
1.442051243284379280e+00
1.452723577046736603e+00
1.441621548326555535e+00
1.437100072214604118e+00
1.441595657527505958e+00
1.452592529098241769e+00
1.445349424664837068e+00
1.431305997435459609e+00
1.436797211183352907e+00
1.445339740847336962e+00
1.447532992741309421e+00
1.456981951014578947e+00
1.451640229659522108e+00
1.457063164016035639e+00
1.448652670276810994e+00
1.451887710722877811e+00
1.438248225043677442e+00
1.444241511071312267e+00
1.435647727798454953e+00
1.440899363865419947e+00
1.460635871734100144e+00
1.445187457514659712e+00
1.451295136020075205e+00
1.445851341202468054e+00
1.450746922549582374e+00
1.447850772280070419e+00
1.457072357692698716e+00
1.451225462144503320e+00
1.443362852703814259e+00
1.459371080928447029e+00
1.455984047263369163e+00
1.448257948097414038e+00
1.443437130638697274e+00
1.444310048494237275e+00
1.448987597754836099e+00
1.450628014103569230e+00
1.449486993048680450e+00
1.452610010751006042e+00
1.435743177719108088e+00
1.478016443887753439e+00
1.446029496954460702e+00
1.453987663656135743e+00
1.441307503561980896e+00
1.453458569815087476e+00
1.453186479466384462e+00
1.457928887145891972e+00
1.453622591171615630e+00
1.445773713188976073e+00
1.450228232169441300e+00
1.437749826550383192e+00
1.443747910682573465e+00
1.450732640411547925e+00
1.462038352930675966e+00
1.451369219210150607e+00
1.450395064075191698e+00
1.461375845910627858e+00
1.435659818370327301e+00
1.449531321424421648e+00
1.438316067687775757e+00
1.450586861655390081e+00
1.445687177351253183e+00
1.448623267898738298e+00
1.452151280986948789e+00
1.440284369309971613e+00
1.462567124545387953e+00
1.450538706183397641e+00
1.446998603422236185e+00
1.438899078657268404e+00
1.443255516951735817e+00
1.447526374193367493e+00
1.457271021500956332e+00
1.455626222881162946e+00
1.437245152315178576e+00
1.446890991652957315e+00
1.445563783947003245e+00
1.448105542829816406e+00
1.446030470713870697e+00
1.446311317518017114e+00
1.444655955935034264e+00
1.454337891024940710e+00
1.466144058918589455e+00
1.440924871946977825e+00
