1.214316774188521457e-03
5.867085167206071870e-04
5.110234703340457880e-04
5.168558212949711430e-04
5.242471606625485154e-04
5.099250018702994281e-04
5.293619668158068862e-04
5.160827549789621157e-04
5.045652330987179584e-04
5.083342251621822362e-04
5.253540757410580771e-04
5.260589127847748857e-04
4.984677204220282903e-04
5.444412561015440520e-04
5.383577073364402294e-04
5.302292229232222079e-04
5.168285612273779313e-04
5.157172061968718149e-04
5.334014356832700310e-04
5.238712806016856309e-04
5.172581905538522519e-04
5.233167794597924074e-04
5.197204009178694236e-04
5.426530455777411627e-04
5.286502229860928900e-04
5.371254416748264373e-04
5.116772158896134648e-04
5.088729466525391838e-04
5.227397489310297522e-04
5.295294734869485879e-04
5.272616137939738776e-04
5.213517352225457979e-04
5.225571426147461755e-04
5.257838607611817769e-04
5.131069037055309163e-04
5.203684117443609395e-04
5.368046219235459663e-04
5.073877644415509527e-04
5.395556237942916592e-04
5.436980156941822930e-04
5.333223027204498637e-04
5.347207850260490792e-04
5.005312699758473647e-04
5.331547095148017135e-04
5.237599863303826547e-04
5.145711820427711740e-04
5.150930493052034709e-04
5.027924539332674463e-04
5.080836537193399388e-04
5.303831691346722445e-04
4.911334197083464621e-04
5.126932261672111990e-04
5.402921444390038856e-04
5.229505300021073050e-04
5.077000375302956380e-04
5.103884686582763237e-04
5.270182765947414427e-04
5.349717438286422056e-04
5.335606862532576511e-04
5.226761884905992356e-04
4.903862492045349278e-04
5.319178543945407090e-04
5.369387866122356766e-04
5.291146349469233977e-04
5.229096872104597657e-04
5.389168978167769393e-04
5.011773754103657740e-04
5.261964564011097642e-04
5.344779025104474512e-04
4.907949405722789342e-04
5.033533733529460021e-04
5.163588030231734205e-04
5.110183922288104308e-04
5.077815689056580520e-04
5.237784365801455419e-04
5.369790118887215980e-04
5.280737737432436270e-04
5.207752219392244994e-04
5.225633712487866810e-04
5.366113901164771974e-04
5.275865756549277244e-04
5.325751517085707031e-04
5.176524976157634381e-04
4.899967161872244639e-04
5.324167012275212189e-04
5.218673700871174961e-04
5.249507429811562471e-04
5.311821997863020286e-04
5.084673205049828736e-04
5.069993446476201782e-04
5.297295281290572474e-04
4.947787672397352572e-04
5.216398379088404676e-04
5.163446813173659840e-04
5.086437354832555992e-04
5.247034150284479769e-04
5.178353164836686090e-04
5.232259026927992994e-04
5.143224431702915879e-04
5.414898814901623631e-04
5.284938402020532191e-04
5.161864578544902906e-04
4.921320702295983382e-04
4.947075929238989355e-04
5.190345781459069401e-04
5.503965211030053444e-04
5.130870338419922126e-04
5.284730444775518569e-04
5.021905705834793510e-04
5.180534918765994368e-04
5.200019384494947335e-04
5.092438072183363799e-04
5.115867393017456541e-04
5.154105587228800280e-04
5.278352791516842347e-04
5.231934231855174750e-04
4.962759587293338924e-04
5.198400683009068513e-04
5.255808919988908673e-04
5.358991288839088079e-04
5.151937175121182409e-04
5.040361596124451381e-04
5.127822708501348931e-04
5.285119624667944773e-04
5.429439389527295282e-04
5.128897493106301334e-04
5.083595040265868545e-04
5.334619182794144701e-04
5.054645624333484405e-04
5.286126976409014555e-04
5.420963883298871759e-04
5.245239470912551856e-04
5.133522436914224156e-04
5.180809718807250679e-04
5.171753136310316620e-04
5.256353322038407076e-04
5.074462788573713776e-04
5.132615932893601221e-04
5.459439786620752218e-04
5.301950917071807101e-04
5.216973691839972864e-04
5.248124433961699753e-04
5.184008088478793234e-04
5.299509393813227895e-04
5.225257507525862127e-04
5.424402560078611137e-04
5.212217371933790299e-04
5.528700299002244512e-04
5.203831534777469178e-04
5.293173044420324165e-04
5.275358228419564470e-04
5.192345844845094394e-04
5.172375787388291393e-04
4.958893752115659274e-04
5.207884156479281870e-04
5.348583281390381118e-04
5.398743579035434736e-04
4.963340200728510098e-04
5.236231705026577529e-04
5.256498188143827197e-04
5.311044169792608150e-04
5.201155936070760676e-04
5.320779818249452876e-04
5.079529004678727836e-04
4.893695891273930516e-04
5.139821828357202639e-04
4.969130888247663127e-04
5.225958302768852690e-04
5.265853494935372877e-04
5.212264783697957747e-04
5.126218249943075662e-04
5.063527097935019211e-04
5.197688682537942619e-04
5.316596938810848327e-04
5.007130332574033027e-04
5.025142442882014502e-04
5.264107221819772477e-04
5.369689269549378016e-04
5.351619717772555969e-04
5.271415547100558431e-04
5.129297786545996413e-04
4.960018440675012606e-04
5.027696408782323430e-04
5.186944237339210974e-04
5.212095780189002301e-04
4.879160248344636638e-04
4.898636268050622763e-04
5.186151007903083308e-04
5.171258590354751387e-04
5.304135880042511707e-04
5.215254706744046212e-04
5.341223289984123280e-04
5.197517929967027453e-04
5.192643739094279093e-04
5.299902011180816471e-04
5.069678954414635853e-04
5.331635444757314461e-04
5.104649324539339145e-04
5.166195468308807694e-04
5.006128858652613518e-04
5.166218846381070030e-04
5.182283494818283771e-04
5.050784695859661996e-04
5.172908825938038165e-04
5.182772048111023615e-04
5.160936755997121541e-04
5.220994555841731869e-04
5.345531322267339054e-04
5.251635935899481768e-04
5.226192720656242527e-04
5.248230787595885858e-04
5.118498461523389356e-04
5.123309785295136797e-04
5.145127733994250786e-04
4.962852793853287378e-04
5.311148597088559279e-04
5.245308502761186591e-04
5.324941996847257870e-04
5.099889018914838690e-04
5.349639702105344783e-04
5.123186647054159227e-04
5.140882909312005731e-04
5.230005751579948261e-04
5.270940804385728816e-04
5.223963682026059414e-04
5.223471625742876281e-04
5.055353318424845796e-04
5.016641014844325924e-04
5.249833732698315188e-04
5.235177922113425694e-04
5.156567608630507026e-04
5.399720018191602735e-04
5.207781346158673426e-04
4.967913972672830967e-04
5.034861106659792394e-04
5.205255066410723920e-04
5.134588098691056455e-04
5.153783686739663939e-04
5.179242035112748997e-04
5.236801189693578032e-04
5.287881730285634617e-04
5.441155794264566480e-04
5.167113126428906278e-04
5.180683461810280718e-04
5.014487360333969241e-04
5.373639132873773766e-04
5.132114001223494950e-04
5.273034178123012661e-04
5.102269471378120987e-04
5.232029931943536468e-04
5.313297038373993681e-04
5.017498448437655943e-04
5.132450358208330175e-04
5.344689738021610528e-04
5.192664887273685777e-04
5.214896806488317649e-04
5.365494804047823496e-04
5.052312020395353584e-04
5.198400409206029894e-04
5.098975222101850748e-04
5.146671673296691202e-04
5.296897873009402246e-04
5.288558677650722056e-04
5.111272726924723361e-04
5.154716139817177743e-04
5.238930103416847501e-04
5.195938427208176592e-04
5.267121618819011484e-04
5.198875582637079579e-04
5.263977536038177583e-04
5.280632257493961213e-04
4.981405814766070965e-04
5.271108654731750196e-04
5.082155882279223297e-04
5.030062513991443015e-04
4.982240241984311471e-04
5.212761931617786604e-04
5.170049870998165431e-04
5.202235710538316051e-04
5.377505433648868639e-04
5.165391914852341315e-04
4.852160934468156719e-04
5.332948837843337142e-04
5.451645483312820726e-04
5.365288363355475657e-04
5.084407592048213829e-04
5.135255971498645230e-04
5.218084193460530151e-04
5.130268526957675957e-04
5.356680034619380878e-04
5.270268532975622665e-04
5.056661892062091785e-04
5.307909288534834458e-04
5.369700230346561090e-04
5.100322637865647470e-04
5.103417286437244432e-04
5.328319257407674583e-04
5.218147809733275676e-04
5.043700485460829224e-04
5.140186884096136942e-04
5.163414905980954822e-04
5.289059008744954231e-04
5.161728205734249274e-04
5.285253450310452511e-04
5.090633079400700648e-04
5.354851811703898205e-04
5.192140640888813843e-04
5.176688269356792115e-04
5.198710936293383152e-04
5.239657554561270598e-04
5.336163007986799043e-04
4.940776396660756346e-04
5.368222416093303660e-04
5.237403950659437956e-04
5.307416064690006086e-04
5.045236321785548329e-04
5.235220656308870162e-04
5.215776367970698926e-04
5.079020121878074752e-04
5.170472535789479582e-04
5.324908808117460694e-04
5.146413997673609598e-04
5.052670134696133361e-04
5.301919660391278761e-04
5.248538342662088883e-04
5.050770052980537057e-04
5.174266704173085575e-04
5.195747930070639554e-04
5.270220496594332869e-04
5.106664544854315002e-04
5.089232771542029007e-04
4.881607415460036538e-04
5.179394288859271280e-04
5.221743973576122326e-04
5.287667205007296747e-04
5.321443153181877042e-04
5.272214709307665231e-04
5.314238274132881100e-04
5.376179603017767908e-04
5.356684375661808746e-04
5.177338897385981575e-04
5.298852412648976133e-04
5.219030951112870039e-04
5.309722129841223069e-04
5.151100390411819012e-04
5.275955237652490059e-04
5.151648833156462432e-04
5.268728230957135010e-04
5.183508636576702241e-04
5.128534989464520431e-04
5.164661417354297467e-04
5.137065986524330229e-04
5.083605766814907733e-04
5.291621642070112831e-04
5.537232474228809005e-04
4.969852560175603683e-04
5.122424955166909313e-04
5.139942453066132779e-04
4.914666074823329650e-04
5.206333978613589307e-04
5.096226261786610543e-04
5.177272004296934026e-04
4.918191619268076848e-04
5.062371448105067780e-04
5.153585099711752550e-04
5.230725948689497491e-04
5.028193666372230211e-04
5.253547227269249765e-04
5.019744161172748353e-04
5.230644636606540925e-04
5.147102509918000807e-04
5.211955671058163134e-04
5.265990587362718049e-04
5.146191731139072292e-04
5.161395511441273926e-04
5.338713261377869140e-04
5.209396184908492416e-04
5.155756317582982319e-04
5.068928618234666474e-04
5.140408463470140694e-04
5.232786807410154915e-04
5.226389247951272700e-04
5.259794127023541569e-04
5.079527418604113092e-04
5.354936486607087551e-04
5.185600534165221232e-04
5.220973607078679924e-04
5.303519351324662316e-04
5.316090164676640908e-04
5.309848799129506317e-04
5.366688775863902956e-04
5.070517954111908050e-04
5.111881370206655239e-04
5.235140153084091516e-04
4.957108436852156663e-04
5.295095403081414914e-04
5.165992871308113877e-04
5.127250047141682998e-04
5.286782751456919113e-04
5.013812194318210914e-04
5.107473909285427729e-04
5.078973748474681620e-04
5.460125139889536287e-04
5.151725172216161698e-04
5.090979612787299236e-04
5.191803935135592485e-04
5.323664170856012368e-04
5.138515842350762893e-04
5.293243090641239733e-04
5.248503298760831461e-04
5.305987828106340952e-04
5.026365241064642726e-04
5.063771920458512476e-04
5.080600538628824272e-04
5.047273155623456303e-04
5.326045229714471791e-04
5.190427403700606642e-04
5.306316085671753269e-04
5.099729848723479845e-04
5.072313988757238146e-04
5.293678475467925026e-04
4.912191872009552453e-04
5.095287202536803511e-04
5.108121998772383781e-04
5.083340707263314098e-04
5.295663846687421496e-04
5.184686386125218153e-04
5.064103135099201711e-04
5.176182897577443452e-04
5.357038536275217540e-04
5.215210862844913212e-04
5.319883196363633330e-04
5.157872094095658326e-04
5.442381714996930844e-04
5.181566252331924532e-04
5.345370317364899230e-04
5.194580073229032287e-04
5.154227503218034674e-04
4.962908989462986187e-04
5.327910573126330620e-04
5.216865138153437258e-04
5.091120994686059191e-04
5.099939686178016698e-04
5.233118021950402578e-04
4.902595565354187120e-04
5.219924065869442197e-04
5.215746426554661872e-04
5.101494135035698155e-04
5.121656651734626158e-04
5.218022512960161438e-04
5.299592993577134084e-04
5.273136126969723246e-04
5.438802150424257645e-04
5.511966163217541567e-04
5.121250968884291307e-04
5.052039652619894463e-04
5.125084059506771058e-04
5.281059601008996750e-04
5.220283383070549064e-04
5.153194360464566229e-04
5.221374653413831486e-04
5.352622076609086501e-04
4.892969600003130347e-04
5.127336370188734400e-04
5.321166064299051113e-04
4.991545425943841622e-04
5.323984916176858042e-04
5.162558866692467828e-04
5.110291773144417507e-04
5.250641854619441957e-04
5.239643651504610018e-04
5.170200266595265624e-04
5.269963711063475366e-04
5.170932892127570865e-04
5.340545107775166974e-04
5.090001939554627056e-04
4.908043515854492974e-04
5.349239377248250641e-04
5.375039398690560025e-04
5.312021848112926129e-04
5.058759192817739985e-04
5.174005133542202437e-04
5.287608718670049968e-04
5.091225623311677233e-04
5.186778792226658585e-04
5.354427599753835282e-04
5.149811361682396288e-04
5.208510038540337551e-04
4.885631639906664421e-04
5.229349407370234007e-04
5.079185194452388820e-04
5.367953652257693997e-04
5.266371010327579446e-04
5.193641642722750598e-04
5.277030876786244782e-04
5.292905005609716560e-04
5.258128475812853895e-04
5.181937727121923177e-04
5.370770581571700057e-04
4.963153669457584950e-04
5.169891187332606702e-04
4.895779543999045306e-04
5.026911482067520894e-04
5.237853666459909392e-04
5.266017987924574402e-04
5.314708989045848061e-04
4.918714739883053725e-04
4.962129319790688957e-04
4.990050507127191367e-04
5.291985057518780238e-04
5.346902313314561526e-04
5.036818411546257340e-04
5.121318691827695746e-04
4.896626330849223512e-04
5.268707730123723494e-04
5.262503991982682167e-04
5.220144667073769616e-04
5.205212764935215723e-04
5.238678366656794637e-04
5.349482105182680079e-04
5.297373107079445757e-04
5.333156986854302841e-04
5.235480175819170242e-04
5.317077178538462141e-04
5.108590239760264686e-04
5.320598111914095997e-04
5.277700727372877610e-04
5.298274309067584845e-04
4.973657067878148449e-04
5.311425878161778582e-04
5.151290298183333703e-04
5.086475912903040296e-04
5.147736420761548845e-04
5.162646632663028855e-04
5.298518377394622388e-04
5.417358400154304813e-04
5.183570196190925893e-04
5.227067709854637916e-04
5.330093650132577705e-04
5.255751408760053279e-04
5.361502314587478875e-04
5.217704175780296227e-04
4.935408202983073561e-04
5.388800424028800801e-04
5.266641594562467476e-04
5.152629793648249700e-04
5.173550251214184504e-04
5.361211769725946451e-04
5.289318438092477977e-04
5.166570601107206649e-04
5.277495825396658026e-04
5.248137651814653408e-04
4.929118703752449239e-04
4.923038858514396533e-04
5.047588747014363983e-04
5.110923392316994718e-04
5.021451923119463808e-04
5.300367004563837645e-04
5.317648273886579121e-04
5.109192339930974458e-04
5.034581988057779687e-04
5.175072070244200175e-04
5.020789233735841774e-04
5.293268980509668094e-04
5.429595363753646729e-04
5.428696877857984437e-04
5.398093674863062861e-04
4.877264300783277270e-04
5.337511999475986861e-04
5.194964460617500788e-04
5.414877291551597549e-04
5.060486506755316203e-04
5.295988199001756868e-04
4.915966866748197215e-04
4.912779208572423803e-04
5.204974650951800074e-04
5.127628765541278333e-04
5.242882181633200158e-04
5.304609246643080802e-04
5.039221634519280629e-04
5.240563064527674168e-04
5.295680855936881794e-04
5.332241734415494282e-04
5.029019046606720460e-04
5.257154340722520504e-04
5.250636092474304838e-04
4.922705041606486144e-04
5.108152101580020789e-04
5.422479415302216676e-04
5.086589312668517680e-04
5.417961637347932895e-04
5.100467385801423599e-04
5.013504245684899732e-04
5.169590534974890942e-04
5.387338000736274736e-04
5.084402145223719570e-04
5.251303549633961959e-04
4.997341787713069448e-04
5.318435529245916886e-04
5.263322948592446746e-04
5.202380585653523445e-04
5.115607591219390165e-04
5.165946975599111949e-04
5.266843536250624203e-04
5.273809797614707751e-04
5.349020296959693934e-04
5.256836351150798734e-04
5.100215601423818473e-04
5.474723902278148162e-04
5.202573481425037472e-04
5.413714667189974518e-04
5.331457417621821189e-04
5.224389030717305291e-04
5.261076222259954962e-04
4.964864993182935022e-04
5.312946786819945817e-04
5.099928789376970573e-04
5.153465843496187913e-04
5.253609274847177149e-04
5.166802198223435349e-04
5.249005597619351739e-04
5.357387855078419442e-04
5.429965348370869617e-04
5.136476173767368612e-04
5.246837830626252313e-04
5.437150092023210418e-04
5.341734231467029897e-04
5.165078159137540198e-04
5.303222668411618603e-04
5.237089608478047572e-04
5.386809180177733842e-04
5.158109691753119544e-04
5.356610528625589413e-04
5.338819265064916920e-04
5.140359070053784982e-04
5.194710482129606156e-04
5.310560769283505364e-04
5.068054169571157902e-04
4.958298423762174311e-04
5.184648541885158741e-04
5.276314782480777269e-04
5.316525925807356456e-04
5.342507097447118979e-04
4.990831159828359575e-04
5.425900902527799885e-04
5.060406603052649199e-04
5.346381183814389150e-04
5.395331989764224961e-04
5.205602576015730919e-04
4.922993891921221849e-04
4.930172399909798879e-04
5.294617152139518158e-04
5.306310432028276498e-04
5.240972202066763053e-04
5.117632954659997969e-04
5.313790845034196790e-04
4.983032580849559292e-04
5.195590435596104039e-04
5.171864014579956358e-04
5.162104406746793840e-04
5.137093555260588938e-04
5.344145194306755380e-04
5.145882678968844316e-04
5.051723982242131749e-04
4.863984377807012579e-04
5.119799876835684754e-04
5.519319521828236616e-04
5.083335844938787797e-04
5.388745747068058580e-04
5.403597996983175705e-04
5.265647598972167474e-04
5.249167184672639272e-04
4.978478390279450407e-04
5.159972767406352089e-04
5.179452276928797573e-04
4.961180662547619129e-04
5.273051237197021743e-04
5.165905205872445760e-04
5.153656604010915018e-04
5.196869858058846209e-04
5.349730948090386604e-04
5.175105468403289836e-04
5.359140732685054856e-04
5.164979969520110559e-04
5.265333771691168294e-04
5.110830612585275058e-04
5.014745260991847415e-04
4.971524535036605684e-04
5.421926322055189897e-04
5.203542024375413383e-04
5.412572135977426410e-04
5.248871677924293964e-04
5.234845744039713861e-04
5.293208139813407797e-04
5.103991585574736050e-04
5.222281635432942650e-04
5.175850043333402040e-04
5.084468794180665432e-04
5.313984487636772436e-04
5.161384427861824727e-04
4.997854161344396102e-04
5.201175832979828932e-04
5.013267331342551991e-04
5.318735210178959089e-04
5.391341744606629625e-04
5.336801021990911220e-04
5.276006606012694639e-04
5.187796389165493611e-04
5.082576224858801391e-04
5.275290230618174267e-04
5.403076343204609193e-04
5.119862394235302370e-04
5.070310705595590817e-04
5.158424481932642660e-04
5.020231480724332085e-04
5.205997218016454250e-04
5.153213242878211054e-04
5.258829007314205252e-04
5.160123654489190024e-04
5.526853002551044419e-04
5.200925601615481080e-04
5.360297543468334116e-04
5.258694784363509645e-04
5.152665913746468530e-04
5.214588390455333899e-04
5.336991163162182680e-04
5.301779161175230451e-04
5.167253313236698856e-04
5.297364439761234958e-04
5.256518177813027711e-04
5.279502403460994801e-04
5.053636450246085880e-04
4.944573995273190102e-04
5.325992361481884886e-04
5.194013472711205611e-04
5.099403271661480819e-04
5.116352575839814643e-04
5.099397956295995821e-04
5.122555515043970354e-04
5.264530803853820218e-04
5.101623987999315398e-04
5.197340088694000007e-04
5.027417539502721314e-04
5.082598514549529307e-04
5.265409406240936264e-04
5.313482474233237546e-04
5.313463570647267761e-04
5.212615646350178544e-04
5.284499705303285838e-04
5.226261812838983679e-04
5.265861452446057335e-04
5.400080936257744754e-04
5.243772829348735797e-04
5.225560458988748455e-04
5.037875393112170022e-04
5.236990042801945543e-04
4.995912910182099317e-04
5.212764189743828444e-04
5.264492592212485387e-04
5.309544925775264417e-04
5.248407769976265545e-04
5.102777725389771868e-04
5.213582141045736747e-04
5.106393673344584386e-04
5.218415385280486454e-04
5.232133811498666798e-04
5.338656275471766709e-04
5.379496887063826361e-04
5.115689600806115882e-04
5.216888804222216420e-04
5.215939041057637707e-04
5.134563130032530074e-04
5.292486674116699420e-04
5.209328885988722107e-04
5.067345748966583857e-04
5.194750116684251602e-04
5.029032266070547008e-04
5.330791306948254012e-04
5.202120281190602885e-04
4.927964659142208218e-04
5.274858622160336595e-04
5.336046350575131096e-04
5.322802871073371378e-04
5.255086713049000663e-04
4.929312246087655608e-04
5.246253885976498530e-04
5.065953458776185220e-04
5.203229633210763741e-04
5.405332099191313905e-04
5.191442796040101129e-04
4.915395961919345096e-04
5.219159109438106922e-04
5.186290204347056287e-04
5.090194540057846675e-04
5.288597259602316122e-04
5.274516494034474281e-04
5.075288316659733222e-04
5.278209894277315030e-04
4.916876470407097318e-04
5.232775892136833215e-04
5.041361151829727239e-04
5.371193141023317824e-04
5.243708836454719210e-04
5.016131798978728943e-04
5.045826352250546874e-04
5.443571820154503253e-04
5.265907479224786816e-04
5.316630418973798070e-04
5.230260445863097992e-04
5.099279332152250113e-04
5.232152459719076072e-04
5.218276402526384394e-04
5.225402266926678328e-04
5.073521341096584678e-04
5.175513507605107979e-04
5.330636624966577546e-04
5.257399762204604827e-04
5.341524608874360491e-04
5.293172108850491839e-04
5.357777316546222810e-04
5.206877765439457207e-04
5.403453757964292578e-04
5.108191443734915989e-04
5.184710195783212268e-04
5.369440410469812717e-04
5.370151809272708399e-04
5.320483037778050203e-04
5.072327989499968029e-04
4.988323591866930268e-04
5.539835986848172956e-04
5.292039305184550492e-04
5.230057115224919645e-04
5.241760031911938409e-04
5.111418726600616214e-04
5.137019114777346311e-04
5.361460204690541177e-04
4.889992655035534401e-04
5.199389748011460071e-04
5.278801134964256851e-04
5.320496611757262982e-04
5.165971950578153189e-04
5.255611027870430016e-04
5.135420881429581799e-04
5.096674960530511722e-04
5.219364730345728547e-04
5.233643250396765017e-04
5.305708857267227166e-04
5.220224823351732367e-04
5.359327933064865056e-04
5.434954009695144948e-04
4.907185621287428728e-04
5.159662096951928229e-04
5.481408772402055190e-04
5.279667848154330663e-04
4.963037468197222966e-04
5.061205234985293420e-04
5.101314475782760217e-04
5.116601520868664741e-04
5.011531705682502292e-04
5.053659983720384941e-04
5.115117375701835065e-04
5.300297641631872671e-04
5.090218017915727148e-04
5.293405912321376807e-04
5.025329577652066409e-04
5.278062483732660947e-04
5.148213959918670601e-04
5.216548701575137283e-04
5.397788662193827702e-04
5.275422214065826143e-04
5.202905529603640963e-04
5.383401447004324079e-04
5.098522250270742144e-04
5.186568335312772464e-04
5.017903454267129545e-04
5.316084280954192854e-04
5.248452023047570601e-04
5.303904772489227227e-04
5.313440639798216580e-04
5.075257694156232180e-04
5.272596574375392788e-04
5.178414496540127048e-04
5.130800212423553821e-04
5.005332239932459891e-04
5.135000739655901222e-04
5.391328618535761374e-04
5.310784397130084494e-04
5.385047659136249281e-04
4.953571074096185063e-04
5.464783230064931699e-04
5.249853606216227896e-04
5.233697113013458229e-04
5.278659020914870962e-04
5.022993885797766419e-04
5.112147700625454833e-04
5.288004247296897381e-04
4.922111548851695710e-04
5.231576503367859482e-04
5.276701453539703367e-04
5.009449764553637434e-04
5.303518451337588518e-04
5.322138912589689927e-04
5.261178659568797617e-04
5.327007638224710850e-04
5.313251394186820293e-04
4.994339735298586975e-04
5.315998198175651834e-04
5.223989317726754908e-04
5.151641687729820564e-04
5.157584283771759126e-04
5.268748843776720984e-04
5.247136681571625211e-04
5.328498355910719821e-04
4.891064913554703112e-04
5.193534174121673978e-04
5.248952589640045862e-04
5.229128295068889015e-04
5.427764177412481910e-04
4.961228017035031624e-04
5.338858699581422017e-04
5.152983694863686641e-04
5.136853148908380670e-04
5.225770376072202700e-04
5.160907896812153570e-04
5.200780269993917531e-04
5.284930210584836210e-04
4.965530954599498958e-04
5.172879051162510011e-04
5.225031253954071737e-04
5.120607375008825752e-04
5.288987251947283551e-04
5.231822517289799659e-04
5.351466213270644669e-04
5.228691902427592877e-04
4.972190933998587269e-04
5.289071748364927326e-04
5.355289493302655074e-04
5.235101832802065841e-04
5.378951460887360916e-04
5.208464765525589639e-04
5.266165782000388875e-04
5.417304318226779086e-04
5.277907833640596959e-04
5.148039634198085411e-04
5.060923340400485301e-04
5.019254486067565224e-04
5.102485058141774735e-04
5.157188007221567361e-04
5.335512223825880944e-04
5.182483480819391562e-04
5.328425506758448270e-04
5.175759606037512103e-04
5.320075174570912044e-04
5.350114648547086042e-04
5.347437702813939665e-04
5.139388115097483136e-04
5.018503163736786395e-04
5.285022914256929608e-04
5.074239317338025352e-04
4.989297053833216923e-04
5.293573921109110628e-04
5.280463094579134018e-04
5.127347241713963930e-04
4.983607633253356577e-04
5.117175467981228054e-04
5.207601968269349535e-04
5.213543061151670920e-04
5.244298317524510693e-04
5.196267108689953161e-04
5.186686212672817755e-04
5.047191651250609130e-04
5.203592062325512963e-04
5.235858475565220585e-04
5.303371457873201243e-04
5.284929134707478087e-04
5.291979788876996537e-04
5.081939140303051022e-04
5.390293833791690199e-04
5.300192793008533416e-04
5.162896667445951524e-04
5.153771417655692499e-04
5.340183384139993335e-04
5.361046107024502278e-04
5.242747679242120958e-04
5.361438033099073016e-04
5.195490095056148373e-04
5.206793717351633965e-04
5.123850106270054277e-04
4.955181426124088831e-04
5.192024462266889209e-04
5.290597792800944650e-04
5.307407902337598618e-04
5.430629240429004365e-04
5.206131177503538036e-04
5.380188506151412824e-04
5.189942181687887514e-04
5.053722865336015592e-04
5.084721372869351226e-04
5.235327490864311777e-04
5.244757102824925939e-04
