4.225124218907995832e+00
1.240352272799809974e+00
1.247862058538627972e+00
1.326291547871740750e+00
1.367845519094710527e+00
1.368135243600104634e+00
1.336633561532762471e+00
1.241537593048066546e+00
1.282845321067932032e+00
1.235845479428858473e+00
1.419892869434268290e+00
1.279537609408832433e+00
1.310256412162713380e+00
1.270612146774535933e+00
1.365835440692139136e+00
1.200597270181633203e+00
1.382248982375545721e+00
1.276323981534824847e+00
1.312902956373695584e+00
1.309934635851742302e+00
1.285921126220012090e+00
1.283644003569749614e+00
1.341796273163442743e+00
1.414194369966703668e+00
1.278456787696542030e+00
1.311021788231812923e+00
1.318077695961826112e+00
1.320841745728787098e+00
1.356332692547752350e+00
1.325670057455958561e+00
1.298593742542009766e+00
1.275350965221709432e+00
1.278147207828683740e+00
1.358227251944469138e+00
1.306818472159933409e+00
1.342628022349754868e+00
1.463138912648412227e+00
1.275946379132957276e+00
1.293233793650748753e+00
1.329326368745384457e+00
1.359640975770086246e+00
1.468879437948754640e+00
1.288934058554508599e+00
1.388896658511227455e+00
1.347508329194949450e+00
1.361920196555536089e+00
1.337327270247311350e+00
1.385916581461462904e+00
1.263055651738057561e+00
1.273160370579269340e+00
1.390089302718366282e+00
1.271719196175452371e+00
1.299462836044687819e+00
1.283728692916400460e+00
1.226648150189572073e+00
1.301038412011611634e+00
1.301803620274228246e+00
1.306892121463282930e+00
1.298708460847379342e+00
1.301790168051752072e+00
1.321920381589835713e+00
1.244294616422992661e+00
1.269715171399924625e+00
1.273478030955450313e+00
1.302058732635180016e+00
1.353931125081388132e+00
1.283832327203222601e+00
1.336376753564279207e+00
1.284503151138115085e+00
1.387616015557739724e+00
1.193593720639437583e+00
1.251006320397789029e+00
1.466846840286705644e+00
1.278731688726907789e+00
1.354823762119346631e+00
1.365580435664375925e+00
1.254960940585215567e+00
1.328505797337824479e+00
1.257999459520610097e+00
1.310269102679247011e+00
1.406033050020149222e+00
1.379372163913995752e+00
1.418361956888966491e+00
1.258118262994491143e+00
1.379776401589592139e+00
1.395319721291939707e+00
1.252965355584007678e+00
1.357275128758478333e+00
1.196252802633636092e+00
1.401922773944244360e+00
1.288953878818565491e+00
1.382634184209515338e+00
1.250217698065667182e+00
1.372160267841947334e+00
1.266332874514892515e+00
1.300662819941436510e+00
1.513770002477702992e+00
1.265275677090683892e+00
1.288674913159631341e+00
1.378985079552022874e+00
1.426253328095791195e+00
1.305950957647360466e+00
1.224251616759376216e+00
1.349449231799252136e+00
1.448226913534187199e+00
1.259867482367900582e+00
1.253245240597876009e+00
1.286713202580271220e+00
1.310120447589087522e+00
1.369487799525124005e+00
1.347551557823864821e+00
1.339037206705830929e+00
1.266388400122341551e+00
1.344846302508460045e+00
1.327674678023530452e+00
1.384520316978909760e+00
1.353904731922324078e+00
1.321531088190936565e+00
1.378577223318265377e+00
1.407485850493492396e+00
1.317858150290216246e+00
1.239731736327547962e+00
1.303740643943065436e+00
1.336785563798355669e+00
1.230630493353616739e+00
1.281515673438086811e+00
1.280182005395259726e+00
1.307874834258278218e+00
1.265843137030237875e+00
1.250983793134774702e+00
1.509133377683248733e+00
1.275560405017670984e+00
1.324685049770576661e+00
1.217924253450205718e+00
1.291350020354243844e+00
1.403376766653384289e+00
1.530003304476512005e+00
1.394410092778604948e+00
1.300885507851967438e+00
1.428502035422009930e+00
1.391958441588373452e+00
1.286662756857115397e+00
1.332640335266407794e+00
1.227727051960761040e+00
1.295808911733721480e+00
1.357621226950476601e+00
1.316798453324020235e+00
1.465218011632743567e+00
1.272176188630427252e+00
1.293191679308776543e+00
1.255155020933549359e+00
1.347734887415519500e+00
1.289789438838359059e+00
1.407094624374903180e+00
1.257574831409646876e+00
1.405149126046520092e+00
1.396705606075345552e+00
1.328207700005022529e+00
1.320708961546317228e+00
1.354922500885141545e+00
1.309339103842528385e+00
1.449874495192531976e+00
1.325483881435950861e+00
1.280640379622002278e+00
1.225451030475228853e+00
1.317216880369033616e+00
1.408050250091358535e+00
1.338919300460301498e+00
1.319377397804970098e+00
1.259140223388560464e+00
1.259808866578958186e+00
1.404339133541543605e+00
1.518318463527789097e+00
1.237905642360215719e+00
1.348888768160081852e+00
1.517759928431268168e+00
1.261271501945549822e+00
1.251810181842627712e+00
1.278545288393863277e+00
1.277302409102203162e+00
1.370724151199915086e+00
1.292674053450811211e+00
1.274224204588789044e+00
1.332312271555999406e+00
1.340075103098758547e+00
1.385168378853942839e+00
1.305623106253050558e+00
1.266855679532780776e+00
1.430437218191370263e+00
1.214593939573715087e+00
1.341496136691991969e+00
1.369831015561982834e+00
1.258268855354296889e+00
1.337808442940091380e+00
1.383806337909499362e+00
1.301629709717207817e+00
1.339096981774861916e+00
1.393069805457549437e+00
1.355287533225169483e+00
1.330186008921997232e+00
1.343751076547218926e+00
1.289726413155013907e+00
1.298567602749427730e+00
1.280507128115829341e+00
1.240328096684656600e+00
1.378949709181432448e+00
1.352336903640500632e+00
1.266588514301509205e+00
1.365660328004341117e+00
1.270171077224843570e+00
1.393763591263622370e+00
1.317528905995207777e+00
1.251383833250430344e+00
1.335646767152825376e+00
1.235551321018909965e+00
1.366041780762512259e+00
1.418448273204521604e+00
1.404267769172852232e+00
1.313858172569155602e+00
1.293134384391399383e+00
1.305017184120713436e+00
1.495818639053399846e+00
1.432415622207160677e+00
1.275826470142033209e+00
1.310672646121186613e+00
1.401448286911381125e+00
1.429827090625904962e+00
1.325360948980854214e+00
1.307843956606972613e+00
1.387365763665491247e+00
1.386376315963212535e+00
1.329817244473379567e+00
1.373836805676003525e+00
1.293980099116277316e+00
1.294209127842660179e+00
1.379419128540360973e+00
1.305775910116674154e+00
1.294457273526215646e+00
1.301346038113374348e+00
1.383959025351126471e+00
1.553981616238206520e+00
1.277625905473651180e+00
1.491871685287812443e+00
1.261515995193325468e+00
1.344901483960655009e+00
1.345101984762977487e+00
1.319840840972068774e+00
1.354174623397377486e+00
1.264653680786890222e+00
1.275443515664822058e+00
1.209748968961097626e+00
1.335388241517804442e+00
1.269501907733960433e+00
1.344416518562469687e+00
1.231962317421239739e+00
1.353892970685190322e+00
1.352684326727230602e+00
1.296177783881836021e+00
1.329752506929445355e+00
1.260361172559912868e+00
1.245669072483005513e+00
1.302320304941359863e+00
1.240608256537900411e+00
1.397634862888152085e+00
1.304727161183168782e+00
1.280907671360214328e+00
1.341857201518167786e+00
1.292275649235238522e+00
1.287545704989454309e+00
1.362193813059065839e+00
1.336669122540687704e+00
1.191954053957301696e+00
1.282754492972026483e+00
1.445037206781906391e+00
1.276663336844198193e+00
1.354950105310380959e+00
1.236461354544208913e+00
1.324993698347064486e+00
1.244855122156703908e+00
1.372521421984304713e+00
1.364174171662149826e+00
1.270147902786329386e+00
1.384725014537380172e+00
1.259241838821658410e+00
1.226594637113301633e+00
1.243634614024413665e+00
1.361021476444670197e+00
1.310102888018425116e+00
1.351954888562030277e+00
1.435750968198736599e+00
1.280676686843277734e+00
1.260951567337222023e+00
1.255417542791657626e+00
1.373239769769918128e+00
1.386496076631668073e+00
1.313786446027725319e+00
1.216977567883654077e+00
1.336299484610574240e+00
1.354070857153552687e+00
1.362783284896770031e+00
1.298656029758269437e+00
1.410473847200009789e+00
1.252383332529652504e+00
1.433537307502372515e+00
1.351995389490028288e+00
1.291032744928477527e+00
1.284578863067710408e+00
1.273509203087956676e+00
1.219411232589809213e+00
1.426167203350446444e+00
1.217998368392909425e+00
1.250615789183926463e+00
1.263269275135693759e+00
1.264342130858772784e+00
1.318691727646987388e+00
1.270720953530892094e+00
1.197307764543400488e+00
1.265010509836516528e+00
1.453750283545675481e+00
1.280753109226862918e+00
1.286626801124431507e+00
1.278275702239564549e+00
1.286867227690610793e+00
1.285786328369386000e+00
1.305768494159094351e+00
1.336451804052620984e+00
1.326039853942331259e+00
1.329745824406202814e+00
1.233791372523839192e+00
1.433653596345103365e+00
1.334340930261290525e+00
1.323536290782374891e+00
1.259727030810941839e+00
1.276706962264132939e+00
1.331761051316485700e+00
1.267803141800278643e+00
1.332374462505812485e+00
1.306283009730178524e+00
1.377691416676510849e+00
1.301072886102683457e+00
1.306979624062832412e+00
1.258213825743234038e+00
1.289751619404069904e+00
1.242209454327026785e+00
1.364007484554412120e+00
1.280828696350145179e+00
1.227726991946027857e+00
1.281066522663486529e+00
1.344321304789086957e+00
1.404067435986039891e+00
1.223384821630544517e+00
1.313655228440576694e+00
1.312391217448439118e+00
1.286999266658944707e+00
1.283731573396449832e+00
1.232949741195950244e+00
1.291730319411237060e+00
1.242706177587322935e+00
1.260247583475939459e+00
1.338279090177688202e+00
1.229549528330899033e+00
1.246611251765680661e+00
1.425085428383228381e+00
1.304304833513849848e+00
1.322008272305039034e+00
1.288861718120447142e+00
1.351441453309447649e+00
1.383470600694394648e+00
1.274165298817801162e+00
1.440716106854434519e+00
1.379372928364836826e+00
1.370912603960031895e+00
1.290164359603286126e+00
1.227623621006187271e+00
1.320357283006725169e+00
1.409065599132851565e+00
1.283973289964802644e+00
1.346869564941536090e+00
1.403383596919134169e+00
1.260354620744718934e+00
1.297740474500584718e+00
1.240319255219064054e+00
1.314553684281335899e+00
1.341223929663375891e+00
1.289306241852691937e+00
1.289298245869032966e+00
1.219565485347720246e+00
1.291629913261933327e+00
1.313171269517985129e+00
1.309674113563351616e+00
1.774170057969635561e+00
1.252025021913031111e+00
1.365224401705170454e+00
1.238131733858048866e+00
1.267281526139812264e+00
1.299005415908258909e+00
1.254133315257766501e+00
1.285389484618397749e+00
1.250747360839966627e+00
1.332645569110463057e+00
1.305616624891608790e+00
1.335516581143965764e+00
1.289208157090452778e+00
1.294859784397350388e+00
1.323538834722375102e+00
1.249568694652023249e+00
1.251048362296323990e+00
1.283662188482815214e+00
1.235259248453330683e+00
1.303943755880102584e+00
1.259295682549031792e+00
1.394780682790733195e+00
1.261117972782437535e+00
1.414122981057694739e+00
1.479546351301481488e+00
1.335791034333414284e+00
1.306062654578233451e+00
1.399582836477215819e+00
1.284036108889575090e+00
1.263077003516816843e+00
1.194351415737778810e+00
1.288456703486696941e+00
1.304209522720226166e+00
1.293869902164579200e+00
1.272815294997735158e+00
1.340708920444032559e+00
1.383466891429628420e+00
1.318648289312145838e+00
1.275040937473785885e+00
1.341581313769752093e+00
1.336075681719193220e+00
1.319583886203904655e+00
1.423438819002398548e+00
1.251267518534427303e+00
1.356259456698323485e+00
1.237780485542293585e+00
1.422237940252701671e+00
1.223987714984115183e+00
1.271434048473407463e+00
1.241313142959145077e+00
1.296690236027768561e+00
1.278004866459046207e+00
1.214796393202481672e+00
1.265342726499211423e+00
1.272005575607258798e+00
1.329833876182920926e+00
1.317962833737049699e+00
1.259809535924353074e+00
1.370236520606598063e+00
1.270863472964289587e+00
1.377174486296669720e+00
1.280938252952457335e+00
1.412320448536238171e+00
1.293424916575916628e+00
1.320242379719754000e+00
1.284564390798438094e+00
1.253189657974715043e+00
1.347308019953894043e+00
1.247198299607625627e+00
1.267596386616023141e+00
1.334877195744279099e+00
1.412683380896777141e+00
1.285556905610270917e+00
1.323206280866776829e+00
1.313738769346953772e+00
1.264727298012810142e+00
1.295151636957813990e+00
1.337730925953217964e+00
1.391871980938226283e+00
1.284801049849538357e+00
1.273601131239990192e+00
1.281656523626261146e+00
1.391718974772401696e+00
1.351050580900650333e+00
1.451684844667144425e+00
1.331733845677241179e+00
1.238176624039500240e+00
1.309284353082452723e+00
1.263264674677191168e+00
1.322715220021511096e+00
1.302701430347639189e+00
1.273690805299622086e+00
1.271789389112313318e+00
1.253700291714737292e+00
1.408134133288981626e+00
1.262254730846522843e+00
1.278804246594452021e+00
1.306605060435865440e+00
1.256941674453665003e+00
1.269135465240525562e+00
1.448099645809513669e+00
1.319565492981626509e+00
1.268873287095137581e+00
1.272713172143124849e+00
1.329983206242646876e+00
1.393451900831748747e+00
1.310116624659218409e+00
1.314725325915713006e+00
1.324044922447153549e+00
1.387266513942909230e+00
1.268399274332922877e+00
1.209070977159181437e+00
1.322087831655410328e+00
1.305461296977917351e+00
1.250992837540113145e+00
1.213782409071229029e+00
1.471107954840264354e+00
1.302068341677104835e+00
1.305609952740456770e+00
1.330974611409494024e+00
1.259301687421800597e+00
1.343385411727046730e+00
1.245486076650302643e+00
1.346919881555621368e+00
1.223919601239208177e+00
1.276506614514118843e+00
1.338261040472853880e+00
1.534443909803817840e+00
1.399681618612927725e+00
1.267984540862064247e+00
1.436566066395069230e+00
1.287574950060383916e+00
1.316369753454105673e+00
1.411253074715292932e+00
1.203436958602234208e+00
1.256863294330776926e+00
1.458621154531366759e+00
1.326711318568508435e+00
1.318200807961896315e+00
1.257436334391958344e+00
1.324379649775907719e+00
1.387179850074734988e+00
1.256757079807100830e+00
1.255315634010504944e+00
1.272924259300381333e+00
1.384355638085863704e+00
1.339154518713305153e+00
1.345943157214413155e+00
1.381701406631305362e+00
1.341743268304111725e+00
1.287630136822228932e+00
1.475952211409658155e+00
1.361507298929556464e+00
1.366948078266136957e+00
1.467416081412784568e+00
1.589424215629010151e+00
1.222913573596492443e+00
1.354793477970666293e+00
1.274379748023657832e+00
1.248059602666916623e+00
1.488841369392781555e+00
1.242894047850487516e+00
1.262186116994652219e+00
1.300145922015899291e+00
1.284266722809471517e+00
1.312961764412783117e+00
1.231117586037887346e+00
1.289805249393195519e+00
1.319391644339129366e+00
1.291074540976644647e+00
1.234279015782387745e+00
1.251041893069267719e+00
1.303189411763086225e+00
1.362974417240311986e+00
1.258429145867125731e+00
1.289413010480243704e+00
1.238400506708586368e+00
1.214398024042598445e+00
1.390963899408802273e+00
1.264268718224299537e+00
1.283836317297376572e+00
1.242152395711222157e+00
1.260964186831766698e+00
1.304120742740421113e+00
1.314550096974838711e+00
1.271751690447423755e+00
1.318421189648200320e+00
1.355825780440100159e+00
1.304000566659040627e+00
1.316678326572480850e+00
1.417960122162298831e+00
1.436388991911269564e+00
1.304587150431031350e+00
1.379712867046396729e+00
1.473426458856493593e+00
1.290080644155022993e+00
1.277156174665249777e+00
1.290665701154944500e+00
1.302231654778779113e+00
1.253928528798711195e+00
1.374368811860489759e+00
1.339467768280598881e+00
1.482779544243021830e+00
1.249664801074936493e+00
1.342471614768672383e+00
1.343865352693603521e+00
1.259513156543612622e+00
1.276823481433386531e+00
1.382868997248302367e+00
1.285884182092290162e+00
1.298239693239624515e+00
1.380757887489905134e+00
1.482857176796885446e+00
1.249176974580890498e+00
1.272389344976494918e+00
1.325126542075755420e+00
1.316162146059961957e+00
1.741051416403591956e+00
1.417765769087019789e+00
1.281716560432142327e+00
1.311363963702556479e+00
1.305975288740411688e+00
1.295374712781901083e+00
1.270309139572872281e+00
1.350181722487533653e+00
1.278747914552838205e+00
1.291332788974893342e+00
1.305906215388301872e+00
1.279983354316208910e+00
1.483166487057102856e+00
1.318115372117911077e+00
1.311638507511449836e+00
1.269085253259196078e+00
1.327934252308000662e+00
1.263421368000777090e+00
1.320613713539237732e+00
1.487755871941888852e+00
1.286805575413368485e+00
1.220545110093341989e+00
1.395340644857044676e+00
1.295697410109683867e+00
1.320734207860311038e+00
1.346424080414572400e+00
1.348100496057650588e+00
1.350842660356485370e+00
1.230492657958633274e+00
1.271466771919652405e+00
1.232711087359715130e+00
1.293520002471769459e+00
1.418650284728051547e+00
1.475508194611697244e+00
1.245374206651126858e+00
1.322862798707912679e+00
1.254212863501726893e+00
1.363959637370530942e+00
1.288547248072202223e+00
1.403749913318389053e+00
1.480900268180440404e+00
1.336822659453621664e+00
1.337558448557924606e+00
1.300850771220176672e+00
1.300263026639184583e+00
1.242014354956947120e+00
1.374932048308254329e+00
1.425976676766391726e+00
1.331211644543678352e+00
1.278869620188831657e+00
1.299596249419119776e+00
1.346406558900209660e+00
1.391986704114452689e+00
1.357785957927387877e+00
1.393149794385894813e+00
1.422386384459239927e+00
1.343100999579986299e+00
1.254512147071643380e+00
1.301678676773957877e+00
1.234655181060449580e+00
1.240705761425852538e+00
1.433558755633279835e+00
1.311228797128931145e+00
1.299369570551201836e+00
1.263047776002126810e+00
1.321079840131214489e+00
1.284983268103587317e+00
1.222901786150028203e+00
1.392731478113801158e+00
1.252521047061463388e+00
1.446303963532945769e+00
1.246556162453241523e+00
1.395494710017813889e+00
1.303377528118459638e+00
1.355732497524966496e+00
1.305051978938225110e+00
1.241429023993853686e+00
1.320687419269152674e+00
1.268343644180045748e+00
1.305210970768067691e+00
1.483891299036515177e+00
1.260698931942145995e+00
1.402020956420023001e+00
1.242325291306433321e+00
1.292950085056624232e+00
1.322924415357864758e+00
1.359892469705113571e+00
1.400390827621447620e+00
1.334100865314359563e+00
1.267355001561780936e+00
1.283273636785979166e+00
1.246333314731828956e+00
1.205282058750793972e+00
1.348358272591942741e+00
1.330388903764867292e+00
1.210120993690469327e+00
1.342462065881158351e+00
1.234533224201417312e+00
1.250653004560957404e+00
1.325447167884707733e+00
1.304771570801932956e+00
1.281189957431262405e+00
1.279412403040932178e+00
1.364346798317175535e+00
1.372759893668483056e+00
1.202892557806216400e+00
1.326390634551756431e+00
1.301975565734300178e+00
1.349840588533707031e+00
1.348078419851305387e+00
1.325321269130936397e+00
1.528150251788253033e+00
1.339623802783967532e+00
1.248830506494393422e+00
1.302117339414923247e+00
1.298419872783276086e+00
1.246875069602271013e+00
1.327206660499692603e+00
1.284662477440351447e+00
1.340702710124372254e+00
1.398925701180330217e+00
1.311429799203376989e+00
1.370333347519191891e+00
1.301290127909994876e+00
1.393123021882941348e+00
1.405491838426332629e+00
1.220105149492740404e+00
1.317945413568949231e+00
1.335116818159851171e+00
1.409764625642926816e+00
1.225202083939324949e+00
1.265416335492914657e+00
1.282031222009852200e+00
1.183275193797040714e+00
1.267433982237959444e+00
1.366609611341366604e+00
1.271662492896760366e+00
1.252640883639159597e+00
1.379131382878076462e+00
1.302138372440093894e+00
1.275972344526724145e+00
1.343376857964198701e+00
1.274438745965664088e+00
1.216339813565695538e+00
1.236174937783723893e+00
1.400822671085814486e+00
1.287238070892449127e+00
1.199956585551387844e+00
1.298415213627060805e+00
1.277688517027202098e+00
1.242420984000676354e+00
1.234672354197224209e+00
1.286285441155889275e+00
1.291281301512218649e+00
1.273936715666926123e+00
1.291867669473847346e+00
1.242422211710481728e+00
1.268885698198228384e+00
1.214078672864548958e+00
1.234611181774227573e+00
1.376353799003636302e+00
1.242049863404186549e+00
1.302285166501120361e+00
1.392580809135042452e+00
1.456721044131575882e+00
1.298068602501043722e+00
1.366488172077690244e+00
1.253003044758349560e+00
1.263269342916508942e+00
1.380260013639096783e+00
1.268123640740004943e+00
1.341170539525407657e+00
1.251219680077751084e+00
1.216900076761487925e+00
1.452489503756740019e+00
1.307614255426799765e+00
1.288929362661364264e+00
1.357723122176603070e+00
1.250859569898592261e+00
1.291348589042696116e+00
1.213260629880973829e+00
1.243505327314703424e+00
1.259139049760285900e+00
1.266277393776422233e+00
1.249547200050474816e+00
1.287258882739260368e+00
1.254924256757501189e+00
1.211653237366394631e+00
1.386678740362794704e+00
1.255871623722828900e+00
1.390656125421608102e+00
1.286979815856375664e+00
1.532937709790102021e+00
1.411877445500307582e+00
1.252744393311256532e+00
1.226517266171774256e+00
1.379967734162041992e+00
1.393511762234458162e+00
1.407616373323242076e+00
1.426550503439110829e+00
1.346192320197013403e+00
1.289541044227580979e+00
1.380357593463644283e+00
1.359261481244137038e+00
1.294920856887102012e+00
1.328181537415993763e+00
1.342487482733755400e+00
1.479195309714319562e+00
1.394551196081276645e+00
1.314696287285779697e+00
1.366551356422297525e+00
1.315544096987346867e+00
1.385749296806507491e+00
1.376951731592688688e+00
1.342814143739406108e+00
1.304550706103204227e+00
1.312873541008095613e+00
1.282681891168597099e+00
1.367949115562923534e+00
1.238262358217203873e+00
1.297115344879518073e+00
1.354549904667409210e+00
1.293070420900687578e+00
1.249484401669471723e+00
1.405104689215519675e+00
1.284982263766386135e+00
1.276520839227015536e+00
1.254949272092068968e+00
1.308358815128461750e+00
1.249196749314701371e+00
1.237897174584839499e+00
1.364601118696499915e+00
1.332474872704614066e+00
1.258791541224730359e+00
1.289251265465857443e+00
1.323048533412002126e+00
1.274663856120160199e+00
1.213833965591260444e+00
1.395307550003643593e+00
1.351330044768228378e+00
1.271288164826114730e+00
1.434097651402874263e+00
1.409992738757898767e+00
1.272402396123529122e+00
1.395516116023931330e+00
1.401766182100907976e+00
1.398175473498211252e+00
1.445292408223656455e+00
1.266727025539137852e+00
1.262515730220194810e+00
1.275981355218709368e+00
1.302256338755475307e+00
1.283525515871008382e+00
1.433745311963011471e+00
1.297574537048882259e+00
1.347479402172605534e+00
1.317351810818936153e+00
1.383951559150355504e+00
1.368559108065745322e+00
1.311937832541183235e+00
1.348395661613422281e+00
1.289880254318980013e+00
1.277372229843513285e+00
1.293892433558620825e+00
1.364861264711608735e+00
1.325993569752437429e+00
1.356241671742595800e+00
1.334555427967788477e+00
1.240466775276771294e+00
1.225120431123971176e+00
1.316414134048278006e+00
1.336510885389035730e+00
1.377519826773845324e+00
1.313820448020334153e+00
1.314751228276840989e+00
1.389527291223952910e+00
1.298188302706114516e+00
1.350614077139492553e+00
1.321876808635605860e+00
1.350311662222556830e+00
1.296433765272656302e+00
1.269313619876376587e+00
1.300327535431103909e+00
1.332300249800417724e+00
1.297430658244204560e+00
1.479515500784221338e+00
1.382084761868036082e+00
1.319320981677191140e+00
1.274315122475438100e+00
1.467108461980803469e+00
1.229431281567755718e+00
1.306099134036224019e+00
1.238537209250765603e+00
1.239820265369256047e+00
1.355890442905550719e+00
1.282561915813295927e+00
1.492670038209432004e+00
1.344907645363402571e+00
1.438163286884478920e+00
1.393229413861235999e+00
1.456715057227202959e+00
1.485330043245858267e+00
1.532404282131563766e+00
1.295329315936869952e+00
1.228365182591375282e+00
1.249182505272146138e+00
1.303140036447832939e+00
1.241514301644142337e+00
1.312804033372896750e+00
1.370467129967900322e+00
1.371826465731876166e+00
1.371790581980233181e+00
1.322024754262880908e+00
1.253086057631174643e+00
1.253400482727902832e+00
1.276364988736377049e+00
1.210935033679424677e+00
1.427967857180516997e+00
1.318941399547547189e+00
1.357303662692451285e+00
1.284826902850882746e+00
1.259653622080221913e+00
1.460399269559900848e+00
1.382081737527527387e+00
1.470840767186644138e+00
1.408568438214554464e+00
1.250296514251761026e+00
1.329097756688631282e+00
1.351888521492801365e+00
1.244179116063145019e+00
1.267931805245781307e+00
1.350182291076823970e+00
1.385047359397700850e+00
1.266130822508420239e+00
1.289319687440572348e+00
1.273844412560294792e+00
1.356020792841546641e+00
1.330410680327349660e+00
1.206988473002729378e+00
1.459134432506238754e+00
1.467803379157434085e+00
1.484743307705318260e+00
1.248526339550232178e+00
1.474829031189637041e+00
1.440841161679441651e+00
1.265423686883709653e+00
1.336336439546557342e+00
1.299868904803075154e+00
1.259706823281915744e+00
1.237591063059322538e+00
1.317970967092043200e+00
1.337521682375217624e+00
1.498596108282310713e+00
1.471357831611830758e+00
1.350274675441402561e+00
1.355757672545862436e+00
1.354659126390165946e+00
1.334373744025346253e+00
1.367784335169025312e+00
1.427499261185383395e+00
1.359845279490051739e+00
1.274955903822157177e+00
1.333147108464226349e+00
1.255761880697862098e+00
1.302058851205168066e+00
1.347453441565043653e+00
1.398440569915455178e+00
1.265370756145397291e+00
1.271739485213033038e+00
1.291853736208727899e+00
1.195816367301062666e+00
1.329316508366123584e+00
1.362861194264570974e+00
1.315750700418030883e+00
1.294789022329592587e+00
1.373897688490644642e+00
1.266004950035459986e+00
1.343739245817068939e+00
1.233433011893891429e+00
1.334319931075916177e+00
1.378416171999450990e+00
1.259884159367895107e+00
1.308007060336238370e+00
1.436801172377940139e+00
1.333307119001272856e+00
1.260315975263430088e+00
1.274790467320982001e+00
1.455112647606098930e+00
1.421949297883181140e+00
1.217049637051181632e+00
1.295859566416823316e+00
1.236903609814155924e+00
1.270815078116833252e+00
