9.208461151141075773e-02
9.151545732534636934e-02
9.096575578926414940e-02
9.290062843384758184e-02
9.590978164417704455e-02
9.281744082328985401e-02
9.038719537760356304e-02
9.221858212387078202e-02
9.422525301885789628e-02
9.142527059712285409e-02
9.311252540509462605e-02
9.186115736127782594e-02
9.193034882768837124e-02
9.381019924765239548e-02
9.357888569144642843e-02
9.049521213931679964e-02
8.938597421206491422e-02
9.033951941741939773e-02
8.911323787947876551e-02
8.826922222652708316e-02
9.040084898816819203e-02
9.034582051046098627e-02
9.092218572784853403e-02
9.273880624470684508e-02
9.572504463533781927e-02
9.290729507272710297e-02
9.072319139461636206e-02
9.232531885904664282e-02
9.453535315729809374e-02
9.075040122907368501e-02
9.261474777953870863e-02
9.160382264376908112e-02
9.188249105596310584e-02
9.369097607382051440e-02
9.366697713577512574e-02
9.069777937710078730e-02
8.944809147144193451e-02
9.021406689877521645e-02
8.894877617200097619e-02
8.917181313494258743e-02
9.147092067671902527e-02
9.144708637938088469e-02
9.146937056270124100e-02
9.339644925139130305e-02
9.624624250113009150e-02
9.268429769865531298e-02
9.006324417136528371e-02
9.119576612183197262e-02
9.270540380286121374e-02
9.270294845451934607e-02
9.399482782753637577e-02
9.192908976674057930e-02
9.104697728521200795e-02
9.208186552030812877e-02
9.071632699566346825e-02
8.730377354181223515e-02
8.939756666816246755e-02
8.982717135077424031e-02
9.072417559943385390e-02
9.270742085235127161e-02
9.569367522687778627e-02
9.299763774810122785e-02
9.050521899485607091e-02
9.163077763826617261e-02
9.326742155424569414e-02
9.247509933985016695e-02
9.395663094349877842e-02
9.200456929444762733e-02
9.120321856149669892e-02
9.236446104459118678e-02
9.053245814193740248e-02
8.749012160327997167e-02
8.983040466782724054e-02
9.025263437635103192e-02
9.101613876990347074e-02
9.284678967512241532e-02
9.603638799126808234e-02
9.256057699885944512e-02
8.974218188247884420e-02
9.087105047550624037e-02
9.170180324676278916e-02
9.355168699985548508e-02
9.398266616000973406e-02
9.071693280427217676e-02
8.888127929870241750e-02
8.892216799040227049e-02
8.945265369775959319e-02
9.102726956742010489e-02
9.470182912829397393e-02
9.311932751583204548e-02
9.056772586124113567e-02
9.159202263072363515e-02
9.255295198931141887e-02
9.314878658232210451e-02
9.401567072557799609e-02
9.102277583773522862e-02
8.928680577534268969e-02
8.926794251900047050e-02
8.938164352928033851e-02
9.131406008715992062e-02
9.474720105756938293e-02
9.327243093316753275e-02
9.036677893293848518e-02
9.146830055104129831e-02
9.225855798568279031e-02
9.311745013427411011e-02
9.392204576942123073e-02
9.061331010081646875e-02
8.870340624379330352e-02
8.878575370363785135e-02
8.998733865129152076e-02
9.190068530411224512e-02
9.535720029527168518e-02
9.291381870775042295e-02
9.007062841690607891e-02
9.076129606494415247e-02
9.166108073691772717e-02
9.352303340833839629e-02
9.347372124596213527e-02
8.933298451788389272e-02
8.785787413545252666e-02
8.909983168848864543e-02
9.082507397312292174e-02
9.287756965674688614e-02
9.617358757424887550e-02
9.170169299678385122e-02
9.120154669109575840e-02
9.128344519436383531e-02
9.181522915544490515e-02
9.322985151149351668e-02
9.130872893824654168e-02
8.732796519403807078e-02
9.087189168045058107e-02
9.181075951287114012e-02
9.124479380946369511e-02
9.311688130194145652e-02
9.489642167373252279e-02
9.158019509759202093e-02
9.390114463947976664e-02
9.179082908419414211e-02
9.015770363578709534e-02
9.032327988347704784e-02
8.891294871867860827e-02
9.085953395704464419e-02
9.452341229690908175e-02
9.302281049590653550e-02
9.014399808835626970e-02
9.078348422517738825e-02
9.184262382125284174e-02
9.371079864293807571e-02
9.289151695761653504e-02
8.808070195229335264e-02
8.917173744240516897e-02
9.085349958547125904e-02
9.124777487151576605e-02
9.307320561005205661e-02
9.519517555885986804e-02
9.149434396850662787e-02
9.384951584221352949e-02
9.134519690302292383e-02
8.915072316567516919e-02
8.860184528334712206e-02
9.017042583252007915e-02
9.245495006331466703e-02
9.611913991933852819e-02
9.152561748500065431e-02
9.177498188238787658e-02
9.167564264496302906e-02
9.139013830408826422e-02
9.181742577935952943e-02
8.917875476954131853e-02
8.984847030231683795e-02
9.428111406349526380e-02
9.325112218401641895e-02
9.052437203929715459e-02
9.088671080594089291e-02
9.167458262968918026e-02
9.352587582483529172e-02
9.288273335203606207e-02
8.794085035396335959e-02
8.969004154998611034e-02
9.144982471427477722e-02
9.147850266171334011e-02
9.290188677160032826e-02
9.449455847384029272e-02
9.207276156904496689e-02
9.392812910218932554e-02
9.098704204051928646e-02
8.872066456717776772e-02
8.853404052142023473e-02
9.062890465574556520e-02
9.279820809690450534e-02
9.604047258017162081e-02
9.112625106099762895e-02
9.227284111109652909e-02
9.181831608181843796e-02
9.125093299067284225e-02
9.144361161973463270e-02
8.901456982675728935e-02
9.046913853444350784e-02
9.471859785584921254e-02
9.306115442563965556e-02
8.994677605876749693e-02
9.111921478690021559e-02
9.188577935942483788e-02
9.316400663541643534e-02
9.076556124519588598e-02
8.815161898596791945e-02
9.111879255904188624e-02
8.866201898057236852e-02
9.021100737590441454e-02
9.040569785335966779e-02
8.940731994681734573e-02
8.979204214807504081e-02
8.990259405508917168e-02
8.941148882595642555e-02
9.070207925416638728e-02
9.069090987230254974e-02
8.960943869047097166e-02
8.853135825838785722e-02
9.225414100461538924e-02
9.116189933643492616e-02
8.903783264972885136e-02
8.799377179787633285e-02
9.345796092917493803e-02
9.113043720436768413e-02
8.873236997501658674e-02
8.790216068815544237e-02
9.390609746618223952e-02
9.062856984037541419e-02
8.881642269728537431e-02
8.817252487560837959e-02
9.359169955775199778e-02
8.984886006859030272e-02
8.901014593143301290e-02
8.882434265434331622e-02
9.264336229507698361e-02
8.891243296076323244e-02
8.940053218258089962e-02
8.984439557796811138e-02
9.105325864301978822e-02
8.853552910082819472e-02
8.981558259101631025e-02
9.058905474492756627e-02
8.979080253419920166e-02
8.881276024098290478e-02
9.003519737337066509e-02
9.116187698801628270e-02
8.884930108604650878e-02
8.915851713723181582e-02
9.005773320696673634e-02
9.043375526896725580e-02
8.900426161230225175e-02
8.952493855166396286e-02
9.003292657705755375e-02
8.964808014468912678e-02
9.065547953489017097e-02
9.056630808937245203e-02
8.961536127690893083e-02
8.859239842909406859e-02
9.255559342716541960e-02
9.116618873668094758e-02
8.898118506891185275e-02
8.793939023926655718e-02
9.374324180701490428e-02
9.074951886208523777e-02
8.880880325831042033e-02
8.829005055895264298e-02
9.328517945521459798e-02
8.948960316188082909e-02
8.944422254249262405e-02
8.955840943980392099e-02
9.122421430229193939e-02
8.846267797021113710e-02
9.002264330581301321e-02
9.094649668053207681e-02
8.916991142777259960e-02
8.915669000023128399e-02
9.015901720640594197e-02
9.040978030069231342e-02
8.941992320089976742e-02
8.981936227544930207e-02
8.998656053418521705e-02
8.890844481692905532e-02
9.181093699861531121e-02
9.116185372005301824e-02
8.884856050259813676e-02
8.800702193479950641e-02
9.369121519206997928e-02
9.062084889211577399e-02
8.881196430110342710e-02
8.833934746518395942e-02
9.313807951785732508e-02
8.918975280439481179e-02
8.947378772333754171e-02
8.990330194999734958e-02
9.087251312136399028e-02
8.848155609370451924e-02
8.999166374129195789e-02
9.088109064708113638e-02
8.895079536387237584e-02
8.916573597072079138e-02
9.013941334907779601e-02
9.071523772328546342e-02
8.895076608498234116e-02
8.969113766506496555e-02
9.010396214247225199e-02
8.946842926978416932e-02
9.079564453175585637e-02
9.086475682494483952e-02
8.929526719845269633e-02
8.810849526515188157e-02
9.301011323735955405e-02
9.115923934880992840e-02
8.880864750697099741e-02
8.765887296792908290e-02
9.391935865247848236e-02
9.070918316523424174e-02
8.873711422961777506e-02
8.815223861826487761e-02
9.375697851408924810e-02
8.994340545354681526e-02
8.906142498896527093e-02
8.871557963052945084e-02
9.277400363034678243e-02
8.902139885047040402e-02
8.935123402241262891e-02
8.961463057220495076e-02
9.150130897278270503e-02
8.854705965550388469e-02
8.978298555781596968e-02
9.051101492476787413e-02
9.022709501021072831e-02
8.865677733093116353e-02
8.997369634479260303e-02
9.100326748144352274e-02
8.912589063382943266e-02
8.880123988931819257e-02
8.999312782834469060e-02
9.089235760332609049e-02
8.893802380376804317e-02
8.919759060549883878e-02
9.018673613292756130e-02
9.034926836914559944e-02
8.963104617871207880e-02
8.980296793660810795e-02
8.998248450103196738e-02
8.934196227729969408e-02
9.081331752898183507e-02
9.061332469515018251e-02
8.946790925066089306e-02
8.846280388313911003e-02
9.213826140249721519e-02
9.108431000627037477e-02
8.921325841955789204e-02
8.898063549891875590e-02
9.531147333377953945e-02
8.854467035213885173e-02
9.154038766726693699e-02
9.271847241787989358e-02
9.613648580670060284e-02
9.222100190865301084e-02
9.040708885682834095e-02
9.101566334950768333e-02
9.175666104046581451e-02
9.364233540319555349e-02
9.374842568389743502e-02
9.024346822658203815e-02
8.857646970001101239e-02
8.888232085542399630e-02
8.945057023670287266e-02
9.105085213964499158e-02
9.444110292104104798e-02
9.313167025575409819e-02
9.108791566058967171e-02
9.282305015469997922e-02
9.522448520104363767e-02
9.049586682735102916e-02
9.254039757811675926e-02
9.164215842048098470e-02
9.187584373730975362e-02
9.386344046233850713e-02
9.346877437489876927e-02
9.020712634090567728e-02
8.882120010527970455e-02
8.946302157787722198e-02
8.875024633584005507e-02
8.956272062092340835e-02
9.196577526470739450e-02
9.173058629498073713e-02
9.121866810905249201e-02
9.300871204573975259e-02
9.651879104513008678e-02
9.221305400489997195e-02
8.977890668678575881e-02
9.112410985658112028e-02
9.320448864598041006e-02
9.245613299007121588e-02
9.385014811056105466e-02
9.213396788127591053e-02
9.165634268153510789e-02
9.345215226553997556e-02
9.259900432810323767e-02
8.911948328729525637e-02
8.826405786894801764e-02
8.917100785347484293e-02
8.892870364261254434e-02
8.916399357860343988e-02
9.157480546826854417e-02
9.112695567519164819e-02
9.117976583399647894e-02
9.306768662488493216e-02
9.583815683998869739e-02
9.321831151645527946e-02
9.063689918718016714e-02
9.264589099288013385e-02
9.494631280750304159e-02
9.043359832719233271e-02
9.216301732245556211e-02
9.130605819885870278e-02
9.174338544225495162e-02
9.363043188384626014e-02
9.388250059352834520e-02
9.096110348148297997e-02
8.967335715721071188e-02
9.079194435968596100e-02
8.938373245437851444e-02
8.822548592014013702e-02
9.038918260785894221e-02
9.056115861962910074e-02
9.112023626728157910e-02
9.270966413256238881e-02
9.559782956002030319e-02
9.312685746037439871e-02
9.100056527880996671e-02
9.274352029055404900e-02
9.529209113677913900e-02
9.027454208760862797e-02
9.209165859000115195e-02
9.128560858978837511e-02
9.179952777446083456e-02
9.382045411440201321e-02
9.394833855158377101e-02
9.107127130935817327e-02
8.987006156649042510e-02
9.084061527366919797e-02
8.933830008847833126e-02
8.817638833962475331e-02
9.070334409652179575e-02
9.110881000806493601e-02
9.111387042147527093e-02
9.301589792278704139e-02
9.618704476020421834e-02
9.266966145379314235e-02
9.014742013344559379e-02
9.148333806742268981e-02
9.325151723578806173e-02
9.255304301898370500e-02
9.400301057052959375e-02
9.207816567006368857e-02
9.129496663396498290e-02
9.262464684981498719e-02
9.118842911826843811e-02
8.731674032744639324e-02
8.878963464827013818e-02
8.942135345685685299e-02
9.066426414581547910e-02
9.218989825812705374e-02
9.552241040768064129e-02
9.299860322677218349e-02
9.044992358677332589e-02
9.195703704494008479e-02
9.402595378575856477e-02
9.181747770637886663e-02
9.364928903896305168e-02
9.207008198879369776e-02
9.157555962559245366e-02
9.302140405772871268e-02
9.192302567422550030e-02
8.820842434517825459e-02
8.805144453212261635e-02
8.822714325964595150e-02
8.980923882480841558e-02
9.127289286017130354e-02
9.439404421018410263e-02
9.294020770026419076e-02
9.122516796716123588e-02
9.305225904381307644e-02
9.578223905983536401e-02
9.043416299220809196e-02
9.143954342671764546e-02
9.120497995549310677e-02
9.178696014837167683e-02
9.364509819495805965e-02
9.396160893589047824e-02
9.132850996250957420e-02
9.025215990797351429e-02
9.154760879706946852e-02
9.044394828470923853e-02
8.728701345824724234e-02
8.858690961731065239e-02
8.834067743917559112e-02
8.989214689483994436e-02
9.081809619235635400e-02
9.262035210375195449e-02
9.195811880380834469e-02
9.120140986293250041e-02
9.306388957861250200e-02
9.559289658271877266e-02
9.305246211016519886e-02
9.122857230186118271e-02
9.341830440486210974e-02
9.640177679395744992e-02
9.264528845750229225e-02
9.040794881538528893e-02
9.216137105867429347e-02
9.524658384134186695e-02
9.038607785061866795e-02
9.105950075085876561e-02
9.090279793414626774e-02
9.297724258602443892e-02
9.201782815465651966e-02
9.301398031291795154e-02
9.174219971041561172e-02
9.198008508746598200e-02
9.378239049740418054e-02
9.411524097650714182e-02
9.205554649477425133e-02
9.168603170755892928e-02
9.375168992453207506e-02
9.358273110399578654e-02
9.111402590254279177e-02
9.038983241869399943e-02
9.211709994339679908e-02
9.154460037754269530e-02
8.880211179112801334e-02
8.834832514408459680e-02
8.967554033414465442e-02
8.888294719553667400e-02
8.767679994884945704e-02
8.907030429841925057e-02
8.854448927017968818e-02
8.971287743465609921e-02
9.066115378819318560e-02
9.280639998330765528e-02
9.155411928193885052e-02
9.128327874882112558e-02
9.277694573814469770e-02
9.537136799946335786e-02
9.307945524838358298e-02
9.134088574026731633e-02
9.343116204388764168e-02
9.627021793917518722e-02
9.258346771518045915e-02
9.051996855308352963e-02
9.246636135898030073e-02
9.550791107903032484e-02
9.107530188727919196e-02
9.043905509107126595e-02
9.098343211346933412e-02
9.359535397788584787e-02
9.107514719373255296e-02
9.215963277592503777e-02
9.117770401428682003e-02
9.176998569763110403e-02
9.294591991184467106e-02
9.368195866473293110e-02
9.185642081782348367e-02
9.185110822820681531e-02
9.377550322335923005e-02
9.411944861891406722e-02
9.192283641212679879e-02
9.158212527084978738e-02
9.360327703489620954e-02
9.359440575174905741e-02
9.118204618804509609e-02
9.052493614353096518e-02
9.247284637848154909e-02
9.219735205620613328e-02
8.956932041967960445e-02
8.907654595141979714e-02
9.074728196956105553e-02
9.013274457991608812e-02
8.749802870975141589e-02
8.773746779420041331e-02
8.880685893421233490e-02
8.865961952725449902e-02
8.834902473832696723e-02
8.917227956679150969e-02
8.835536486963863068e-02
8.926079172866352440e-02
8.947015117781141613e-02
9.055185569991139327e-02
8.950225439054131094e-02
9.001103693476440737e-02
9.048313210434190401e-02
9.184734293255095161e-02
9.036630727885365533e-02
9.035827107975295813e-02
9.138207943468171224e-02
9.277820416996836184e-02
9.096243011408987333e-02
9.062020624253248891e-02
9.179222091365345226e-02
9.330743663572642344e-02
9.140583254844752981e-02
9.077537823934353489e-02
9.215474929546435545e-02
9.373812636143388777e-02
9.178552689140054288e-02
9.087897859719079596e-02
9.221799334075818366e-02
9.371766992413804731e-02
9.175333340843809526e-02
9.095558965558303566e-02
9.210337799726987795e-02
9.368481875579716400e-02
9.145861552058072441e-02
9.087556697727285082e-02
9.172405862900306905e-02
9.281939907169681203e-02
9.059201453345584742e-02
9.039636460376121452e-02
9.059895750022850525e-02
9.086187447600814482e-02
8.896149160914114395e-02
8.924092602644753680e-02
8.838981444398727461e-02
8.839886565112820005e-02
8.905944921517940094e-02
8.976790182302016308e-02
8.860527077753463376e-02
8.935502136728837308e-02
9.235740689158608574e-02
9.310583440476441486e-02
9.159997183298476675e-02
9.172649933488906393e-02
9.384006503519029541e-02
9.385279065117146935e-02
9.124368859692240374e-02
9.256798850377390142e-02
9.056661270739138625e-02
8.991891610596035311e-02
9.269256826415053774e-02
9.624609567709631330e-02
9.278807811082998014e-02
9.137754817108209582e-02
9.284374137752088307e-02
9.256435313657945807e-02
8.924436232752930298e-02
8.880912389756445702e-02
8.734937457445728082e-02
8.886416654033775508e-02
9.234239254518591955e-02
9.371637650045215595e-02
9.202160894717047179e-02
9.205756120349746496e-02
9.273117191271368354e-02
9.142931092577216701e-02
9.167597579264120944e-02
9.619272281599899888e-02
9.291532528780245548e-02
9.123240912808384950e-02
9.203655761071169450e-02
9.109610390148416281e-02
8.823514530718080950e-02
9.027292490722531315e-02
9.042596978739170233e-02
9.177093307979343473e-02
9.372696559115664683e-02
9.229483978010982748e-02
9.150601945458955444e-02
9.604389880408090163e-02
9.238793567346809121e-02
9.050144930050342540e-02
8.930616850877670654e-02
8.775910128060719628e-02
9.218537947127655729e-02
9.393350320506976825e-02
9.165059882672338398e-02
9.362807142747600619e-02
9.199207394272460037e-02
9.133544890031569663e-02
9.263820224364958944e-02
9.063961980157703158e-02
8.899459028340313271e-02
9.221522013810443119e-02
9.184333058450643017e-02
9.201220276678455379e-02
9.069131520988508999e-02
9.085796343016917798e-02
9.350145356345099246e-02
9.279957319731084453e-02
8.793155465041209429e-02
9.107643796186908058e-02
9.150790945041534230e-02
9.191966785882192681e-02
9.088615434244060043e-02
9.090338643871456736e-02
9.350873735319581437e-02
9.254059163220663964e-02
8.824233854146720790e-02
9.170447973599146763e-02
9.171716459634730867e-02
9.198692835204261287e-02
9.086575229436831547e-02
9.135687140478961077e-02
9.269806102784368396e-02
8.972094928375445866e-02
9.108611638979438596e-02
9.384495849999030526e-02
9.101002565966104241e-02
9.525306879879071043e-02
9.238228685082446046e-02
8.971821089731296661e-02
8.781096373598516747e-02
9.132869918262373488e-02
9.299113462439113909e-02
9.038135032830295346e-02
9.342423745328812257e-02
9.081451692335801296e-02
9.085842283915146478e-02
9.384215432706249915e-02
9.075684621677235220e-02
9.562809036604670576e-02
9.039740388183349629e-02
8.923094878971446486e-02
9.143485026279789263e-02
9.208207705706991653e-02
9.220707529438396111e-02
9.027602515971176744e-02
8.773165386025391643e-02
9.185366455673575625e-02
9.133585787716937132e-02
9.148415560634973187e-02
9.097776724343974164e-02
8.928967993756460608e-02
9.382577254809322531e-02
9.041790953678834064e-02
9.327406461106108049e-02
8.929705978428176261e-02
9.283575519722116198e-02
9.252957907761602541e-02
9.290936731048164698e-02
9.280107058782714746e-02
8.984231201209048889e-02
9.373304231698988132e-02
9.117042622219172221e-02
9.489876041529791972e-02
8.773951714724566309e-02
9.318163511095584051e-02
9.079827243775631662e-02
9.557351524634712103e-02
8.872951610883253459e-02
9.157186383919303785e-02
9.130013490256586040e-02
9.512174192036498832e-02
9.025338624029057011e-02
8.985222935738984562e-02
9.159925832103027465e-02
9.415462774109108202e-02
9.148025961070412049e-02
8.842303774118805137e-02
9.133424036251258649e-02
9.272861124894524187e-02
9.204675664152735248e-02
8.896216209757100424e-02
9.036550045708106882e-02
9.186424922414164473e-02
9.204025505016404096e-02
8.998161556903919167e-02
8.930676481038277159e-02
9.194737982546065391e-02
9.183492911587635976e-02
9.033452134080154072e-02
8.851255074303567005e-02
9.198571818221895624e-02
9.152977982426457881e-02
9.061071836987605321e-02
8.834538341520599414e-02
9.200455176562791215e-02
9.158149547756525011e-02
9.040182089015577627e-02
8.895514125329211097e-02
9.200286626378188781e-02
9.177357972052968549e-02
8.924615741838606842e-02
9.059400495293819244e-02
9.250213668124111777e-02
9.135326294753193244e-02
8.857088301638005312e-02
9.148071206905794561e-02
9.444496158417159393e-02
8.972831779769906146e-02
9.140793358307161554e-02
9.076312877024496351e-02
9.529773700108240542e-02
8.746190687302680955e-02
9.323968145827976617e-02
9.123443517036829153e-02
9.353587707907101700e-02
9.061360352754972702e-02
9.257823625303053527e-02
9.336784107902566798e-02
8.995143581461696736e-02
9.353902261346444535e-02
9.078889806138976115e-02
9.211919509303916065e-02
9.003412242085359618e-02
9.220248277138980153e-02
9.125144687798576737e-02
8.776180081275279654e-02
9.209947800082790570e-02
9.157776273799519973e-02
8.849208175506094454e-02
9.106180579122363783e-02
9.388193024492746952e-02
8.939548014282844290e-02
9.176421599168795018e-02
9.052483503185849989e-02
9.431794395636695916e-02
8.976650476910028043e-02
9.244462808525351349e-02
9.351741529424167920e-02
8.881309910891165005e-02
9.332671782130992633e-02
9.158938687917446420e-02
8.887957587134467929e-02
9.199285553479494282e-02
9.137587053329553066e-02
8.824245487532154930e-02
9.124004457337611673e-02
9.482109607191467615e-02
8.766545234775019457e-02
9.300736880052384858e-02
9.249928428715156747e-02
9.100190179145502267e-02
9.321188305217703585e-02
9.146673262048322928e-02
8.991150981611523152e-02
9.191397912439575046e-02
9.143459528556668880e-02
8.825113684658225655e-02
9.109319358757064777e-02
9.471190617715923021e-02
8.823450378523547966e-02
9.240838404717671706e-02
9.345196494942639709e-02
8.890693360879686757e-02
9.218200356757813574e-02
9.084553815602779137e-02
8.983785045149379755e-02
9.299697775178276948e-02
8.883083655056492334e-02
9.254921942217185504e-02
9.247152471487382619e-02
9.024136756015824212e-02
9.311018347928738670e-02
9.159489217229412061e-02
8.912608316777649586e-02
9.252885073920959214e-02
8.900265583344776910e-02
9.250857265202150348e-02
9.248096356470074386e-02
9.024373435480809169e-02
9.289814379751339113e-02
9.111725815334345557e-02
8.962888741604567444e-02
9.309219468279104903e-02
8.795414476652782532e-02
9.276597340727033014e-02
9.313311797580579865e-02
8.929820607223640239e-02
9.223168043057274057e-02
9.045238144367645505e-02
9.055789553173813899e-02
9.382975182581047846e-02
8.723585522842138007e-02
9.244132373344082776e-02
9.347315241654136075e-02
9.006215665102033918e-02
9.072228764317909200e-02
8.832639453186202916e-02
9.084678902112947041e-02
9.415513943440440014e-02
9.038090757486803850e-02
9.107843772158011331e-02
9.057526634390977716e-02
9.189949837578470504e-02
8.993799141416776444e-02
9.157616533342918808e-02
9.192901181250648368e-02
9.019492468124584716e-02
9.237233562826850652e-02
8.991994281749950135e-02
9.068677494292459729e-02
9.417792233472858932e-02
8.953129667359575883e-02
9.100199689369178890e-02
9.030469983257712052e-02
9.177365702448496421e-02
8.944132746043878535e-02
9.193087731098056881e-02
9.263914675483068961e-02
8.953389813698513222e-02
9.120630898460327374e-02
8.891127662185782654e-02
9.068155098778639400e-02
9.432271705560024699e-02
9.104736102069656278e-02
9.142658906590646339e-02
8.916969183148444611e-02
9.162058377757781313e-02
8.884151850324961686e-02
9.227000899507960263e-02
9.299186415604077105e-02
8.938829142112678094e-02
9.096321552945600686e-02
8.892940215105095414e-02
9.067823529305066299e-02
9.406418064204072338e-02
9.097795478939990632e-02
9.125771684264494255e-02
8.921973900032521831e-02
9.169233400609144713e-02
8.901029941474321305e-02
9.238993428956446263e-02
9.303219426688529026e-02
8.944870330983387130e-02
9.054971338660511293e-02
8.821031392074259181e-02
9.043773754073172744e-02
9.327084363146470603e-02
9.253216924369779550e-02
9.157442613939162368e-02
8.991072321160545333e-02
9.339841774667115293e-02
8.902272927002144454e-02
9.125099696683947048e-02
8.878469857244285224e-02
9.171822914953178807e-02
8.726773931170836440e-02
9.143158225358491431e-02
9.171435935791978633e-02
9.189625729975069157e-02
8.842942925507329965e-02
9.208293152751619026e-02
9.318338868472057779e-02
9.171680591075101474e-02
8.958244701258340215e-02
9.146287744190904900e-02
9.290901495909503760e-02
9.019107894646841150e-02
9.039869550092394235e-02
8.991771136298640221e-02
9.128375550088936585e-02
9.025590148831255655e-02
9.079650006176938348e-02
8.820838462017717430e-02
9.015622073593430874e-02
9.196299939564991921e-02
9.255387037384524285e-02
8.921427321701250190e-02
9.035561319890514365e-02
9.353311878165466997e-02
9.228696314998094397e-02
9.143518269264361287e-02
9.008233149911641646e-02
9.359443168420215897e-02
9.000745278704534724e-02
9.174207168903743270e-02
8.824681498202990859e-02
9.240363754306682442e-02
8.757823474474296654e-02
9.071304150708978109e-02
9.023871376140359113e-02
9.154111736637710051e-02
8.771915320157429308e-02
9.185891822983807686e-02
9.242442829142337446e-02
9.181143985161091536e-02
8.870529980417930782e-02
9.195641469914836441e-02
9.327842493486596109e-02
9.157203647610388797e-02
8.944123061694123078e-02
9.144375020303893709e-02
9.317744393230956157e-02
9.069156673082078013e-02
9.027899943951250838e-02
9.076263724954422574e-02
9.223870984096271819e-02
8.991817803877934223e-02
9.038880019636237606e-02
9.005129444271689487e-02
9.148631772595762490e-02
9.014996199421881906e-02
9.059617089176093263e-02
8.936090757614277569e-02
9.063605665856391824e-02
