6.882568583115887817e-01
4.304856403768969608e-01
3.133378205941402261e-01
2.870482980634616044e-01
2.769314038912560894e-01
2.800718947194731356e-01
2.824436829540529770e-01
2.839159054030970242e-01
2.835085498146423522e-01
2.845689253464145363e-01
2.726571097143031253e-01
2.784881509824198575e-01
2.780439891887842019e-01
2.729643124541193955e-01
2.793183499896204069e-01
2.792861460605000068e-01
2.800621964226083227e-01
2.766165172815110984e-01
2.820032807165288591e-01
2.845749672492187132e-01
2.796690672846984249e-01
2.750362903734149267e-01
2.841947249162539713e-01
2.783343041791913608e-01
2.833666946669146647e-01
2.799418049792951058e-01
2.789812322046670290e-01
2.752384636406205454e-01
2.830816138836133034e-01
2.761821187367186070e-01
2.863377870262007741e-01
2.852533945943692140e-01
2.754546793761708523e-01
2.766764877031445136e-01
2.784320012576330106e-01
2.768414287708519383e-01
2.769964409661213045e-01
2.821438296938040269e-01
2.797262513802333816e-01
2.766615494854197665e-01
2.781564184973202014e-01
2.874611823329593641e-01
2.793876913224548342e-01
2.839051916657940322e-01
2.861816898504415119e-01
2.866384038683320590e-01
2.788894999131820707e-01
2.823906395340174957e-01
2.753270291437164841e-01
2.879628402186021896e-01
2.788361010250338667e-01
2.771608340848915053e-01
2.767563481690843430e-01
2.733890762726946533e-01
2.752906420511777030e-01
2.747418753898343002e-01
2.758270159919214981e-01
2.799459768241255309e-01
2.781566628680249842e-01
2.831177086608648308e-01
2.848558137084992725e-01
2.835880293627166537e-01
2.799557680046265151e-01
2.819717218225163413e-01
2.833844407941448207e-01
2.880004119858260991e-01
2.824807116544671981e-01
2.812793761233805534e-01
2.844474478291832420e-01
2.818898741574490385e-01
2.776263608381238090e-01
2.840454828208251459e-01
2.763830178771886636e-01
2.824086619211137461e-01
2.798921223574280526e-01
2.746031163239680550e-01
2.817332229000257815e-01
2.784109027084490928e-01
2.846437510539404081e-01
2.777332486500811992e-01
2.860381485496534260e-01
2.786542396547156963e-01
2.803306537339914084e-01
2.858599893171812067e-01
2.846483400732056634e-01
2.853100753595010919e-01
2.753590019447166859e-01
2.803461653234302631e-01
2.748276850891686052e-01
2.780567884203875018e-01
2.724555557268331096e-01
2.809540888069974041e-01
2.763260327069693156e-01
2.748100189976084295e-01
2.766003775781109009e-01
2.787926660114276034e-01
2.800559403242612322e-01
2.797505816737174134e-01
2.737624536839580180e-01
2.787596639544040467e-01
2.768588185652869904e-01
2.803900539689760940e-01
2.824414342191474692e-01
2.924394589460014293e-01
2.760017467811495262e-01
2.852392399442932325e-01
2.806592772904651367e-01
2.779820662895391981e-01
2.816605286651267526e-01
2.758055624929672267e-01
2.779896336535049306e-01
2.784208916466912043e-01
2.806094955937787905e-01
2.816294659114063625e-01
2.780743732933817491e-01
2.796451533794448996e-01
2.762550045949724864e-01
2.878313029350106911e-01
2.776279276130277363e-01
2.814933111464813509e-01
2.879032694633482659e-01
2.790340074519649383e-01
2.846320883239101818e-01
2.782641045481552000e-01
2.881789133907289302e-01
2.792098958563805633e-01
2.766503734248878521e-01
2.792913649209667337e-01
2.730436898302843196e-01
2.784502022360670903e-01
2.861242510659990912e-01
2.777020394357357924e-01
2.834914705274492186e-01
2.834509349881753071e-01
2.821511184309339337e-01
2.849799710525587892e-01
2.907225022594275288e-01
2.743920781315443147e-01
2.802355240074564380e-01
2.810440835166707618e-01
2.792460577953829737e-01
2.786699649653965882e-01
2.731036158137684078e-01
2.785904794549843300e-01
2.774266197706669046e-01
2.861241905371884608e-01
2.758604804614289141e-01
2.788385020770646205e-01
2.750648414612133497e-01
2.807135380414267911e-01
2.753433902627674956e-01
2.730368314664969875e-01
2.892902494298463800e-01
2.780250644299621654e-01
2.800923999034738432e-01
2.787298487225118304e-01
2.806373285980606203e-01
2.804340439420576203e-01
2.739686618000408691e-01
2.793890400155627507e-01
2.798168409990082761e-01
2.797436089809123283e-01
2.776601835487969017e-01
2.794436157502223628e-01
2.841136457218661482e-01
2.809716029468966592e-01
2.802441014154559706e-01
2.784652502365155824e-01
2.819663178923586533e-01
2.787857956145219362e-01
2.783334744740574851e-01
2.798095787476092555e-01
2.756450927089615921e-01
2.767999068460937906e-01
2.723498346741544673e-01
2.795871132555808880e-01
2.838704132843739014e-01
2.863947369790399988e-01
2.789155068596895215e-01
2.808622128794585615e-01
2.863930023181929241e-01
2.815578458930121375e-01
2.868300346859193883e-01
2.814091694302299218e-01
2.806923711706437174e-01
2.743635707135787527e-01
2.767127702761638663e-01
2.809829393215884652e-01
2.791180916889242636e-01
2.789998669504719642e-01
2.794804899324326852e-01
2.808320666041195790e-01
2.768934766506482847e-01
2.833107028530809091e-01
2.741728616513273153e-01
2.765311862232360807e-01
2.798509806674337463e-01
2.817383094414211420e-01
2.852704690047892511e-01
2.798477665380768586e-01
2.772656708593715935e-01
2.764891762210976989e-01
2.843707095021977826e-01
2.789581389200897488e-01
2.786149953263392653e-01
2.772637482677508536e-01
2.811488252803478471e-01
2.804317371967763872e-01
2.858398162048554347e-01
2.869649521378244694e-01
2.786438610366770985e-01
2.784222815473978430e-01
2.744918116188154733e-01
2.879025173636142187e-01
2.747517355330518773e-01
2.748345751405980031e-01
2.857484661681086724e-01
2.777228749074887038e-01
2.757045451663788227e-01
2.785447649415654925e-01
2.800841549804361508e-01
2.801753678947369597e-01
2.795226671637960347e-01
2.794241490203425160e-01
2.872936498114266879e-01
2.851504031854426580e-01
2.838894712246707863e-01
2.771411713302712188e-01
2.822548452729858326e-01
2.777859654928321320e-01
2.774657658773144187e-01
2.788631435106722622e-01
2.795030105282770849e-01
2.798401454902558760e-01
2.827704242506806631e-01
2.751587243677582340e-01
2.868320298872653606e-01
2.814423314929327957e-01
2.822250072599017390e-01
2.791730640079382875e-01
2.959856654236625029e-01
2.836914584854579036e-01
2.801412144491193246e-01
2.757919825219267707e-01
2.836367424848781904e-01
2.799393223780606288e-01
2.789493453116849708e-01
2.858941811002075339e-01
2.835910774545767343e-01
2.798264486003146367e-01
2.838974537066857873e-01
2.796559486772904890e-01
2.923065707635610910e-01
2.866214944388923436e-01
2.811216997919310234e-01
2.763257233908577026e-01
2.848480329960800805e-01
2.810680616185398106e-01
2.755723825757591672e-01
2.796486856798502951e-01
2.761183613816250992e-01
2.777969438856324746e-01
2.765515035046628434e-01
2.837492570895282507e-01
2.919261819605998842e-01
2.777385729463882624e-01
2.853679786203000002e-01
2.784924676953993150e-01
2.840805477044441862e-01
2.757468421972661399e-01
2.808636438874433372e-01
2.822920560376422361e-01
2.801259626978731543e-01
2.855436607912044678e-01
2.760225484692133691e-01
2.791751933765586613e-01
2.805864756152252060e-01
2.773181492791567115e-01
2.770446670829178060e-01
2.744481742278140346e-01
2.805680389841355149e-01
2.787870107167394473e-01
2.753598915443173367e-01
2.768767739607077560e-01
2.776581857499995643e-01
2.754729444659162474e-01
2.838480824755069132e-01
2.813025459017581831e-01
2.825690452543907494e-01
2.815486551054726116e-01
2.758855231773260641e-01
2.720646849271355916e-01
2.771769504840722598e-01
2.771057488449397699e-01
2.798449230150544809e-01
2.783562230824720429e-01
2.763199862192271539e-01
2.837559036163105897e-01
2.905017964743865089e-01
2.830291197749959520e-01
2.904549242754179694e-01
2.850498262161325069e-01
2.823747221383166028e-01
2.801035954284974427e-01
2.812030829217037620e-01
2.851233580552406388e-01
2.802305653785045481e-01
2.805958827212169382e-01
2.840847778005488045e-01
2.799150971637328622e-01
2.772951262154180752e-01
2.851188186764023746e-01
2.799641014947532591e-01
2.802431170565791163e-01
2.837240352803087617e-01
2.859429127723757125e-01
2.842968710948202138e-01
2.778728309055921719e-01
2.783584362993514749e-01
2.793929784271551031e-01
2.856741560473157748e-01
2.780797260638049329e-01
2.789703869846957285e-01
2.809352309935000958e-01
2.736200191660903558e-01
2.755451281804466857e-01
2.772518528292361450e-01
2.748368629353405979e-01
2.843006458332285602e-01
2.783322195864175175e-01
2.773614031123650125e-01
2.801070345989370991e-01
2.807445277585230992e-01
2.763966362972434809e-01
2.762108422541309505e-01
2.817638615001414326e-01
2.820713992832456496e-01
2.847214178732960232e-01
2.780633074432433682e-01
2.772588086540076491e-01
2.797393145250183788e-01
2.784843859121224341e-01
2.772250847761256742e-01
2.830063399231843579e-01
2.759769888823075945e-01
2.830949718836011653e-01
2.882213761974353750e-01
2.834644059052087162e-01
2.795851391056418667e-01
2.902032647692887046e-01
2.769882555399962309e-01
2.763434256974552916e-01
2.806872635283669815e-01
2.798618412083672680e-01
2.830212431949120644e-01
2.779589171488138777e-01
2.783105048200937848e-01
2.834359390089842279e-01
2.781748909183966445e-01
2.758852604956354426e-01
2.818113520985848774e-01
2.730921984191673202e-01
2.760712853815135426e-01
2.878528144703301206e-01
2.806346495789094342e-01
2.766676014267591688e-01
2.775240354983294910e-01
2.818082391744931026e-01
2.827024999946350370e-01
2.814023169370395427e-01
2.831850042007166279e-01
2.788577434180919967e-01
2.824579299916760711e-01
2.793241917084850479e-01
2.808245928277194325e-01
2.843808973235872339e-01
2.783925627226479516e-01
2.783666520165614111e-01
2.855134175489360548e-01
2.843178158930110833e-01
2.758418207977593739e-01
2.814764965773832173e-01
2.776421821411407254e-01
2.722561554413595042e-01
2.777009010517530463e-01
2.821769799975741289e-01
2.853245505611621824e-01
2.810613956788968748e-01
2.801829898195175028e-01
2.807845341783832827e-01
2.816201090601855861e-01
2.819035174987675751e-01
2.869515096333966619e-01
2.788161445910899428e-01
2.816667564041231975e-01
2.841747581818847568e-01
2.755125136483029258e-01
2.798814792495824544e-01
2.767311399936359106e-01
2.813773269676249633e-01
2.771563698673442100e-01
2.780443703330104377e-01
2.804971758617448852e-01
2.772782536056528913e-01
2.771649104934232333e-01
2.851336752242082939e-01
2.757575233688406846e-01
2.745526349712138492e-01
2.841256124711817876e-01
2.797153862908180466e-01
2.783898632116666993e-01
2.769472452848993904e-01
2.774856279521216162e-01
2.802316037364545043e-01
2.803511370105526979e-01
2.804451691331654728e-01
2.819059586480192614e-01
2.769598985755082343e-01
2.890279753482058456e-01
2.837975833322047836e-01
2.781255076999979980e-01
2.777698360464395666e-01
2.854712143643448052e-01
2.915671804851472926e-01
2.773120069461518789e-01
2.796104922343878862e-01
2.791540942803745762e-01
2.785138128770495713e-01
2.778307171689562982e-01
2.822449404435527498e-01
2.805973037210258703e-01
2.889203634848043212e-01
2.755688166468137634e-01
2.786934539156976087e-01
2.851311777525624702e-01
2.777920107063424626e-01
2.846755913622027179e-01
2.832856751395503858e-01
2.834972324925075227e-01
2.811737508023766652e-01
2.752355176928015790e-01
2.799472868946534243e-01
2.784704118215048374e-01
2.795519807859382921e-01
2.814920526610302232e-01
2.886661981551486567e-01
2.764201418718770231e-01
2.769537027933287043e-01
2.738420087597703279e-01
2.766470734163676282e-01
2.841301125886805945e-01
2.791776504697024985e-01
2.798633928526417791e-01
2.721127089469382310e-01
2.806103107323504320e-01
2.814818399218809719e-01
2.775863590195137287e-01
2.879209793935842976e-01
2.987616040875450407e-01
2.724233908131439841e-01
2.862471718171141211e-01
2.786563123469116277e-01
2.774578948412923518e-01
2.829834717971219660e-01
2.815243635176543635e-01
2.854768215279083199e-01
2.778163186562823128e-01
2.855207990112174077e-01
2.759669532936849246e-01
2.773446843451533028e-01
2.841399726875060705e-01
2.798655169804348808e-01
2.763397047281149210e-01
2.816831515501853067e-01
2.813412293974679734e-01
2.743927941100531287e-01
2.803845467648007905e-01
2.787025600632708211e-01
2.793443422784218644e-01
2.835618966112885553e-01
2.766707625850173824e-01
2.852848748534733136e-01
2.833330570336609067e-01
2.794942285958665340e-01
2.865468635714986112e-01
2.847907382259277087e-01
2.768406274278158996e-01
2.810162477580047113e-01
2.817268028312704398e-01
2.822303521570112550e-01
2.834766040333575043e-01
2.788454020625550367e-01
2.769109088332318280e-01
2.851464392482175869e-01
2.769324733127577765e-01
2.792090881431573690e-01
2.858980814667079207e-01
2.758172724560929434e-01
2.869625282001173616e-01
2.791674892886579773e-01
2.794237243908975210e-01
2.782692890789067452e-01
2.773154497136376961e-01
2.780170363210810458e-01
2.870158836505306565e-01
2.811896920195633420e-01
2.758316612992640082e-01
2.804238148488517601e-01
2.823017591480515565e-01
2.810478866514297125e-01
2.768358974227838609e-01
2.793600514556713876e-01
2.790097822417095252e-01
2.946036310205832898e-01
2.868969637709215537e-01
2.846550396690098461e-01
2.732493451028654707e-01
2.772585346835081954e-01
2.770409511960564286e-01
2.811397623625871423e-01
2.784787837672878519e-01
2.968181108014684155e-01
2.824958898695845710e-01
2.777215042635186593e-01
2.739972045954472413e-01
2.744040157981583183e-01
2.800433725816079411e-01
2.772651967511464699e-01
2.813482454767337049e-01
2.810284438481201463e-01
2.804831345639998141e-01
2.798178162554167403e-01
2.768121964857974682e-01
2.761942210588000934e-01
2.821052562471417224e-01
2.814483335567086741e-01
2.832446208862559045e-01
2.805469428339861793e-01
2.762417626531121218e-01
2.787059923742722378e-01
2.793876620329245331e-01
2.799204827272227525e-01
2.770143923905168948e-01
2.931775496615086074e-01
2.812101171305577685e-01
2.802810665116393096e-01
2.806487467192158580e-01
2.799001372388098541e-01
2.744969580241142793e-01
2.864374162475832875e-01
2.739833322842142316e-01
2.783254270763009797e-01
2.796039623775281591e-01
2.755919697027631732e-01
2.763515520837032668e-01
2.819109201121858255e-01
2.873601737174311666e-01
2.809579150438218931e-01
2.821875167471955548e-01
2.800737548117140374e-01
2.775406220670096347e-01
2.821234796502078424e-01
2.755791624453596267e-01
2.738341717513692042e-01
2.734306057073703222e-01
2.774569602205544383e-01
2.809480960422864326e-01
2.783580435228650840e-01
2.780263857471571010e-01
2.792090466065121901e-01
2.798714632649737521e-01
2.804730191998403011e-01
2.768916668398598291e-01
2.843999220770027647e-01
2.808864764684024240e-01
2.859023203013241754e-01
2.802022789189897445e-01
2.791756783039593959e-01
2.809791579163808950e-01
2.754549218475930150e-01
2.796603489687075061e-01
2.749713649948140604e-01
2.767511117261726161e-01
2.738275048469300255e-01
2.773973843383264470e-01
2.795749048589539210e-01
2.830991778401524273e-01
2.795316935926107083e-01
2.805306640914156380e-01
2.828316277547309188e-01
2.774618662219155429e-01
2.817603307522801859e-01
2.772341893930257428e-01
2.839729012911551553e-01
2.803071052346200465e-01
2.756694117758211049e-01
2.772703254832498687e-01
2.790155833387377160e-01
2.766490707085020317e-01
2.789260617915550466e-01
2.829890817883752296e-01
2.769195621118726858e-01
2.746784549025097499e-01
2.813067956445325923e-01
2.815188244105765181e-01
2.845862092754101735e-01
2.804994666853850016e-01
2.852791495718925430e-01
2.809341210888691709e-01
2.752698518897292446e-01
2.760013441983182880e-01
2.802738391940655660e-01
2.743995435545273920e-01
2.761114462875504105e-01
2.740085015619962427e-01
2.756933890538917353e-01
2.816703088049143378e-01
2.831469831841705864e-01
2.793021244695706451e-01
2.890478580686182686e-01
2.823740938126853006e-01
2.789117351094314579e-01
2.792273844174575914e-01
2.802582940425138447e-01
2.762206057061246112e-01
2.795023101669192322e-01
2.727446840749418455e-01
2.793998431578808006e-01
2.839578173820788698e-01
2.809586871001329977e-01
2.831408015388215960e-01
2.836199127525627639e-01
2.789654621796123779e-01
2.771469646291144784e-01
2.863467465337247164e-01
2.755839647407251625e-01
2.749571071802880962e-01
2.828964798167339922e-01
2.809146015155644660e-01
2.768359688765095195e-01
2.810197623663636679e-01
2.821176914359665999e-01
2.814905996656256182e-01
2.827616749404445184e-01
2.755571204958277565e-01
2.780060694668589627e-01
2.731157795520319231e-01
2.803778935224960911e-01
2.806540082107250589e-01
2.756828688584868625e-01
2.793677394585990514e-01
2.824619244854702504e-01
2.790435372753979903e-01
2.848790186999224372e-01
2.790916947477850019e-01
2.787057290737740556e-01
2.782627309807609861e-01
2.792733810627078817e-01
2.786172327959547390e-01
2.791930913767429745e-01
2.824666908582061930e-01
2.824973434979795028e-01
2.808826884156200299e-01
2.749635064668394802e-01
2.829171761335676494e-01
2.784775756457754103e-01
2.811684343637989580e-01
2.792187550273600438e-01
2.847351898512358037e-01
2.784799628722514631e-01
2.790123044214446457e-01
2.749938753256632173e-01
2.747594537350458443e-01
2.762035805634903696e-01
2.768801144586339191e-01
2.762070895937919213e-01
2.785181782013115281e-01
2.848581115039205969e-01
2.756146907216949771e-01
2.764984322509212444e-01
2.767988660839936221e-01
2.792193199500760947e-01
2.810220741140215805e-01
2.875527922327790198e-01
2.843811322367887362e-01
2.807242696158839257e-01
2.827898888491636176e-01
2.817813539475845230e-01
2.756157628673780446e-01
2.769476080504320592e-01
2.820070017895087156e-01
2.803268294151807782e-01
2.859464226555221145e-01
2.814029476991459777e-01
2.788254327936058319e-01
2.773295366614942914e-01
2.821666202197143924e-01
2.793038725169932901e-01
2.794542337298128176e-01
2.755537916635312223e-01
2.835368244911715685e-01
2.891719873827838794e-01
2.893705127848698044e-01
2.763568977368774937e-01
2.806148797024005104e-01
2.871695303939773014e-01
2.833036990306739833e-01
2.804417049041175169e-01
2.872739560097259948e-01
2.857029358665393315e-01
2.786130793440174669e-01
2.805916178332499844e-01
2.776630325445386682e-01
2.835780705634072807e-01
2.889534222267804986e-01
2.822163577734977391e-01
2.773520323582484015e-01
2.842270058304685598e-01
2.815869504804838219e-01
2.758685913446373150e-01
2.778843055670715545e-01
2.823457198450021188e-01
2.786055262862911497e-01
2.820257685464125363e-01
2.773122890159399612e-01
2.805141957323586399e-01
2.788273611923619555e-01
2.758138388781974371e-01
2.847553998173746326e-01
2.782261532149442051e-01
2.760937802241969496e-01
2.833981406135173686e-01
2.802685158423776635e-01
2.773874767371006800e-01
2.821045441055444192e-01
2.872307008468954481e-01
2.881060226345828479e-01
2.809184439179252535e-01
2.768111041273043083e-01
2.799345408102489885e-01
2.784696658692551452e-01
2.833791633204743587e-01
2.796160659147082783e-01
2.815397555916772099e-01
2.773888520552886816e-01
2.761358748821002296e-01
2.835774048240645162e-01
2.753525162193284359e-01
2.824299821524787757e-01
2.817004498378986588e-01
2.827324769496759038e-01
2.779628280460075263e-01
2.776690911085311630e-01
2.845048228242270105e-01
2.802003682639115367e-01
2.846688611061315433e-01
2.750493478641281575e-01
2.778530933958309745e-01
2.796582673324310431e-01
2.817341309511477987e-01
2.812260396934727624e-01
2.813002279404297479e-01
2.796026317062417221e-01
2.723647130245875903e-01
2.821185856639761846e-01
2.846743564473953603e-01
2.859391020935925787e-01
2.810932000067049574e-01
2.808709278806106324e-01
2.816068615536968522e-01
2.850290317545317031e-01
2.755645400268949552e-01
2.794361810211036801e-01
2.810050103500374430e-01
2.798536858621522572e-01
2.775780661315809250e-01
2.854751771638168178e-01
2.818613142274704608e-01
2.785483820635379915e-01
2.819011195675686365e-01
2.788284736832373767e-01
2.825588611242558779e-01
2.799082765502387549e-01
2.802048281958327558e-01
2.748361970172095714e-01
2.724280845933402251e-01
2.727662739676091630e-01
2.798879941754622291e-01
2.822387989520906970e-01
2.828679415932396357e-01
2.753957011499867935e-01
2.831265843438375285e-01
2.829761978545545786e-01
2.794739349556588648e-01
2.798028532497408571e-01
2.826594141461403198e-01
2.791166990818635951e-01
2.737698857850142109e-01
2.786022003187159646e-01
2.833680765156353920e-01
2.738534690738854693e-01
2.797799314984985020e-01
2.772559947308433359e-01
2.781501875254484557e-01
2.757506734278617477e-01
2.749555920206064874e-01
2.795415554561645477e-01
2.810674882647781758e-01
2.786946502084555743e-01
2.765860317168786775e-01
2.788361163652982033e-01
2.797171065690664538e-01
2.798451130498144646e-01
2.833066571859721439e-01
2.833051372180498961e-01
2.792790416857172664e-01
2.763313054426032589e-01
2.793490529428380720e-01
2.802505391146281610e-01
2.799207251255685369e-01
2.803210108743578455e-01
2.781365201783363439e-01
2.835455502967508257e-01
2.817906189956926322e-01
2.767537487721767331e-01
2.922497192192861637e-01
2.817726231166536865e-01
2.836599579037991647e-01
2.790360890135947791e-01
2.786443638474780382e-01
2.758925068793925961e-01
2.796747379992850502e-01
2.763103988520249632e-01
2.750537421312883590e-01
2.745809418356817133e-01
2.822735630850803368e-01
2.742218898078321865e-01
2.843489740635379848e-01
2.835596725333120460e-01
2.836437683415987121e-01
2.826769143140430152e-01
2.824632020340627769e-01
2.793038497733360548e-01
2.850998564017822035e-01
2.745938842441919547e-01
2.777396175109141385e-01
2.753470937906369875e-01
2.863432403804902493e-01
2.836232770892105348e-01
2.777392706899708963e-01
2.820023542870900846e-01
2.817704564937579259e-01
2.839342569790131998e-01
2.791557906943996636e-01
2.901674871604007500e-01
2.852281939187075177e-01
2.839551787830061902e-01
2.811651892024604749e-01
2.741951293898668984e-01
2.759848275748325030e-01
2.811192037520346965e-01
2.791304185543662109e-01
2.794084618754697491e-01
2.768135483028644206e-01
2.788341741135718643e-01
2.839977652392220442e-01
2.766767308742683618e-01
2.834197904701313830e-01
2.772058072021615915e-01
2.804750368025943352e-01
2.784473724297991115e-01
2.878817057376115707e-01
2.812200042112019127e-01
2.776011407670525011e-01
2.835248437557951195e-01
2.853222896988721891e-01
2.823759018850028890e-01
2.831609431171625557e-01
2.776396992258951535e-01
2.770319464358171335e-01
2.809765843931060214e-01
2.787066474684159467e-01
2.828779455838709711e-01
2.807544754013700516e-01
2.764738791025699860e-01
2.742439752112570961e-01
2.811648795494794961e-01
2.794417306510477705e-01
2.849112024198884319e-01
2.817128219640710474e-01
2.813053203427245963e-01
2.745620075977440733e-01
2.778447354443792094e-01
2.815908295067823253e-01
2.847336236376547536e-01
2.737116474983232739e-01
2.765788788308935486e-01
2.896012845933110813e-01
2.856703518334416936e-01
2.808770124141908853e-01
2.860750203781422529e-01
2.793961234570286334e-01
2.835529183796928199e-01
2.818383504308525356e-01
2.749561399791858873e-01
2.819912677935365042e-01
2.764575325098771463e-01
2.757036731699074594e-01
2.774043194718161520e-01
2.794643967176532184e-01
2.774635786430439399e-01
2.769157292022174643e-01
2.845439481012440597e-01
2.806339068172239992e-01
2.828441108000310789e-01
2.803339570037955419e-01
2.852446825653000007e-01
2.811011595656703888e-01
2.797856932063516600e-01
2.764124463594658798e-01
2.793384614807061239e-01
2.826269374104943277e-01
2.833211605371018238e-01
2.923136683776406675e-01
2.800717843021186537e-01
2.818232870529250866e-01
2.782781829124092443e-01
2.745597660428368836e-01
2.781059083718026015e-01
2.788776921819544619e-01
2.795469751253363833e-01
2.793946672516798846e-01
2.784429356091703278e-01
2.769406801350083880e-01
2.879490630898076109e-01
2.754472566882525952e-01
2.793795953137628851e-01
2.704859481463455229e-01
2.807401413116397682e-01
2.734130103258507472e-01
2.828429013187221397e-01
2.805584036350826649e-01
2.757165976991738376e-01
2.797635359169565739e-01
2.835810743054857919e-01
2.824821091422212160e-01
2.821533796140983097e-01
2.802089682951618421e-01
2.798455091379126736e-01
2.720977376334510756e-01
2.800583952317071690e-01
2.788195159820592295e-01
2.756300074685502088e-01
2.780464810476936943e-01
2.766114193148108691e-01
2.802807077671601310e-01
2.824970705201417243e-01
2.832767026815935507e-01
2.790416709231284265e-01
2.796055546535677894e-01
2.853299014635343744e-01
2.781535117554402303e-01
2.773310894082429701e-01
2.752074581848582002e-01
2.785231822145373126e-01
2.848390527969710817e-01
2.864720342946666110e-01
2.792639855897168788e-01
2.727370436924524966e-01
2.783449111523021990e-01
2.763598096811694660e-01
2.869463159164773458e-01
2.792275756532155429e-01
2.868264023822786890e-01
2.811582279903933612e-01
2.815302684819309675e-01
2.829091820904584553e-01
2.773620845399122348e-01
2.804865271111820491e-01
2.760756881916186511e-01
2.779369610452518402e-01
2.771815794326228377e-01
2.832269418402513783e-01
2.737390012328794753e-01
2.827315445387907356e-01
2.761081854627460141e-01
2.840506804986376865e-01
2.778464419281911346e-01
2.771297626957049398e-01
2.791836039897959143e-01
2.769779868339474760e-01
2.799241373799196131e-01
2.770897362049002388e-01
2.882035385121499149e-01
2.868985328932217582e-01
2.875046051572482941e-01
2.836977692547211216e-01
2.834224381008986215e-01
2.795218861301903557e-01
2.819315393902352418e-01
