1.992294065643629208e+00
1.588993586012570125e+00
1.518785526737404856e+00
1.462361702190241530e+00
1.449177346943327116e+00
1.435730117101096992e+00
1.486169928187222711e+00
1.535748431320751450e+00
1.468086243921581602e+00
1.482789725185233554e+00
1.429925712279819683e+00
1.469761320109312042e+00
1.540718984627588162e+00
1.454754680941668266e+00
1.485328535119529780e+00
1.445979623469042963e+00
1.419726129199702980e+00
1.498872593861882763e+00
1.501808885958463069e+00
1.488627802958240487e+00
1.485179707649838088e+00
1.413097797780344722e+00
1.442597847843689829e+00
1.430248941754984182e+00
1.494459491136270746e+00
1.488830968823289691e+00
1.494408025938334994e+00
1.474193691084502822e+00
1.458108004176465800e+00
1.474705367057937089e+00
1.503710485723724455e+00
1.513811225481161538e+00
1.472962665727777232e+00
1.462779040625644678e+00
1.549644361158667438e+00
1.509066820163051936e+00
1.556610386561209314e+00
1.479004055696621300e+00
1.463207595747970435e+00
1.490157599992123272e+00
1.421622647854711596e+00
1.440756487429081911e+00
1.456245850254913154e+00
1.450614511097623849e+00
1.435123230508726255e+00
1.474378898906971047e+00
1.515490643446418151e+00
1.470169909197406977e+00
1.442982839726721034e+00
1.501402583910020905e+00
1.440866567948841492e+00
1.489635671599979672e+00
1.464048746880522334e+00
1.480414129989959804e+00
1.527655494968243488e+00
1.398492405311793974e+00
1.447599307156980597e+00
1.458469524299987441e+00
1.432137802198373056e+00
1.487117283486409258e+00
1.483089846814203305e+00
1.469805799791521927e+00
1.504205289201638207e+00
1.436599989934397081e+00
1.426830158135064197e+00
1.447862540414586174e+00
1.483136833260211729e+00
1.463747336590966341e+00
1.490051183580467509e+00
1.472195490970169107e+00
1.461341420548009085e+00
1.562417124323481010e+00
1.492692944362810081e+00
1.469444757953159097e+00
1.445289044298453396e+00
1.491621346592758357e+00
1.439612207747483774e+00
1.485122838428650338e+00
1.455190834350637008e+00
1.475708232634393990e+00
1.527798327710671700e+00
1.489778268130116823e+00
1.545512410272799730e+00
1.419751177509057660e+00
1.437711796022966615e+00
1.495094111206828336e+00
1.461557182110483799e+00
1.508435315766885054e+00
1.442293507921623030e+00
1.519132764049236028e+00
1.420034970426866217e+00
1.449821506622380518e+00
1.515189383832376002e+00
1.500752123929503856e+00
1.541137085358471825e+00
1.481074493891581856e+00
1.465712035537959146e+00
1.483625693151088276e+00
1.467541254714780585e+00
1.507241789563892098e+00
1.423262272665023476e+00
1.468764159118371992e+00
1.492010043874823166e+00
1.534465438406416249e+00
1.436786559862034851e+00
1.471209773311940694e+00
1.496705164774254415e+00
1.496417805714814975e+00
1.492894468753662274e+00
1.499418160541191369e+00
1.478874364760293325e+00
1.481898368780720565e+00
1.427208176939197104e+00
1.406151030696346060e+00
1.433074056630442294e+00
1.484854253726971995e+00
1.430626873820308509e+00
1.448314534683293964e+00
1.453313863349789958e+00
1.507202881958515261e+00
1.546168901407197316e+00
1.484477333732989512e+00
1.419483490506259882e+00
1.530330658939772714e+00
1.433271866636631975e+00
1.463245911635173480e+00
1.441213184607654796e+00
1.479682140301168625e+00
1.474540494552893932e+00
1.479740936079367630e+00
1.540988933571572517e+00
1.501213922530426848e+00
1.452950594370126636e+00
1.472078568239908902e+00
1.433752014365920147e+00
1.438586911449021510e+00
1.445334538260315771e+00
1.444113651372199936e+00
1.489738075712926824e+00
1.456525387503345481e+00
1.496807399811012518e+00
1.422506603143549375e+00
1.457683668646777120e+00
1.497729270803390911e+00
1.468505287181457453e+00
1.452674399260934335e+00
1.488885756374251468e+00
1.502762388993841514e+00
1.431076747277231220e+00
1.448840915795864825e+00
1.474070199408273441e+00
1.508315959346976154e+00
1.465926009861975077e+00
1.472017328236831846e+00
1.477186998043749089e+00
1.502413591151105621e+00
1.438916609841702776e+00
1.429660454125801783e+00
1.488546016898554036e+00
1.429875345275383625e+00
1.517551794197270931e+00
1.436096656340741795e+00
1.469293601416518991e+00
1.426384247718955667e+00
1.418581783029775334e+00
1.413014700946845892e+00
1.494847205555386971e+00
1.436012042222769791e+00
1.435280321541146931e+00
1.491344881797419308e+00
1.552205848799136811e+00
1.453877362605247914e+00
1.464798754571817296e+00
1.463334105352052328e+00
1.480413067956455331e+00
1.481738527141184036e+00
1.440911781519289780e+00
1.453788732260699268e+00
1.474248884062917764e+00
1.473578877239440699e+00
1.497167493479282241e+00
1.541490629308011062e+00
1.477787071665464635e+00
1.482872293747708792e+00
1.462395547098754633e+00
1.455811142839333883e+00
1.459601214656315982e+00
1.485761799598535715e+00
1.491045275223018551e+00
1.452643934946309390e+00
1.424572007808412755e+00
1.541072033788096096e+00
1.498215207791393722e+00
1.551577435957534501e+00
1.507527555227983651e+00
1.500471029038868309e+00
1.437533530349949240e+00
1.459620475423303088e+00
1.511893096292110439e+00
1.556876432888038897e+00
1.517358388027987282e+00
1.498463158508594795e+00
1.507758297921302226e+00
1.524846658019133550e+00
1.498075505831364618e+00
1.564237075328419158e+00
1.486641683744030384e+00
1.435392367007960468e+00
1.471431485824629348e+00
1.468465603529260033e+00
1.473119619014059634e+00
1.477702302560407466e+00
1.416406099274698738e+00
1.487055111893687664e+00
1.519967837014139844e+00
1.485065168039679584e+00
1.433429130725567324e+00
1.451033827224139872e+00
1.410679106484262757e+00
1.436778378648787768e+00
1.479628949246471148e+00
1.482147682275042122e+00
1.507330698153428017e+00
1.451557379758711575e+00
1.430836834609740427e+00
1.521033862649561641e+00
1.449494184476342040e+00
1.444953688099554379e+00
1.420064686579695756e+00
1.482669513752564283e+00
1.455318516998045597e+00
1.476995080722265152e+00
1.542336716270315655e+00
1.518226371077326053e+00
1.452523800246081631e+00
1.441247359639642012e+00
1.534373558789030145e+00
1.418719846648046623e+00
1.494207570158079923e+00
1.452727733013389866e+00
1.490601240590338827e+00
1.505419529805958501e+00
1.493873244018194102e+00
1.445056692207437488e+00
1.429972669218438908e+00
1.447685919415882427e+00
1.460641329713251890e+00
1.558347236495586374e+00
1.505576026788982835e+00
1.456735595010061113e+00
1.442402571218199148e+00
1.469535312820217765e+00
1.508128766825780565e+00
1.495773559358291926e+00
1.457366903111531720e+00
1.476357069958865065e+00
1.447122110832197439e+00
1.486190460654878143e+00
1.474284714262912299e+00
1.431477005264819358e+00
1.431311156278109342e+00
1.457665671038906874e+00
1.505168162143572186e+00
1.457500825842677372e+00
1.475253739757576454e+00
1.482205395751660326e+00
1.408889968198193010e+00
1.502617462248557523e+00
1.448516289030887139e+00
1.499523065889198037e+00
1.457301026043048564e+00
1.456715926148115070e+00
1.470431992474747318e+00
1.425926365750666003e+00
1.424829133858683372e+00
1.453154568380002676e+00
1.479076237176997877e+00
1.468489942429928918e+00
1.437211093534708883e+00
1.451647585571216981e+00
1.500794739847848058e+00
1.476850827878843697e+00
1.489231714483164826e+00
1.497763131320381191e+00
1.454092175210912385e+00
1.470745047934149730e+00
1.457122632187467515e+00
1.472473733197732892e+00
1.522394094364540873e+00
1.477931481318693452e+00
1.450028571965820356e+00
1.527625391285857281e+00
1.480324706112120969e+00
1.484204666994587196e+00
1.437567600228239151e+00
1.416848771223079284e+00
1.468334420330301704e+00
1.461056818103195099e+00
1.542040514968279874e+00
1.439190817950108725e+00
1.463906772221655217e+00
1.490610331597826743e+00
1.455741425641994935e+00
1.501018415681605100e+00
1.426596007386519593e+00
1.434484728768348649e+00
1.438527849987763174e+00
1.536058153624215494e+00
1.525940412581157979e+00
1.458406531032953035e+00
1.425791104439674495e+00
1.472650229744776995e+00
1.472157763848777723e+00
1.491696044682784050e+00
1.440007915176784836e+00
1.417204546748783711e+00
1.507620739943018595e+00
1.524600891054241014e+00
1.508809169349248025e+00
1.534707395698184706e+00
1.445945570592026108e+00
1.490252363576802352e+00
1.483874035211555142e+00
1.485561591998479036e+00
1.435120235261077459e+00
1.428328496929000213e+00
1.500037380414733557e+00
1.554618129353255052e+00
1.427993599735921881e+00
1.458437719792815113e+00
1.446772471580029418e+00
1.443937016197391010e+00
1.464392202832897949e+00
1.469196967127504694e+00
1.474076250709474234e+00
1.556885998618081413e+00
1.484576500537836186e+00
1.447290192736194969e+00
1.414902558936823374e+00
1.428262253080412991e+00
1.498421588693356954e+00
1.508354688781821995e+00
1.433128413782671418e+00
1.486967907385067456e+00
1.469144607306386296e+00
1.478844142238039616e+00
1.443470280592539678e+00
1.455499185497061365e+00
1.468132252642080138e+00
1.512958327724249541e+00
1.520170100136680746e+00
1.448498374280340117e+00
1.501307334262595994e+00
1.501248189520664855e+00
1.441236256788732240e+00
1.443529114227384502e+00
1.497966627442027798e+00
1.499085022605944451e+00
1.477915170405606382e+00
1.425755592333175059e+00
1.461903784038212084e+00
1.501101005227455598e+00
1.440066812165267773e+00
1.466703125651882544e+00
1.516246137491905399e+00
1.500813356982148905e+00
1.527103235938797710e+00
1.441596162940932402e+00
1.461617388424384822e+00
1.453689562820811743e+00
1.440322618296946189e+00
1.475123359595486239e+00
1.432069060461146792e+00
1.443451187860184115e+00
1.463325326040514351e+00
1.497766995923888400e+00
1.459514516809518270e+00
1.507506781043624233e+00
1.476112553961897778e+00
1.466259175619053501e+00
1.434195425553892012e+00
1.423574356356822612e+00
1.460261333008425977e+00
1.454065482605040316e+00
1.425566787001067537e+00
1.448549771175127843e+00
1.484582373748498441e+00
1.466621988725954617e+00
1.444681232115870850e+00
1.474535464795258877e+00
1.436026762212172514e+00
1.561439630566193282e+00
1.477267889701789461e+00
1.473166230186337966e+00
1.457889685789272249e+00
1.428802733761925348e+00
1.484564617477364790e+00
1.458121005525405911e+00
1.502988534493109318e+00
1.472757141438940875e+00
1.471384264854177282e+00
1.473273750106387725e+00
1.497011551226945958e+00
1.486568143823776778e+00
1.457070222567708129e+00
1.510722455504144079e+00
1.467295355399764079e+00
1.460463256796013409e+00
1.494146327199493030e+00
1.468172991933454741e+00
1.471288981289532449e+00
1.541391949637858083e+00
1.463837645417263467e+00
1.454235622144803619e+00
1.448104456608457991e+00
1.515884547346831646e+00
1.553922937710295216e+00
1.445666876228962172e+00
1.469728225154285584e+00
1.463244527347657975e+00
1.466236506485515179e+00
1.548444241128772214e+00
1.495670477373950202e+00
1.429188440875487354e+00
1.478893128667118528e+00
1.445715761861487536e+00
1.457792868940948505e+00
1.463089763354524786e+00
1.445021411223953001e+00
1.504303388658401852e+00
1.471781602557150626e+00
1.426621475242831005e+00
1.438917900409288686e+00
1.450836005794352568e+00
1.505566786445817984e+00
1.536511373666314073e+00
1.489891009390831744e+00
1.475944568167422810e+00
1.476608662427470797e+00
1.482512113618644545e+00
1.503118711123608398e+00
1.445384516918172935e+00
1.471275687950022393e+00
1.507271834162531299e+00
1.472344149591304996e+00
1.497736112701760325e+00
1.456854381062554937e+00
1.435629096018020912e+00
1.493804599564996005e+00
1.449081811825178034e+00
1.447916821878490135e+00
1.484425076111512753e+00
1.447655143375147224e+00
1.466835884039517923e+00
1.440429590306449015e+00
1.452984266456842422e+00
1.552041932696273774e+00
1.473357543802579883e+00
1.472032061214964216e+00
1.470310211297156444e+00
1.426517013843007442e+00
1.511120892860213782e+00
1.468969832677520237e+00
1.441926251807523540e+00
1.463438076614432148e+00
1.524911870750691900e+00
1.529105466060605600e+00
1.539889247684782747e+00
1.512657562986772453e+00
1.496137297492732721e+00
1.415161520756613056e+00
1.499132429625992247e+00
1.424152204675865674e+00
1.478438201797282581e+00
1.466543805082218155e+00
1.477887741084040307e+00
1.447966693854582987e+00
1.478574616045993606e+00
1.494804837524642771e+00
1.427701544437307124e+00
1.450291465525113344e+00
1.483318364395881606e+00
1.499290933666980630e+00
1.447537844787517125e+00
1.478658276768512581e+00
1.484636708967545182e+00
1.447736403873117750e+00
1.479494791624030858e+00
1.488071095172661007e+00
1.471730759503919961e+00
1.522868710044519514e+00
1.451733698687886154e+00
1.457905345384736373e+00
1.507521466895454854e+00
1.478503173242310842e+00
1.466066733263332145e+00
1.447941755375671269e+00
1.490787412693437286e+00
1.445071493166562249e+00
1.436288121401110063e+00
1.417494434022313010e+00
1.479018921127836617e+00
1.515038021001055224e+00
1.467560570099950334e+00
1.461892447583870602e+00
1.457895882682366917e+00
1.501928619650766183e+00
1.509706172739695651e+00
1.461769918762101828e+00
1.476699613215052720e+00
1.463570594911026701e+00
1.428471705837674133e+00
1.509424161432907807e+00
1.466562570972026691e+00
1.475163151509316428e+00
1.443117652696024766e+00
1.503504396118081621e+00
1.488207842086685773e+00
1.462041376597406739e+00
1.488903270847482752e+00
1.503581851599293806e+00
1.460633635638560301e+00
1.494342690462429957e+00
1.438133905850058181e+00
1.461047336127009100e+00
1.453601682240981852e+00
1.424489502256170104e+00
1.511970792613830383e+00
1.433342075365303891e+00
1.477296853930671894e+00
1.520295128117445049e+00
1.455960332919641997e+00
1.514047574822893205e+00
1.488968593038149324e+00
1.557077752942018112e+00
1.522141881908844363e+00
1.494651615119590549e+00
1.442164636651620313e+00
1.430409852681529426e+00
1.478965455633870274e+00
1.476482225794626624e+00
1.524198685396809028e+00
1.528820367040639949e+00
1.450314509102821781e+00
1.451158215354621639e+00
1.453906185705621246e+00
1.540631470246384138e+00
1.474106219562453246e+00
1.469099639623505427e+00
1.428895540598714708e+00
1.496476177237494598e+00
1.438201917766185778e+00
1.467851674352129043e+00
1.533700123717295138e+00
1.434150688119099737e+00
1.445812294169416701e+00
1.503770380757414982e+00
1.521637201697897401e+00
1.457493332676393472e+00
1.448969819902948597e+00
1.503163379955561485e+00
1.445220381183917047e+00
1.470114333693910869e+00
1.445280234350418080e+00
1.495416635814532880e+00
1.489659092419679975e+00
1.456152511183415488e+00
1.453462977798659406e+00
1.456776413221962940e+00
1.457764822242385350e+00
1.466705453686619309e+00
1.542592871887880968e+00
1.501593074375801917e+00
1.462001424880897016e+00
1.467021904886672168e+00
1.457623178567534428e+00
1.478106959803329623e+00
1.423042302507798507e+00
1.541702538112217580e+00
1.455952969554759502e+00
1.450729850672265897e+00
1.443669294688514571e+00
1.488013071980189617e+00
1.512917750746862078e+00
1.461515962683752612e+00
1.449502978571154843e+00
1.452268094546574684e+00
1.416064492735200187e+00
1.427955599397267461e+00
1.441767193371396916e+00
1.437724667109103738e+00
1.506898989376939779e+00
1.430632312420475838e+00
1.488890000660002766e+00
1.468763768428658967e+00
1.478474729515228070e+00
1.478430389834364478e+00
1.429536425310490744e+00
1.539496540587876439e+00
1.440315128616198814e+00
1.463558239513860659e+00
1.505137497120700552e+00
1.447451998285237629e+00
1.451210456193088527e+00
1.489771546762155507e+00
1.426354870725586643e+00
1.474161684759246693e+00
1.503662867492652655e+00
1.465084406348636348e+00
1.423453253996571188e+00
1.486267507474733574e+00
1.425994944423867317e+00
1.475202274229447941e+00
1.480131225259394556e+00
1.544546169797732738e+00
1.431040558197750556e+00
1.435233256411754477e+00
1.455662761575903019e+00
1.463342172235515104e+00
1.454446584390951314e+00
1.457783620540126224e+00
1.499453102034194574e+00
1.430687035982109778e+00
1.417206670230928056e+00
1.504342681433029627e+00
1.484180688032924467e+00
1.427858036025220878e+00
1.436420712273658307e+00
1.436921686177700774e+00
1.463042898978687445e+00
1.500440459925842740e+00
1.459005038073684313e+00
1.449497185908629193e+00
1.402612073474533760e+00
1.496063813366831585e+00
1.492146893276036446e+00
1.476302832808728427e+00
1.438217207819121324e+00
1.482304416274514258e+00
1.461504049230268443e+00
1.490568946196884070e+00
1.536471323832859559e+00
1.455001543752616033e+00
1.501092311253184430e+00
1.501962673341840970e+00
1.454767527204311461e+00
1.505292036537846823e+00
1.449923391308275189e+00
1.476271243297720970e+00
1.421159640874863683e+00
1.422813589241549881e+00
1.426596118828176385e+00
1.423827700614355374e+00
1.495125660084285490e+00
1.487747007952855638e+00
1.437368653472437030e+00
1.481614781995837848e+00
1.496408864515691661e+00
1.446707436064987196e+00
1.453492835122004445e+00
1.517967570251397058e+00
1.502801351476912073e+00
1.505559765311702769e+00
1.467521153440396464e+00
1.426567546185027791e+00
1.483291203470302522e+00
1.456344317790638332e+00
1.440601214012854570e+00
1.428504641364437999e+00
1.445803283318752630e+00
1.512056467399389259e+00
1.476275170473117404e+00
1.420893625304813890e+00
1.493050053270049027e+00
1.463055651602031881e+00
1.473092764128336007e+00
1.492265451682097233e+00
1.443303676787572654e+00
1.488953057570852945e+00
1.497149574304960540e+00
1.476094911575720481e+00
1.510958793610833295e+00
1.509260860589864306e+00
1.460593647012639273e+00
1.477378421326498215e+00
1.424999509459634162e+00
1.544752208826501771e+00
1.433757628610023982e+00
1.474171670427158132e+00
1.512465244667405617e+00
1.463922427924491565e+00
1.423290343294149274e+00
1.464421039695169346e+00
1.457485534149009609e+00
1.476637915705434567e+00
1.429187963351509882e+00
1.424453631499307038e+00
1.455156121537313441e+00
1.448674330375227415e+00
1.456120263188091846e+00
1.433896287501401190e+00
1.482067670401593595e+00
1.426060174368770195e+00
1.471679438231771053e+00
1.461613136497094567e+00
1.472008641416267416e+00
1.501099436921985664e+00
1.463153257052330014e+00
1.478239546368702362e+00
1.453819095576567522e+00
1.474772452714975701e+00
1.485757639835016741e+00
1.459966919757111015e+00
1.466569675017976193e+00
1.448025824139286932e+00
1.474765020008021121e+00
1.465387758233232640e+00
1.468709180617668641e+00
1.442868921331553533e+00
1.490072087985537364e+00
1.472298053441770005e+00
1.446530126741239597e+00
1.429147455716778037e+00
1.433802226508445132e+00
1.432380769879867177e+00
1.447693032569762117e+00
1.518537768067404814e+00
1.486946437478898098e+00
1.448370851220550426e+00
1.442845961306240765e+00
1.452321502261165298e+00
1.448511223359798761e+00
1.480936496702011329e+00
1.456767725811086267e+00
1.422680424276241640e+00
1.440741952063905762e+00
1.481061006858963580e+00
1.510739601420393319e+00
1.443315532903172604e+00
1.430097608235926243e+00
1.436500981699931234e+00
1.508105791283127939e+00
1.511336922751568723e+00
1.485106961004129866e+00
1.551452291901862512e+00
1.447115909863692762e+00
1.578955892050775578e+00
1.458250225959600410e+00
1.438720590039873404e+00
1.549632112648727800e+00
1.460631570728765372e+00
1.448881354077817596e+00
1.481798148467406095e+00
1.445737669572430661e+00
1.507323317634821080e+00
1.503947796294992756e+00
1.421356210368351691e+00
1.432708423521288132e+00
1.505712621096080728e+00
1.503923310963274806e+00
1.460724804069015059e+00
1.526752321879579322e+00
1.487886437778040083e+00
1.439676135657788958e+00
1.463140648772273567e+00
1.483801549592197233e+00
1.442730831144061421e+00
1.485893768266556281e+00
1.458493897874149070e+00
1.420571862782496142e+00
1.503454395261897947e+00
1.433295571790278000e+00
1.495817388300848316e+00
1.455344179178493125e+00
1.474929577873021147e+00
1.455444582033747603e+00
1.447069090378056089e+00
1.470525122725664380e+00
1.460249100194216831e+00
1.472378360033053113e+00
1.502384331178377996e+00
1.438343601372847669e+00
1.513213735101214485e+00
1.429683490643678834e+00
1.437767646019880274e+00
1.443328130467854686e+00
1.451071237720833462e+00
1.458762159835962580e+00
1.437502672282690686e+00
1.514436520052363511e+00
1.494550970006353285e+00
1.517993320974252880e+00
1.513739557051090312e+00
1.459238614503975517e+00
1.461164998959767036e+00
1.493531538642673517e+00
1.494498998904947973e+00
1.500748691301733384e+00
1.461337428034868102e+00
1.442792438775890806e+00
1.468825325073975119e+00
1.476478578141031450e+00
1.452952900991174134e+00
1.473945604392773667e+00
1.462518122821416355e+00
1.497879513516054972e+00
1.530983226574220257e+00
1.457434262631178035e+00
1.435932577691206857e+00
1.453513482776864318e+00
1.444228898722649479e+00
1.453791754854297125e+00
1.445512208160500522e+00
1.486711995275358467e+00
1.485828722388624401e+00
1.538293703427678238e+00
1.447161125311906105e+00
1.471001676683459936e+00
1.509352866730291343e+00
1.505075228383882413e+00
1.499733410674520595e+00
1.423320723990025405e+00
1.468735401045752509e+00
1.482028969552033892e+00
1.451110421645369186e+00
1.459518695726668813e+00
1.516721319788548739e+00
1.450546965198668437e+00
1.434480702600431812e+00
1.448561991180215225e+00
1.481288443771257013e+00
1.530822066168987083e+00
1.460373351826698363e+00
1.500610711492365246e+00
1.478214047099730255e+00
1.439020315010644646e+00
1.481344934855826523e+00
1.480287407541157618e+00
1.454818802255851917e+00
1.475482942950215870e+00
1.432509113390468158e+00
1.431850659046630225e+00
1.459013683000052852e+00
1.419100107996913662e+00
1.435356544165940385e+00
1.443500504634557258e+00
1.452204506568865794e+00
1.502914616632296196e+00
1.452821412811739155e+00
1.483316219146625814e+00
1.435706726102992992e+00
1.506523684505959748e+00
1.451956263907541622e+00
1.641463596742368747e+00
1.415702850195548423e+00
1.422669457274521099e+00
1.543100126826613572e+00
1.444891887733201319e+00
1.467715870843608661e+00
1.466796317494496238e+00
1.508504702330579539e+00
1.443904307835029321e+00
1.466840497608092875e+00
1.475055900239577999e+00
1.480757115811190960e+00
1.433105018793645380e+00
1.460411682367518171e+00
1.439540047553496072e+00
1.474811121153241311e+00
1.469761357937756863e+00
1.437667289680139904e+00
1.474385218839919132e+00
1.485513383161152445e+00
1.484192281289921089e+00
1.473018800369482628e+00
1.477248524288458098e+00
1.465691156252083571e+00
1.523217337136297589e+00
1.504008849486657473e+00
1.452457125208217015e+00
1.492902099816480810e+00
1.414675640687161673e+00
1.497047633839004410e+00
1.463658985013148062e+00
1.504366350251741480e+00
1.434654177755774640e+00
1.517727252553653150e+00
1.435667011075710375e+00
1.442207467743578331e+00
1.494376211919130393e+00
1.491747245725901116e+00
1.499849315484099055e+00
1.472176913154867872e+00
1.440192697741587535e+00
1.505403659112153791e+00
1.453989735227791069e+00
1.503823616605318048e+00
1.435886611142766833e+00
1.493013564661679560e+00
1.488232580249656101e+00
1.555131037824442730e+00
1.407755079984023494e+00
1.540770488192940713e+00
1.476501807224068319e+00
1.491542841044440015e+00
1.476843952141147831e+00
1.488146844402577829e+00
1.420824018505366437e+00
1.443753203452146971e+00
1.442769325605332442e+00
1.489927766786903307e+00
1.487454640643123938e+00
1.460992691924808184e+00
1.436183021539471305e+00
1.478180566714452748e+00
1.446647651937674972e+00
1.536333790901480922e+00
1.527363018586007204e+00
1.465933220967717610e+00
1.423948785640215098e+00
1.438473925469576420e+00
1.528250242440050144e+00
1.496097462370610254e+00
1.447244221890052307e+00
1.427391743298823457e+00
1.527435771691936006e+00
1.419595216138008098e+00
1.449052528028106357e+00
1.483706251286221134e+00
1.491115923763561613e+00
1.458375418469030516e+00
1.419678072171117522e+00
1.426469385972763071e+00
1.515121785131951393e+00
1.480334192101253388e+00
1.511559947868315934e+00
1.433723822378268009e+00
1.485774635826033530e+00
1.508274575599257483e+00
1.471326300244196528e+00
1.513520812950837735e+00
1.447730750459277127e+00
1.492590836417512667e+00
1.457902062878751570e+00
1.463995529291918896e+00
1.620318504242287849e+00
1.449499404312508899e+00
1.437095470504362815e+00
1.453744467617974712e+00
1.458832059408773807e+00
1.418139037274785963e+00
1.443328971767404045e+00
1.445592450195714029e+00
1.467489187770641745e+00
1.429148404074304102e+00
1.491247039762817472e+00
1.436988585607429814e+00
1.446739327915892881e+00
1.474067427315122636e+00
1.509578941753958015e+00
1.503458899059490372e+00
1.535582459422863089e+00
1.431512293343207176e+00
1.432322373989260100e+00
1.453600331387123523e+00
1.411705434823732119e+00
1.461325003583163085e+00
1.448672820976390385e+00
1.520503431165806996e+00
1.511324989088283388e+00
1.475668779832645106e+00
1.514628486119133699e+00
1.468163775072568011e+00
1.445449737821594249e+00
1.447441663283280500e+00
1.445177282727672763e+00
1.494667871402969528e+00
1.455893083242112862e+00
1.482521325992111061e+00
1.443252891241405544e+00
1.492670871663192456e+00
1.441061207245672104e+00
1.475265157835556007e+00
1.475448700722905349e+00
1.514315801564452446e+00
1.450947932079779790e+00
1.471500371325158651e+00
1.451036267094494736e+00
1.453619681615231141e+00
1.425729426791734644e+00
1.480563507721639693e+00
1.506379670061464449e+00
1.530640979154711978e+00
1.442882576864235933e+00
1.447056565661295036e+00
1.497056740657033203e+00
1.472894278182502514e+00
1.454655509910048661e+00
1.473571554585212828e+00
1.456186938872049641e+00
