1.098940901017510630e+00
1.113313875426795274e+00
1.102013698230093208e+00
1.099577155845063992e+00
1.103653442946022967e+00
1.111046666789953230e+00
1.107303200885313421e+00
1.095170298306291201e+00
1.112344590161775892e+00
1.103930335045955058e+00
1.102747992827261436e+00
1.104794030679181693e+00
1.108618320412905200e+00
1.115117224256579220e+00
1.110036098389556303e+00
1.112140396850588964e+00
1.104817995135835895e+00
1.108222686157454451e+00
1.107738769805864054e+00
1.099167649049791473e+00
1.099890827365420876e+00
1.108533168845396100e+00
1.105918626698301654e+00
1.103773563656964996e+00
1.107570868919541818e+00
1.111784130414266381e+00
1.113141567987322222e+00
1.105017353101064526e+00
1.112363598017665600e+00
1.105462199571039417e+00
1.095385516543090576e+00
1.102942276317555370e+00
1.111558089099101920e+00
1.107402748888685284e+00
1.111204336979256357e+00
1.113098727872553706e+00
1.107429096020398074e+00
1.110026381167721121e+00
1.104040694177728987e+00
1.109695296581521218e+00
1.099260325042607844e+00
1.113807228651190417e+00
1.105905308656458308e+00
1.103313096211504751e+00
1.104234015352674403e+00
1.095912502223221452e+00
1.110820309666890049e+00
1.115283412995875745e+00
1.112905904557156544e+00
1.098869350313511628e+00
1.107168938960175320e+00
1.100526670120108408e+00
1.101536580616962802e+00
1.105631000990033197e+00
1.106069851618240119e+00
1.105985012371510479e+00
1.106580418961241374e+00
1.111666772447691409e+00
1.096441830548646523e+00
1.103277348979512906e+00
1.109566283599276781e+00
1.117846900051244319e+00
1.109033933349704126e+00
1.101134924235767754e+00
1.113066202377210212e+00
1.100399427888038240e+00
1.102238641350765658e+00
1.096819266954281336e+00
1.109809659995928843e+00
1.105841973593136185e+00
1.102340626727475570e+00
1.097467883089107366e+00
1.093921039727908440e+00
1.097819991634957804e+00
1.089937941649863573e+00
1.109417869194120776e+00
1.100342059902660541e+00
1.106777858500952449e+00
1.099534764942536880e+00
1.114838448958783257e+00
1.114229474405643128e+00
1.099969020986827362e+00
1.108411143325998882e+00
1.105004061914441893e+00
1.114585972548549853e+00
1.106105212536190097e+00
1.096574055175611795e+00
1.105353700930843175e+00
1.101072901434658746e+00
1.102366497120249367e+00
1.099830646429909020e+00
1.106253339341782826e+00
1.103942639888910948e+00
1.108942412029472191e+00
1.107772489432564234e+00
1.109197763883328802e+00
1.096280952125622266e+00
1.109889311104484078e+00
1.106247392051937117e+00
1.108578677454626904e+00
1.099913788022639727e+00
1.103504529649899535e+00
1.101400012507159021e+00
1.102035129135163549e+00
1.099549134473834400e+00
1.116165096379714061e+00
1.101775110915253597e+00
1.103362060295497216e+00
1.112412039889901116e+00
1.099521401811340171e+00
1.112844484280357982e+00
1.096646907985820985e+00
1.088806469937616317e+00
1.099755040011668905e+00
1.106134442395951822e+00
1.112683718198956839e+00
1.105894074879400613e+00
1.097196813587882236e+00
1.106174957823798710e+00
1.108442526346360868e+00
1.111035346311587180e+00
1.095522283640304462e+00
1.108699365184652619e+00
1.104264827281671746e+00
1.110242411012391850e+00
1.102487834240013287e+00
1.119233502695820670e+00
1.109020752265104548e+00
1.105404840359094143e+00
1.105986392620841752e+00
1.103060947198343911e+00
1.107568828681145368e+00
1.103779716918223075e+00
1.101817565852852621e+00
1.102955609064187437e+00
1.113167569486354758e+00
1.102919906512816350e+00
1.098965196606861650e+00
1.106028365366956701e+00
1.108306944458434584e+00
1.098223242594198013e+00
1.100624990184150276e+00
1.100616342343388787e+00
1.094339742289063722e+00
1.101118521212696821e+00
1.104354531218143753e+00
1.101632023394431670e+00
1.099910450496714098e+00
1.096255632203398722e+00
1.111056345236502985e+00
1.107972062887915943e+00
1.101881104748159590e+00
1.103938217229428975e+00
1.109048227591004077e+00
1.108215226627522698e+00
1.109203630050218381e+00
1.105488976117589228e+00
1.098917755775308258e+00
1.103727618934479793e+00
1.096833812413604337e+00
1.109284369240417067e+00
1.111130030681474201e+00
1.097941502827596061e+00
1.096851091344450913e+00
1.096962646294275201e+00
1.107720620952927115e+00
1.092411707112558972e+00
1.123862913600314650e+00
1.105822479198899977e+00
1.116238756617108807e+00
1.100512431782784795e+00
1.112470941208190123e+00
1.098315241499551842e+00
1.100042134528928406e+00
1.111559217081017126e+00
1.098951848168930212e+00
1.098488210555405686e+00
1.115162086710399736e+00
1.106328321657116254e+00
1.117044145627938967e+00
1.094620354033935206e+00
1.099128348743249717e+00
1.105965851121240684e+00
1.101074274331351299e+00
1.105778924814075914e+00
1.117364559367445720e+00
1.113233524218677717e+00
1.097734830506251091e+00
1.101263178087267258e+00
1.111431216421225221e+00
1.096258335179765009e+00
1.100929659464859656e+00
1.112064943715896037e+00
1.112654355912507720e+00
1.116586195911322577e+00
1.099404436261390394e+00
1.107884229340827087e+00
1.105159836267923579e+00
1.111504874446763491e+00
1.107277707485427420e+00
1.106389607748231141e+00
1.098115019173147244e+00
1.111745036867744840e+00
1.094276820196528277e+00
1.098407116307910547e+00
1.101004133102835292e+00
1.103970489706961322e+00
1.095761592867548151e+00
1.106504150771256967e+00
1.101629249449384895e+00
1.108033914080550186e+00
1.101600142223547962e+00
1.103680160190793513e+00
1.104354757494792727e+00
1.117661878089787564e+00
1.099560256957705429e+00
1.101192621866081245e+00
1.096578692714497594e+00
1.098260714323293419e+00
1.094351785280829770e+00
1.100507346314666179e+00
1.097260906061235719e+00
1.089099839505562439e+00
1.100281034363369992e+00
1.106133438510486400e+00
1.110046073867362537e+00
1.086832079104265603e+00
1.104716361500149180e+00
1.113101813622065173e+00
1.103346253009884759e+00
1.103966568544392679e+00
1.104654860067077138e+00
1.094536602700822314e+00
1.105463267990084653e+00
1.108552973504416173e+00
1.088041421676003262e+00
1.102421161819983064e+00
1.105451636485853095e+00
1.106461576829754323e+00
1.102564349353742701e+00
1.105211524034548365e+00
1.103800412134590125e+00
1.099588333243058491e+00
1.106347266701012133e+00
1.103353516034804027e+00
1.114946058245731120e+00
1.106068676642075976e+00
1.111190795255121877e+00
1.097568579140061118e+00
1.090080174734110008e+00
1.095782637907230850e+00
1.102940721436533655e+00
1.119921324962404929e+00
1.107222083085362074e+00
1.107826719462555509e+00
1.105275442737285951e+00
1.101879183954876718e+00
1.102668289876202357e+00
1.107569689074304531e+00
1.095555122349004540e+00
1.104066179745209153e+00
1.110274279193133262e+00
1.106215260913809839e+00
1.100020365923082055e+00
1.096426857636636720e+00
1.107677789084554387e+00
1.095158321012679403e+00
1.104866454019124422e+00
1.099564956503885194e+00
1.114020100179821116e+00
1.104197931149876188e+00
1.090248990675566354e+00
1.117422891099389082e+00
1.100031372365924742e+00
1.105082570348724813e+00
1.105644065703487167e+00
1.106812270546982280e+00
1.094298017020188363e+00
1.117809141500697656e+00
1.114740760904941341e+00
1.107029750903962162e+00
1.103093568494029508e+00
1.109171163721120568e+00
1.100578871517699175e+00
1.101807206514177073e+00
1.102170534558982062e+00
1.108826357875679181e+00
1.106310081258450317e+00
1.106844187435689353e+00
1.095819342504844807e+00
1.103806146947840627e+00
1.100154706754418621e+00
1.105290703361321070e+00
1.105876668712769462e+00
1.092938857339515346e+00
1.110612280368588500e+00
1.104152732008692794e+00
1.093338455946704757e+00
1.100573739575427146e+00
1.108611387548116056e+00
1.099409450637575780e+00
1.109092507915495851e+00
1.109482776853553565e+00
1.098739949666906135e+00
1.092636071407623755e+00
1.103475114487815212e+00
1.104003836465135002e+00
1.104257031150519541e+00
1.105861255939530663e+00
1.115082537675549101e+00
1.087368048619862693e+00
1.095813622586982561e+00
1.105696005156346473e+00
1.107762870458157689e+00
1.112236912438820280e+00
1.110204724197092707e+00
1.110200816544823166e+00
1.098170376533850856e+00
1.102463336595780108e+00
1.100751628647574476e+00
1.100411911767485096e+00
1.098257386086144871e+00
1.110341365694186289e+00
1.104625719315815324e+00
1.105439796139797037e+00
1.106624972754198799e+00
1.107176536543514667e+00
1.101642368424398999e+00
1.107813003878097557e+00
1.110338833597559915e+00
1.094635112865689708e+00
1.094129283271499942e+00
1.121231995215379085e+00
1.102239647124018562e+00
1.104408916221400139e+00
1.107878868417764284e+00
1.103503944376187818e+00
1.118326787270857547e+00
1.104890173730931791e+00
1.112840903300738260e+00
1.101628706906571553e+00
1.102470367802909745e+00
1.112375844032919447e+00
1.102983946992236453e+00
1.100918889286994329e+00
1.108491890686650994e+00
1.097811325036947672e+00
1.099519549983918543e+00
1.095189641637959843e+00
1.102334819355619500e+00
1.110643035843897009e+00
1.112877983541737725e+00
1.110995547503392356e+00
1.087254962553288351e+00
1.104441844632706671e+00
1.105896106620704700e+00
1.100009559618139621e+00
1.098688546285830681e+00
1.097474930944006388e+00
1.093503312680324857e+00
1.100530719886401831e+00
1.108024570064573000e+00
1.107590132036571751e+00
1.114801604854005923e+00
1.100326372171548384e+00
1.099667204738860260e+00
1.105972857816487354e+00
1.100922055836967228e+00
1.105515696828310857e+00
1.087329693409514686e+00
1.104167361853206852e+00
1.106834666510320142e+00
1.100330069546795464e+00
1.100387686904464868e+00
1.103250231830786188e+00
1.099510021443659946e+00
1.103038123427450445e+00
1.111511475604082921e+00
1.110842368481881559e+00
1.104237299811178463e+00
1.096218623760666810e+00
1.094655598467079827e+00
1.102662134191813914e+00
1.095620166025942144e+00
1.104021836737155926e+00
1.104461712664104311e+00
1.105479564229502110e+00
1.103510069379729508e+00
1.114459421444735865e+00
1.109884927103706787e+00
1.108898049495487204e+00
1.100414893554487739e+00
1.099472559746363931e+00
1.090281868173877511e+00
1.106345889905110402e+00
1.109657722789839651e+00
1.109282278453604498e+00
1.101944095845208249e+00
1.118683658918135260e+00
1.099111719415986066e+00
1.100805579563938208e+00
1.097117498996569740e+00
1.102051669945161017e+00
1.098163115257749123e+00
1.101850281757131844e+00
1.100000934979447731e+00
1.103936691697981587e+00
1.111709513120877624e+00
1.112233998990338479e+00
1.095471842492596437e+00
1.103828830979111997e+00
1.104384558554237783e+00
1.096616058286446371e+00
1.105087286112129474e+00
1.107338879311245972e+00
1.109000550326852297e+00
1.107311562211420908e+00
1.108799111679091398e+00
1.110664664776136235e+00
1.104453053071961843e+00
1.108111549525793826e+00
1.109720026041977503e+00
1.105248041303784179e+00
1.107394875404899004e+00
1.101249988616820108e+00
1.104689741042278905e+00
1.104720861006784016e+00
1.102001710129657974e+00
1.114650643132716779e+00
1.107638302241932715e+00
1.105858108646825100e+00
1.101289311510406765e+00
1.094302108585240241e+00
1.104951688983663693e+00
1.104115236918234100e+00
1.097488625731205092e+00
1.113166276167295798e+00
1.109600264565387961e+00
1.099153713397843513e+00
1.101373305238464884e+00
1.101920871927584145e+00
1.108677729930168443e+00
1.099579624010145418e+00
1.101334154362283879e+00
1.098510892148002682e+00
1.108666812002024438e+00
1.100879783896481889e+00
1.115151326595612336e+00
1.097394611607765968e+00
1.099020564736746142e+00
1.110440812405750322e+00
1.094318798347545751e+00
1.097856421315390074e+00
1.108239687062058776e+00
1.094188974618947929e+00
1.113991179171834878e+00
1.106023142567750694e+00
1.098595210393088051e+00
1.100506437647193581e+00
1.105821816798002732e+00
1.103692319879935324e+00
1.112568432623806336e+00
1.090476493362632526e+00
1.105936525904067214e+00
1.122467946165167652e+00
1.101810429902585042e+00
1.116110560721625733e+00
1.097732711754289214e+00
1.106950830586425738e+00
1.100879065389322786e+00
1.112142297041751160e+00
1.096379594026211324e+00
1.106718489071165656e+00
1.092447798160102401e+00
1.107731024624041050e+00
1.099744130815972776e+00
1.105093838482057222e+00
1.101700244354944846e+00
1.112099448535532442e+00
1.089553527902719310e+00
1.101375965514764133e+00
1.105221774861847805e+00
1.095840039966313295e+00
1.097328861093961327e+00
1.107235859871976480e+00
1.102727832410852704e+00
1.104806664907895142e+00
1.108230887200749804e+00
1.117126786634663915e+00
1.121826250074528852e+00
1.102725965481410331e+00
1.085804693751263539e+00
1.104293124930496806e+00
1.117471608374125402e+00
1.102580949600007854e+00
1.098702731579367375e+00
1.115593992392940326e+00
1.095596848862738559e+00
1.105509953294006698e+00
1.105529046800156179e+00
1.103802395021868277e+00
1.106350378822246849e+00
1.094347865539483378e+00
1.107354769181260856e+00
1.107276923038574834e+00
1.105119350509668363e+00
1.101116064726220145e+00
1.105686412405381125e+00
1.107629819491556589e+00
1.101214015135792312e+00
1.110385949901273372e+00
1.100024834977110455e+00
1.099421636907228494e+00
1.117333757116350412e+00
1.105459033191941387e+00
1.097925704518589507e+00
1.106733295669917849e+00
1.105548778810122368e+00
1.108513660020882252e+00
1.110944941776219830e+00
1.112870341220310477e+00
1.103243967432349093e+00
1.115410316120689860e+00
1.103282936172697903e+00
1.094632424791469605e+00
1.096805843667858715e+00
1.111406918922979381e+00
1.105390691245166312e+00
1.109528803028509980e+00
1.092981995660365024e+00
1.098372864114800285e+00
1.110918904743883218e+00
1.108418671678562895e+00
1.097230931742838589e+00
1.100140029707021405e+00
1.103140928007785737e+00
1.098358386024733901e+00
1.110756320883883541e+00
1.103273214073472674e+00
1.110835879912058122e+00
1.103502032323000481e+00
1.106291466083923369e+00
1.115179163792135553e+00
1.105638650422382963e+00
1.108147643275299910e+00
1.104243445003427970e+00
1.093078097422989670e+00
1.098232744917507331e+00
1.089875024480681187e+00
1.107616346725975198e+00
1.100600381839403674e+00
1.100969540175483763e+00
1.104196563388142982e+00
1.098329109347332855e+00
1.108647646160337175e+00
1.102996041453404130e+00
1.114376707808091949e+00
1.100017200067905376e+00
1.118490566778213235e+00
1.110273269944068497e+00
1.097964275769762965e+00
1.100493826077900472e+00
1.106171944543548502e+00
1.106569683100161905e+00
1.097536831560046000e+00
1.103763638357899257e+00
1.093952577705972207e+00
1.101656060154120986e+00
1.110617744248004746e+00
1.104844742021437343e+00
1.094615347202103850e+00
1.107407600529435543e+00
1.105309729222422988e+00
1.103049878731972022e+00
1.111735792040584814e+00
1.097954541313924670e+00
1.095039697642080201e+00
1.097284723312564880e+00
1.102951975618431169e+00
1.100380176042166980e+00
1.108751145925993775e+00
1.100592391457051678e+00
1.100662089587784109e+00
1.107677673108433680e+00
1.105258738348827485e+00
1.103687363148454281e+00
1.100193817437589594e+00
1.109384919177453410e+00
1.111935503024263250e+00
1.121012312630093710e+00
1.106076506019836980e+00
1.100760649086455212e+00
1.098709428787249420e+00
1.109900939411200937e+00
1.105230000771999732e+00
1.107415673228431263e+00
1.086912260402937758e+00
1.094469788643873231e+00
1.106159302331163330e+00
1.101584250044375546e+00
1.111161797196133394e+00
1.109763042598892246e+00
1.102070147528696031e+00
1.094945187021580058e+00
1.102909258340358578e+00
1.101827414471329369e+00
1.110865248837505703e+00
1.104329911736881220e+00
1.097617141057992685e+00
1.108819763919488999e+00
1.108931178296162612e+00
1.107346965307457021e+00
1.109989991960405042e+00
1.096838590718907991e+00
1.108846498421858007e+00
1.108444503903511569e+00
1.092236453590753609e+00
1.110597120916024805e+00
1.106984013748289364e+00
1.110957998317400053e+00
1.096973049112641041e+00
1.105615625316197725e+00
1.108106042532917002e+00
1.111614938715825396e+00
1.114972194797669847e+00
1.104625808373763229e+00
1.098110004927864702e+00
1.107701947908897866e+00
1.110922962549205861e+00
1.114976178434470944e+00
1.099634471401461644e+00
1.089216565887509036e+00
1.098989114224788510e+00
1.105802232573560584e+00
1.107751449058222759e+00
1.095823918500868910e+00
1.107486434830625921e+00
1.105036762895931446e+00
1.113034019504496541e+00
1.113885201392744273e+00
1.103925984224779278e+00
1.105506527964055463e+00
1.099581341548631963e+00
1.098525860850263269e+00
1.113081062045761183e+00
1.105443398753302553e+00
1.114687417727473262e+00
1.112130156376545331e+00
1.100026200628860584e+00
1.096493411584239963e+00
1.101846239118687176e+00
1.095668226847699600e+00
1.102072253476637398e+00
1.095817884863615532e+00
1.100799080925653373e+00
1.107752136300130363e+00
1.100114105753147387e+00
1.112019269072256566e+00
1.103082473131113961e+00
1.087954415365466554e+00
1.105807103857208817e+00
1.113974277696216042e+00
1.107664575996671008e+00
1.083334777712036789e+00
1.099864836189655248e+00
1.115480458622209792e+00
1.093044974487449306e+00
1.105592506888927185e+00
1.102025443352496081e+00
1.097002932096859062e+00
1.091298027752943822e+00
1.100260882672333684e+00
1.099320644737160402e+00
1.105113653048595213e+00
1.097997774645234736e+00
1.108257814982951395e+00
1.109963652480929541e+00
1.108130204517876471e+00
1.100927738925961741e+00
1.103598144407192727e+00
1.104974601447364702e+00
1.096157105040161506e+00
1.106816315132427953e+00
1.116086670474701670e+00
1.097368220519330917e+00
1.108560028048621859e+00
1.102549349853768623e+00
1.108102712035048398e+00
1.091607298807881543e+00
1.089091212188916469e+00
1.110414101063505354e+00
1.105278236860339103e+00
1.109432597032884660e+00
1.104238579861379632e+00
1.102578351357612618e+00
1.094869806911302534e+00
1.114062753151928264e+00
1.111871062956791167e+00
1.094450069112508084e+00
1.115313047345115605e+00
1.115794238405108718e+00
1.108075031371297481e+00
1.107997586598111539e+00
1.098892331394767830e+00
1.104022748176036295e+00
1.098041769135428058e+00
1.110430410518458366e+00
1.100234672954218729e+00
1.108659285065387357e+00
1.112471168100183094e+00
1.107541003674941793e+00
1.092588761215592896e+00
1.113750534161148664e+00
1.099301877660574078e+00
1.106250917710643877e+00
1.120758275400373316e+00
1.098380013594449700e+00
1.107671069906811079e+00
1.094174207031139101e+00
1.102960051742136516e+00
1.119388855772873281e+00
1.108552205095956200e+00
1.098785082123442836e+00
1.087261829252506473e+00
1.108876049247816020e+00
1.104217586260223039e+00
1.105328449875440322e+00
1.108217901952107010e+00
1.098834476635792035e+00
1.107987827851452556e+00
1.106781795107531163e+00
1.104971006436069381e+00
1.107368701991892745e+00
1.091199527861803409e+00
1.103671126307748551e+00
1.111559856194721752e+00
1.106888947143301216e+00
1.101831901216596465e+00
1.113464216439764121e+00
1.107999170679368373e+00
1.098992887469190771e+00
1.106056198352408870e+00
1.098845611495650632e+00
1.100317334453651430e+00
1.114144490722367431e+00
1.103516123188785336e+00
1.103306489371532084e+00
1.100675022717048535e+00
1.112537397455434895e+00
1.104510640337992733e+00
1.101857811687904087e+00
1.100147832330245379e+00
1.109544170505747385e+00
1.112217456923104253e+00
1.105631870591001320e+00
1.103803517815216129e+00
1.110250877323373908e+00
1.103233024940574403e+00
1.093219932564335029e+00
1.103780655657715881e+00
1.103401698291309296e+00
1.106117339266261101e+00
1.095136421603679189e+00
1.101324783601315804e+00
1.093505867758060246e+00
1.101674142768920062e+00
1.103286247156179289e+00
1.096660532990952674e+00
1.107474134843832614e+00
1.107922782402290363e+00
1.115536058827736321e+00
1.100460985019500182e+00
1.099634257536169946e+00
1.106807823498489940e+00
1.106819882998443028e+00
1.107903373507075795e+00
1.107840266100935445e+00
1.110227915562454815e+00
1.099724294481495335e+00
1.092928168197970784e+00
1.107906108989676675e+00
1.106939224045578873e+00
1.100408780384697804e+00
1.106863753634590442e+00
1.101888104725674333e+00
1.106252913129728510e+00
1.098570594872126271e+00
1.112540745676557252e+00
1.099441246908311021e+00
1.108593583232732938e+00
1.104042768823009668e+00
1.100258999041308305e+00
1.101533267860042686e+00
1.093570951490115073e+00
1.105204619095274676e+00
1.107642905618610341e+00
1.103712152947338376e+00
1.105935541275254730e+00
1.091722517601658948e+00
1.111703854197189090e+00
1.107836884216663043e+00
1.101189547499350940e+00
1.102390615466810386e+00
1.105951405480850358e+00
1.105128620717254595e+00
1.093845378664529910e+00
1.096266050994716856e+00
1.102283615529918492e+00
1.106115234232905919e+00
1.113375265200269526e+00
1.111511085012506506e+00
1.101320750829789308e+00
1.107364503282367130e+00
1.120749568669398455e+00
1.087896085722547257e+00
1.114534300874962636e+00
1.110772944994369960e+00
1.096834226019739900e+00
1.098023237019126741e+00
1.109707175768570586e+00
1.093930040822491900e+00
1.105077538946244831e+00
1.103023067876637286e+00
1.099288447335332153e+00
1.107239106653002958e+00
1.113550945527708169e+00
1.109750855422955818e+00
1.103922373186966288e+00
1.099783677008766114e+00
1.107684400145533710e+00
1.105382281178818094e+00
1.116419163931058778e+00
1.112712465663094008e+00
1.104519234371236891e+00
1.103033037835891239e+00
1.106208625699762971e+00
1.094083576430628479e+00
1.105213861041334455e+00
1.081165268783625510e+00
1.111014273555664067e+00
1.103008880285452298e+00
1.112677631809958489e+00
1.101051425933570194e+00
1.111404751397165214e+00
1.111915651180735320e+00
1.104480363759180683e+00
1.107828026093776064e+00
1.108474132585005156e+00
1.096390429887947215e+00
1.103793492212593375e+00
1.108106513076465793e+00
1.108512365124899146e+00
1.108358771520048247e+00
1.113292605534950575e+00
1.105328675436959118e+00
1.094615078756403515e+00
1.105025210038816708e+00
1.100557106990826872e+00
1.104861782886461086e+00
1.104321534433894136e+00
1.090985951778260965e+00
1.105587151792766676e+00
1.104466429224958191e+00
1.096937121871503606e+00
1.112695390072161450e+00
1.095972314152429572e+00
1.095353347875955841e+00
1.105277044398034647e+00
1.098143060950968142e+00
1.107670842016345247e+00
1.098978560315712505e+00
1.105956020090743230e+00
1.104857175618245702e+00
1.102454453882385721e+00
1.114275041085549089e+00
1.115484306395090108e+00
1.093697392861337381e+00
1.108784002271374192e+00
1.104693841647663266e+00
1.109793709558029695e+00
1.099452938579554839e+00
1.095718565151836410e+00
1.111046928835083714e+00
1.122487760884330887e+00
1.095857695088612749e+00
1.103237916748804448e+00
1.106831577693287549e+00
1.104214628721476910e+00
1.103609234876462564e+00
1.089857947318143561e+00
1.103135456508227197e+00
1.100109124091626533e+00
1.115050005432413283e+00
1.103040280945219997e+00
1.096113669816524139e+00
1.101942073479117878e+00
1.106879126191652851e+00
1.106841082941532051e+00
1.116430821637642179e+00
1.113619263511988144e+00
1.105705037590456241e+00
1.118912568610854752e+00
1.110009079267282317e+00
1.104259127781948457e+00
1.100954287130156972e+00
1.103834827536138041e+00
1.102645652007007593e+00
1.100119681989722764e+00
1.102266157889730369e+00
1.106943619560308401e+00
1.106037403468833169e+00
1.091770407099962981e+00
1.112395055407748856e+00
1.124670407393514315e+00
1.107816132274410892e+00
1.116901138629963208e+00
1.109506148052656904e+00
1.111793969501104318e+00
1.106310654993045040e+00
1.101325031397010878e+00
1.100719354341523903e+00
1.100030612563535293e+00
1.108336691278879460e+00
1.095176968929460148e+00
1.109375620154386066e+00
1.102534083721924629e+00
1.103736718859147148e+00
1.096028210512222101e+00
1.099775754934045446e+00
1.111239666022214800e+00
1.107315086562587814e+00
1.101192351423425198e+00
1.107825259224039405e+00
1.102762510710581179e+00
1.107893291046609274e+00
1.110496537400029737e+00
1.113694873206145575e+00
1.101003125586242248e+00
1.108321354670430248e+00
1.099805917819265400e+00
1.108873259772042097e+00
1.113210048404709829e+00
1.112438278394628055e+00
1.095052188666024051e+00
1.109463512381070105e+00
1.116276031789948719e+00
1.097322131951615320e+00
1.110158262598646584e+00
1.104231138320797223e+00
1.116247744978591472e+00
1.103068218173426374e+00
1.106309734690032132e+00
1.110816723749047830e+00
1.100011972487284773e+00
1.103314197151489040e+00
1.107124777646744773e+00
1.105988802298712104e+00
1.101402499303524296e+00
1.098573646049002317e+00
1.109422560891593967e+00
1.102415834175144438e+00
1.106968561069653800e+00
1.107148386942058194e+00
1.109894507164349120e+00
1.109445913596122990e+00
1.101866488547506462e+00
1.096149917969503340e+00
1.111055322672775292e+00
1.115839329784865885e+00
1.111063604315673414e+00
1.098413206960207056e+00
1.100598177192876781e+00
1.109488989390243097e+00
1.111221987314494175e+00
1.112313523103807045e+00
1.109089864062017261e+00
1.108916758888145226e+00
1.112668676458645978e+00
1.105321384269279728e+00
1.108056826457565425e+00
1.107376481169350280e+00
1.110146758914778209e+00
1.109379675240617535e+00
1.113589467967257995e+00
1.099959109083869624e+00
1.107356122467971993e+00
1.102191490924715911e+00
1.105164228261753312e+00
1.108524354107876420e+00
1.095455816679250738e+00
1.098885311438545731e+00
1.102548574921052182e+00
1.111729510799780885e+00
1.096628222693390997e+00
1.091620773865866090e+00
1.089344860071304488e+00
1.109554193536628652e+00
1.098521090040203152e+00
1.102422331644892894e+00
1.104133679076812591e+00
