2.993824727144298592e+00
1.279255540998628815e+00
1.239442066004048382e+00
1.265166161122269095e+00
1.265367005940837730e+00
1.260439102108129594e+00
1.259811175132321326e+00
1.269323781498242543e+00
1.274077217918689886e+00
1.279698590580567785e+00
1.257683102646301787e+00
1.273378975221252096e+00
1.262409456331623270e+00
1.271694717516933970e+00
1.281077824945569654e+00
1.283614396582672068e+00
1.282693350272818167e+00
1.269856095730089063e+00
1.279327259646581672e+00
1.271876359202116280e+00
1.268047275496751114e+00
1.268172152151383569e+00
1.272434095378679908e+00
1.287479962806709954e+00
1.268930400255280810e+00
1.279413064995319038e+00
1.272068643675458688e+00
1.269655373672636811e+00
1.274791710647675602e+00
1.265738366611601551e+00
1.279429692473526226e+00
1.267216528520899166e+00
1.272613675463295291e+00
1.257488323601710256e+00
1.260800874842016750e+00
1.263821956182181960e+00
1.267439152374033373e+00
1.264376644162205077e+00
1.267722164519200723e+00
1.251555613148885193e+00
1.268982230405061529e+00
1.260541217758463173e+00
1.272826596883422257e+00
1.265738747864017855e+00
1.264589506537183272e+00
1.263072690534623677e+00
1.278086827970332129e+00
1.280106157655948929e+00
1.268936875780252160e+00
1.265746061352408525e+00
1.279136560356992636e+00
1.272470378312695827e+00
1.274498447347165664e+00
1.252962108580429446e+00
1.269299501995048818e+00
1.268117239637402083e+00
1.278811240114833270e+00
1.269810520246603902e+00
1.265232183234420438e+00
1.260546452412474316e+00
1.270184169296880716e+00
1.262233967903167109e+00
1.273969900092747132e+00
1.258322262060143748e+00
1.275137631747611078e+00
1.254465007814001831e+00
1.292446661433832356e+00
1.265349058950852479e+00
1.294201105421127096e+00
1.276307300432593994e+00
1.274797235728520439e+00
1.262912517087537490e+00
1.275585482898260237e+00
1.273800039051639521e+00
1.254426616295907904e+00
1.278488247185289417e+00
1.255274476153607210e+00
1.266893087617345648e+00
1.277948606843080315e+00
1.259877471337236710e+00
1.270791200269340226e+00
1.272767021558029121e+00
1.287130765582481295e+00
1.265486463404465578e+00
1.273242593916515952e+00
1.269550227003897414e+00
1.283896548590937270e+00
1.277276648518144153e+00
1.282784128817364033e+00
1.288587655910701235e+00
1.271010858611912209e+00
1.265149540534957318e+00
1.270151875543546804e+00
1.268577087589613628e+00
1.286006412021192702e+00
1.273057649315598949e+00
1.274586858628439456e+00
1.278802714352323067e+00
1.265799784824499064e+00
1.295727022389574934e+00
1.278208804037387347e+00
1.252616528397705542e+00
1.244497162384893274e+00
1.258835140838590716e+00
1.273124707192976768e+00
1.271142011649407655e+00
1.261143708891992787e+00
1.287477007247501914e+00
1.265758088600261289e+00
1.269039504640392613e+00
1.262572923772742106e+00
1.274473337566886633e+00
1.275421125334995853e+00
1.269375505780590441e+00
1.272114766298744204e+00
1.258567086332256890e+00
1.281996128578638094e+00
1.267041713505017375e+00
1.273281886790497142e+00
1.270668222706535344e+00
1.276124288984326727e+00
1.286860537831196361e+00
1.274741816140393835e+00
1.266260490968797114e+00
1.273237639958443079e+00
1.267330234593726734e+00
1.261974474167487204e+00
1.280049053649978008e+00
1.268907894178424423e+00
1.273474260093033328e+00
1.280759052721248015e+00
1.271000175292797518e+00
1.269302501324707233e+00
1.268334940383023079e+00
1.251550108867527378e+00
1.262649349608711447e+00
1.262384983849412556e+00
1.276418066833347797e+00
1.284387057125257359e+00
1.268680112909720270e+00
1.289323961181462197e+00
1.285221728606352087e+00
1.273420912762882828e+00
1.270635292694917151e+00
1.279564615999000843e+00
1.268565231447731145e+00
1.277483106457570461e+00
1.248989750092450723e+00
1.286136479708254621e+00
1.271599278382301801e+00
1.251959631669793405e+00
1.258172011044135674e+00
1.285135403786267227e+00
1.283669817025632875e+00
1.274852029273320975e+00
1.278314437250884117e+00
1.269223011998594330e+00
1.267167124146677537e+00
1.262622097832559076e+00
1.262522109944564708e+00
1.278371853681161241e+00
1.261553871230018053e+00
1.281368687255485694e+00
1.278704549123111267e+00
1.273927060594111760e+00
1.282187531270143177e+00
1.267555155388827792e+00
1.276450468707452490e+00
1.288715018146715074e+00
1.244706883862676028e+00
1.283930883852750782e+00
1.281720186318907384e+00
1.257392198035160780e+00
1.274693661098517561e+00
1.269418609460447600e+00
1.281045210109905019e+00
1.271241987201008339e+00
1.254804212361066096e+00
1.267915063855088009e+00
1.279386809404708059e+00
1.262358660309334191e+00
1.274014688657554961e+00
1.260992829893963663e+00
1.279120750973847143e+00
1.269059857429986504e+00
1.252486273700583741e+00
1.270864094902496300e+00
1.278477992892874893e+00
1.261609738860799634e+00
1.268824145024280980e+00
1.251039544386100877e+00
1.279575352073525574e+00
1.277574815263759822e+00
1.283907293844532393e+00
1.263949911158044781e+00
1.271901206217487257e+00
1.287332649766647075e+00
1.281458148291957366e+00
1.261066717833052131e+00
1.260934202138240368e+00
1.263905496785180382e+00
1.272490628283122982e+00
1.274655141406295877e+00
1.277299830962666638e+00
1.266226790277822589e+00
1.248581626421481072e+00
1.261821167276242051e+00
1.281753832475879706e+00
1.272528112804137690e+00
1.273193785325848815e+00
1.255828098239930135e+00
1.277812562789035766e+00
1.271251725730257354e+00
1.270840043811001019e+00
1.272819886810496959e+00
1.269933485657987582e+00
1.265618929947669891e+00
1.284882762390676891e+00
1.262997185728637728e+00
1.268967127995092259e+00
1.269128644005757867e+00
1.283060938661890971e+00
1.273942819867308840e+00
1.272546391386518705e+00
1.281958983956099418e+00
1.252964767423524695e+00
1.264698444348857365e+00
1.257227885397653067e+00
1.263096105159819071e+00
1.294247453682001892e+00
1.275927394443771012e+00
1.263711318499309844e+00
1.274938763413194343e+00
1.270226010680143514e+00
1.251385263290434313e+00
1.273425452807500857e+00
1.253698378924889223e+00
1.271496320072654562e+00
1.265235344729400246e+00
1.273381313205203647e+00
1.267353547161166549e+00
1.270839222427006199e+00
1.254641910997416510e+00
1.269309356014035606e+00
1.285543160915798566e+00
1.281935122864072296e+00
1.271337417272523806e+00
1.263815109360088451e+00
1.265460348067553920e+00
1.274058847213401569e+00
1.276950217196752391e+00
1.282685377767606827e+00
1.277059279912367007e+00
1.291426609634000577e+00
1.270501079268360867e+00
1.275629612744635821e+00
1.265700438599726807e+00
1.265552390774264513e+00
1.262414889950556063e+00
1.268530043631534987e+00
1.276327721067752607e+00
1.281014983987941225e+00
1.268989848932040587e+00
1.269809840443923532e+00
1.273441329254369592e+00
1.297053385492159316e+00
1.284002204212307374e+00
1.271263432782839375e+00
1.281433696438740277e+00
1.253481992547830659e+00
1.269912120532708411e+00
1.260978937626861862e+00
1.260947068452106024e+00
1.270558557655084186e+00
1.272938505032225498e+00
1.259627948412988641e+00
1.286851651300821686e+00
1.269542691495021636e+00
1.274337896561281491e+00
1.274715165936894046e+00
1.273838580085059347e+00
1.275647122804905109e+00
1.272317284738899268e+00
1.275986055487556170e+00
1.269926887334096532e+00
1.267119696093875092e+00
1.266458786549188531e+00
1.260541131251358582e+00
1.269695830323036345e+00
1.267140045889148636e+00
1.278126543948614247e+00
1.274609096536262198e+00
1.263505302959132992e+00
1.260379328416640243e+00
1.269095015221038736e+00
1.287007011153833869e+00
1.261845961590406295e+00
1.273932297265566893e+00
1.287074123515776769e+00
1.254379965923835272e+00
1.266819984003345168e+00
1.286709773787340083e+00
1.285650633735165860e+00
1.276002840531751614e+00
1.259097982311919273e+00
1.276085904756315337e+00
1.271729522974078153e+00
1.277444615544982121e+00
1.256648983107271356e+00
1.265344496155364595e+00
1.269150223234847941e+00
1.280267175077373532e+00
1.275832726245397009e+00
1.278415499641041064e+00
1.276861298581127402e+00
1.289855197357784089e+00
1.274515147116449754e+00
1.261468535990365236e+00
1.265681536706935839e+00
1.285876116787142864e+00
1.275459254577245849e+00
1.284893213970357495e+00
1.268595627011137372e+00
1.272446167203661327e+00
1.274763077325093308e+00
1.270198113380138105e+00
1.288445379592631390e+00
1.282099358245774701e+00
1.279415191685574715e+00
1.275982815744454602e+00
1.283286504653653237e+00
1.281051093297153942e+00
1.284578164710348247e+00
1.274630078319652693e+00
1.265394275173734595e+00
1.271583322777210201e+00
1.281385676017139597e+00
1.273003003961253210e+00
1.266434437662114165e+00
1.268602976439148211e+00
1.286935261080814685e+00
1.247799799320636449e+00
1.286442353923269666e+00
1.276983681361340217e+00
1.264592646091057038e+00
1.250287595016745357e+00
1.270371192011760852e+00
1.257523074063551904e+00
1.265205951156426423e+00
1.287509376139044814e+00
1.266725735690550136e+00
1.261296803403600952e+00
1.268268737228103626e+00
1.261283015350107783e+00
1.275503392783990719e+00
1.282840664545566112e+00
1.268926990084823236e+00
1.281560726442419362e+00
1.265821490269229299e+00
1.253551806703600002e+00
1.265676902259329051e+00
1.269647119462354867e+00
1.280493504394450088e+00
1.277651550662529889e+00
1.273659961554181264e+00
1.269606060902604749e+00
1.270812367501921614e+00
1.280342502264556925e+00
1.280412073043261545e+00
1.273809577638732815e+00
1.285716093927588677e+00
1.268441800891550564e+00
1.277715184924123282e+00
1.273676089120209021e+00
1.264381707534037780e+00
1.260404633576139410e+00
1.274019446045885129e+00
1.263021314471153733e+00
1.265647292169117311e+00
1.279850933259883083e+00
1.284185107038494866e+00
1.264714443902987817e+00
1.276672697388676836e+00
1.280669496675750363e+00
1.285749481607500355e+00
1.267272611743353483e+00
1.273126852636665252e+00
1.281274706427497634e+00
1.265173670407717665e+00
1.275622190673047829e+00
1.257098624051790070e+00
1.258729074024115935e+00
1.252700225462623829e+00
1.277879621177844260e+00
1.274546527341563484e+00
1.276096754509486564e+00
1.284489108699209181e+00
1.273279377961226366e+00
1.273460758240775315e+00
1.273990366456679402e+00
1.267427246874953894e+00
1.278404506817399033e+00
1.280205721740246494e+00
1.266833743521615263e+00
1.275076321181049632e+00
1.266758459534773840e+00
1.271731206109478984e+00
1.276996373696049236e+00
1.250432455761898431e+00
1.280383702981404692e+00
1.260296858683632060e+00
1.267371649097714492e+00
1.269860139573624425e+00
1.260816997057107036e+00
1.260635887020242984e+00
1.262037486525174002e+00
1.269366316264131989e+00
1.283512477251079753e+00
1.266692299732169680e+00
1.261887256288265258e+00
1.272317776781672460e+00
1.270737783511883601e+00
1.263390435486839047e+00
1.270100777967873462e+00
1.269550941656414356e+00
1.265349236148453738e+00
1.263049266087397760e+00
1.295225048483818808e+00
1.264935093369276897e+00
1.266688076125898066e+00
1.281523186475286291e+00
1.261283645114000374e+00
1.276715530605763371e+00
1.267011241038371150e+00
1.260609539994286266e+00
1.260047584769633522e+00
1.274486165116719638e+00
1.274741512556928802e+00
1.267411682612547885e+00
1.268110420061718813e+00
1.272189301051484644e+00
1.258926103103311211e+00
1.277970771695446928e+00
1.269289212425808167e+00
1.259935326867724470e+00
1.269089319483515554e+00
1.263592053324104292e+00
1.264859484384073918e+00
1.251921298904093094e+00
1.262960949470345318e+00
1.280508193819512419e+00
1.278898123189956104e+00
1.282774347937755133e+00
1.255344567407146172e+00
1.276627509175781050e+00
1.279018457795213282e+00
1.262572889987928049e+00
1.263406724321097352e+00
1.286635869575869506e+00
1.275436176234171715e+00
1.268340287319819737e+00
1.284264903119794576e+00
1.267683492222712482e+00
1.285381268071882577e+00
1.254011347202309556e+00
1.271340360356239874e+00
1.266987256504830794e+00
1.256130865656737150e+00
1.273913754133819021e+00
1.277346114567592394e+00
1.261577138949999899e+00
1.268078792341838179e+00
1.267244243343544019e+00
1.267093715157742384e+00
1.266775232996992129e+00
1.339404451222405257e+00
1.279715783286659248e+00
1.265388680192898407e+00
1.271582827265221649e+00
1.260631081540741993e+00
1.275596163738146105e+00
1.276740956730495702e+00
1.268642084671340209e+00
1.274161460686892511e+00
1.286672885021977297e+00
1.271126139421666856e+00
1.271764936368277255e+00
1.277738554508884850e+00
1.291409060237563411e+00
1.266562469372378263e+00
1.283033019449898227e+00
1.267617233323019565e+00
1.261069877833707942e+00
1.274325450262352666e+00
1.260619744245824014e+00
1.273129152684128185e+00
1.267389662390700611e+00
1.255585284543529578e+00
1.265421768894555710e+00
1.274115083401858639e+00
1.271191669164763560e+00
1.277761150772076970e+00
1.263150539461898036e+00
1.263040570469587065e+00
1.268553092269727456e+00
1.263786788127488458e+00
1.277056745566277352e+00
1.272345061831212432e+00
1.278463204925354590e+00
1.274378797248865380e+00
1.264336338157731721e+00
1.254880670996439518e+00
1.277481163294910349e+00
1.268676257199284008e+00
1.270213478025228104e+00
1.278254256585965143e+00
1.268869321827537311e+00
1.276968743800399597e+00
1.263972416052490111e+00
1.262469194260993577e+00
1.277425777078662561e+00
1.270360875699717340e+00
1.265710660979785018e+00
1.267437923716227210e+00
1.275337995226682342e+00
1.280321832530898041e+00
1.266541203506552637e+00
1.260616926545588434e+00
1.252578172679647661e+00
1.262530138123130419e+00
1.246858934362023774e+00
1.262305393694775901e+00
1.261742535330671044e+00
1.287553074579091072e+00
1.272601088963125182e+00
1.253891689338652249e+00
1.285397141413835431e+00
1.265192293064330453e+00
1.281798004030736182e+00
1.264317560184582412e+00
1.273597420559207993e+00
1.275905025538409454e+00
1.267511868040545941e+00
1.279256266984255541e+00
1.277768415668131929e+00
1.283510023297798730e+00
1.279663877456523435e+00
1.275104214911257472e+00
1.256306284494462799e+00
1.262938339299179979e+00
1.266886089838862972e+00
1.258949296784314553e+00
1.275473569639805849e+00
1.283959852140446500e+00
1.263542451213430562e+00
1.260850890485176734e+00
1.279480521266861848e+00
1.280473058795827956e+00
1.253836601829353192e+00
1.239270864360800362e+00
1.256454442203369659e+00
1.255364993885746960e+00
1.274136022128436796e+00
1.269240832345131631e+00
1.269892515463107108e+00
1.273433588595900501e+00
1.277572418429216761e+00
1.270747592701303219e+00
1.261698224270788815e+00
1.276927184123776593e+00
1.269202433786187800e+00
1.262607018347006171e+00
1.271886399800335354e+00
1.271900051386646968e+00
1.277562480016340318e+00
1.273235396923872553e+00
1.263228878954538503e+00
1.276523231722983764e+00
1.268661576303839800e+00
1.250654783898485611e+00
1.268954745135994377e+00
1.252160726119288636e+00
1.263056030909028848e+00
1.263325760158749977e+00
1.263923106106853433e+00
1.250953266877399939e+00
1.272263850684986819e+00
1.267429030449880090e+00
1.282664037433757676e+00
1.279921449561288949e+00
1.283076845379131026e+00
1.278119142669448038e+00
1.268825196096571517e+00
1.267215336718326313e+00
1.260484830056490146e+00
1.267040196419050302e+00
1.253932253487718196e+00
1.285076064808153173e+00
1.281975341172808536e+00
1.264589861838266271e+00
1.280257246052656894e+00
1.263131783911817463e+00
1.270502751660087970e+00
1.273926295966810507e+00
1.271819331067320480e+00
1.266066137259729052e+00
1.279310926939196014e+00
1.281787093413870871e+00
1.277095416691620633e+00
1.260419157879082652e+00
1.270746073181025171e+00
1.260737559107105943e+00
1.266552504319072403e+00
1.268236411677985398e+00
1.267636877268105700e+00
1.258196250149297590e+00
1.252975890287015392e+00
1.287469223196592516e+00
1.259947094685271773e+00
1.271888832626070887e+00
1.269431149770651857e+00
1.268320283451920272e+00
1.275135876383462818e+00
1.275330812126361568e+00
1.268822101760470389e+00
1.273610059380616777e+00
1.271015459057717401e+00
1.264618144139032063e+00
1.267232614288074766e+00
1.270350614627455021e+00
1.280401592029348334e+00
1.278607556949005186e+00
1.267828000950161016e+00
1.287135117394553552e+00
1.261462338714880893e+00
1.262737538614392196e+00
1.270164946448832710e+00
1.247282030025615773e+00
1.272390153039939298e+00
1.281400471583205469e+00
1.266312539710831242e+00
1.276560318537497629e+00
1.267739161104682655e+00
1.273116133168492814e+00
1.289445787512182307e+00
1.265769594145709886e+00
1.265285294265604099e+00
1.267373090466662022e+00
1.272051246670939717e+00
1.268934241950623321e+00
1.272683516196034814e+00
1.277021545555401927e+00
1.281827274001893446e+00
1.280024000568659837e+00
1.278933940849027895e+00
1.280234697085943507e+00
1.277943096783335841e+00
1.326258554333781481e+00
1.277431982707732061e+00
1.293159179802560121e+00
1.259274429269357176e+00
1.258385926393458032e+00
1.269608012632509997e+00
1.284662219098781977e+00
1.260216220344486882e+00
1.273589955335214130e+00
1.292725879506153142e+00
1.282270003737432384e+00
1.269839575755596695e+00
1.280544205404948954e+00
1.271032917504501869e+00
1.275128526228155312e+00
1.268179907043615717e+00
1.263388198160731335e+00
1.269792394908199284e+00
1.263293748481321144e+00
1.270614173599512231e+00
1.261136981766681098e+00
1.267389763043534012e+00
1.276523134701923690e+00
1.275614703541734896e+00
1.270222847737759064e+00
1.261860456334196412e+00
1.280769964300211283e+00
1.261527151831405957e+00
1.272288357738032172e+00
1.266474285615874384e+00
1.278848722119962478e+00
1.272625135707766919e+00
1.274516513626647862e+00
1.281104560912167845e+00
1.286827940936890347e+00
1.279517677869588699e+00
1.288172968864143231e+00
1.275662758136480335e+00
1.280450094285310092e+00
1.258512611909995860e+00
1.258531062367814313e+00
1.258945862756113421e+00
1.275818275768820786e+00
1.262927305207593998e+00
1.272967587705180703e+00
1.263281797967412690e+00
1.272612972218774896e+00
1.284185284747686895e+00
1.286687534104587360e+00
1.280015914807725030e+00
1.254410162226975878e+00
1.283544218284617511e+00
1.261323882832064092e+00
1.280134183075204657e+00
1.270637935634135074e+00
1.269564797236713227e+00
1.269193154933522916e+00
1.265331316385215565e+00
1.276214600767388241e+00
1.267296647259105624e+00
1.260880720249799358e+00
1.266175494033971782e+00
1.258479992681741821e+00
1.255746559959771469e+00
1.267237368563852717e+00
1.273940593549143907e+00
1.282944822990455425e+00
1.279813037406313025e+00
1.277541506377639191e+00
1.266681524482513366e+00
1.264375100435316979e+00
1.269817796630248186e+00
1.255718299623763912e+00
1.261400555172274229e+00
1.274213207519235613e+00
1.270138763165582940e+00
1.276284962135069145e+00
1.258709972130966470e+00
1.269810737283326718e+00
1.263733551428506852e+00
1.276797078887537573e+00
1.263078987896904204e+00
1.285871344680174611e+00
1.265386881468304026e+00
1.275971400408604239e+00
1.261490484623464692e+00
1.269987907042563924e+00
1.252449565867426839e+00
1.282828842929883306e+00
1.266473206963753873e+00
1.263585720457643058e+00
1.278803776987140761e+00
1.258954106350811841e+00
1.277881302165450261e+00
1.278415660543350096e+00
1.282575052489956624e+00
1.276704770282619528e+00
1.282159030320675352e+00
1.261653724341849747e+00
1.287137627219789193e+00
1.273624455837056413e+00
1.258465747059730466e+00
1.275841818948533435e+00
1.274666542536594172e+00
1.274262912976602102e+00
1.263651794261080541e+00
1.269709064923674413e+00
1.264347681176648086e+00
1.270434157330850633e+00
1.273827557987574854e+00
1.275150485256838717e+00
1.275382038479625502e+00
1.272051785439164640e+00
1.279468080742460989e+00
1.273941974117809073e+00
1.268691217921936065e+00
1.271168846498538008e+00
1.270039601417594310e+00
1.289864015420058019e+00
1.272541191884081879e+00
1.267222133763723058e+00
1.258698674203816648e+00
1.265609452388336775e+00
1.279240114376279269e+00
1.276531934162974391e+00
1.270414101232458348e+00
1.257637162651599194e+00
1.265600732136942463e+00
1.285961754065293894e+00
1.257223557908416334e+00
1.265480298417879235e+00
1.286391813986701216e+00
1.279613834015225438e+00
1.260181485836944892e+00
1.292332485202370318e+00
1.268392233812982273e+00
1.268474059939078913e+00
1.264962205390770977e+00
1.280012452841730930e+00
1.287709662914174658e+00
1.259218638226294429e+00
1.263687150019497274e+00
1.268098479704407699e+00
1.265075965740690922e+00
1.267552184040616980e+00
1.274882197808609563e+00
1.259041916816387774e+00
1.268321198821240614e+00
1.272290055330388414e+00
1.274316138211172511e+00
1.278312727850428487e+00
1.262516531906623163e+00
1.279353007674844500e+00
1.261778100412770165e+00
1.278932883685290012e+00
1.264326788366855192e+00
1.262343341491440230e+00
1.267367524453953287e+00
1.268270264707986428e+00
1.253616524203280402e+00
1.276652777404433392e+00
1.269540795905125252e+00
1.283746056247567990e+00
1.262765444195500963e+00
1.282376165003109802e+00
1.248112734166444637e+00
1.266352612833473001e+00
1.274224510769184304e+00
1.270117971369403076e+00
1.265025238595591794e+00
1.269846987239194203e+00
1.257046737030468098e+00
1.279174902211684062e+00
1.259026437534578768e+00
1.264706369865884472e+00
1.276423104707676393e+00
1.280018189992148336e+00
1.268256295041223058e+00
1.270550158231375182e+00
1.286731097596018669e+00
1.276428794169355729e+00
1.272890633418510609e+00
1.257497139787934204e+00
1.257061712927251662e+00
1.269039845545043788e+00
1.271011959163865557e+00
1.275229703949190219e+00
1.262472037997955043e+00
1.251450698861933386e+00
1.269188547246999255e+00
1.275790721395480443e+00
1.264248390229361974e+00
1.271041815609456949e+00
1.297118195689269671e+00
1.275710454214590284e+00
1.284425527333960204e+00
1.276456036814981987e+00
1.278839117925977265e+00
1.264984471074979133e+00
1.277679282626966062e+00
1.281436637737190187e+00
1.279456355803131551e+00
1.283781439150155634e+00
1.273856535773021603e+00
1.276688778971804883e+00
1.268739040380445271e+00
1.268323101555112409e+00
1.253875057545655203e+00
1.279102032379217713e+00
1.253053040498020465e+00
1.272711853473970312e+00
1.272170264115086713e+00
1.270765509527501447e+00
1.274104172902426724e+00
1.264102458980657762e+00
1.271338582769341086e+00
1.264860677253275556e+00
1.268669815638022280e+00
1.268521709358542360e+00
1.261831588287250616e+00
1.261589961027793638e+00
1.279730246800447890e+00
1.285824204221615696e+00
1.276600486471425100e+00
1.269809354035187798e+00
1.257869977726675748e+00
1.284504308186485755e+00
1.270445476498786697e+00
1.270943620265933216e+00
1.258939550760509674e+00
1.274013877653447979e+00
1.263627102747722386e+00
1.261065608719131870e+00
1.276263419457382975e+00
1.289905407223429057e+00
1.262249454471114030e+00
1.273556899796172814e+00
1.261083431865313687e+00
1.281200885567381098e+00
1.278901975418644366e+00
1.267390281614595215e+00
1.274099125619889472e+00
1.280571715936220878e+00
1.272780619320360351e+00
1.277345399321710318e+00
1.280219993009458213e+00
1.272588972104649496e+00
1.282552633302623590e+00
1.270624844134377485e+00
1.269892202855255947e+00
1.281984917558689263e+00
1.272722587121247084e+00
1.262960047586080714e+00
1.284913014018522981e+00
1.274251100475000120e+00
1.262285714900936773e+00
1.281867629959004606e+00
1.265686372216319633e+00
1.273397215073155619e+00
1.286796131859310854e+00
1.284861077224455750e+00
1.261146832340187762e+00
1.257502750067345243e+00
1.268494384799345953e+00
1.284656233008152570e+00
1.271763538552640460e+00
1.268605718558284412e+00
1.283038043945376794e+00
1.275319533385681270e+00
1.258973811949529287e+00
1.288718818372584840e+00
1.278764406507344908e+00
1.266141575783950257e+00
1.261297637026714602e+00
1.276014009892982859e+00
1.267994683485299534e+00
1.254719370941713041e+00
1.265186396726093898e+00
1.287028850869326391e+00
1.264748521267750947e+00
1.265815923909894058e+00
1.279384580734284960e+00
1.262806321912182783e+00
1.286847582277399038e+00
1.264642177638328979e+00
1.270493363447194657e+00
1.272237726897262222e+00
1.257859156150403113e+00
1.282902935634426145e+00
1.255457047410579507e+00
1.263060203559619232e+00
1.266156864924817382e+00
1.264215046937061881e+00
1.266358838229801442e+00
1.276246450479872285e+00
1.265233556294785400e+00
1.274521127395507936e+00
1.278050363166739034e+00
1.268156249960910920e+00
1.265114972104130819e+00
1.272177394916887971e+00
1.279481205607924776e+00
1.282441863372364654e+00
1.274428682960625725e+00
1.271694259467065491e+00
1.258840352761025905e+00
1.261814780208753817e+00
1.271279160023912391e+00
1.267472852453478405e+00
1.260272207972479075e+00
1.274295930301936330e+00
1.269267867495547764e+00
1.257770697702708107e+00
1.271440917630579426e+00
1.244037516530506648e+00
1.269589992959821556e+00
1.261938403735350267e+00
1.289072219402115804e+00
1.277823389384228348e+00
1.283634869069272488e+00
1.266173799074469697e+00
1.271690587844712672e+00
1.274889005106418116e+00
1.258457313435438207e+00
1.271085659238043064e+00
1.265545014293129489e+00
1.286263677102060132e+00
1.264091772511551026e+00
1.251753489359352267e+00
1.258990502983828641e+00
1.254542887381153049e+00
1.277563440797651717e+00
1.266400249866113104e+00
1.267548973121768396e+00
1.260027645304937272e+00
1.276648759120020626e+00
1.274646710821389917e+00
1.276970764166292405e+00
1.261566995621473897e+00
1.252624351017335824e+00
1.258683338489624104e+00
1.262817844381998400e+00
1.264057515683431276e+00
