5.513410601400353480e+05
2.690499399838519166e+05
2.436720173202688457e+05
2.343038134243184759e+05
2.365877742383503064e+05
2.349546074181135918e+05
2.325981419407576032e+05
2.383635023080261308e+05
2.324056740601567726e+05
2.361593844230974792e+05
2.381814814540705411e+05
2.376633695805041061e+05
2.386087144250626443e+05
2.352897813471611589e+05
2.335329951308987511e+05
2.345343365239500708e+05
2.384353053680262819e+05
2.344765273704130959e+05
2.372435769501103205e+05
2.335883109253581497e+05
2.358531136580227758e+05
2.392275278528058843e+05
2.339882955726727087e+05
2.375506790775524278e+05
2.332132682566870935e+05
2.302408674709440675e+05
2.392675250471751206e+05
2.348721778675862879e+05
2.413868614054077188e+05
2.384689734186176793e+05
2.369932776409188227e+05
2.379145904591958970e+05
2.432428829762321257e+05
2.411474110134743387e+05
2.356753723227655864e+05
2.367580306718300562e+05
2.387951905215209990e+05
2.346816775655283418e+05
2.381695822236108361e+05
2.363849487917587394e+05
2.360024216126283864e+05
2.366825902356909937e+05
2.398619604443311691e+05
2.362739997334706713e+05
2.369892821781933599e+05
2.441941308505544148e+05
2.334376135083309491e+05
2.382553328755611437e+05
2.338603061626226408e+05
2.364510317357730819e+05
2.366842172944858030e+05
2.362097144315743935e+05
2.396580769693395123e+05
2.414402225384645571e+05
2.325745753510924987e+05
2.340397638491878170e+05
2.369766612545244279e+05
2.398108455754649476e+05
2.357074640665869811e+05
2.365085381491654553e+05
2.327243841292699508e+05
2.355810892189078731e+05
2.426832519714271766e+05
2.374201116697894759e+05
2.322969096590050030e+05
2.385059695595656522e+05
2.325481469615715323e+05
2.357944955786771607e+05
2.356309066531895369e+05
2.358319896012380486e+05
2.366972086595773872e+05
2.334246804062229057e+05
2.367225256550797494e+05
2.364012520705308416e+05
2.379774695796774758e+05
2.352862887132972828e+05
2.364779230165786284e+05
2.347863099362326611e+05
2.336067461414708232e+05
2.373539762275705580e+05
2.375250563370350865e+05
2.400930719612714893e+05
2.345794949773171975e+05
2.368686411519543326e+05
2.391964536711938272e+05
2.345601961112949357e+05
2.328920754809626378e+05
2.353463978119935491e+05
2.406936343648764305e+05
2.356596247139127809e+05
2.352824952916653419e+05
2.387867225170464371e+05
2.368384312083736877e+05
2.380240500561753870e+05
2.344987673587601748e+05
2.368702500396870892e+05
2.342410892251427867e+05
2.340543582234245550e+05
2.377271595838220383e+05
2.323015875881003740e+05
2.380869174044696847e+05
2.360995030194972351e+05
2.327409183268204797e+05
2.369249359164974012e+05
2.342780314525682188e+05
2.392097619365428982e+05
2.352356435932039749e+05
2.398622012855849753e+05
2.374230196086441283e+05
2.351703430645276676e+05
2.397073391738706850e+05
2.352098829575835844e+05
2.345872799060074030e+05
2.358251377027201524e+05
2.338388508018173743e+05
2.346360808035709488e+05
2.347037296017229382e+05
2.331853022979926900e+05
2.384528519436841016e+05
2.329759390585529909e+05
2.333899417825447163e+05
2.320438629403071827e+05
2.371756621446173522e+05
2.343481229168960126e+05
2.368551265684086829e+05
2.399370400433688774e+05
2.364609164721553680e+05
2.373806306616232323e+05
2.339855882241278014e+05
2.341526218752636632e+05
2.362006495108881500e+05
2.396944329048855288e+05
2.339345464224551397e+05
2.353718637164861429e+05
2.344434195336473931e+05
2.363518769954546297e+05
2.383304068228493561e+05
2.326862219512024603e+05
2.356441114111743227e+05
2.352719040156995470e+05
2.379332952577951364e+05
2.358257336427132250e+05
2.328402011321520840e+05
2.334585575340888463e+05
2.365181452802624844e+05
2.380914982704413414e+05
2.315807723245007510e+05
2.354116223591715388e+05
2.381333673946661293e+05
2.345997694643572904e+05
2.352436425752976211e+05
2.404234563965171983e+05
2.364725650490297703e+05
2.353854503265998501e+05
2.382793116501807817e+05
2.422992438730934518e+05
2.334754743100507767e+05
2.354590284672409471e+05
2.399380159023974556e+05
2.309294717233225529e+05
2.369094266129938478e+05
2.379045984225961147e+05
2.366808101156495395e+05
2.300725327016226074e+05
2.347323614980778075e+05
2.361990916661006340e+05
2.324087133522467047e+05
2.357451400799526309e+05
2.291931249830868910e+05
2.378413148995010124e+05
2.391241178496265784e+05
2.316956443670727022e+05
2.393892995073984785e+05
2.330585427886487741e+05
2.346590107490490773e+05
2.352176784460455528e+05
1.843041414887782012e+05
2.255617692322385556e+05
2.375957488729994511e+05
2.350811002284991264e+05
2.358137848850326263e+05
2.359065103182624443e+05
2.360950555642313557e+05
2.342958982096822583e+05
2.390751208202387497e+05
2.374068833883152693e+05
2.352187341824226896e+05
2.317157872087109718e+05
2.365722389954493556e+05
2.416988550950773642e+05
2.353296801401341218e+05
2.338864676701801072e+05
2.352396285152459168e+05
2.417262055124234757e+05
2.357274041985459335e+05
2.335259080108699272e+05
2.359327457215170434e+05
2.379434621994989284e+05
2.354851970725149149e+05
2.349782978823015874e+05
2.308091362297779124e+05
2.336829285647822835e+05
2.398595138759714318e+05
2.306837535687093041e+05
2.383334106642847764e+05
2.362660560994008556e+05
2.351560163974120514e+05
2.322225895383804163e+05
2.339023438675895450e+05
2.345030644313776575e+05
2.381347833638697921e+05
2.389526605722283421e+05
2.418703129391519469e+05
2.320614716951443115e+05
2.388904664495102188e+05
2.365181010037350352e+05
2.350795689977496222e+05
2.343465908205568849e+05
2.350353466919129423e+05
2.339787961895201006e+05
2.334164166631191038e+05
2.366433034879176994e+05
2.358985369620678830e+05
2.355797768482561223e+05
2.320345867101663316e+05
2.378254913684880303e+05
2.399169698458315106e+05
2.358136023115920543e+05
2.349379016500338330e+05
2.319906232499740727e+05
2.303718837461004732e+05
2.336088163706880878e+05
2.402488661414261151e+05
2.392120410481220169e+05
2.394471521498509101e+05
2.401747296646989707e+05
2.342194920198358304e+05
2.362271963999303116e+05
2.315925495640540321e+05
2.349200449731389817e+05
2.349890309205566009e+05
2.400246293142891373e+05
2.363879201967574772e+05
2.327281327980006463e+05
2.353769364244579338e+05
2.339890746026479464e+05
2.335105978785534098e+05
2.346389446697059902e+05
2.380819357192829193e+05
2.350584090749314055e+05
2.352845537573072943e+05
2.342705119002006832e+05
2.332803583393978479e+05
2.394610567389521457e+05
2.382266687274465803e+05
2.333448641892048181e+05
2.366141445216827269e+05
2.366684554101247631e+05
2.344514410911691375e+05
2.382382363687031611e+05
2.401096071786633984e+05
2.386887931928407925e+05
2.361756826471209642e+05
2.341949075134838931e+05
2.344542864018647524e+05
2.368787936843200005e+05
2.383432977594633412e+05
2.347123536809470970e+05
2.335727800023308082e+05
2.415693517450367217e+05
2.358755955333020538e+05
2.429157979641624552e+05
2.358193339171783591e+05
2.350122562315504474e+05
2.342845470269998186e+05
2.371723822867133713e+05
2.355164570697338786e+05
2.324738134493547841e+05
2.374081567011469451e+05
2.395185226193931012e+05
2.372262727001366438e+05
2.443260337321032712e+05
2.363904597598002292e+05
2.367625176751114195e+05
2.346286247511387046e+05
2.284416778419023030e+05
2.376399722272317740e+05
2.383980288305995928e+05
2.384123859701151960e+05
2.293995868815645226e+05
2.386624007525874185e+05
2.317922636731935490e+05
2.365478218656606623e+05
2.380830925412631186e+05
2.315707128974332882e+05
2.366289815776603064e+05
2.364293776883042301e+05
2.376172728200929414e+05
2.345687163242539100e+05
2.359692966983528750e+05
2.367717995304065116e+05
2.419921764188859961e+05
2.346164859556721058e+05
2.361252658379506029e+05
2.340489053425396269e+05
2.354787996810628974e+05
2.337579370564925775e+05
2.414631741095358157e+05
2.356842006593809929e+05
2.374211914333945606e+05
2.354923869439167902e+05
2.380187907208827673e+05
2.396852938705961569e+05
2.377899343267132936e+05
2.363273643730761542e+05
2.363680183191454562e+05
2.369027872228799970e+05
2.366011388043935876e+05
2.372537668263772794e+05
2.381745979337689932e+05
2.341965617916018236e+05
2.385710157882877102e+05
2.360683686292716593e+05
2.313692875056085177e+05
2.363868541201546614e+05
2.351380799305467808e+05
2.406998918706368131e+05
2.388300720826751785e+05
2.340522411104951461e+05
2.365429001067888748e+05
2.364538649154983286e+05
2.330678073277057556e+05
2.365220341006639064e+05
2.358529852910439076e+05
2.355865141269463347e+05
2.373977839364366955e+05
2.389250080178280768e+05
2.332502056911915715e+05
2.319351207073933911e+05
2.324764494900893187e+05
2.360657983903952700e+05
2.360275525831200357e+05
2.413351132387276157e+05
2.375727861955199041e+05
2.339000077534308075e+05
2.355415720476116694e+05
2.326240907052616531e+05
2.342797690941830515e+05
2.375704697229161393e+05
2.378201733382121893e+05
2.352809937597453827e+05
2.354588082904449548e+05
2.370390336343290401e+05
2.400547152596400410e+05
2.366636890018861450e+05
2.410461008943408960e+05
2.394941295692013227e+05
2.328577341464314959e+05
2.319516188715442840e+05
2.343664520966809359e+05
2.322117224013904925e+05
2.374326716528222023e+05
2.367915841519172245e+05
2.386717912380190392e+05
2.393941190560991818e+05
2.379435020269122615e+05
2.331101716641024104e+05
2.405816255947808677e+05
2.351030832703524211e+05
2.348093961358558445e+05
2.389441746844467125e+05
2.336475419804951234e+05
2.357621138717987342e+05
2.385203511243120010e+05
2.422021288667064509e+05
2.310969251589026535e+05
2.353199377459350508e+05
2.355825923190421890e+05
2.370665324350013980e+05
2.368468492016892997e+05
2.384620680979109311e+05
2.359044756346618815e+05
2.357129109354980756e+05
2.340378829582496255e+05
2.385271882104974648e+05
2.350529039505654364e+05
2.316812845723878709e+05
2.343241602343547274e+05
2.378381716029035160e+05
2.345205445174312626e+05
2.405423554236694763e+05
2.352282602209083852e+05
2.391604826635074569e+05
2.348323447999263299e+05
2.343131583460156980e+05
2.371843587115251867e+05
2.333218157064393745e+05
2.320511318615523633e+05
2.400571084734171745e+05
2.425504933306093735e+05
2.373673846237488906e+05
2.384282439032549737e+05
2.414935755294520350e+05
2.302235987097782781e+05
2.332734900468768610e+05
2.418291148157251882e+05
2.330956399727706157e+05
2.380596769836701278e+05
2.360285936996520031e+05
2.350321104956351628e+05
2.320383795681555930e+05
2.343364425192717463e+05
2.382641657138129231e+05
2.324726639467364294e+05
2.324281908781451348e+05
2.363788737450671615e+05
2.385463128109071113e+05
2.364427187477369444e+05
2.381337588331063744e+05
2.345827873643973144e+05
2.374402908870030951e+05
2.335198974433302064e+05
2.350206238480641332e+05
2.338800551283443056e+05
2.356922085789504927e+05
2.326460462324905384e+05
2.330540913841422589e+05
2.364518294315082894e+05
2.386594380054484645e+05
2.395182095081804437e+05
2.365798672640577133e+05
2.378169339058386686e+05
2.327893108512994950e+05
2.299766020576481824e+05
2.357644544852401013e+05
2.347510779822055774e+05
2.344642205220392498e+05
2.401467560299926263e+05
2.386047559749615612e+05
2.355284713919639471e+05
2.332001546940287226e+05
2.412600427879190538e+05
2.338960659169196151e+05
2.390662336407008115e+05
2.414558667564865027e+05
2.418373836806924955e+05
2.371611163171031803e+05
2.371125375590481854e+05
2.374907880726590811e+05
2.331944883169589739e+05
2.366779976842074539e+05
2.367995639853676257e+05
2.334415190392133954e+05
2.354780424552912882e+05
2.402759047231754812e+05
2.345893551071272814e+05
2.353280023896637140e+05
2.363203161362597020e+05
2.343514596223205444e+05
2.336546314130647806e+05
2.350990723888729408e+05
2.376655816894903837e+05
2.352835254361674306e+05
2.360008852523833630e+05
2.387270935692729836e+05
2.349920058250353904e+05
2.352668164335894980e+05
2.356836298118614068e+05
2.354815951822849456e+05
2.341715150563558564e+05
2.354330733655775839e+05
2.352410021616556623e+05
2.328390342354546301e+05
2.350988979426212027e+05
2.349711369894779345e+05
2.368798277359470958e+05
2.313103784783226438e+05
2.320693747501195758e+05
2.364903626788939582e+05
2.368631693573296361e+05
2.344112525711076742e+05
2.391352919259686314e+05
2.344540296131380601e+05
2.351629598690705025e+05
2.378516239183644066e+05
2.306823822225139884e+05
2.362530783318243048e+05
2.348356552298726165e+05
2.333113811948753137e+05
2.377277999035122339e+05
2.345655242843646265e+05
2.402209004005806637e+05
2.348644062641060736e+05
2.374404676185270655e+05
2.340810350206610747e+05
2.391418642648208770e+05
2.337076831070314220e+05
2.433251117707992962e+05
2.378992421651266050e+05
2.343934830754078284e+05
2.332913149488077033e+05
2.392698735604592075e+05
2.392907274071338470e+05
2.393305104726365826e+05
2.331995257544110355e+05
2.287732670353869617e+05
2.384812042515708017e+05
2.353768244801462279e+05
2.378178239698295656e+05
2.384966789628228289e+05
2.361485443229541706e+05
2.352952298958199681e+05
2.358379559649236326e+05
2.342039544172392634e+05
2.349199863268092158e+05
2.400905519268117496e+05
2.373175093183221179e+05
2.378682874737493403e+05
2.346508406045377487e+05
2.342020197724070167e+05
2.355736902621318004e+05
2.347467096205213747e+05
2.350867245765053376e+05
2.384568284923594329e+05
2.299588889349443489e+05
2.379003123663288134e+05
2.371403123097588541e+05
2.356431472662510059e+05
2.351277576116909040e+05
2.376504796221758879e+05
2.359876634775906277e+05
2.369073692128732218e+05
2.366211742695855792e+05
2.348189276632505644e+05
2.418560078164581791e+05
2.391614427868828934e+05
2.322328327133523417e+05
2.367429605231337482e+05
2.406813299099051801e+05
2.334161830266623292e+05
2.371767825559196936e+05
2.358232670912317408e+05
2.316729321386058873e+05
2.356100257440463174e+05
2.392770417349807685e+05
2.347409604274731537e+05
2.339150845490707725e+05
2.327129603188649926e+05
2.390528808927871869e+05
2.408509759784334456e+05
2.335001259065833583e+05
2.406703470588521159e+05
2.328784761040423473e+05
2.347649305769221683e+05
2.389794100076547184e+05
2.411750563589667727e+05
2.390021320771728933e+05
2.315729730700355140e+05
2.372545556093413907e+05
2.368844414293917071e+05
2.333211252963434381e+05
2.364753937928059604e+05
2.349126009270861105e+05
2.383774903751691454e+05
2.346825855199370126e+05
2.382247798085363465e+05
2.329322774979178794e+05
2.343150047654787195e+05
2.367693459517940646e+05
2.369594084027109202e+05
2.380970627001219837e+05
2.346375267595980549e+05
2.371326808501140622e+05
2.336052740734896797e+05
2.368479183565320564e+05
2.360509169902004069e+05
2.403769868570147373e+05
2.357869539700116438e+05
2.337173560739691602e+05
2.311095873174720618e+05
2.383914080169761146e+05
2.339439253672052291e+05
2.355924531038852583e+05
2.373095641735570389e+05
2.338580937124346092e+05
2.350096641886060243e+05
2.389099492089113337e+05
2.399155381987926376e+05
2.307228180453212408e+05
2.360479443847567600e+05
2.369172071443663444e+05
2.353022220528963080e+05
2.379165139644786832e+05
2.356284439333163027e+05
2.408622096457470907e+05
2.352786545546317939e+05
2.369612736424030736e+05
2.366034548559256946e+05
2.357267372438548482e+05
2.379167677379127126e+05
2.411128362949647417e+05
2.324165808345944388e+05
2.346951282448417332e+05
2.437604257258362777e+05
2.382838996976560156e+05
2.313369280415726535e+05
2.393971646889240947e+05
2.381385021640324849e+05
2.323893763775822881e+05
2.360159699502316362e+05
2.368911004613970872e+05
2.380545290016203071e+05
2.373194089982688602e+05
2.417209595299710636e+05
2.398371134752492362e+05
2.348156585949879372e+05
2.352986034592214273e+05
2.311402583665696438e+05
2.309707880415969703e+05
2.409083896153369860e+05
2.303943839836729458e+05
2.386161172933630296e+05
2.395469012207208725e+05
2.382907071153958677e+05
2.363424215932646184e+05
2.358070393821220496e+05
2.365472991819738818e+05
2.378257655604729080e+05
2.336651563254777575e+05
2.353105700255373958e+05
2.380708792023262067e+05
2.351259492086106038e+05
2.342716580335567996e+05
2.374132418005329964e+05
2.329598507684571086e+05
2.293369653960661381e+05
2.379702801868648094e+05
2.339692343984022154e+05
2.389765565501059755e+05
2.360363050423678942e+05
2.336872083439089765e+05
2.353687145159938664e+05
2.324034068297366030e+05
2.369427838605136494e+05
2.364251538802291907e+05
2.409229408328507561e+05
2.368987534782319271e+05
2.342716782339914935e+05
2.341203128776005178e+05
2.344565393017392489e+05
2.407678956725911412e+05
2.391493401166633994e+05
2.352806473134989792e+05
2.373058179057268135e+05
2.366839321984385024e+05
2.316139485379496473e+05
2.358672934730567795e+05
2.285009154815436050e+05
2.310936183611869928e+05
2.385724115616659692e+05
2.350528392081854981e+05
2.341074750214843662e+05
2.366492277969619317e+05
2.349093974449656671e+05
2.379773530715588131e+05
2.346854433496533602e+05
2.382023156814561225e+05
2.331038786371274909e+05
2.316700676537535328e+05
2.389065461032743333e+05
2.356757808629124484e+05
2.415438602439306269e+05
2.345485042173477123e+05
2.348064196721428307e+05
2.355164533760912600e+05
2.351640036177631118e+05
2.377052657748518977e+05
2.363624169363844267e+05
2.353952451309667958e+05
2.369379792548908736e+05
2.379583565972926735e+05
2.375635121997491224e+05
2.380440951206899772e+05
2.382306765842278255e+05
2.349851519290479482e+05
2.415859483656859084e+05
2.314516896008858166e+05
2.361756441972561588e+05
2.387370807742625475e+05
2.352470234442972578e+05
2.350197611848113302e+05
2.379206042677969090e+05
2.395624815127433976e+05
2.391176276814229495e+05
2.335412775939778367e+05
2.365756644567703188e+05
2.364729887403809116e+05
2.385727660698023974e+05
2.381140690353567188e+05
2.348544796103143308e+05
2.365133082518519368e+05
2.348482559051101562e+05
2.337612499426820141e+05
2.402606848208616429e+05
2.389543261563295964e+05
2.347352159626146313e+05
2.356423423015770095e+05
2.407825074536472093e+05
2.353803630928966741e+05
2.396668686973936856e+05
2.417483184965586115e+05
2.352725455608888005e+05
2.318416290973508439e+05
2.328834495831973327e+05
2.341877376745207293e+05
2.351051819394028571e+05
2.401163223204533570e+05
2.342803407540172921e+05
2.384115079893472430e+05
2.339110861067979713e+05
2.328711224335652660e+05
2.337609287285089958e+05
2.386882567693344608e+05
2.371688813322389906e+05
2.378225765884605644e+05
2.363101100387642218e+05
2.343715804081144161e+05
2.330818412996283441e+05
2.301092445275785576e+05
2.327074504565252573e+05
2.339815203021788329e+05
2.362580411756097747e+05
2.399373402887051634e+05
2.347613971673127962e+05
2.376134731028664683e+05
2.335741651867773326e+05
2.297614792603430687e+05
2.365721783770249458e+05
2.329348419986984227e+05
2.329369426369743596e+05
2.353981678092807706e+05
2.352857621842717926e+05
2.398739023903525667e+05
2.373381665260121226e+05
2.368010870515686402e+05
2.329377698872578330e+05
2.343551638003837143e+05
2.398217986725425872e+05
2.359339810371299682e+05
2.344662304682586109e+05
2.355971413819039299e+05
2.338823759589719411e+05
2.377617766474921955e+05
2.362827953891005891e+05
2.371236400201595679e+05
2.317546931885773083e+05
2.347006006783174234e+05
2.350948781312451465e+05
2.327950526973519300e+05
2.383905734393726161e+05
2.382628327294827614e+05
2.373230190503040503e+05
2.358657129851941718e+05
2.379303681887704588e+05
2.357824946231999493e+05
2.392862078228094615e+05
2.358403103671060817e+05
2.378325849363502930e+05
2.367637931602747121e+05
2.302486318464531796e+05
2.340886092828218243e+05
2.371211982091123646e+05
2.332402967133594793e+05
2.364616914525389730e+05
2.296524456020665239e+05
2.371079024152268539e+05
2.341610115576253738e+05
2.338227939647925086e+05
2.353170110643506050e+05
2.310769215085062315e+05
2.404675804500204686e+05
2.319818737425502331e+05
2.377848227262684086e+05
2.352479186164314451e+05
2.319833925902357441e+05
2.349817014670284698e+05
2.320267398653130804e+05
2.398328438525535748e+05
2.334488919326940668e+05
2.408898835257626488e+05
2.387097384483945498e+05
2.347779651860836020e+05
2.373119262613166356e+05
2.338228044488261803e+05
2.364936301705468504e+05
2.376898251865992788e+05
2.360757816460789763e+05
2.332176577326164988e+05
2.326445961286665406e+05
2.348036411998554831e+05
2.392055052926269418e+05
2.338446850701022195e+05
2.360913783084388415e+05
2.354047478424451547e+05
2.336636291701671144e+05
2.357719936348579067e+05
2.319392236472092627e+05
2.357964964405093342e+05
2.374304732246902422e+05
2.320375475693937333e+05
2.326429650567443750e+05
2.353193226372766658e+05
2.381523220212993037e+05
2.369689111108645739e+05
2.373352289386245247e+05
2.352407686990177899e+05
2.397500141674256301e+05
2.399033982729944109e+05
2.376025713641875191e+05
2.362257534310900664e+05
2.318673452224677312e+05
2.383769525719352532e+05
2.353944181609401421e+05
2.368617802982050343e+05
2.341245298452292627e+05
2.372627602940709039e+05
2.350868780850509356e+05
2.335235543131161248e+05
2.455042526684237819e+05
2.365039555700433848e+05
2.322285567019955488e+05
2.332421283269921551e+05
2.355046193696758710e+05
2.339420495183430612e+05
2.340041741903964139e+05
2.335233811331957986e+05
2.363368822725948121e+05
2.402973156426087080e+05
2.387152182265195588e+05
2.351671101488179993e+05
2.425976408298315946e+05
2.398544956341891375e+05
2.317255451206443540e+05
2.351806704286827880e+05
2.375153520040372678e+05
2.300948579100366915e+05
2.390522520041657262e+05
2.354908852646943124e+05
2.369565312860391859e+05
2.351945925213819428e+05
2.398941481727883220e+05
2.367015510309898818e+05
2.379802222219259420e+05
2.336583767744328070e+05
2.351568902839720831e+05
2.383671013796487532e+05
2.287283801192471001e+05
2.330469758734072675e+05
2.381235399288020271e+05
2.358464818956562376e+05
2.319326269597046485e+05
2.365108326814214233e+05
2.421190521669373848e+05
2.355299924714620283e+05
2.373090809035278799e+05
2.373641447106558189e+05
2.330482657959808421e+05
2.363544005247906607e+05
2.356218547281926149e+05
2.348237411357083474e+05
2.335091196722812310e+05
2.346437969765400921e+05
2.333376951709875430e+05
2.330179967429584358e+05
2.326564128273093083e+05
2.385411997904613963e+05
2.372078725776901410e+05
2.422947153039050463e+05
2.351329751942749135e+05
2.372341782533542137e+05
2.313071223680882249e+05
2.385852686870818434e+05
2.329295326716622512e+05
2.369726427101082809e+05
2.299934426515326195e+05
2.366204919415607292e+05
2.370220324000333203e+05
2.384696065586351615e+05
2.325639710998281371e+05
2.321553454313238326e+05
2.364684916167122137e+05
2.341709613737793406e+05
2.322063266655521002e+05
2.398642263838465733e+05
2.375127982097264903e+05
2.356780462706504622e+05
2.420517199639338069e+05
2.373035559606156021e+05
2.327449792291100021e+05
2.391245750969040382e+05
2.384357611231777410e+05
2.407558602805515111e+05
2.378616362080082763e+05
2.361980894884623995e+05
2.389877990508228540e+05
2.346182822186661360e+05
2.413753362224047305e+05
2.325091951142870239e+05
2.364696177008206723e+05
2.352357430092629511e+05
2.382924249692301382e+05
2.339706971900081844e+05
2.331476212527748139e+05
2.397200623783845222e+05
2.374331500233986299e+05
2.312825561995025782e+05
2.318739334214960109e+05
2.339676859913564404e+05
2.379273177012429514e+05
2.370736049886586261e+05
2.387423335693319386e+05
2.334905608051061863e+05
2.318831599630406417e+05
2.340784998746277415e+05
2.344434104822241352e+05
2.371187471903815749e+05
2.404419585981925775e+05
2.364635245120037871e+05
2.360859212745702825e+05
2.342617434946809371e+05
2.368077590009719133e+05
2.355275885658483603e+05
2.358375231152273773e+05
2.303636799184932606e+05
2.385355701867218886e+05
2.349891444123376277e+05
2.364932694799471938e+05
2.340856935977783287e+05
2.346347198241553560e+05
2.371307272802311636e+05
2.399216674318719597e+05
2.368699510690635943e+05
2.365741105975355604e+05
2.378009840970438381e+05
2.378705042031006597e+05
2.336836558247292996e+05
2.338276357417558320e+05
2.334710104007951159e+05
2.371426212702221237e+05
2.371118357222540653e+05
2.329977942359903827e+05
2.364552288487654878e+05
2.346895140763322124e+05
2.405959225730928301e+05
2.344663903656622279e+05
2.337738827950544946e+05
2.367524189245656016e+05
2.383855084135906072e+05
2.374333156845642079e+05
2.382744998550367600e+05
2.320815123159844952e+05
2.422617330686204950e+05
2.350887924895909964e+05
2.360123022829844558e+05
2.398497304783857544e+05
2.344135511299600184e+05
2.394956990971131308e+05
2.373649037865848513e+05
2.331914791572737158e+05
2.390074344321960234e+05
2.336022177378603665e+05
2.378937498803357012e+05
2.369158038188079954e+05
2.370151650800260832e+05
2.395144715465579648e+05
2.346892988529070572e+05
2.353596441794204293e+05
2.360685898271661717e+05
2.373716085799273860e+05
2.335233141511257854e+05
2.388098887629802339e+05
2.340753146686032997e+05
2.301610625778814137e+05
2.395010712934428593e+05
2.347932454395954264e+05
2.307082767270728073e+05
2.363348565739696787e+05
2.364445883780449512e+05
2.365909286055609991e+05
2.393120722603084287e+05
2.365998932125764841e+05
2.381669028204948117e+05
2.338445655273997108e+05
2.335382564832370263e+05
2.341103945758635236e+05
2.382049041199490894e+05
2.366597466457706469e+05
2.384692457651391742e+05
2.373078077785915521e+05
2.334943397447660682e+05
