1.470326295001809447e+00
1.486833770818340117e+00
1.476067616771637336e+00
1.474744407716683581e+00
1.486311411774992708e+00
1.475995180561792575e+00
1.468352458812214989e+00
1.480676649820360513e+00
1.478409403033807079e+00
1.474396653383241551e+00
1.469328083136137053e+00
1.459534060847204717e+00
1.499422567108844362e+00
1.472869916029089898e+00
1.469377012926713411e+00
1.447467567391206522e+00
1.476393034063234522e+00
1.471839486408650144e+00
1.474964157494058181e+00
1.473200846516812268e+00
1.456633718944646549e+00
1.446307186899544073e+00
1.469787044702933976e+00
1.478355002188467715e+00
1.484746042094995166e+00
1.467989703751507280e+00
1.471901238949848034e+00
1.464720505296806419e+00
1.472616498212682368e+00
1.466129118621675387e+00
1.477308079879434688e+00
1.482553479977806399e+00
1.483451565245419879e+00
1.469597322691485797e+00
1.496753706209019263e+00
1.473887776517850634e+00
1.487303470349401247e+00
1.484660518533265749e+00
1.467865785981651072e+00
1.479484174124237050e+00
1.502124414399526930e+00
1.442383591293150413e+00
1.492229482659277462e+00
1.479082140145054014e+00
1.470172948171669658e+00
1.486217099811513620e+00
1.472245004651753897e+00
1.483711530820917668e+00
1.489000183423876411e+00
1.484657726136267009e+00
1.483302765199032480e+00
1.484499245439684145e+00
1.466558137574399900e+00
1.474525056991933258e+00
1.468465986872711460e+00
1.486500036036385586e+00
1.487599159862282194e+00
1.480023447767692346e+00
1.471036188871383876e+00
1.488528777592581065e+00
1.468541642889660270e+00
1.462782705544741768e+00
1.484427237127968979e+00
1.456408000464813002e+00
1.485565951089252490e+00
1.474098123991581355e+00
1.496273888869548374e+00
1.484750956526081911e+00
1.470919818203255236e+00
1.468674914242593665e+00
1.450292660459163718e+00
1.477635849920738487e+00
1.483972324013497435e+00
1.488027740700245349e+00
1.475317996776938756e+00
1.478461417853562665e+00
1.459848342813259370e+00
1.471842887083004703e+00
1.478666158400330888e+00
1.482679172233054787e+00
1.463104112397140888e+00
1.464033335760568599e+00
1.470441640839379005e+00
1.473843682982178160e+00
1.465006385743518935e+00
1.485963210849702731e+00
1.473429970882924600e+00
1.492490236644119062e+00
1.469656729284504637e+00
1.500963779772386708e+00
1.466581658627660323e+00
1.461881714656621867e+00
1.473114975112260527e+00
1.474193953090241482e+00
1.468079358297123438e+00
1.457648059657858042e+00
1.480036672640929085e+00
1.468142292458635367e+00
1.482695578075440057e+00
1.481430968798866710e+00
1.483426506315611793e+00
1.448761519831059275e+00
1.473979848758586009e+00
1.461907254030597292e+00
1.474529185749603011e+00
1.477082774058051218e+00
1.462214455732623986e+00
1.466461161339422725e+00
1.476468752268953466e+00
1.479032945768808505e+00
1.477208774208223607e+00
1.471629306864122633e+00
1.483617394916121546e+00
1.475043680460457418e+00
1.485391942719757941e+00
1.470775238445977795e+00
1.475183545228043513e+00
1.469526023641628765e+00
1.470414737195037569e+00
1.439433713306682350e+00
1.472065183229780194e+00
1.459242812031551928e+00
1.477221517624177860e+00
1.476182740670086480e+00
1.455843967469627076e+00
1.476010493306942006e+00
1.464617572185960004e+00
1.470146078722796457e+00
1.471893093238535011e+00
1.473971507303223571e+00
1.466243377915242396e+00
1.464406913706184588e+00
1.459825082482699488e+00
1.482375119364168770e+00
1.477195817104933973e+00
1.491062680210967883e+00
1.461602294399340085e+00
1.475507079933643828e+00
1.460660693585420722e+00
1.468460585771833582e+00
1.473083479888756875e+00
1.475787254005069604e+00
1.493868891964179380e+00
1.465464599277005897e+00
1.488502016723344035e+00
1.473989796059365309e+00
1.484739085798707503e+00
1.473091803157740243e+00
1.474977754249460205e+00
1.491883315449489267e+00
1.471334945590781818e+00
1.485944980644599900e+00
1.486416698682185844e+00
1.486242566619404570e+00
1.472353031130871903e+00
1.473298452059093711e+00
1.482638552670774157e+00
1.480550764245691653e+00
1.465795599775186364e+00
1.469155731140808108e+00
1.467216107736752262e+00
1.468555766895901282e+00
1.461518606182652613e+00
1.464389707932546081e+00
1.483024220821909989e+00
1.495162700108997322e+00
1.479544110196365558e+00
1.447177804896240261e+00
1.465576464854671634e+00
1.470992508766552964e+00
1.460191790641328868e+00
1.462880903377673514e+00
1.474052133144963195e+00
1.473949897467893955e+00
1.491052837239048579e+00
1.479367232427815093e+00
1.456704808318624922e+00
1.479917824954025463e+00
1.475225241830060430e+00
1.438781881035931631e+00
1.470426795132745434e+00
1.475338935296210741e+00
1.462229820370119171e+00
1.482168863924369751e+00
1.463802774669293427e+00
1.474898156997355381e+00
1.481488569877362105e+00
1.482914670788475942e+00
1.486969982698763681e+00
1.456966671881403164e+00
1.459283912527040927e+00
1.462566489652711521e+00
1.475946373966148473e+00
1.458929523581129484e+00
1.480067450903694404e+00
1.479909195264552668e+00
1.469648576145706764e+00
1.474384160265020061e+00
1.473940115025751840e+00
1.467582515842774660e+00
1.466042709043090309e+00
1.480555790894096502e+00
1.485901027325196244e+00
1.462632400640018426e+00
1.485646016583473505e+00
1.452740878886005893e+00
1.473262375071823893e+00
1.461040133584474043e+00
1.485195657703068273e+00
1.497090407869905881e+00
1.471164758992156818e+00
1.480047277176894882e+00
1.467071287552240477e+00
1.475469603287151266e+00
1.467652685913469979e+00
1.475221048915065003e+00
1.468995171353018936e+00
1.459412730982821982e+00
1.479093589509865359e+00
1.460861883552521556e+00
1.485443706233824157e+00
1.487391748302884675e+00
1.500865112099739607e+00
1.459565812114268057e+00
1.483214509336885589e+00
1.464501775845358233e+00
1.479762584867066355e+00
1.466818293264674944e+00
1.470114665746326432e+00
1.466383130911509403e+00
1.456431992056456792e+00
1.454138590900876604e+00
1.455494470244946603e+00
1.476259199521552157e+00
1.446967045842645794e+00
1.465601419636201941e+00
1.478412324549890799e+00
1.470026841183111666e+00
1.488968999257738179e+00
1.493208585115997522e+00
1.486572107922635277e+00
1.460907825826283979e+00
1.471213475035593410e+00
1.478131331264301851e+00
1.467289221962809753e+00
1.489435363718785377e+00
1.484611196951720391e+00
1.465749746395239139e+00
1.470605672707373079e+00
1.466756284523593301e+00
1.489781745568445004e+00
1.483608476026349487e+00
1.464366833464922912e+00
1.470213992890760490e+00
1.474003857173198817e+00
1.491877767424683698e+00
1.484962251590374871e+00
1.485546639170939542e+00
1.479116958025094242e+00
1.471646830179223597e+00
1.463858589196705529e+00
1.489911047312727277e+00
1.486177876106376416e+00
1.478884000217249861e+00
1.467669518570658971e+00
1.491171073308808603e+00
1.486940651022999216e+00
1.462591010382218615e+00
1.460941765746013976e+00
1.481964232935477632e+00
1.481953952424877929e+00
1.479776174979453351e+00
1.464317782473818719e+00
1.474469952575603982e+00
1.462091764525150772e+00
1.469577631603847578e+00
1.486752009018062148e+00
1.486015822426682620e+00
1.508647053036802355e+00
1.483764074843273439e+00
1.452424711986736838e+00
1.473606056955682364e+00
1.446416337376865924e+00
1.482176775411012670e+00
1.487303345144495026e+00
1.483836601241848241e+00
1.476492360497416056e+00
1.468162628813444393e+00
1.465782761159482694e+00
1.475713088575463239e+00
1.470762142351311308e+00
1.468691362459846994e+00
1.489281191050974229e+00
1.496596514470210693e+00
1.475017390288260177e+00
1.473695693568081388e+00
1.479736128513396087e+00
1.472573229690733010e+00
1.467085009846941457e+00
1.481562465419870467e+00
1.448411316199964993e+00
1.482616121296220113e+00
1.466599177009036969e+00
1.492199407813991519e+00
1.484417521306353072e+00
1.465536689152755478e+00
1.474542077871611401e+00
1.488225841375781622e+00
1.475835622248199863e+00
1.481997041729796516e+00
1.475005104357576480e+00
1.487546373205786754e+00
1.464887641481138481e+00
1.458179942271436325e+00
1.476534545034285939e+00
1.472754975451159964e+00
1.470937880867404068e+00
1.484298343474389048e+00
1.463496943223455027e+00
1.486147816098305929e+00
1.463603230818180778e+00
1.478300013278178726e+00
1.484520502496953664e+00
1.482282603776480245e+00
1.472943770093774862e+00
1.471305725426341082e+00
1.478213324952025065e+00
1.483098191143556788e+00
1.465532505394929741e+00
1.479113650284803683e+00
1.482748474237315595e+00
1.463593774266369607e+00
1.469748856952280525e+00
1.475849981759552065e+00
1.471670606563491912e+00
1.467181801853427503e+00
1.486882648662387396e+00
1.478650022252190999e+00
1.462534304808401631e+00
1.494491940161572829e+00
1.508011482207237686e+00
1.474706858595515868e+00
1.469610494551578439e+00
1.478160347749996051e+00
1.491294998000240790e+00
1.460361905695615858e+00
1.478627531220754410e+00
1.481767937651137013e+00
1.476313606211202334e+00
1.466908519622718288e+00
1.488989425602357475e+00
1.472736987071826764e+00
1.490591080087434905e+00
1.476944546061884633e+00
1.480148809811425714e+00
1.457548058066591823e+00
1.465263399741975947e+00
1.465241299297087574e+00
1.487914078660327322e+00
1.479489805506430278e+00
1.460010461332425402e+00
1.482009870179172850e+00
1.476344873703095084e+00
1.467117097168207263e+00
1.477615060050785800e+00
1.471030747145037898e+00
1.474625557393022035e+00
1.456557753064275484e+00
1.485109491939457405e+00
1.473365467314839528e+00
1.485750436786399620e+00
1.470825074112221742e+00
1.452061186425071204e+00
1.477469623123586873e+00
1.448977121661563006e+00
1.465710683572824635e+00
1.491704619681017752e+00
1.486043890684489055e+00
1.473694533291149966e+00
1.469280646254643274e+00
1.473071618122838045e+00
1.486435478023014012e+00
1.490554139322689764e+00
1.453584020969251878e+00
1.443933066331577919e+00
1.469707040281781563e+00
1.479868154230050470e+00
1.462643878882581294e+00
1.468418898568490061e+00
1.485898945881226618e+00
1.472146403163619111e+00
1.495733894751652082e+00
1.501467549110691690e+00
1.484802316042828751e+00
1.488247880328559036e+00
1.472048326206069069e+00
1.455042149840827026e+00
1.471776831112395323e+00
1.484056668440801863e+00
1.462005878597748998e+00
1.480679951883073775e+00
1.473160347686429450e+00
1.479778043899970807e+00
1.477445579710405577e+00
1.453363990630671454e+00
1.483929974086397818e+00
1.468658950247938577e+00
1.491693024615813323e+00
1.467112330861213509e+00
1.471803401043548121e+00
1.468705163628197585e+00
1.482236349779125772e+00
1.492197090047176822e+00
1.468814408043229713e+00
1.465893566294953931e+00
1.462162385663051900e+00
1.479573767271771478e+00
1.464019355173139525e+00
1.481930674202212250e+00
1.462998032861689390e+00
1.475580012415267372e+00
1.503362970435945023e+00
1.463771089198016018e+00
1.458077326654324990e+00
1.453360092778788859e+00
1.484288042701671362e+00
1.456665754764399523e+00
1.457842547133062716e+00
1.467489216530678986e+00
1.476038827508481033e+00
1.458177437620189476e+00
1.488714149074113369e+00
1.486170348929026774e+00
1.471312809651754261e+00
1.470958065192277120e+00
1.475185675943370578e+00
1.470877298561235280e+00
1.489998800510367261e+00
1.469440547150320686e+00
1.457365507533464388e+00
1.486851120415893401e+00
1.472803700394592408e+00
1.465860995016968316e+00
1.474758384729383476e+00
1.492998086299514027e+00
1.480598735667011612e+00
1.489937855606834560e+00
1.480393251539060540e+00
1.495444610585988876e+00
1.473355503323873661e+00
1.479394663636029117e+00
1.465024170527763347e+00
1.477927200544604469e+00
1.478351106596768050e+00
1.473966216796793738e+00
1.484793599660613639e+00
1.490168230234248492e+00
1.479620600261079666e+00
1.451647374936495094e+00
1.490339830205556604e+00
1.450200477931308241e+00
1.457612206612997952e+00
1.490955101127813043e+00
1.469915779854395810e+00
1.475736783111339490e+00
1.475121929417838151e+00
1.483336509342751741e+00
1.468254486891345634e+00
1.470845769556771376e+00
1.471411073672812764e+00
1.485355245340030717e+00
1.449639849726089835e+00
1.475193317371537249e+00
1.472957350758898443e+00
1.488060697468198024e+00
1.484493839541520366e+00
1.492100394789553031e+00
1.483034244200246210e+00
1.488142433453357061e+00
1.473788811831169054e+00
1.457891586069405720e+00
1.471611662153031963e+00
1.485126772019405461e+00
1.463911698908423764e+00
1.471388997449892821e+00
1.468111551874743848e+00
1.478041282996077843e+00
1.458017141182121224e+00
1.466830159049025362e+00
1.460054204978424197e+00
1.459856724382518900e+00
1.467882940822776927e+00
1.456887025927799728e+00
1.456782778428205916e+00
1.483292611437321940e+00
1.480425280008522471e+00
1.451586432210284050e+00
1.483241314405120637e+00
1.450211750010676370e+00
1.487057139741832179e+00
1.481219279936889732e+00
1.467188317088787830e+00
1.467732139324127827e+00
1.479602398133652574e+00
1.487855849520403728e+00
1.484975912851525637e+00
1.448056553410520975e+00
1.475137379036514096e+00
1.466374527464327837e+00
1.469968678870629653e+00
1.471364591511816755e+00
1.472242763936215004e+00
1.475410418986240479e+00
1.483357159075104681e+00
1.492939965661626234e+00
1.453629582819417898e+00
1.480497255141571156e+00
1.469740804480493379e+00
1.496483125046456752e+00
1.475654301276758229e+00
1.459226129499343827e+00
1.485782397036525593e+00
1.466059507975112863e+00
1.468966414652393304e+00
1.475478693702553912e+00
1.462511820125540707e+00
1.484277118922031180e+00
1.490627011457611228e+00
1.481519246540300871e+00
1.489857880419452441e+00
1.484234730575330730e+00
1.447945657849303513e+00
1.480005899255267598e+00
1.471034586236978248e+00
1.464011249215941168e+00
1.479662668088650657e+00
1.473139733736071877e+00
1.482819018553611645e+00
1.481775822678215171e+00
1.492414214887800128e+00
1.468014305796091934e+00
1.472480706599728517e+00
1.472754813454571376e+00
1.476713493347433293e+00
1.475345546620732140e+00
1.455976802374839396e+00
1.476447337545984784e+00
1.483479132865337613e+00
1.483627677202008055e+00
1.475870909313779622e+00
1.480758761096598652e+00
1.484399759575311339e+00
1.470952129843590139e+00
1.476805270781655910e+00
1.472373127182588393e+00
1.473366282339270139e+00
1.483915177583484679e+00
1.491031930460285038e+00
1.470979568019688655e+00
1.461274812262549405e+00
1.489400403913178517e+00
1.480458288772357189e+00
1.452557475463497560e+00
1.474435749170749599e+00
1.482641630834053315e+00
1.467925503555306932e+00
1.490282337476746877e+00
1.457460532390545405e+00
1.479699310921729793e+00
1.467808532269117894e+00
1.456587134926113913e+00
1.474163315086740367e+00
1.501027607878608672e+00
1.480088067253571227e+00
1.485909064899557208e+00
1.475008634261333995e+00
1.464013625325153445e+00
1.491819619201525837e+00
1.487737907341479815e+00
1.462129049773859268e+00
1.459528670482425294e+00
1.470042857970213390e+00
1.486934736871603935e+00
1.482015289873757080e+00
1.470095578554386551e+00
1.462372286069306027e+00
1.468668923203995114e+00
1.475803982782881052e+00
1.465566641731250286e+00
1.481745587002397446e+00
1.466877115280125210e+00
1.477045082755283234e+00
1.468982500175192385e+00
1.486429142500093503e+00
1.474054218730423749e+00
1.462022026890717585e+00
1.463018193836676417e+00
1.458391938402132881e+00
1.484944189716862706e+00
1.486783249028017506e+00
1.476799529904954555e+00
1.481141934691680984e+00
1.474395740628699825e+00
1.464925934955682907e+00
1.462674282542427262e+00
1.485546208698137027e+00
1.485682384996486194e+00
1.463010295057603161e+00
1.481725410417636946e+00
1.481011277259251413e+00
1.463677099737303200e+00
1.456566885447042825e+00
1.479000175949546581e+00
1.457952613851596135e+00
1.497463171671407078e+00
1.482657806623752572e+00
1.461879496071772477e+00
1.470112087925105060e+00
1.471372421902054528e+00
1.475976675106534408e+00
1.477747261532952550e+00
1.463255039326779361e+00
1.487737656713914003e+00
1.469483974795710468e+00
1.467486315093700533e+00
1.482969010269308274e+00
1.487033847325947233e+00
1.465083304328433478e+00
1.483708548837796792e+00
1.467792551565092474e+00
1.477619502439260435e+00
1.483342667384154323e+00
1.461453821878137882e+00
1.468086805740333789e+00
1.480228354290926474e+00
1.474115964120520816e+00
1.469890365441093083e+00
1.474719614955820823e+00
1.474273750160092655e+00
1.477128486447464306e+00
1.463869481524376903e+00
1.476032018370574628e+00
1.492618234846257774e+00
1.475903107264681546e+00
1.482226024906392992e+00
1.468511028745932645e+00
1.476727510747588124e+00
1.461978245621221584e+00
1.469437621324871657e+00
1.478277201524802464e+00
1.477408731646204343e+00
1.456736551662082491e+00
1.474495069157563565e+00
1.479015786611310279e+00
1.481445229034073607e+00
1.476974678017145326e+00
1.476180720677539915e+00
1.495544152861272957e+00
1.463812673473004811e+00
1.465133424342254909e+00
1.466960675265806202e+00
1.489334023601698531e+00
1.480441890287077289e+00
1.449476889396202228e+00
1.477582848914643421e+00
1.489673063211153003e+00
1.470289988430163897e+00
1.467996712550645233e+00
1.474682916684120437e+00
1.471312258167833509e+00
1.472992439820182353e+00
1.477291461428848596e+00
1.456505881801290148e+00
1.474300130092106809e+00
1.490068628033022202e+00
1.462988107153174511e+00
1.469115505395486521e+00
1.492530134889990867e+00
1.454443990597332315e+00
1.459617976983496046e+00
1.471543713514928298e+00
1.478197937270260498e+00
1.472295250212330542e+00
1.481852436831640807e+00
1.470479352995678335e+00
1.490197504884426927e+00
1.463226816177967349e+00
1.474950788914082267e+00
1.477971844003368895e+00
1.499914847429084874e+00
1.477035207537162220e+00
1.468579621234318733e+00
1.440191210476416295e+00
1.473782262307226754e+00
1.476670757776459952e+00
1.485211829760965774e+00
1.487572755116914225e+00
1.496160980783149741e+00
1.479846378974914556e+00
1.463390349512478261e+00
1.474329413099722430e+00
1.470487466625837847e+00
1.485207022403846722e+00
1.473292458994402754e+00
1.490064171064420906e+00
1.463848693844478355e+00
1.460034637221608422e+00
1.480950896431771246e+00
1.469168790978720773e+00
1.466537542647492032e+00
1.470007859642187942e+00
1.468594121803109553e+00
1.480348111156796431e+00
1.484355561631881981e+00
1.462496913069463611e+00
1.478601375441493948e+00
1.465480731086163058e+00
1.497015082717983780e+00
1.484417207183626797e+00
1.472157248281480868e+00
1.463104323291279041e+00
1.475389495596975964e+00
1.486344547485366485e+00
1.473102284036788223e+00
1.474421181170212147e+00
1.483517641557402067e+00
1.468545281781579170e+00
1.476151198220192251e+00
1.479303956765663175e+00
1.482788167914006250e+00
1.468681287015577874e+00
1.479926794948566160e+00
1.471917420214737371e+00
1.457593892804620817e+00
1.470641191915242674e+00
1.452129843957092437e+00
1.478925490819711142e+00
1.464836696534259852e+00
1.461302546851850126e+00
1.464164163065029722e+00
1.459001708843914447e+00
1.467673491527789364e+00
1.463884104284633558e+00
1.498837129263128842e+00
1.469900177367046812e+00
1.454968179537488471e+00
1.474164325035204115e+00
1.473459481551633754e+00
1.469735206429608088e+00
1.478171503838827228e+00
1.466443238571026875e+00
1.465722265108656996e+00
1.482148430703597475e+00
1.476113534008151040e+00
1.451697708557369237e+00
1.480392472657869218e+00
1.465879045937563241e+00
1.482068955948561140e+00
1.466461372114524098e+00
1.465599300421073448e+00
1.500989137476596236e+00
1.466296418500212528e+00
1.476746931497134874e+00
1.489401629361808421e+00
1.488595943980874692e+00
1.472501317138542598e+00
1.476948559298534080e+00
1.464634031285847682e+00
1.467019417858598462e+00
1.473808315736689245e+00
1.487871854688346041e+00
1.469016564222947574e+00
1.465541453926219928e+00
1.474232493178142533e+00
1.469646228490531614e+00
1.476439260819296884e+00
1.468344867967811718e+00
1.451516115106983529e+00
1.461999486052745878e+00
1.471459984395182996e+00
1.470792159970625956e+00
1.468864497522169410e+00
1.477590231591072500e+00
1.482792509958132499e+00
1.482863909678051151e+00
1.470610323553095622e+00
1.476610760391864563e+00
1.483200676025948184e+00
1.490991038606173325e+00
1.483812822008939047e+00
1.486914034499203119e+00
1.495902890777660588e+00
1.462604266331312797e+00
1.461384447502687367e+00
1.478098537647249522e+00
1.469180102981209934e+00
1.472105318115371819e+00
1.469818182087586633e+00
1.487825450802165328e+00
1.473971137041662161e+00
1.469719390659876446e+00
1.479529485226042773e+00
1.470831197540141133e+00
1.461037521558968821e+00
1.470497638291498266e+00
1.485019338394833133e+00
1.478773670496816406e+00
1.461422249856118905e+00
1.458286759454316517e+00
1.477015670543090353e+00
1.476520257189083418e+00
1.482766269619717026e+00
1.492137038476598176e+00
1.472125096938228239e+00
1.487794796953497700e+00
1.485684262574761716e+00
1.475558674679422699e+00
1.486972708397459542e+00
1.486165251031557277e+00
1.485137753546945660e+00
1.467072750260431935e+00
1.472245447505484917e+00
1.479958141257162296e+00
1.483076902630512617e+00
1.474620074217981580e+00
1.450280007416261396e+00
1.470856628717702952e+00
1.489004564831249766e+00
1.458771688823231161e+00
1.480666416330530533e+00
1.488343737696054436e+00
1.480597544173054780e+00
1.477015904236345545e+00
1.474304940188401636e+00
1.469957777563848156e+00
1.477867360767451288e+00
1.474101385745468118e+00
1.465486768611395041e+00
1.459520360644937176e+00
1.495979616768192910e+00
1.487514225212620333e+00
1.466272313102207292e+00
1.490990926285823859e+00
1.474315220670919135e+00
1.468456453148357044e+00
1.468876078343080982e+00
1.469119206368665553e+00
1.479077008637128987e+00
1.471955562598687983e+00
1.488832672361009690e+00
1.470688318307735276e+00
1.482540806935185751e+00
1.467370189545627701e+00
1.472317015762284464e+00
1.487421789454973275e+00
1.488305754099643163e+00
1.484873608977355763e+00
1.457797740488418592e+00
1.483991900923901763e+00
1.466987393530820860e+00
1.481683601083343182e+00
1.479748106558231857e+00
1.491911485080863908e+00
1.487591525370073109e+00
1.470027561123853577e+00
1.485557259249796980e+00
1.482388754963248845e+00
1.485165596551277112e+00
1.501008744798070893e+00
1.485546999258801293e+00
1.487626284329173654e+00
1.476943350564181801e+00
1.473742960104191591e+00
1.465255158801263891e+00
1.491713013621006612e+00
1.488579771538134366e+00
1.477707764178100236e+00
1.484937005479009198e+00
1.478878152661472045e+00
1.484627173643246811e+00
1.466083838583805088e+00
1.457894484524329792e+00
1.474529891304634743e+00
1.466171029224261790e+00
1.459883006899607816e+00
1.470377682499309557e+00
1.471029747824866840e+00
1.460790271065421475e+00
1.468496895727861906e+00
1.487213895988029222e+00
1.482147180947565035e+00
1.466033548431965761e+00
1.470510024909984059e+00
1.476257086701866728e+00
1.474799252892024182e+00
1.487531110934204870e+00
1.468685087774477926e+00
1.476224829098334190e+00
1.464619760544477511e+00
1.478316948553999088e+00
1.461698136042797636e+00
1.491057739624089162e+00
1.479203657320199650e+00
1.482660224220773815e+00
1.462483530878931015e+00
1.463916649129342495e+00
1.462504470284503810e+00
1.470549403714191294e+00
1.489771379086739511e+00
1.482128345718669138e+00
1.441035317064364163e+00
1.482263254155249399e+00
1.476684113443023971e+00
1.469237890035474781e+00
1.459119338891761375e+00
1.492648396554700829e+00
1.481128120195075448e+00
1.463997297401526065e+00
1.482257449046174846e+00
1.453927261008309602e+00
1.472962151449210610e+00
1.501092414132488839e+00
1.470560395859030978e+00
1.494430424865899942e+00
1.475996707332962288e+00
1.490748723375145524e+00
1.479935376625337140e+00
1.473945499838750006e+00
1.478173358404158533e+00
1.459107399420258799e+00
1.491897002895470559e+00
1.475720742709774047e+00
1.466252246526412284e+00
1.459152394071139947e+00
1.478239670421988006e+00
1.472118283912613679e+00
1.466288460990828657e+00
1.484199681157337691e+00
1.481037285891749988e+00
1.467468066429257645e+00
1.481418703744232124e+00
1.474276557707507873e+00
1.459859849931473441e+00
1.488733189876098484e+00
1.482293375058509000e+00
1.460898145632624212e+00
1.461398624968679671e+00
1.472783869277566549e+00
1.469286083126002174e+00
1.470959401046651571e+00
1.511046992497858232e+00
1.484615977639765827e+00
1.470622666485898344e+00
1.439150487965605407e+00
1.455360936681510342e+00
1.472780877118070153e+00
1.482154508226612766e+00
1.469972070082763205e+00
1.472024553137214919e+00
1.496071159616506385e+00
1.464705967815248533e+00
1.463250639078183646e+00
1.476479844131730390e+00
1.478107891609267588e+00
1.478939174886152230e+00
1.474985501426329337e+00
1.493284933541945136e+00
1.484976734467485127e+00
1.475669268215862751e+00
1.454510993134270569e+00
1.467384101308556232e+00
1.466372254802384312e+00
1.476020196710190024e+00
1.466922725411489159e+00
1.468081238694807222e+00
1.483340870300018599e+00
1.458363055304663813e+00
1.496528287708206229e+00
1.484641406413013787e+00
1.486050885263384025e+00
1.455734703063447100e+00
1.467203105708320354e+00
1.495089497727920769e+00
1.471414807940010450e+00
1.450982044227717260e+00
1.499061637223908949e+00
1.457417835535240069e+00
1.479111576113832927e+00
1.453801485171830166e+00
1.503813947580939336e+00
1.494853536418298656e+00
1.470964601791889370e+00
1.469284619874038578e+00
1.460498542344162543e+00
1.464246191123998342e+00
1.470784690302796349e+00
1.474333451065443557e+00
1.473581036484202578e+00
1.444426164676635427e+00
1.460152340838280383e+00
