1.963904034724999192e+00
1.394703835112491408e+00
1.293305070168604409e+00
1.303788596798404642e+00
1.265750576862801680e+00
1.295808913121996975e+00
1.299904573234814897e+00
1.320054693138485336e+00
1.306214686570768446e+00
1.269174420224842947e+00
1.290178395148506407e+00
1.290901699970332883e+00
1.283596141176833072e+00
1.300603078926398926e+00
1.296392268074202603e+00
1.316974701510389645e+00
1.286799912124348078e+00
1.270619228562028136e+00
1.287000558847023690e+00
1.276940680848015042e+00
1.275779764385868598e+00
1.291794622243037205e+00
1.288789582080845708e+00
1.283909371600465699e+00
1.266544328763651750e+00
1.287367231316980387e+00
1.287988506886109663e+00
1.271135494989591885e+00
1.278094348346914488e+00
1.308006693790362496e+00
1.267593952459463269e+00
1.291277689755299996e+00
1.303465639518266439e+00
1.286740669423422467e+00
1.316972136451056041e+00
1.306043824104395012e+00
1.281886758968387108e+00
1.272222437183817778e+00
1.300543998818384672e+00
1.271555307431934567e+00
1.307953487818299010e+00
1.276346036068732426e+00
1.289127065333398381e+00
1.280428599890561125e+00
1.292062142194830177e+00
1.295906447273625250e+00
1.296778871673311073e+00
1.267996852785560735e+00
1.296875485640127224e+00
1.265667771721449286e+00
1.275194957659415262e+00
1.293161484939699513e+00
1.295394583933197730e+00
1.300715311384744055e+00
1.266962480838851990e+00
1.275120149768631750e+00
1.264414327206812239e+00
1.287568318724115812e+00
1.264847862174557802e+00
1.272135939044992003e+00
1.298395085874736621e+00
1.269113623765565357e+00
1.280408784277988987e+00
1.285381669520784254e+00
1.280724659438448265e+00
1.284019519568222689e+00
1.293157808202559655e+00
1.273052582981707204e+00
1.260299745872562660e+00
1.270546583396525708e+00
1.268326544302827319e+00
1.274429184836682438e+00
1.261407133593054120e+00
1.285416373378659660e+00
1.265737139741508477e+00
1.282374137084421273e+00
1.300237877702096201e+00
1.312586300714907894e+00
1.282171660341464348e+00
1.291625195977383678e+00
1.271681924699030075e+00
1.308140862929608517e+00
1.293645078638292700e+00
1.292281365180807162e+00
1.286121150929789403e+00
1.286868632877657515e+00
1.267232627965968250e+00
1.295168444554714249e+00
1.298735170191155364e+00
1.261092236895385188e+00
1.272943379449195556e+00
1.263160616764309241e+00
1.276282987943333502e+00
1.292624354848483481e+00
1.306861683481140179e+00
1.261580601234959076e+00
1.297888018906661944e+00
1.278645575985186023e+00
1.267410852758858342e+00
1.312863177684452598e+00
1.290250226515648579e+00
1.354581331046456283e+00
1.275514217085905733e+00
1.279809287154688224e+00
1.274686343884232409e+00
1.275524721027215813e+00
1.291400664679444033e+00
1.283505175259338049e+00
1.277249676284907487e+00
1.286441717965366882e+00
1.285201782160955597e+00
1.301813539932703545e+00
1.267336496790767653e+00
1.267878197920224714e+00
1.271836022276733980e+00
1.297024475052229953e+00
1.265559851494960419e+00
1.265295343272436313e+00
1.297972367631124335e+00
1.291794746762040313e+00
1.310543675978540934e+00
1.277758334553588115e+00
1.302440254642350137e+00
1.303947828487509231e+00
1.283699706703783860e+00
1.308442439293085346e+00
1.263517358094998100e+00
1.335644327679949672e+00
1.259695295311951346e+00
1.316900382406303027e+00
1.290565996363672641e+00
1.275920777570728637e+00
1.294168733016882289e+00
1.287094182279861609e+00
1.295887005083759869e+00
1.323442516692047377e+00
1.305236518737354245e+00
1.265642551445643083e+00
1.325630354207557371e+00
1.279885478995602011e+00
1.291820843136169739e+00
1.284058618659149609e+00
1.294161200577388593e+00
1.293484085485545387e+00
1.282472375252660335e+00
1.296204140397605675e+00
1.280336846486505475e+00
1.297147215229865758e+00
1.303569429224604281e+00
1.288970973116088992e+00
1.277148744757839349e+00
1.296112532235148995e+00
1.293039338767564495e+00
1.291555316491905359e+00
1.270266458755502148e+00
1.285409091313565400e+00
1.316946238845822625e+00
1.275455543202354880e+00
1.279884315467079592e+00
1.284960556157943801e+00
1.316078362993248652e+00
1.279930715204162350e+00
1.277488334051321450e+00
1.287920565760882097e+00
1.286771282243054815e+00
1.301576952892248284e+00
1.281300308509994990e+00
1.294860687437488389e+00
1.271882142271067551e+00
1.290279305222454376e+00
1.277512813988204377e+00
1.284160240292669952e+00
1.334685094977094311e+00
1.269355621949777246e+00
1.279136156865766649e+00
1.272149283091984717e+00
1.271129171549425729e+00
1.296610212718153798e+00
1.285488339521138501e+00
1.277568276992429031e+00
1.316644189613421778e+00
1.269839612265267759e+00
1.301076308579161234e+00
1.284079987124163491e+00
1.283160836331193932e+00
1.291919471447533274e+00
1.275748253858292491e+00
1.329687172351598834e+00
1.265913896437118824e+00
1.283323598383809161e+00
1.291392648271024957e+00
1.291622025138912999e+00
1.321744681950033362e+00
1.309893219152969746e+00
1.288839197414185511e+00
1.298416305906366253e+00
1.287093653273353011e+00
1.314711360123310246e+00
1.284692796431787354e+00
1.264717686924899498e+00
1.307778147276723368e+00
1.290063010660910336e+00
1.286462188473759261e+00
1.272321787471456966e+00
1.294705113629008419e+00
1.270488004723982600e+00
1.284701639779479265e+00
1.284029988173361669e+00
1.257285006348669354e+00
1.277871612584525751e+00
1.284123383554650388e+00
1.304991057343731997e+00
1.283377432152533526e+00
1.264733696566009202e+00
1.281151236029768103e+00
1.272163458801120361e+00
1.302182396661591079e+00
1.264475206927112572e+00
1.294199842657884680e+00
1.300186722708443376e+00
1.295246078002934675e+00
1.276199887488859819e+00
1.269686094113554820e+00
1.271208960388811260e+00
1.288933247380414704e+00
1.282393239400815066e+00
1.281550479562507894e+00
1.282715041241994314e+00
1.298055414601282598e+00
1.279210611832469535e+00
1.271659060259245910e+00
1.289166087435243746e+00
1.269381042757468103e+00
1.288820716326918747e+00
1.290963075785066971e+00
1.294291791918128265e+00
1.285700117074837223e+00
1.298763291785827168e+00
1.270431815449252211e+00
1.284949082227095474e+00
1.273100931782611189e+00
1.295245583882384421e+00
1.279514663760656257e+00
1.322414565959563415e+00
1.276491337192623643e+00
1.279798044015384662e+00
1.270327023308636338e+00
1.269827007732566626e+00
1.303548451421661758e+00
1.289102059390094590e+00
1.283952310361413440e+00
1.275699377813840352e+00
1.274202169974215426e+00
1.333733774017008100e+00
1.286014370758160164e+00
1.280216899085593329e+00
1.325115544209457985e+00
1.286719039457819846e+00
1.272767644872503601e+00
1.310399935012935391e+00
1.283438591921725047e+00
1.293014391963827281e+00
1.284497824187471604e+00
1.310666746228627888e+00
1.283305580998208129e+00
1.291395464491688072e+00
1.301460964089692807e+00
1.287327563006291253e+00
1.273070303523545999e+00
1.267423993651956460e+00
1.282137951923161490e+00
1.270693060321714585e+00
1.281017256576044261e+00
1.290379488723987000e+00
1.272678910307046163e+00
1.273444935908362385e+00
1.301610860534317737e+00
1.264728438670484012e+00
1.286516838534436324e+00
1.273211772524148522e+00
1.290995217697429975e+00
1.288140132877619637e+00
1.282951238706731445e+00
1.283555491835045581e+00
1.285912224792602032e+00
1.284263124443888016e+00
1.276992691913840572e+00
1.290321860247895414e+00
1.275596870982939057e+00
1.271319162125464919e+00
1.262003406145558726e+00
1.270212238303017438e+00
1.277235467460422713e+00
1.295460089362178824e+00
1.279782015630949621e+00
1.301141168678795923e+00
1.290072310421691792e+00
1.280185657914776343e+00
1.266946318282043737e+00
1.279549393388738743e+00
1.281838014530128245e+00
1.287000440489741271e+00
1.286493218715803799e+00
1.302469441892256663e+00
1.282453624862013974e+00
1.290223875169560719e+00
1.343206851748904196e+00
1.272417418443423154e+00
1.261515064665874375e+00
1.268067281198324459e+00
1.297414682414594900e+00
1.270310810187096129e+00
1.296460328708791021e+00
1.292680313934017500e+00
1.277000546563025640e+00
1.305822885706618308e+00
1.284686580786999155e+00
1.282837165862651618e+00
1.277640552627784531e+00
1.289773530442528626e+00
1.297495095839862111e+00
1.309777066482385344e+00
1.304035155347681441e+00
1.277397386592700634e+00
1.262905378186864658e+00
1.272815433242498351e+00
1.269980828819720742e+00
1.282070060171509152e+00
1.295443363941472636e+00
1.308745458207531520e+00
1.284141301395681722e+00
1.290965128618084767e+00
1.287889482697782917e+00
1.291780437117722613e+00
1.291956184314183798e+00
1.319211181509950315e+00
1.275065087813215259e+00
1.284074332436495380e+00
1.296885073092220564e+00
1.273355861311661119e+00
1.277051737866650161e+00
1.270332393089296685e+00
1.273958391769280718e+00
1.268988476117983044e+00
1.280742456964720333e+00
1.279504351560738717e+00
1.288543126433985497e+00
1.285377760106310108e+00
1.286280311754420591e+00
1.334453302617323311e+00
1.281450063798963201e+00
1.269512554232579582e+00
1.296956864636634288e+00
1.282356801725407447e+00
1.273165968525209246e+00
1.273133580834866052e+00
1.272715320919920234e+00
1.293649747711361542e+00
1.273217154111023097e+00
1.290137271931285357e+00
1.266242931898561741e+00
1.273858570747157470e+00
1.261499226489376735e+00
1.274379306364024966e+00
1.304697778860098634e+00
1.298092020273459601e+00
1.288742016955812364e+00
1.299451113872555297e+00
1.282963095069972637e+00
1.289749922400222015e+00
1.262045122307442480e+00
1.276332754197333719e+00
1.297957984343437676e+00
1.275822760949000934e+00
1.268474060283701466e+00
1.269383682173939487e+00
1.268584981964455682e+00
1.289873176238014452e+00
1.286765325503604895e+00
1.294395971502527276e+00
1.291997213323223592e+00
1.296566552402846018e+00
1.299801607382799595e+00
1.316825098649420767e+00
1.318543508276517340e+00
1.276469989743751476e+00
1.277836115228749847e+00
1.279486225144278677e+00
1.296366391500374471e+00
1.287089827943663556e+00
1.280117889132982301e+00
1.279330812328618228e+00
1.274977438446680322e+00
1.292119020391029771e+00
1.327161229372925355e+00
1.275532794046182472e+00
1.265266271955704402e+00
1.296725245781101599e+00
1.331824636842248166e+00
1.288025390675249904e+00
1.323791299633414464e+00
1.280617541753853006e+00
1.282336337840636054e+00
1.283812115347979121e+00
1.279652239800071811e+00
1.272039739351019882e+00
1.301073405287736628e+00
1.305555015697371202e+00
1.268602418140061250e+00
1.286995768695280873e+00
1.271714258516738028e+00
1.325470012375922213e+00
1.283485307562003852e+00
1.274988073935227728e+00
1.283530661519141747e+00
1.277201896190309771e+00
1.280955158088995960e+00
1.303215768629467197e+00
1.271838681324294118e+00
1.298004598095582773e+00
1.287313054128466083e+00
1.290436215505815110e+00
1.295890593271059599e+00
1.293571966368076032e+00
1.277768070942331580e+00
1.267525583301923886e+00
1.286692852383880092e+00
1.256994559203447492e+00
1.276829041714555357e+00
1.277160053306978460e+00
1.313835169012908421e+00
1.282752063925465924e+00
1.277001102382797626e+00
1.281017626900325057e+00
1.265368583930074120e+00
1.290826548431706744e+00
1.281027627031180005e+00
1.297457475607858290e+00
1.267052045206827460e+00
1.282098963774465750e+00
1.292462692832054172e+00
1.307450698355847152e+00
1.286265858578740762e+00
1.285860553082008861e+00
1.289828123059510334e+00
1.292244167111824105e+00
1.276768308357443260e+00
1.290646516993977144e+00
1.272464978812936742e+00
1.278919222508411391e+00
1.286829881333108272e+00
1.286220175056150161e+00
1.290376851147815085e+00
1.325102942577449650e+00
1.289319543862242679e+00
1.284665076078091994e+00
1.278639858290311349e+00
1.305479379895578607e+00
1.343889711586482738e+00
1.303302650312364364e+00
1.300211921391133840e+00
1.262834585465602455e+00
1.312821319061419079e+00
1.304660399166555518e+00
1.281390770167013526e+00
1.292830522920736414e+00
1.281934255392781941e+00
1.281674452467703507e+00
1.302211198301420847e+00
1.282499777834694710e+00
1.280304230650910924e+00
1.304120712228806322e+00
1.281722769320078115e+00
1.316760987655744231e+00
1.297767744601360684e+00
1.300753288702422683e+00
1.285489780394792225e+00
1.281866133072240066e+00
1.283107808499320823e+00
1.263299682797159651e+00
1.289248162010756760e+00
1.289683964356377111e+00
1.290913314760669506e+00
1.301685144688250917e+00
1.279221186342776706e+00
1.287330920573489745e+00
1.256135976194889814e+00
1.310641331669045728e+00
1.306414162577363314e+00
1.327339724322946113e+00
1.278945632429867363e+00
1.296037319155527001e+00
1.285403591602998663e+00
1.289360129442210123e+00
1.282214422662745434e+00
1.284097507529102344e+00
1.286627706408273619e+00
1.266768242610001316e+00
1.267716092853005572e+00
1.296882745887294019e+00
1.287607987196903725e+00
1.271825285135739669e+00
1.291324342759457844e+00
1.291341535570384780e+00
1.275374297037202620e+00
1.306273814479783413e+00
1.278534980025759937e+00
1.263603619333522055e+00
1.278277062424117538e+00
1.279781326316645762e+00
1.292032522439059639e+00
1.286193236397667361e+00
1.276423270850989944e+00
1.273260652063169074e+00
1.314296226446158844e+00
1.276078413726692062e+00
1.290205670440877972e+00
1.299761594286953814e+00
1.293345784742227167e+00
1.283791770612878747e+00
1.274237361555439652e+00
1.299677035080231136e+00
1.302947079683885345e+00
1.296907921978208034e+00
1.283107543862236355e+00
1.292418515516391642e+00
1.290487100693503697e+00
1.259002319317566787e+00
1.344596369365294031e+00
1.297791810328090323e+00
1.267189303518094556e+00
1.276493737646596571e+00
1.286633289911455424e+00
1.267366981426462091e+00
1.275061684215424762e+00
1.322706319955302412e+00
1.319679054324819800e+00
1.287799964041093759e+00
1.294915673081875607e+00
1.268124149260120070e+00
1.316657353982405798e+00
1.276188499768885931e+00
1.276431766809910995e+00
1.315901021490775147e+00
1.282652710675183050e+00
1.299466806188386059e+00
1.275014332593702004e+00
1.276185243346991349e+00
1.291777572042464906e+00
1.291334141956947734e+00
1.289090290743529987e+00
1.273004442192692487e+00
1.272895803211774535e+00
1.292669381408352525e+00
1.290175856544043098e+00
1.302658699889852389e+00
1.274474891681669275e+00
1.313388048875216318e+00
1.269197493039453173e+00
1.264003048284724873e+00
1.273562973279318555e+00
1.284888064491180870e+00
1.292834210696717667e+00
1.282775348546504768e+00
1.276519334915886761e+00
1.291975380025950360e+00
1.263743081082839836e+00
1.299666322916070094e+00
1.288827742083746175e+00
1.282628518794406425e+00
1.284832035954387885e+00
1.297565741372946224e+00
1.285513474759037322e+00
1.306949377962339121e+00
1.324390119818403599e+00
1.271840908636118872e+00
1.330154512951517987e+00
1.287552330382402133e+00
1.298232453287760046e+00
1.288479595603514438e+00
1.280312504230345594e+00
1.347327937090267769e+00
1.290772441739159504e+00
1.297264986909215878e+00
1.312330538792584766e+00
1.284279671960125935e+00
1.287125457922605687e+00
1.286673597029297289e+00
1.294354282549366131e+00
1.310074162378254803e+00
1.263656613947572671e+00
1.272165975236787538e+00
1.306160441498751990e+00
1.292622795902620636e+00
1.298966616122793516e+00
1.299082682440260594e+00
1.262541471890316735e+00
1.283305177703768729e+00
1.291058573584427327e+00
1.276016661190502610e+00
1.283478194627475366e+00
1.323788641631475249e+00
1.272854952217479907e+00
1.280404284848503993e+00
1.256729449750497718e+00
1.267826664762577993e+00
1.278259916447145761e+00
1.286730079724578202e+00
1.281397464565029010e+00
1.270841387943298484e+00
1.302457219808534239e+00
1.286688405189910789e+00
1.307906093113776702e+00
1.289056326953537113e+00
1.279981035274027734e+00
1.292986657594690003e+00
1.277154996450881042e+00
1.274875978183022340e+00
1.327112886315026774e+00
1.290301878629817267e+00
1.291769291071201087e+00
1.270907886007694554e+00
1.270196852040302193e+00
1.262861891173644002e+00
1.277021708641461917e+00
1.297558151894239398e+00
1.280556025119856223e+00
1.292220108850535398e+00
1.278045911080298191e+00
1.292703704939867082e+00
1.267494479264692719e+00
1.290970953110726960e+00
1.289297550885472710e+00
1.277858722776588074e+00
1.275010927574728115e+00
1.279735003264544702e+00
1.267527136876892557e+00
1.264763679679054009e+00
1.270917092253456504e+00
1.288483774642739332e+00
1.277629507585553936e+00
1.377144754471098409e+00
1.308883287902943726e+00
1.261284402824203843e+00
1.277565742757074352e+00
1.271760035607483186e+00
1.260856738911166453e+00
1.264028191393741452e+00
1.298537554104471026e+00
1.265985076995706615e+00
1.284312264573161277e+00
1.288303445590689655e+00
1.274059694489602101e+00
1.284091009981186415e+00
1.269293830855847682e+00
1.292019375751694676e+00
1.269775968423994428e+00
1.282158055511568362e+00
1.300148201506616807e+00
1.284343485530419438e+00
1.295897149214202626e+00
1.313991630875220862e+00
1.291452262214524804e+00
1.289914428893116138e+00
1.282905528564268760e+00
1.264561268260816274e+00
1.297874573339453885e+00
1.289172346953558090e+00
1.286563158752720426e+00
1.280331191709375371e+00
1.282405665364639846e+00
1.273320871123937659e+00
1.286498828465073796e+00
1.279007346837319981e+00
1.314843391879831014e+00
1.279087012768735265e+00
1.279155811815205102e+00
1.300679507596895323e+00
1.283485573765335896e+00
1.277479282616595047e+00
1.279919396725223590e+00
1.287370164060517297e+00
1.287514742503979015e+00
1.278498452884095027e+00
1.295300288244233045e+00
1.273728374688526399e+00
1.300169717625074384e+00
1.300178430811927077e+00
1.280062905796780059e+00
1.266988009542154625e+00
1.285245944003437391e+00
1.262742391253538932e+00
1.298328880534716623e+00
1.300630191284348758e+00
1.283516521608160765e+00
1.306783650851467860e+00
1.303744660252538212e+00
1.279699617508753384e+00
1.290512037178382254e+00
1.276083594457272818e+00
1.282932632496899261e+00
1.283822182141265422e+00
1.270619469540519075e+00
1.278079255411002313e+00
1.321208789726912913e+00
1.282858975065916063e+00
1.267464717399245933e+00
1.293568360225328284e+00
1.338024366922022423e+00
1.279365534436570639e+00
1.309825038167991007e+00
1.298379595734393988e+00
1.299449254190104375e+00
1.295979298315360184e+00
1.319433281955901149e+00
1.294206156400117491e+00
1.307915351811148819e+00
1.275797068386306465e+00
1.289151779759171168e+00
1.297622152263063988e+00
1.263795955972249141e+00
1.292730375610683824e+00
1.290145012123394830e+00
1.277579208765678764e+00
1.280665782837230315e+00
1.283748493037587535e+00
1.294351365551569710e+00
1.280275563830222341e+00
1.295262044868237705e+00
1.277481974146838617e+00
1.308761440966629497e+00
1.292576525622669559e+00
1.269137467344820136e+00
1.290280064111402281e+00
1.288944080920444213e+00
1.311531416926608129e+00
1.306005412848776137e+00
1.268804288866604457e+00
1.259654149793589584e+00
1.276517202814455798e+00
1.332152393444085092e+00
1.280171049232502689e+00
1.291436858051022263e+00
1.287041071136623360e+00
1.295494093866055962e+00
1.278570096569260572e+00
1.290604886986105759e+00
1.292549769111492663e+00
1.282641251996065046e+00
1.312521845823001687e+00
1.265191342125630891e+00
1.318678192237673352e+00
1.281877066040745472e+00
1.313501661983363267e+00
1.267994557306712178e+00
1.286601536805018320e+00
1.303170453431031772e+00
1.285979286929270771e+00
1.284137689333161969e+00
1.271975392622241241e+00
1.291521431933914998e+00
1.270883330043268922e+00
1.266631988540168896e+00
1.294170964353375197e+00
1.270121356441303417e+00
1.286205204804764302e+00
1.281654473809443529e+00
1.301497044659750690e+00
1.266843589927840963e+00
1.275643522902140115e+00
1.270007550880564384e+00
1.307530967277304113e+00
1.279305350075795600e+00
1.288634739923037342e+00
1.281279011314037541e+00
1.295489943692847312e+00
1.309300585149670626e+00
1.293002917252144890e+00
1.266662465123014503e+00
1.299045707405811045e+00
1.285211434185842494e+00
1.280658224613002272e+00
1.295925370069262783e+00
1.264982702074390009e+00
1.297619410634150983e+00
1.297628069385529326e+00
1.288078739211510726e+00
1.300996326052443530e+00
1.314404439670899372e+00
1.289399510158024453e+00
1.271539524883812611e+00
1.302322861434202173e+00
1.280383400526003079e+00
1.275966577810542013e+00
1.283322253574622263e+00
1.265855443679188452e+00
1.280600306380032194e+00
1.280581492648941611e+00
1.272217702046751553e+00
1.272000643406097975e+00
1.298397691024806733e+00
1.285283281179735226e+00
1.266571451887080757e+00
1.308526136971504217e+00
1.280969815995690597e+00
1.314168305369694423e+00
1.301141189914657215e+00
1.293983083717380689e+00
1.296344546086126259e+00
1.312987298105577461e+00
1.270957110431460535e+00
1.339581426030220124e+00
1.280390554160769190e+00
1.276688224945014882e+00
1.261019328074070911e+00
1.278060397141968840e+00
1.275485196661845011e+00
1.273976929060487429e+00
1.276490753550954871e+00
1.268190414031111768e+00
1.353622943296265424e+00
1.315130792356112188e+00
1.259420031951369756e+00
1.289762412254094714e+00
1.319295086111478499e+00
1.264373112322930259e+00
1.306052936406240539e+00
1.283585439931480554e+00
1.270677579898591869e+00
1.339163586928596716e+00
1.274907930361890873e+00
1.283442395786209556e+00
1.288667355381060808e+00
1.276248800101523528e+00
1.278694320274630369e+00
1.264547512029784437e+00
1.305773815407461402e+00
1.290159706677388662e+00
1.310739093884386142e+00
1.282999912783237217e+00
1.292290219804738571e+00
1.261165639979471731e+00
1.268216172089557281e+00
1.285319370469210520e+00
1.273612677530294945e+00
1.285250415057245910e+00
1.271532787003988307e+00
1.294800824394423566e+00
1.285042280456264230e+00
1.267894395925514228e+00
1.287348472226416130e+00
1.269842437294750548e+00
1.260572015969293247e+00
1.302434016110979531e+00
1.288295787858713348e+00
1.284501772011719334e+00
1.289711519577797283e+00
1.284438357364236172e+00
1.273834022607939209e+00
1.289515892568393829e+00
1.305723895987718652e+00
1.283340477813405656e+00
1.273339964179362127e+00
1.282353117657750952e+00
1.294728144968687822e+00
1.293174164287801853e+00
1.367013429870443053e+00
1.271436912789900564e+00
1.281551267762697011e+00
1.295660522855613950e+00
1.283640341164315135e+00
1.295277426804557708e+00
1.293490057620009459e+00
1.316251846071562204e+00
1.310750880577347122e+00
1.312584486894517344e+00
1.273895844249279374e+00
1.303413018376550214e+00
1.282753588570981540e+00
1.270097479882801528e+00
1.313704991743517514e+00
1.282980745710210924e+00
1.280706770388772897e+00
1.279862825848105734e+00
1.261361110792173390e+00
1.316095711497727860e+00
1.282575846594516511e+00
1.293913147286759768e+00
1.309366536867324848e+00
1.293927757838726711e+00
1.272295689089447901e+00
1.265262597889702745e+00
1.277269066692817701e+00
1.267093658507864706e+00
1.294342529339786996e+00
1.276443195669518138e+00
1.275719984266626250e+00
1.302799460428639033e+00
1.271445039230747254e+00
1.304550924649200194e+00
1.278089049075031403e+00
1.276634654444895878e+00
1.286658363766338020e+00
1.279672016946895807e+00
1.297313354333920143e+00
1.283758191981749119e+00
1.281273555295741717e+00
1.286652511152490685e+00
1.273272178558910062e+00
1.290889742337981261e+00
1.300315393366061389e+00
1.302891932562179500e+00
1.279350173953406999e+00
1.267654944912363746e+00
1.261390625587820002e+00
1.279579650864544504e+00
1.273848077582067528e+00
1.307036908139036502e+00
1.266013175984425754e+00
1.281713524569136675e+00
1.296629426894263748e+00
1.276834975233095193e+00
1.282483310637185792e+00
1.294624016770828057e+00
1.261583609713505583e+00
1.303663625699623463e+00
1.289596294381063490e+00
1.287428040314196886e+00
1.260150762303195116e+00
1.290873849781608351e+00
1.301182033321002018e+00
1.288774804785631334e+00
1.269854745456965306e+00
1.266168704367179210e+00
1.285899909771973215e+00
1.286606060336477730e+00
1.278075075945990902e+00
1.297278990190916304e+00
1.270959719213559769e+00
1.280808453404045588e+00
1.291213100598097352e+00
1.288717288450576870e+00
1.289903454161382967e+00
1.287656564423230510e+00
1.268320969888753202e+00
1.282582296599917626e+00
1.270610736371916571e+00
1.285972043201162984e+00
1.264886975667942393e+00
1.292743527846997420e+00
1.302666071033834694e+00
1.304140460144229019e+00
1.266605670824924923e+00
1.284259110823895877e+00
1.304894751153383270e+00
1.295391381774611217e+00
1.268779048977084711e+00
1.287293134939933248e+00
1.272270017387583163e+00
1.287368258263282828e+00
1.282639534254746083e+00
1.275107072034582734e+00
1.266338176610573463e+00
1.289347551778665668e+00
1.302926250232649297e+00
1.281688741571229251e+00
1.276647947178864539e+00
1.275428439222131782e+00
1.277038972259460170e+00
1.285566293635334034e+00
1.282145331566059143e+00
1.291659781645287497e+00
1.304427572418150216e+00
1.294739035463020604e+00
1.276748669853891238e+00
1.306643716501390440e+00
1.329440282925337780e+00
1.289987398264851981e+00
1.270820334944379848e+00
1.284408879038566376e+00
1.274956757735461466e+00
1.269403969872209270e+00
1.264789712342498262e+00
1.261043515601380838e+00
1.293929039963506833e+00
1.306826435932811670e+00
1.272326671942076493e+00
1.269203120920234129e+00
1.293234024722639708e+00
1.272138707803794899e+00
1.282654770110976061e+00
1.277418612351576499e+00
1.288199456530382481e+00
1.286289659327345403e+00
1.279975347035711586e+00
1.266643257305594350e+00
1.281458399910869961e+00
1.273640237756219928e+00
1.275523903911800705e+00
1.303027443004195485e+00
