4.893737524616478186e+04
4.751006025635778497e+04
4.545475095620568754e+04
4.670631547445512842e+04
4.319136533232098736e+04
4.789135938151643495e+04
4.486651323669492558e+04
4.532741520326233876e+04
4.430166417299347086e+04
4.510144369333730720e+04
4.553892244414332527e+04
4.337795191580620303e+04
4.530325347020463960e+04
4.619408118311061844e+04
4.596857094185817550e+04
4.841362985035003658e+04
4.169936098140163813e+04
4.666839516420368454e+04
4.299335428109046188e+04
4.552806766580258409e+04
4.398706773764338141e+04
4.706352299971285538e+04
4.717480766163839871e+04
4.257184035700259847e+04
4.478043434385418368e+04
4.533594621687214385e+04
4.298914842091798346e+04
4.519128597204569814e+04
4.396892708623574435e+04
4.739670152241983305e+04
4.416683186537584697e+04
4.794112915108704328e+04
4.606840605066111311e+04
4.713011835214374878e+04
4.402795634707007412e+04
4.587510113153920975e+04
4.846285894846352312e+04
4.543653824174081819e+04
4.487190997940300440e+04
4.601361663174859132e+04
4.740665329172369820e+04
4.618845969841131591e+04
4.725430021775768546e+04
4.822389285422406829e+04
4.482433535048424528e+04
4.465235764522147656e+04
4.567347505981921131e+04
4.371740028495358274e+04
4.464995178568053234e+04
4.499252879507112812e+04
4.590078418808965944e+04
4.895376719017625146e+04
4.545260139420711494e+04
4.497092625494847016e+04
4.542868034411386179e+04
4.735506636827835609e+04
4.659074810060751770e+04
4.506682937148082419e+04
4.608493977255044592e+04
4.348062045466512063e+04
4.567419470249416918e+04
4.626835995325977274e+04
4.538631096213379351e+04
4.507372473965584504e+04
4.447108234956569504e+04
4.466178429633726046e+04
4.284546744255368685e+04
4.356224889200040343e+04
4.569452330510149477e+04
4.342213494901040394e+04
4.537427701962392166e+04
4.597027103786269436e+04
4.892100820520413254e+04
4.415760121790986159e+04
4.538053952799824037e+04
4.593806711977152736e+04
4.762503858984326507e+04
4.562487115345703933e+04
4.330669282735907473e+04
4.687215057319134212e+04
4.819040444668282726e+04
4.445424146772017411e+04
4.438227792479813797e+04
4.564498843851707352e+04
4.450904467462214961e+04
4.509982993201005593e+04
4.424027004089533148e+04
4.547079784884080436e+04
4.712225609428296593e+04
4.394076099509899359e+04
4.466791700699005742e+04
4.444711283817523508e+04
4.543696036998245108e+04
4.502817548104371963e+04
4.907030051698335592e+04
4.351712321543689905e+04
4.583273779212587397e+04
4.747369740188347350e+04
4.631858324502898176e+04
4.323886213782376581e+04
4.725261879536347988e+04
4.747330427187851456e+04
4.533520648021454690e+04
4.419499496042916144e+04
4.469128301604105945e+04
4.634752077866666514e+04
4.541687758690271585e+04
4.663064547365171165e+04
4.679264433917299175e+04
4.704930890812077268e+04
4.490886905427091551e+04
4.746338503792501433e+04
4.353949104930818430e+04
4.486895879011030775e+04
4.896804748833072517e+04
4.417657558688834251e+04
4.348572305641559069e+04
4.333107609623989993e+04
4.395589328089082119e+04
4.628661152645194670e+04
4.685708889242629084e+04
5.007819519065726490e+04
4.381442452966479323e+04
4.530851061532437598e+04
4.546859261308812711e+04
4.497008112746533880e+04
4.600331211156258360e+04
4.450117226253240369e+04
4.512762221660888463e+04
4.342333569739472296e+04
4.427086709644500661e+04
4.633738486863908474e+04
4.494045983563717891e+04
4.429610466611501761e+04
4.491136391456540150e+04
4.470304652075000922e+04
4.416132056427112548e+04
4.463340476962069806e+04
4.586062367560344137e+04
4.678853949919264414e+04
4.694886113159602246e+04
4.512416877437576477e+04
4.728299376144098642e+04
4.427958992187717377e+04
4.484642791844189196e+04
4.970571010321736685e+04
4.677768067561091448e+04
4.532811242792211124e+04
4.642479269115960778e+04
4.484994612531453458e+04
4.932652738257921737e+04
4.609816603483937797e+04
4.573597193051304203e+04
4.726740641018009046e+04
4.519714868135816505e+04
4.609667990855735843e+04
4.444519655648086336e+04
4.452837497923341289e+04
4.479695671785785089e+04
4.563358357518031698e+04
4.602357034477488924e+04
4.350105883438347519e+04
4.718420610723845311e+04
4.694753031503237435e+04
4.363119430275779450e+04
4.363921756863888731e+04
4.723127280578167847e+04
4.425656882720330759e+04
4.592544395397715562e+04
4.778251252409284643e+04
4.738023705889390112e+04
4.530147847555619228e+04
4.834777943715911533e+04
4.375988236129598954e+04
4.748092537496628211e+04
4.296390112702636543e+04
4.623118174382565485e+04
4.530522784739614144e+04
4.495965428643667838e+04
4.517598789796684287e+04
4.307969813318846718e+04
4.440604125010943244e+04
4.572577107615500427e+04
4.530877743815250142e+04
4.606766496405754151e+04
4.831058173402414104e+04
4.484347739266147255e+04
4.722323589056775381e+04
4.346803514441102743e+04
4.767531529687925649e+04
4.874303004011909798e+04
4.319756743888699566e+04
4.538895212145554251e+04
4.488371324187434220e+04
4.594982618884395197e+04
4.631424524234303681e+04
4.649853876600123476e+04
4.440172012166766217e+04
4.661110078077358776e+04
4.493962712019473111e+04
4.568941532765491866e+04
4.588881283354005427e+04
4.667520388161831215e+04
4.541267147437571839e+04
4.319712383559034788e+04
4.540017916139360750e+04
4.687360797803192690e+04
4.781924308012035908e+04
4.480744901163625036e+04
4.481091544848468038e+04
4.297584806951062637e+04
4.744210483131977526e+04
4.778837331354463822e+04
4.644482100474843173e+04
4.525121125567454874e+04
4.676544242061083787e+04
4.442340844366551755e+04
4.465371863050627871e+04
4.362606302861535369e+04
4.430914450661631417e+04
4.716715591507661156e+04
4.526426114953876822e+04
4.581126577464134607e+04
4.522905951672577794e+04
4.553462764357791457e+04
4.589583314465604781e+04
4.634201982688047428e+04
4.681556049037634511e+04
4.946029684016621468e+04
4.661233754810170649e+04
4.792963206515937054e+04
4.744234433309854649e+04
4.695661377598402032e+04
4.661808644827414537e+04
4.399570283004869998e+04
4.404190311343050416e+04
4.788487988049120759e+04
4.716326587131400447e+04
4.449461850877887628e+04
4.590455712708304782e+04
4.440603583483738475e+04
4.615619281036129541e+04
4.356106472821078205e+04
4.322155584594513493e+04
4.449661518451761367e+04
4.604095305539312540e+04
4.336247868171884329e+04
4.483974904070037883e+04
4.593966028447933786e+04
4.678502004312649660e+04
4.457439245479250530e+04
4.464113342089032813e+04
4.904567948123274982e+04
4.674167756687680230e+04
4.466009974774321017e+04
4.628007026162393595e+04
4.720088325570530287e+04
4.603794039830755355e+04
4.298069025335281913e+04
4.655402049522144080e+04
4.633344191180016787e+04
4.368577839405465056e+04
4.480651986511565337e+04
4.267212951244454598e+04
4.641772774267065688e+04
4.595954747185535962e+04
4.778135579812922515e+04
4.474066270967548189e+04
4.427751808774498204e+04
4.480846696649552905e+04
4.675069744352775888e+04
4.631595305219402508e+04
4.658413049775599939e+04
4.822318659392442351e+04
4.442308795376639318e+04
4.673651086717744329e+04
4.694352146725819330e+04
4.497920820015595382e+04
4.565207896153644106e+04
4.515986952093509171e+04
4.248299504549268750e+04
4.605768891542488564e+04
4.729749321617835813e+04
4.838976905003981665e+04
4.505309145375821390e+04
4.444936158871643420e+04
4.463845372091129684e+04
4.440773583640059951e+04
4.662662318975603557e+04
4.857448614012470352e+04
4.458334148876015388e+04
4.526759066114539746e+04
4.423055162607275997e+04
4.491252645595627837e+04
4.756687302656222892e+04
4.603291137374346727e+04
4.641291889381453802e+04
4.623240979289074312e+04
4.630190727809750388e+04
4.365411918028278160e+04
4.590410209291126375e+04
4.450893969276762073e+04
4.623353922433219122e+04
4.539157858942413441e+04
4.383068234027438302e+04
4.974038110835599218e+04
4.677224163385514839e+04
4.517126955491754052e+04
4.783434040320602071e+04
4.594303801284560177e+04
4.435214819838262338e+04
4.683057169214143505e+04
4.754484538545100077e+04
4.658682331952098320e+04
4.323188157306731591e+04
4.432239187658957962e+04
4.882816077300668258e+04
4.700452320486406097e+04
4.725120269097349956e+04
4.483404449940605264e+04
4.865840667956507241e+04
4.413647794750759931e+04
4.670922049019165570e+04
4.550593929190354538e+04
4.380108456015717820e+04
4.742257464746644109e+04
4.776665056072869629e+04
4.617381675004415592e+04
4.371829087180659553e+04
4.494162027293240681e+04
4.346775188586363947e+04
4.500895306164408248e+04
4.561095949842944538e+04
4.435024430446558836e+04
4.562105621277228056e+04
4.923906406923057511e+04
4.542485137139687140e+04
4.815355316603565734e+04
4.845941621574534656e+04
4.725372094313511479e+04
4.559646186111441057e+04
4.582283946093395207e+04
4.494681120364596427e+04
4.494192441546922782e+04
4.533717587467377598e+04
4.489481008622018271e+04
4.624881920484900911e+04
4.614469681326449791e+04
4.478058259360629017e+04
4.511986632451374317e+04
4.578204633258582908e+04
4.657926651772246259e+04
4.488111058678122936e+04
4.861258632392844447e+04
4.292445468253849685e+04
4.424061958349345514e+04
4.633150430781821342e+04
4.612478582266510784e+04
4.638767945385913481e+04
4.598766895437087078e+04
4.384227795471306308e+04
4.396578520459133142e+04
4.794397240415588749e+04
4.739851459155818156e+04
4.580237447377461649e+04
4.435666474479558383e+04
4.330870043111559789e+04
4.319605614452260488e+04
4.357692974923560541e+04
4.513082044085121743e+04
4.514123773538530077e+04
4.369783410333166103e+04
4.734824863470488344e+04
4.939056037301248580e+04
4.557976544100412866e+04
4.320532928588017239e+04
4.601591366638174077e+04
4.601271558340880438e+04
4.870625204575583484e+04
4.516457905346429470e+04
4.421078041854024195e+04
4.297705481184152450e+04
4.756083496802371519e+04
4.458432853734945820e+04
4.280946588948494900e+04
4.452460796243124787e+04
4.536761701873306447e+04
4.694894285369101271e+04
4.323425440548612096e+04
4.727609790318721207e+04
4.351451006286315533e+04
4.600089093441989826e+04
4.579994921051785786e+04
4.842716616443845851e+04
4.279300104329434544e+04
4.630670949314364407e+04
4.376702129461987352e+04
4.719916003720313165e+04
4.608166626297112816e+04
4.827691933986569347e+04
4.739058585929890251e+04
4.572888520077342400e+04
4.879797080813164939e+04
4.715254069932692073e+04
4.957633673454420205e+04
4.555551971037246403e+04
4.157804189254186349e+04
4.330461112441763544e+04
4.362039178676859592e+04
4.587113812496113678e+04
4.762838288560549699e+04
4.496876455271994928e+04
4.484512385696975252e+04
4.597572837113546848e+04
4.317171252483760327e+04
4.571818657568444905e+04
4.621546222481663426e+04
4.604147643205738132e+04
4.399154988186801347e+04
4.414432518146323855e+04
4.401911991405324079e+04
4.503132466002383444e+04
4.698277577988617122e+04
4.475471032442746218e+04
4.437071894560725195e+04
4.576876842188189039e+04
4.465569340586147155e+04
4.605324652657335537e+04
4.802810477761259972e+04
4.802682999715894402e+04
4.534428165093007556e+04
4.469776598832238960e+04
4.418806968281220907e+04
4.573466649760660948e+04
4.301148885260352108e+04
4.614552035066249664e+04
4.447685977053917304e+04
4.794646229509342811e+04
4.585696222917608975e+04
4.391658715807558474e+04
4.722475091048015747e+04
4.465044395216765406e+04
4.342273175245059247e+04
4.587159096826258610e+04
4.594436788272241392e+04
4.845926332270183775e+04
4.512432591193333792e+04
4.948093576775221300e+04
4.711410035773371055e+04
4.565900939699406445e+04
4.314790388723862998e+04
4.445663222951532953e+04
4.543759930360503495e+04
4.503659455618147331e+04
4.499900824975386058e+04
4.526636900715884258e+04
4.628757420447152981e+04
4.678053901712583320e+04
4.374789803558127460e+04
4.371360948747822840e+04
4.576339608663271792e+04
4.627066689358629810e+04
4.607574234366104065e+04
4.412616421936952247e+04
4.511050619012170500e+04
4.561181481321082538e+04
4.378498344749072567e+04
4.608791553360679245e+04
4.389726358318016719e+04
4.706796492144732474e+04
4.331732591747402330e+04
4.336538047430853476e+04
4.609473561314531253e+04
4.359239184193946130e+04
4.534419264006010781e+04
4.723912060581841070e+04
4.684870603460114216e+04
4.507049359455841477e+04
4.609297180998338445e+04
4.748395046475576964e+04
4.521733067058589222e+04
4.458378443859516847e+04
4.532634405936663825e+04
4.673258890531741054e+04
4.548925667264653748e+04
4.320246628398982284e+04
4.496332642215771921e+04
4.713040338111379970e+04
4.541060740468006406e+04
4.371268115740174835e+04
4.193283971203884721e+04
4.239129333217133535e+04
4.571843635609662306e+04
4.773268173360514629e+04
4.529179983317818551e+04
4.542243299825344729e+04
4.422551256877122069e+04
4.495014854697456758e+04
4.770466142125764600e+04
4.587308338260109304e+04
4.720798781530187262e+04
4.512204549572269025e+04
4.552843928978474287e+04
4.528512901026123291e+04
4.528041962002018408e+04
4.435312372543477977e+04
4.448622534141821234e+04
4.598273523727414431e+04
4.670868269930602401e+04
4.499023654528881889e+04
4.581605107464684988e+04
4.717738814865796303e+04
4.659103244120301679e+04
4.372041140578062186e+04
4.407359662260851474e+04
4.530292484479275299e+04
4.526843821135498729e+04
4.212512559133071045e+04
4.695921526392998931e+04
4.648125869692143897e+04
4.343919956589613867e+04
4.738861389357008011e+04
4.432491036433116096e+04
4.324817205070209457e+04
4.324543433432165330e+04
4.436014496961759141e+04
4.345963372287801758e+04
4.596640239760235272e+04
4.556781580917094834e+04
4.721047719608067564e+04
4.501166862004838185e+04
4.531956759755480743e+04
4.430906494558720442e+04
4.461198409799690126e+04
4.464216768698384840e+04
4.496812661389041023e+04
4.510140059946983092e+04
4.528328999948460842e+04
4.595815608670151414e+04
4.342785715299948788e+04
4.448664831260067149e+04
4.670805581682627235e+04
4.626800901571733266e+04
4.300456523277644737e+04
4.588194425906087417e+04
4.525870365286096057e+04
4.634815957569843158e+04
4.693443659915337776e+04
4.555499077544178726e+04
4.558226410536190815e+04
4.768775708233877231e+04
4.197062653098378360e+04
4.402421814064530918e+04
4.562160079600592871e+04
4.656092864172948612e+04
4.879112347590060381e+04
4.488754932967411150e+04
4.327826700478530984e+04
4.316793287482671440e+04
4.357462347352990037e+04
4.416106336199052748e+04
4.470139253876355360e+04
4.755703962465827499e+04
4.458517528928899992e+04
4.359444831574682757e+04
4.587461850384576974e+04
4.439894145061984455e+04
4.545876980200625985e+04
4.498759006202402088e+04
4.628842994542352244e+04
4.562985374854549445e+04
4.577935111634694476e+04
4.792994607239183824e+04
4.274671282655333926e+04
5.045898072547287302e+04
4.646522289834535331e+04
4.511011814914779825e+04
4.479330309614128055e+04
4.446545021936123521e+04
4.594063360337050108e+04
4.789879542416296317e+04
4.595189575229639740e+04
4.798197171783684462e+04
4.885931562864440639e+04
4.570821121697404305e+04
4.600582322961349564e+04
4.502721185658316244e+04
4.439311265793402708e+04
4.504938569839178672e+04
4.631731686304765753e+04
4.681237422846443951e+04
4.510407034451517393e+04
4.638771343809735117e+04
4.433275768496261298e+04
4.748615413390537287e+04
4.373256287655256892e+04
4.656387746594986675e+04
4.701457860355067533e+04
4.407171974217802199e+04
4.528757130269846675e+04
4.442028048109486554e+04
4.540577446315831912e+04
4.280219574452915549e+04
4.663565343820385897e+04
4.411064990236444282e+04
4.372682411418012634e+04
4.243457885448495654e+04
4.595904661396822485e+04
4.464000256781079952e+04
4.670499559815975954e+04
4.649383883921639790e+04
4.698756069421153370e+04
4.774590116613682767e+04
4.277061596500215819e+04
4.875628643108137476e+04
4.467408178472318104e+04
4.549923758326858660e+04
4.624452756090558250e+04
4.293301599961546890e+04
4.366891180658433586e+04
4.432195716004672431e+04
4.347104972202907084e+04
4.668235434731007990e+04
4.658442026365722268e+04
4.184730618854543718e+04
4.629872222296158725e+04
4.467351422762031143e+04
4.723534067087420408e+04
4.663823397235551238e+04
4.594063046169583686e+04
4.648771729882527870e+04
4.379992892584508809e+04
4.511760095225696568e+04
4.402170646443889564e+04
4.739433069156846614e+04
4.867577042353248544e+04
4.678077114714564959e+04
4.581874070834855956e+04
4.601743107093358412e+04
4.539680499192373100e+04
4.523701034016404446e+04
4.501002799242345645e+04
4.516707833196667343e+04
4.898337587476185581e+04
4.357866170977027650e+04
4.134303471170777630e+04
4.758708582054361614e+04
4.420925582347403542e+04
4.961403928841403831e+04
4.513985761723705218e+04
4.485719161091817659e+04
4.304503231292982673e+04
4.687705558417453722e+04
4.542304152187112049e+04
4.621842658064246643e+04
4.571579472549917409e+04
4.477072542781363882e+04
4.390982968978044664e+04
4.544652477840559004e+04
4.578403021927420923e+04
4.658279677490947506e+04
4.537322883359007392e+04
4.525658639683626825e+04
4.632764444256263232e+04
4.775955641837527219e+04
4.384527103117477236e+04
4.678976485313490411e+04
4.407652465109819605e+04
4.651356596071716194e+04
4.398546799631640170e+04
4.393669220266151387e+04
4.421253633539637667e+04
4.428265874674593215e+04
4.555090604938557954e+04
4.192270435027308849e+04
4.766859393449785421e+04
4.756429915519157657e+04
5.040040654125528090e+04
4.604341403244929825e+04
4.464041446255735354e+04
4.257837987539901951e+04
4.521294285545984894e+04
4.582550299894605996e+04
4.549274794735360047e+04
4.440846160687136580e+04
4.610281335286319518e+04
4.622281835051569942e+04
4.561068674968170671e+04
4.572339811078159983e+04
4.582881977104341786e+04
4.512122967473340395e+04
4.571746022557920514e+04
4.593996400508191437e+04
4.378222244934809714e+04
4.635120394847192074e+04
4.403414399188143580e+04
4.813275475518838357e+04
4.710671498161666386e+04
4.538638828080717212e+04
4.656881251369535312e+04
4.724436721524902532e+04
4.608232191970475833e+04
4.540762099333308288e+04
4.431911998997697083e+04
4.624062100025393738e+04
4.495233525472776819e+04
4.541991056040600233e+04
4.493368805527147924e+04
4.550314399996847351e+04
4.558037899866227963e+04
4.864587654171918257e+04
4.618532836189469526e+04
4.425959176480977476e+04
4.635910649039084092e+04
4.493179909416616283e+04
4.761552064801924280e+04
4.508701259035598923e+04
4.366656316070006142e+04
4.550033077236029203e+04
4.667562844034142472e+04
4.322357948678414687e+04
4.443154842223730520e+04
4.695661143348641053e+04
4.576585343733683112e+04
4.432443418028434098e+04
4.539462075811912655e+04
4.493266112946918292e+04
4.538988322624655848e+04
4.901458742302192695e+04
4.576919496286449430e+04
4.655418635415398603e+04
4.517799475226270442e+04
4.489876100123541983e+04
4.386691131322849833e+04
4.796960661564006296e+04
4.385102814754932479e+04
4.654104904822783283e+04
4.827214167607395939e+04
4.534294421242436511e+04
4.818174988547973044e+04
4.633149150560256385e+04
4.525738864942286455e+04
4.529441442984103196e+04
4.540742843117154553e+04
4.865691308043395838e+04
4.474759517885812966e+04
4.389658653108561703e+04
4.278013802997684979e+04
4.310819591733542620e+04
4.483747782838570129e+04
4.794022330025707925e+04
4.524475716302337969e+04
4.709213580787732644e+04
4.853689438011525635e+04
4.248414908697475039e+04
4.526242730047132500e+04
4.762022185148351127e+04
4.289766318569240684e+04
4.577770614188640320e+04
4.787816273636125698e+04
4.392722126448225026e+04
4.786572008039291541e+04
4.573274390827096067e+04
4.456560544270496757e+04
4.530727370284048811e+04
4.392177901751753234e+04
4.848864256866268988e+04
4.575184112075789017e+04
4.376348581884010491e+04
4.723626141773674317e+04
4.588039795077073359e+04
4.558692827811245661e+04
4.320197886613128503e+04
4.590635030827817536e+04
4.638655874230521295e+04
4.393973381462108955e+04
4.523985311715039279e+04
5.079598331445094664e+04
4.562226783604186494e+04
4.594165037523318460e+04
4.453643202091242711e+04
4.613258491573009815e+04
4.696377000756083726e+04
4.338628895560801175e+04
4.518610047136831417e+04
4.582022742720805400e+04
4.458897175117952429e+04
4.692936396071474155e+04
4.758729623736313079e+04
4.375791499355363339e+04
4.185948261197312240e+04
4.453836119908150431e+04
4.582872793784553505e+04
4.259141268153280544e+04
4.791789892058337136e+04
4.316253963639423455e+04
4.950677507019761833e+04
4.741761265129725507e+04
4.697405867180419591e+04
4.448205585716341739e+04
4.475294903158558736e+04
4.604595308049691084e+04
4.624648586390404671e+04
4.462875098962443735e+04
4.385273982203712512e+04
4.442303689831445809e+04
4.585757652291860722e+04
4.440917705376406957e+04
4.311024879183873418e+04
4.367782530925978062e+04
4.656494753293684334e+04
4.553989506317129417e+04
4.281679008685271401e+04
4.396623956877949240e+04
4.193681333027611981e+04
4.365076203074367368e+04
4.629256290772411739e+04
4.935936696447744180e+04
4.673753534021740052e+04
4.519907241560211696e+04
4.676670886488046381e+04
4.253837668999010930e+04
4.310205306301329256e+04
4.581349271246790158e+04
4.881687179568226566e+04
4.583101612077113532e+04
4.553851334042569943e+04
4.682544821698934538e+04
4.612435976713193668e+04
4.352530776567320572e+04
4.766234908172277937e+04
4.629368463150820753e+04
4.526161455357265368e+04
4.711592559845839423e+04
4.180883875144724152e+04
4.332618701669628354e+04
4.657669724042352027e+04
4.809902094257921999e+04
4.868604414185360656e+04
4.456905462077596894e+04
4.590922278406964324e+04
4.545082612676220742e+04
4.554824273351195734e+04
4.476562694724577159e+04
4.613938687438191118e+04
4.910232203361151915e+04
4.356104896308654861e+04
4.688354217278693977e+04
4.622675936306780204e+04
4.539384162995254155e+04
4.844626968520694936e+04
4.329455214126928331e+04
4.447482592611233122e+04
4.197819754733965965e+04
4.445903807233303814e+04
4.765005064045068866e+04
4.521489241815833520e+04
4.775673187553155731e+04
4.559839374890117324e+04
4.824503923005437537e+04
4.776170005137463886e+04
4.250453997310782870e+04
4.399863277428372385e+04
4.541976952275633812e+04
4.484327385011925799e+04
4.481191470260993810e+04
4.593045680331780750e+04
4.620471322749453975e+04
4.757588424734937871e+04
4.718346220601843379e+04
4.582377463001132128e+04
4.514173907391962712e+04
4.542514698327842780e+04
4.507828336871461943e+04
4.849174276982872107e+04
4.555185516117011866e+04
4.490183887816827337e+04
4.725033006215228670e+04
4.262135557165049977e+04
4.322777923809645290e+04
4.599240110944332991e+04
4.733323580190727080e+04
4.847053206821232015e+04
4.391738633868468605e+04
4.437962423870638304e+04
4.577498701769080071e+04
4.567786697705130064e+04
4.551439607427517331e+04
4.445553533871398395e+04
4.827688030503725167e+04
4.906940282243800903e+04
4.379572849584601499e+04
4.564356635156158882e+04
4.509525811158667784e+04
4.390704165877179912e+04
4.148522014027112891e+04
4.286259989288354700e+04
4.429344981470509083e+04
4.557045118889404694e+04
4.841561552547442989e+04
4.593018852522191446e+04
4.512568675715276913e+04
4.712331197387489374e+04
4.479573071753894328e+04
4.504403319463481603e+04
4.369752751983621420e+04
4.526061498752022453e+04
4.534724828996906581e+04
4.345215404300260707e+04
4.731683038376750483e+04
4.542860848433041247e+04
4.368626694158930331e+04
4.433771184035352053e+04
4.480536006584524148e+04
4.445154735645875917e+04
4.648635940564992779e+04
4.356426955282231211e+04
4.411984471205945010e+04
4.733312749888008693e+04
4.427938546584780124e+04
4.366047051060865488e+04
4.565718617578843987e+04
4.622139646855351748e+04
4.481565124514685886e+04
4.539528843425422383e+04
4.710612879157797579e+04
4.513204340267709631e+04
4.588643308003020502e+04
4.419815462294172175e+04
4.347455010138712532e+04
4.371120985262887552e+04
4.487799426542167203e+04
4.456765888718645874e+04
4.776326059698598692e+04
4.606047140882931853e+04
4.414630533156330057e+04
4.743903843374447024e+04
4.583419009495054343e+04
4.664840522486870759e+04
4.930127940355799365e+04
4.265231314669407584e+04
4.387313429169278243e+04
4.632737504606827133e+04
4.469064345221498661e+04
4.344071402054205100e+04
4.533550464157873648e+04
4.337439319811412133e+04
4.625696548817786243e+04
4.716825846973785519e+04
4.517535393951638252e+04
4.509871893230830028e+04
4.776770816507402196e+04
4.535140104112258268e+04
4.661104357355082902e+04
4.591413874399584893e+04
4.930050043968504178e+04
4.559345093340579479e+04
4.128025688718336460e+04
4.476270684067606635e+04
4.408619677718528692e+04
4.593372162739710620e+04
4.597734493314841529e+04
4.696719020949201513e+04
4.479216775802234770e+04
4.222140569018731912e+04
4.615576456810336094e+04
4.444377563153713709e+04
4.534298855520086363e+04
4.477451545384668134e+04
4.499126005147576507e+04
4.328620134700184281e+04
4.433942847805612837e+04
4.377111047143582255e+04
4.383468306923196360e+04
4.702315105583741388e+04
4.666644562139827030e+04
4.485746717153497593e+04
4.579160897521409061e+04
4.527898122706657887e+04
4.683858610493491869e+04
4.416825467835576274e+04
4.310990918825141853e+04
4.714828429947414406e+04
4.487998305045717279e+04
4.932005650923557550e+04
4.644516899595631548e+04
4.653450868241293938e+04
4.761750823174881953e+04
4.265196491937139945e+04
4.798376685107618687e+04
4.554143027809347404e+04
4.270964872956978797e+04
4.643019182097959856e+04
4.666961685437083361e+04
4.472039397705340525e+04
4.552775095643792883e+04
4.362712060039748758e+04
4.571558055606511334e+04
4.772977630363527715e+04
4.654260513180404087e+04
