5.979094763950784319e+00
2.241993101580352032e+00
2.046278925955478112e+00
2.104498381176412192e+00
2.103979657084902755e+00
2.049257927260616619e+00
2.074553823252333284e+00
2.052231409918285454e+00
2.050794208342598512e+00
2.037286249572266339e+00
2.062013787064617798e+00
2.040619012059990300e+00
2.018345010388846283e+00
2.059824546659003275e+00
2.130461260035494409e+00
2.081215422996490094e+00
2.000931103600865679e+00
2.072245094613595739e+00
2.107506379129787888e+00
2.065047448952093578e+00
2.080102735973650585e+00
2.091898245378097876e+00
2.082888981018810259e+00
2.061836082198826414e+00
2.065794635600968654e+00
2.040205959936175706e+00
2.096446377137235917e+00
2.062202535625827782e+00
2.026979105585783092e+00
2.061768870079247140e+00
2.083799388081915893e+00
2.043375608969235646e+00
2.040955945138763994e+00
2.092367168715266956e+00
2.004329468030245032e+00
2.056056209378607225e+00
2.092833271430658115e+00
2.074475217000947946e+00
2.029257054190763743e+00
2.073233467392242790e+00
2.021315117323610355e+00
2.054534521229155697e+00
2.077035397531271865e+00
2.062220164399997557e+00
2.071270421367086279e+00
2.071653143121759300e+00
2.052782375231480216e+00
2.071460764743192851e+00
2.035115690904485408e+00
2.039587390741482320e+00
2.038777209132888402e+00
2.027217053026991067e+00
2.105783269673615621e+00
2.060828854018331935e+00
2.075844673092796633e+00
2.052715529809347128e+00
2.063275591141387366e+00
2.032344556796239043e+00
2.036997623731505502e+00
2.091736792751425877e+00
2.002093509700506146e+00
2.082088779947223856e+00
2.040817003670691854e+00
2.060020318709681053e+00
2.036758687084377684e+00
2.084118029920027926e+00
2.058775759816107165e+00
2.056490557863750013e+00
2.038955411007097318e+00
2.062743876824336908e+00
1.998941713706470447e+00
2.071113230277433992e+00
2.082697451371784858e+00
2.038971943632625461e+00
2.089366682469490755e+00
2.034331464479997464e+00
2.022926069474293431e+00
2.053260804233983272e+00
2.048246708718922449e+00
2.057467106202585327e+00
2.030547519851479077e+00
2.080370980135582304e+00
1.997798168472762370e+00
2.040697223361852775e+00
2.027076355400885266e+00
2.072489710811535879e+00
2.092481905485815474e+00
2.078181134332804270e+00
2.057953901869526980e+00
2.108886174055631724e+00
2.081143452528829929e+00
2.026916525893174725e+00
2.019563970191863067e+00
2.033880485019931683e+00
2.063175521035575777e+00
2.073901068578099860e+00
1.990635933790356082e+00
2.086232668470357599e+00
2.065461265663854462e+00
2.048422240670916050e+00
2.031111470605825531e+00
2.042222528372115598e+00
2.013444058579542340e+00
2.054814629122487801e+00
1.991533017152634422e+00
2.061444655143356286e+00
2.050653209812879574e+00
2.039012560514467332e+00
2.050152970720072521e+00
2.061801521122253789e+00
2.049062924596039892e+00
2.051391116058551845e+00
2.073680777358146265e+00
2.055574707944573642e+00
2.052473374906857995e+00
2.028072203145545593e+00
2.067902566159918187e+00
2.032761374062601600e+00
2.032237085831733570e+00
2.013044075261771315e+00
2.075797414031177901e+00
2.068408253588459811e+00
2.025019355130876608e+00
2.043610906930869220e+00
2.039838906194964885e+00
2.029353875887204950e+00
2.078215412948867691e+00
2.023782817886839780e+00
2.029878016249223371e+00
2.086206134610939511e+00
2.067429653106795051e+00
2.042148635243647536e+00
2.052800044880718655e+00
2.027418979051894166e+00
2.030248084290198207e+00
2.093055823843003704e+00
2.077337558847445642e+00
2.062200678981889190e+00
1.997015758379846684e+00
2.049137745949593636e+00
2.086916290378064254e+00
2.004484688956119864e+00
2.056128965974000966e+00
2.041389658298393694e+00
2.080405889711720135e+00
2.060783648011543345e+00
2.050491395293137842e+00
2.077405186959157213e+00
2.010714761745215462e+00
2.047232030432526440e+00
2.080369606863851306e+00
2.034237526876351509e+00
2.013173054952372976e+00
2.092982800125147147e+00
2.049963183702711245e+00
2.014861928769889676e+00
2.032887234363637941e+00
2.040924540475377746e+00
2.047482210443041240e+00
2.006428046562344747e+00
2.035510757172708018e+00
2.052415592389453369e+00
2.076868401567874667e+00
2.099053311259587051e+00
2.070687777645040750e+00
2.109029354562376835e+00
2.042541861941865378e+00
2.026097842076270972e+00
2.009824906328820049e+00
2.042437530507340782e+00
1.989660848217687850e+00
2.069358191158666926e+00
2.053254975860240084e+00
2.067094601614724247e+00
2.008231207892255288e+00
2.031693139518572888e+00
2.061397774481950496e+00
2.058209690383060231e+00
2.024038756772045478e+00
2.057735740693888538e+00
2.084899895782268420e+00
2.077906777672794192e+00
2.071501691593351957e+00
2.067858851830053357e+00
2.059845586088390856e+00
2.005174346155064846e+00
2.060566242342259269e+00
2.080854178458998671e+00
1.985440407442288446e+00
2.051093773190034053e+00
2.034816809609264698e+00
2.074009051635373968e+00
2.097376301675800470e+00
2.045712404526274231e+00
2.043457379612064528e+00
2.063025383633319887e+00
2.064865553286701516e+00
2.020459334984291644e+00
2.010817646442199624e+00
2.054915011571760708e+00
2.055822924570935850e+00
2.059264668547144961e+00
2.042649510737287954e+00
2.057918893545574335e+00
2.065568557208412592e+00
2.049960426869959829e+00
2.100935836072745477e+00
2.047861758449886604e+00
2.045842816557942978e+00
2.046617861345505496e+00
2.026559465432841378e+00
2.059138883946303178e+00
2.047781417449547892e+00
2.062962839477255006e+00
2.065881841685614173e+00
2.038901224361149289e+00
2.053059848083958361e+00
2.045607617833487435e+00
2.072799777317992920e+00
2.035421724531870424e+00
2.059248115016986347e+00
2.005721161968462063e+00
2.072262950228064060e+00
2.038750528736684942e+00
2.099256534430330223e+00
2.049061239652134603e+00
2.074849616977084921e+00
2.035947383197957983e+00
2.046732848446207509e+00
2.041510550059100204e+00
2.062332274239648822e+00
2.085066527638171241e+00
2.061876588096491769e+00
2.058456008757246547e+00
2.034037305590543632e+00
2.041012113292514307e+00
2.023919101658512076e+00
1.989639566256950154e+00
2.037268633193286771e+00
2.100952784612945212e+00
2.100762893199057402e+00
2.047323771357346445e+00
2.072253361539733607e+00
2.073095680787934381e+00
2.062450999735536250e+00
2.039548014899896788e+00
2.023119095650457222e+00
2.068555902420323722e+00
2.070046661009222966e+00
2.042358972892043933e+00
2.103825439922912821e+00
2.045597516292770646e+00
2.074147382150701713e+00
2.049970155720596932e+00
2.073765157570187423e+00
2.007738783661956017e+00
2.061667251707781201e+00
2.024897480799819682e+00
2.038573831613437193e+00
1.993338599661445887e+00
2.047272399595635228e+00
2.057077001340169797e+00
2.074543845164368516e+00
2.047371844348457870e+00
2.040794665497514870e+00
1.985125883149541748e+00
2.069626343788771194e+00
2.071348342863458480e+00
2.038305115566772407e+00
2.071788867836018344e+00
2.070691881144127500e+00
2.023663283069390584e+00
2.068528970074107853e+00
2.010486452715145589e+00
2.074720822732416980e+00
2.056380173786906518e+00
2.053082333100019863e+00
2.045623940422129472e+00
2.049595551649423975e+00
2.035443138129291452e+00
2.056047846021173520e+00
2.061329038394627666e+00
2.048436810679294062e+00
2.028615778473187969e+00
2.051620914500931203e+00
2.054398381792611250e+00
2.073030040516700367e+00
2.047621979882683796e+00
2.059012378966108781e+00
2.035851203201255899e+00
2.073957126259731609e+00
2.036486339418817515e+00
2.016963827924921571e+00
2.054389917220234008e+00
2.046261331210982970e+00
2.074753336683408111e+00
2.064118948798334241e+00
2.075767445231964548e+00
2.080171387169101660e+00
2.012710816541075420e+00
2.018716387208416840e+00
2.063314283776211955e+00
2.060619217287661620e+00
2.019630549751064486e+00
2.061885521124779075e+00
2.052231546084702263e+00
2.035998385724099080e+00
2.100856691885067296e+00
2.048365653403921627e+00
2.122551157179200398e+00
2.059579073150730633e+00
2.050111050085761111e+00
2.071726891690711447e+00
2.086471496705068152e+00
2.077031909564512890e+00
2.075797836823013665e+00
2.065571209621630988e+00
2.026044320106495267e+00
2.038237845048367358e+00
2.052349126547294844e+00
2.011358869046663500e+00
2.108239130309719656e+00
2.057870133243303368e+00
2.054595094384556564e+00
2.051624070557169333e+00
2.030758525147416282e+00
2.079716922267569323e+00
2.014954792064765243e+00
2.110892539535194956e+00
2.088252699242897581e+00
2.102146614502231614e+00
2.049826165406016809e+00
2.074123649547367609e+00
2.073005421320324171e+00
1.994428947011811726e+00
2.069992251188898180e+00
2.063978914547427213e+00
2.080664228700921381e+00
2.067849010358888240e+00
2.030607704056177187e+00
2.054055941967418253e+00
2.060518088263203929e+00
2.048802488563524982e+00
2.041719713476321640e+00
2.072696597405423891e+00
2.021738765255739700e+00
2.073216002447554995e+00
2.036838245909358580e+00
2.058352452360217466e+00
2.041359827033766283e+00
2.058068858394340950e+00
2.052682838169613611e+00
2.065352536724853749e+00
2.075496575060430615e+00
2.115137094104479143e+00
2.055855299524458779e+00
2.051595312321794484e+00
2.075109401170186718e+00
2.063414379909906948e+00
2.054084497460200165e+00
2.094631920215722864e+00
2.101562382032154286e+00
2.092830956745020732e+00
2.048612315827076369e+00
2.033829496032276030e+00
2.057633280800902575e+00
2.048632965873466105e+00
2.046095991499070177e+00
2.044378969780197064e+00
2.076365930937381865e+00
2.052431834658685172e+00
2.043758168926566920e+00
2.068838494245096360e+00
2.066397749164489817e+00
2.032080828961218888e+00
2.031946644853434236e+00
2.064862581766356620e+00
2.060433856327157809e+00
2.055310502446964893e+00
2.057475968917503728e+00
2.093595257528303666e+00
2.045137896342368755e+00
2.036211517319774345e+00
2.056764014579209210e+00
2.076194033984320786e+00
2.092568688171829283e+00
2.063246535335254706e+00
2.042127495866821629e+00
2.043509965334193268e+00
2.020655806808189237e+00
2.111476890091215974e+00
2.070840334128766003e+00
2.006578141446237140e+00
2.093491727793596713e+00
2.096011601022041315e+00
2.061549419140802808e+00
2.071805953191113048e+00
2.029114673991065931e+00
2.055894985954595633e+00
2.057661663105488259e+00
2.033781494253140920e+00
2.034248790153013076e+00
2.027545878467730045e+00
2.019889212428508607e+00
2.067264673461168378e+00
2.078714071451196688e+00
2.030117058085204373e+00
2.073689207221459885e+00
2.022528843168098778e+00
2.021001906803254311e+00
2.045615627410100501e+00
2.085916083603107207e+00
2.067235116714713605e+00
2.095421432565275133e+00
2.063772374022330158e+00
2.062724336985539697e+00
2.058634362007422336e+00
2.102379106348438054e+00
2.064664168727798899e+00
2.097485533846815908e+00
2.067404063125239055e+00
2.065445723312035575e+00
2.068970026710009069e+00
2.042173357808514389e+00
2.067800452164768821e+00
2.012629820618581533e+00
2.033849591732981743e+00
2.038302911711634025e+00
2.049392542798924133e+00
2.052823648845797155e+00
2.070747059286574210e+00
2.047192318065238048e+00
2.027501178388194436e+00
2.032939359603482821e+00
2.055483109607789682e+00
2.062284266050978143e+00
2.086126047599033750e+00
2.094394327062022665e+00
2.069011190467747952e+00
2.028889825401246405e+00
2.030261126841309327e+00
2.049617617647563339e+00
2.048905294678661448e+00
2.032642136985040260e+00
2.056391677892885017e+00
2.080987929948409754e+00
2.061086092295793204e+00
2.069684792343133850e+00
2.055228594050231283e+00
2.052192999033853216e+00
2.094968229385890002e+00
2.064351381289593945e+00
2.063412054287201869e+00
2.015166519814894475e+00
2.081756475324221256e+00
2.039601407429030289e+00
2.039962340139837682e+00
2.040397074929831245e+00
2.057079569918840445e+00
2.038308937225150164e+00
2.051055925809781577e+00
2.057480473655084463e+00
2.031726631641753489e+00
2.053914063534865608e+00
2.057380132493073610e+00
2.086657258450791197e+00
2.068616002461867609e+00
2.051845866098944704e+00
1.977505681144477778e+00
2.059476408662990643e+00
2.026602175182979249e+00
2.024337906831935818e+00
2.051450606816846545e+00
2.046397397848658262e+00
2.125229724903776596e+00
2.026039347518038269e+00
2.008672546633089695e+00
2.085515866999185786e+00
2.065411328573202088e+00
2.054316484908861984e+00
2.018557232473913388e+00
2.077717597971934449e+00
2.020626523218055581e+00
2.051289912694383766e+00
2.009531458215419786e+00
2.043342601253071322e+00
2.013797696825830208e+00
2.114993222910189985e+00
1.999466630085187990e+00
2.032875068484926384e+00
2.055240796494675060e+00
2.040984406819778663e+00
2.003526013469761669e+00
2.068462604918155812e+00
2.069753283782323816e+00
2.064332151775537749e+00
2.069549773661918390e+00
2.059736994109688801e+00
2.047549400883039272e+00
2.016743955692255064e+00
2.083872998611423277e+00
2.035354333900397439e+00
2.032518971071507252e+00
2.062202006084269623e+00
2.035822918303495044e+00
2.072400909577714501e+00
2.036867774409006682e+00
2.035875225219136109e+00
2.029201496569140062e+00
2.066045299439081440e+00
2.098034743922443823e+00
2.006666260223044507e+00
2.059875286156324758e+00
2.082577384241337537e+00
2.070460450873744751e+00
2.101308132235734760e+00
2.014752757240692915e+00
2.035909388177043144e+00
2.073795168567561298e+00
2.058498854057666971e+00
2.083016025479732303e+00
2.081782467468799691e+00
2.104626697108542999e+00
2.013405382423437917e+00
2.013255698305409069e+00
2.058693423811665202e+00
2.055075177289208632e+00
2.030968246533928490e+00
2.101799822027169640e+00
2.073329065645669544e+00
2.066198944663291570e+00
2.054926765063190164e+00
2.026929599605381771e+00
2.076637182672034676e+00
2.033812939181117496e+00
2.055629578777300903e+00
2.042833861615382052e+00
2.049042228751252193e+00
2.090238164520696884e+00
2.072471657364543418e+00
2.010551611881622236e+00
2.094186284551355470e+00
2.049611369792342597e+00
2.067856620782798860e+00
2.064720258896295846e+00
2.040262085819090743e+00
2.042102179029366749e+00
2.048428386988999872e+00
2.046564970540061701e+00
2.005519424921109461e+00
2.099712495781904664e+00
2.043480304345413501e+00
2.049800517507714748e+00
2.083827594621395995e+00
2.062977981696575203e+00
2.045589646852635557e+00
2.071631917075207330e+00
2.057212134279642779e+00
2.044077925570332521e+00
2.076019083897153727e+00
2.051465929147493039e+00
2.091310951255815898e+00
2.037882603067304732e+00
2.065387687622034285e+00
2.064697016694571285e+00
2.037859977132673972e+00
2.031596241746280285e+00
2.068560503796465166e+00
2.082307310716204451e+00
2.064418988099220975e+00
2.036883700550117915e+00
2.038181739639731926e+00
2.057128861116051421e+00
2.054246811837197484e+00
2.030524414828136948e+00
2.104975665658120665e+00
2.064673724124911569e+00
2.088865527897401542e+00
2.077109411481178114e+00
2.056287859422706532e+00
2.026075263557477690e+00
2.042738504682025447e+00
2.091619390973767700e+00
2.066166584323281263e+00
2.085081319938368427e+00
2.037287590115083535e+00
2.034941659290763205e+00
2.079661886716219765e+00
2.049072787368756199e+00
2.060633751274053793e+00
2.049716569248664300e+00
2.069357635641080329e+00
2.051031012383754959e+00
2.036297384266427812e+00
2.037990503744384618e+00
2.027396753712415123e+00
2.028179162823261716e+00
2.040160063373252619e+00
2.032216024215972361e+00
2.077647006892383796e+00
2.067011000305185142e+00
2.041818719023281936e+00
2.081868672981911139e+00
2.030098115069090436e+00
2.064340560904756483e+00
2.089529342700072956e+00
2.039868346754701189e+00
2.049908459654662618e+00
2.072484947246323816e+00
2.063958492109616127e+00
2.053365773501715008e+00
2.085389333563398395e+00
2.022998149863435735e+00
2.078319434261645338e+00
2.064883624592511513e+00
2.059492978727028412e+00
2.070116941834312385e+00
2.010228904879167722e+00
2.099180005597302667e+00
2.058316688782886317e+00
2.078808921390864484e+00
2.038528759489117714e+00
2.077000941335044537e+00
2.044357493483877075e+00
2.001420174011213859e+00
2.088669402241639883e+00
2.060886673227783739e+00
2.128789365968368319e+00
2.045786028389434463e+00
2.145571517364715852e+00
2.077879546104666186e+00
2.068401440068648789e+00
2.052076349361867003e+00
2.049601182300733626e+00
2.075941056040657706e+00
2.019628425221835943e+00
2.110856475509715224e+00
2.108864003852787050e+00
2.039689825100702070e+00
2.064653590304074360e+00
2.044559572955826354e+00
2.046449499344142886e+00
2.042356404277980264e+00
1.998062231424502677e+00
2.093630230484230914e+00
2.015483862821068062e+00
2.064798911113580271e+00
2.070482272951283953e+00
2.068408509858199906e+00
2.023716902475050095e+00
2.073556284447651166e+00
2.033484665920508583e+00
2.021733137982265394e+00
2.055725866838357785e+00
2.051745807795936294e+00
2.034953599385825651e+00
2.078715951754957381e+00
2.048987168465038256e+00
2.049085677768231584e+00
2.023386735345350296e+00
2.058549928494111558e+00
2.034385987793901673e+00
2.068443389898220630e+00
2.058934276382773820e+00
2.015802610478640400e+00
2.105314691766729585e+00
2.072403962735893668e+00
2.020279943243812326e+00
2.051545179092620685e+00
2.056755448780398954e+00
2.078663817867723473e+00
2.073864541753380308e+00
2.032202852063262455e+00
2.090057993548764426e+00
2.066584017455513234e+00
2.082881772178167168e+00
1.988999108915895597e+00
2.028477244509416799e+00
2.088946701787166571e+00
2.060058103980131339e+00
2.092549799447224856e+00
2.053647441320697986e+00
2.018712540264617328e+00
2.081996799077424853e+00
2.050790021007137032e+00
1.997230727532420147e+00
2.060518397563019466e+00
2.063022396084170040e+00
2.081291049402512972e+00
2.030018739532340355e+00
2.052577101130964810e+00
2.032765893317860506e+00
2.058292596821140297e+00
2.071819494065871847e+00
2.054023804786209162e+00
2.090840092975140951e+00
2.063273087500961278e+00
2.108626540663599336e+00
2.062707432843505995e+00
2.026592362622084309e+00
2.066299198113721314e+00
2.101596913781722087e+00
2.082044534912677491e+00
2.089343190706510534e+00
2.081211269801480857e+00
2.051278400838104421e+00
2.095922544663737064e+00
2.015802066675507209e+00
2.003351745956689189e+00
2.042188057841724635e+00
2.066004625661483018e+00
2.075459661140876655e+00
2.062947598915001013e+00
2.013593692706181049e+00
2.084588562738482143e+00
2.041844803625224358e+00
2.069201024436066572e+00
2.043973883809001801e+00
2.065981521610980476e+00
2.018717603491714918e+00
2.029725057150547407e+00
2.023312952181768321e+00
2.054198621330811658e+00
2.016188288968067788e+00
2.045364089519050133e+00
2.042529450255153201e+00
2.078489857057753465e+00
2.064898847734752074e+00
2.096228071325310083e+00
2.028023477896834237e+00
2.062398621735825444e+00
2.005685230064528035e+00
2.028736022573456754e+00
2.091698288164766772e+00
2.020463507275299442e+00
2.088733060080758985e+00
2.057437297350235728e+00
2.046007348687027161e+00
2.050523777300674588e+00
2.087739491158038252e+00
2.080127366214485907e+00
2.063311275880900020e+00
2.064022253099730531e+00
1.997736055219321516e+00
2.089301721274968493e+00
2.044860743443729589e+00
2.073417605559439547e+00
2.054910578513163166e+00
2.048631861480430860e+00
2.021774150984268825e+00
2.046821595836199936e+00
2.078337708232176340e+00
2.035414973250904147e+00
2.042884770318599053e+00
2.069158042772252681e+00
2.066340889348990739e+00
2.002344355906024997e+00
2.083783464312075839e+00
2.036907008176479295e+00
2.067927506070885268e+00
2.082269269913602283e+00
2.051843854734524353e+00
2.021875769372606602e+00
2.102720054226964841e+00
2.084435613138025722e+00
2.058655838885694589e+00
2.043318239139983561e+00
1.995913578673735200e+00
2.077698058201749021e+00
2.044066991339509087e+00
2.052674084309956903e+00
2.072106357273074018e+00
2.046299749483308172e+00
2.083783024375013504e+00
2.052333310738729377e+00
2.093842566536380012e+00
2.062100130053200697e+00
2.028961049007277140e+00
2.104578344659611577e+00
2.056506609624091819e+00
2.017120552280540657e+00
2.077598363969945794e+00
2.074193281263797317e+00
2.072780145549108166e+00
2.051444323803175873e+00
2.082947899944161740e+00
2.072017188714927904e+00
2.072701148428324203e+00
2.026865492760952403e+00
2.025264383883089714e+00
2.079674048051026070e+00
2.056605725549012664e+00
2.092237821739272086e+00
2.057823850798495169e+00
2.061396463646050670e+00
2.026593779640681880e+00
2.036594415276352432e+00
2.055842427827986985e+00
2.043509953228813902e+00
2.075729813643633737e+00
2.056636392459164409e+00
2.039756509152112152e+00
2.041153638252148905e+00
2.025749982009230177e+00
2.057241617719939519e+00
2.096053978289040387e+00
2.049466292190979200e+00
2.099679220824520964e+00
2.038104019958198343e+00
2.077923579021477174e+00
2.027650916497239386e+00
2.098133186829189256e+00
2.027300303478669186e+00
2.083361397199186449e+00
2.043196751622304408e+00
2.051083856436711095e+00
2.072531291847261592e+00
2.079516005378600152e+00
2.121662288666628537e+00
2.061884630103297145e+00
2.054961086021424244e+00
2.074378374779901613e+00
2.061502262667250118e+00
2.095784641831115458e+00
2.040502675065420490e+00
2.033480904563405467e+00
2.070675220287874208e+00
2.120791980595098103e+00
2.083007149943125746e+00
2.091912293395839839e+00
2.023831205080507178e+00
2.081854951245252217e+00
2.078338661684777211e+00
2.063960719850078895e+00
2.036497795392978372e+00
2.020204254377725217e+00
2.054751866527839255e+00
2.044025582818766562e+00
2.066697060799116858e+00
2.066658083567867621e+00
2.051921390382614341e+00
2.054083472869512761e+00
2.074423103182398531e+00
2.052964066329654003e+00
2.070822597565099343e+00
2.056838019177736232e+00
2.075943707449147357e+00
2.074546022653698252e+00
2.043625344334091043e+00
2.077513012397390391e+00
2.037812579769399335e+00
2.092361216882217878e+00
2.038199256348977695e+00
2.042488008375655806e+00
2.061484108138186500e+00
2.050724986186826637e+00
2.066095880228577375e+00
2.072746276185672532e+00
2.068175361271156643e+00
2.046048051468645212e+00
2.029332292323350106e+00
2.058637141263274017e+00
2.063088355044143007e+00
2.039358736590514365e+00
2.038223793681744223e+00
2.085686985103041735e+00
2.020990842112042163e+00
2.056264486988183648e+00
2.027738072914128775e+00
2.062860063023922663e+00
2.077722325994427521e+00
2.054652307668237476e+00
2.047846356810490320e+00
2.047185991986099296e+00
2.069085349560209508e+00
2.067567351587223712e+00
2.113057020150770793e+00
2.072386829333228597e+00
2.040703665280439782e+00
2.072615528855225708e+00
2.025650951430342683e+00
2.078013445174479390e+00
2.101322032693086594e+00
2.069783745263611863e+00
2.002704646972189639e+00
2.083203482125355777e+00
2.041098476366556280e+00
2.040336468626820388e+00
2.036398464242735518e+00
2.089211075096622849e+00
2.011240562289865252e+00
2.045586594397478475e+00
2.060269341462163784e+00
2.051997128484338351e+00
2.043708191995539103e+00
2.069660795139616205e+00
2.040178785313635945e+00
2.061526500362996561e+00
2.033532911554923217e+00
2.084827984734590967e+00
2.091146462633134639e+00
2.064068026043360593e+00
2.033549011010737484e+00
2.007831443989733344e+00
2.072441414512107283e+00
2.022664953118589626e+00
2.085412085929158721e+00
2.051301227315315057e+00
2.029258361495766660e+00
2.058780314369409226e+00
2.068378951441718350e+00
2.089347727465739268e+00
2.049055077883088494e+00
2.052520377435936183e+00
2.029302766090538945e+00
2.059853863270391994e+00
2.016937844626276899e+00
2.101089437531773019e+00
2.042961134321042760e+00
2.049855385859026047e+00
2.064753014620701155e+00
2.028608060174708960e+00
2.061850625899912970e+00
2.057518076990469513e+00
2.072018358854549547e+00
2.035858585666618481e+00
2.111999256814954595e+00
2.068316865652287007e+00
2.082592840092754916e+00
2.035951470665068097e+00
2.047278289151950315e+00
2.097217798709580805e+00
2.003418899579099577e+00
2.055576956107981523e+00
2.048879115743380996e+00
2.063728309451585918e+00
2.095361753819001471e+00
2.069508772711252220e+00
2.072084993634029093e+00
2.088132765827224624e+00
2.064701111632170960e+00
2.040781783675029715e+00
2.044053199760589301e+00
2.013030454129050462e+00
2.065054987601312675e+00
2.075277484303168496e+00
2.071104193012257344e+00
2.094962920459075839e+00
2.069197018483167394e+00
2.047342192941869587e+00
2.074080557316090978e+00
2.030396264858685296e+00
2.084421616623690632e+00
2.025566451315687910e+00
2.087769859727508059e+00
2.052322556081925153e+00
2.067211516812110350e+00
2.051641418343706391e+00
2.058767026225801100e+00
2.113222349112663601e+00
2.066221182298269898e+00
2.026434439775224750e+00
2.065643262762801857e+00
2.024547340946581730e+00
2.073290951147746863e+00
1.972332168715544842e+00
2.069317519395625915e+00
2.067874515301884486e+00
2.021681156468052798e+00
2.054158851353609538e+00
2.050369069105244968e+00
2.091622421826583089e+00
2.071038269289537936e+00
2.100091720742423007e+00
2.094316719354011092e+00
2.017226889580492788e+00
2.077269279171515048e+00
2.092716422991308889e+00
2.079287509768700470e+00
2.060731576381941377e+00
2.035245957920367221e+00
2.048924431761354636e+00
2.066149923327703863e+00
2.059074019969097336e+00
1.997073754272070678e+00
2.025790248971541363e+00
2.064706370039517402e+00
2.042583835792616043e+00
2.081243289960383436e+00
2.097570172447003500e+00
2.065534021283260024e+00
2.055268166515550998e+00
2.045835596547914470e+00
2.007802678146116016e+00
2.053255791954139209e+00
1.998946518654346249e+00
2.042399873657773313e+00
2.070021432770425829e+00
2.082187716687170287e+00
2.037880051671864479e+00
