1.403989578835025176e+00
1.044535726574561396e+00
1.027400419321077285e+00
1.031941824093601356e+00
1.034177036043849585e+00
1.032960704678077990e+00
1.032121243641662689e+00
1.032524556405862937e+00
1.030096428776912987e+00
1.030505448893289211e+00
1.030764043345800074e+00
1.031777412543068539e+00
1.030852276542224333e+00
1.032507302568982599e+00
1.031204829111341592e+00
1.029008813475998485e+00
1.028819677961858359e+00
1.031511063756951563e+00
1.030084007349878705e+00
1.033317651464083609e+00
1.030016416632574927e+00
1.029921406269906692e+00
1.029503027975521068e+00
1.034606263083581501e+00
1.032181598992899296e+00
1.030384750631305746e+00
1.031736011673445308e+00
1.029063200779570142e+00
1.030175744030957352e+00
1.030785747633261362e+00
1.030242953573913711e+00
1.031724367824317756e+00
1.030758525755956168e+00
1.030795562255370390e+00
1.030014846239184712e+00
1.031637065923401986e+00
1.030873862682349040e+00
1.029318949335506828e+00
1.031310969692878388e+00
1.029952641293186533e+00
1.033593066928369941e+00
1.033370977009973046e+00
1.031706413670382405e+00
1.031561115126754968e+00
1.032330911648935645e+00
1.031202946172625534e+00
1.029533862698286839e+00
1.028771973814880170e+00
1.030286648109399517e+00
1.028988071938325088e+00
1.032665398877507412e+00
1.031484262371364036e+00
1.031059301260379479e+00
1.033496976097031173e+00
1.030964480507700065e+00
1.029836091290782019e+00
1.030720108772203103e+00
1.030277844931162479e+00
1.030932430217768037e+00
1.033321138369080572e+00
1.030222583137996306e+00
1.032436479382165428e+00
1.031521006889317249e+00
1.032404736105797527e+00
1.030703053473071895e+00
1.032103069091015790e+00
1.031940787058463593e+00
1.030775490635690073e+00
1.029837914406681154e+00
1.031599348053459986e+00
1.032562268233393032e+00
1.031546380342961644e+00
1.028647941707012459e+00
1.030648116678407389e+00
1.032805161743641786e+00
1.031603516436967016e+00
1.030149407998869782e+00
1.029612438232928362e+00
1.031957301814327543e+00
1.029680011965281361e+00
1.029518386281894848e+00
1.031565959161755641e+00
1.028974492648627725e+00
1.032757750467856228e+00
1.030861565816876491e+00
1.029470017151418837e+00
1.032420912775720012e+00
1.032786534101589604e+00
1.030128408149556085e+00
1.029190291884090502e+00
1.032118363038426745e+00
1.031073664560753000e+00
1.029222652727861398e+00
1.030224082813050890e+00
1.029915535079596101e+00
1.032932556231556331e+00
1.030482973529075474e+00
1.030207204992859671e+00
1.030026046991340927e+00
1.032595931460945859e+00
1.032082221426396940e+00
1.033102249322184640e+00
1.030574126253801071e+00
1.030894387358385345e+00
1.030140912399363673e+00
1.031192016224481867e+00
1.028952228965487770e+00
1.031520539848219897e+00
1.031880973701108983e+00
1.030489832465692590e+00
1.031464451242530611e+00
1.031857108037486981e+00
1.031143974892699600e+00
1.030522306670572430e+00
1.032383284260197875e+00
1.033337924591021917e+00
1.032077694097111475e+00
1.031005480995017987e+00
1.031134704260509238e+00
1.029271212282333314e+00
1.030752464044119909e+00
1.033119871515340904e+00
1.030718953996085707e+00
1.030690458156854339e+00
1.029013478683235006e+00
1.029493952294933568e+00
1.030834091862999458e+00
1.030439295404228517e+00
1.030219346830702376e+00
1.030301860977534512e+00
1.031669713839310498e+00
1.029692789180044699e+00
1.031624229967494699e+00
1.030869591264318652e+00
1.032126299922168755e+00
1.031333659952168302e+00
1.030379713758314830e+00
1.030297043032758042e+00
1.029936864341930658e+00
1.031241702727385023e+00
1.032503678000387559e+00
1.030538743845007099e+00
1.032278447270365884e+00
1.028924935821295072e+00
1.032685258921175242e+00
1.029395376349968583e+00
1.033226251760384518e+00
1.032116490996696001e+00
1.034323147124342368e+00
1.032101914002048870e+00
1.030993532105127342e+00
1.030269481094730599e+00
1.031917549683546875e+00
1.032123733462266157e+00
1.032211610277247171e+00
1.031630168453552931e+00
1.030815171151276965e+00
1.030959882109046433e+00
1.032302222066009412e+00
1.030475394115175858e+00
1.031016664835549657e+00
1.029214131203579408e+00
1.032386485961148903e+00
1.029512713328879281e+00
1.030258312719058100e+00
1.031025131488069846e+00
1.033241930220436311e+00
1.031673584539976707e+00
1.032235281338632626e+00
1.030555094595674515e+00
1.032081506600524223e+00
1.031999336241657739e+00
1.032069900603652668e+00
1.032232798640766447e+00
1.030371696927721237e+00
1.032241516794339953e+00
1.029784448206384040e+00
1.032234122417010846e+00
1.032449257851131286e+00
1.029308072543872798e+00
1.031751038859868297e+00
1.033119376947408075e+00
1.033125631642355158e+00
1.032355876285020457e+00
1.029290227067952923e+00
1.031040273620861925e+00
1.030155211435985985e+00
1.030110384475998897e+00
1.030201526502604104e+00
1.028781963025957591e+00
1.031638997802982738e+00
1.032560293916895633e+00
1.032983041225756793e+00
1.030236215711185732e+00
1.033572367358684074e+00
1.032199005574902406e+00
1.032927568929427720e+00
1.032419089587618855e+00
1.030195426969230610e+00
1.031415558391985066e+00
1.030715765036242182e+00
1.032805743216736127e+00
1.031065761055174335e+00
1.031834878242197107e+00
1.028795055623276777e+00
1.032565039748809976e+00
1.031495676154684515e+00
1.031782570781049069e+00
1.032776638942499048e+00
1.031306326977573073e+00
1.031753195311585936e+00
1.029484625669857323e+00
1.032375147483993283e+00
1.032586668232520655e+00
1.029631133105177732e+00
1.029733316402337673e+00
1.034523516490351680e+00
1.030402721048298220e+00
1.032972394603246968e+00
1.031901450633344597e+00
1.031616337154252383e+00
1.030623806057929359e+00
1.031914632746354199e+00
1.031230398857275521e+00
1.031003707352413645e+00
1.030084857944026711e+00
1.029354003495853931e+00
1.030456453489964064e+00
1.032299672860116146e+00
1.031350725786509104e+00
1.033522125213385490e+00
1.031049802486085021e+00
1.029745925611534885e+00
1.031777110691412425e+00
1.030390871098818995e+00
1.031453686680662285e+00
1.031783263342790802e+00
1.031371198662920374e+00
1.028245268540043833e+00
1.031867305012866387e+00
1.028402296830189133e+00
1.030069976202376836e+00
1.030163783743154982e+00
1.031668203523971927e+00
1.029515885397645603e+00
1.031717862456950741e+00
1.030482829092586483e+00
1.032440622968051835e+00
1.031532250379037841e+00
1.032275032133174175e+00
1.031540406270211818e+00
1.029877339191876517e+00
1.032387878735629316e+00
1.032155006238872019e+00
1.030801916079773450e+00
1.029850423651747171e+00
1.029367940200832887e+00
1.029654903547951639e+00
1.029801036318479524e+00
1.031440959734745588e+00
1.031624416185017434e+00
1.031626503884548240e+00
1.031801702880729366e+00
1.030642254809273295e+00
1.030890446079298250e+00
1.032640686789332518e+00
1.031560599253723787e+00
1.030079570589240934e+00
1.034288331112859671e+00
1.031347073357544719e+00
1.032582598910861682e+00
1.029223020954508794e+00
1.031923985307729552e+00
1.032673160287846725e+00
1.033155043503661608e+00
1.031181761183758594e+00
1.031779524448519059e+00
1.031460231556774465e+00
1.031694208751028130e+00
1.030298060537296889e+00
1.030775058917363651e+00
1.030126619709288427e+00
1.031705724141978919e+00
1.031177452872519718e+00
1.030770588199704463e+00
1.030732784368352029e+00
1.031708968179906538e+00
1.031774508753277031e+00
1.032050635055189680e+00
1.029710366996175352e+00
1.029889976198144153e+00
1.031071753735019580e+00
1.031316519236761486e+00
1.030117133908742710e+00
1.030172290713741390e+00
1.033432674336905555e+00
1.031285167222301125e+00
1.033670193547762128e+00
1.031817700759086520e+00
1.031654513575164023e+00
1.030777303872348449e+00
1.031633486874302008e+00
1.029823851053464967e+00
1.032008019739294902e+00
1.030231061308285456e+00
1.031054772040961520e+00
1.032617242375053035e+00
1.029984399083083479e+00
1.032752144868844146e+00
1.032479097420734293e+00
1.033400193594302463e+00
1.031389221719831939e+00
1.029944232904240531e+00
1.029170084549956510e+00
1.030285839049484231e+00
1.033614767243445476e+00
1.029169920458190335e+00
1.032447250847813747e+00
1.027922703671510618e+00
1.031148331835091136e+00
1.031729287849357135e+00
1.031058285805409369e+00
1.031094622455223542e+00
1.032273056950161028e+00
1.030158419822406968e+00
1.032288703220689552e+00
1.030471959576292340e+00
1.030849536591564419e+00
1.030554747047437214e+00
1.030578488039269436e+00
1.030889370416433470e+00
1.030630650013026450e+00
1.029715165401222654e+00
1.031587569906060375e+00
1.029938246351231435e+00
1.031558360505054228e+00
1.032087467152040139e+00
1.032215890073995723e+00
1.032978335032387340e+00
1.030215498461124479e+00
1.032541245421126019e+00
1.030294915991094351e+00
1.033729170090111671e+00
1.030062011962648905e+00
1.030006712911695876e+00
1.028613252135841982e+00
1.032222727294930031e+00
1.031984724607134973e+00
1.032217379683739278e+00
1.030758637894779728e+00
1.030694025181711826e+00
1.031484731643068198e+00
1.032388088189982289e+00
1.030136451390534891e+00
1.031970019309630837e+00
1.030460181919671037e+00
1.031173412775620024e+00
1.031459858401357232e+00
1.030701715820259157e+00
1.030403805491095559e+00
1.031416318103136831e+00
1.030320585090298335e+00
1.032317693428702832e+00
1.029522640781617815e+00
1.031768111303008828e+00
1.030855504908201992e+00
1.032883755353738220e+00
1.030100215288078269e+00
1.031425086807906899e+00
1.029703442366684429e+00
1.031547203475147834e+00
1.030280018757519178e+00
1.030205641873394251e+00
1.031197168465013192e+00
1.030427099759956944e+00
1.030809720138426089e+00
1.031462985732497062e+00
1.030020457999143435e+00
1.033287880331108299e+00
1.030563569756768327e+00
1.030905430733693340e+00
1.030958280311284891e+00
1.031834847872991956e+00
1.031778429717795875e+00
1.031249522215966774e+00
1.030934862661640583e+00
1.033089423865776180e+00
1.032176923972875748e+00
1.031298894443321679e+00
1.031291034247134863e+00
1.034164965627212940e+00
1.034044092405784099e+00
1.029371554397701338e+00
1.030272283695430113e+00
1.030876679797469775e+00
1.031129846078146617e+00
1.031083454292589519e+00
1.029978154241479205e+00
1.032809745576755311e+00
1.030437397419476708e+00
1.030323302557250242e+00
1.031313976594154802e+00
1.031874715919613772e+00
1.031639806126434467e+00
1.031336090620707413e+00
1.030546185838899564e+00
1.029593797337788219e+00
1.031517346764727838e+00
1.030715257968340293e+00
1.030643545889902146e+00
1.032787128601641458e+00
1.029386132932740283e+00
1.032633743299642193e+00
1.029074602694774354e+00
1.030994229384620819e+00
1.031145971240483350e+00
1.029282458191403071e+00
1.033311566668499548e+00
1.032251141655494919e+00
1.028969642486297520e+00
1.030195377230796128e+00
1.030186516328678303e+00
1.031900443699050873e+00
1.029557781473922740e+00
1.030913453960367487e+00
1.029944775686462144e+00
1.031991935754420275e+00
1.032499378288971315e+00
1.029339493403694572e+00
1.031571381460145265e+00
1.030919020386422913e+00
1.029971473792378189e+00
1.032883620096312738e+00
1.030317403861559900e+00
1.033207042333843306e+00
1.030342465310114974e+00
1.034414384992186298e+00
1.032616918777560455e+00
1.029354086853288441e+00
1.030445014791031788e+00
1.031697942118473099e+00
1.028433347106140205e+00
1.031073106224186464e+00
1.028249689091075947e+00
1.030674336445703387e+00
1.031519294887612626e+00
1.033954562612944272e+00
1.032593903441283212e+00
1.031199489080194764e+00
1.033852904262918537e+00
1.030928191699450380e+00
1.031170228610929662e+00
1.032695781402367841e+00
1.027942124131701496e+00
1.031104819692417740e+00
1.030982135498303975e+00
1.029665920383983746e+00
1.032562596474671412e+00
1.030187981104894845e+00
1.032838970303908255e+00
1.031471922539588748e+00
1.030394906689443779e+00
1.031934720850977261e+00
1.030932321463246204e+00
1.033939329840319665e+00
1.032833525347127024e+00
1.030403307757575604e+00
1.032253586749374064e+00
1.031957790149880205e+00
1.032697340740537095e+00
1.029515719844539268e+00
1.031488280420646220e+00
1.030151854036812642e+00
1.031243651116225069e+00
1.029961344156502978e+00
1.030610332251512773e+00
1.029151543658569645e+00
1.030191275161171038e+00
1.029449597320747811e+00
1.031488038829454501e+00
1.033315274316391807e+00
1.031128180965140251e+00
1.031882639649567057e+00
1.031299633008255556e+00
1.031909406223610493e+00
1.031870271209199386e+00
1.033218176715587022e+00
1.030656397279266612e+00
1.032315133827585552e+00
1.030353737461966235e+00
1.030608915421763250e+00
1.030415975537986029e+00
1.031642753208216634e+00
1.032514050828567287e+00
1.029378127291888267e+00
1.034356422237566520e+00
1.030388703542470585e+00
1.031778171578859205e+00
1.030060140117745160e+00
1.033249664837152970e+00
1.030478903306026428e+00
1.029617162476397452e+00
1.030686203771649989e+00
1.030922171503428242e+00
1.032157367732287945e+00
1.031942650708164599e+00
1.029228084176963209e+00
1.030673095880642709e+00
1.031673740039265041e+00
1.032391149154047394e+00
1.029176611572192312e+00
1.031684781135620455e+00
1.030606579437346682e+00
1.030569450999248016e+00
1.027787491563758149e+00
1.032198654034858887e+00
1.029802592311243714e+00
1.032260889958387162e+00
1.028463701329133784e+00
1.031159780148321659e+00
1.032471318251471093e+00
1.033516172597220173e+00
1.031727296955416318e+00
1.030660471155266711e+00
1.031710015343458853e+00
1.030562095425500146e+00
1.029527741355064085e+00
1.031347378550356408e+00
1.030652335065694203e+00
1.032888007557192900e+00
1.029942426873669659e+00
1.031049568591174914e+00
1.032897851841400039e+00
1.031706923479070559e+00
1.031010228645065308e+00
1.030143733341855938e+00
1.030607728111412547e+00
1.030213396779063428e+00
1.032223260349354632e+00
1.028526518231136722e+00
1.032883016928541897e+00
1.029345054190549114e+00
1.030719278146600137e+00
1.031022145651512734e+00
1.031990007870412951e+00
1.031331538400850123e+00
1.032604717281780493e+00
1.031168573194334748e+00
1.034838033653397993e+00
1.030217012357108830e+00
1.030004797124724369e+00
1.033371106802454253e+00
1.031973577316064539e+00
1.029986018927094404e+00
1.033774612101642232e+00
1.031827632598751876e+00
1.033653355958286335e+00
1.031958195185175509e+00
1.029081198465640723e+00
1.032786251254647958e+00
1.029630537522711720e+00
1.034635973921515406e+00
1.030862250578459038e+00
1.030978230312537658e+00
1.032481543301232652e+00
1.031024811615243841e+00
1.030015321717264509e+00
1.031720368617267125e+00
1.030680592804810169e+00
1.029680965713949625e+00
1.030086853009443582e+00
1.030514081222140499e+00
1.032910442191164124e+00
1.032637465848358138e+00
1.032304864733696537e+00
1.033507034816641079e+00
1.032517907622140463e+00
1.030054467029758225e+00
1.031744955754651194e+00
1.030202082870569358e+00
1.031370107477658227e+00
1.031234554099306200e+00
1.032168722066977740e+00
1.030036956744074583e+00
1.031919365271063649e+00
1.031495662904272193e+00
1.028791030505227244e+00
1.031281335970886559e+00
1.030814486899644722e+00
1.031186954732961958e+00
1.030542843035703982e+00
1.031403031974095885e+00
1.031110788618315510e+00
1.031422104606668055e+00
1.030311264448591002e+00
1.032654616250292534e+00
1.028530952469743021e+00
1.032588946398055096e+00
1.030730172510083476e+00
1.031587836629796584e+00
1.030321822195266801e+00
1.030260579486851125e+00
1.032619613979722129e+00
1.030964571788210993e+00
1.032271095882995926e+00
1.031666034740393645e+00
1.032130066615752462e+00
1.029957374869036935e+00
1.032513314278916683e+00
1.030134705224484915e+00
1.032237020946188188e+00
1.033639906823179633e+00
1.031920530921920376e+00
1.031809874322181964e+00
1.031981707998272713e+00
1.031284015617508487e+00
1.031876734084249181e+00
1.028224294070612777e+00
1.030916324675084539e+00
1.031926734222440301e+00
1.032738043526267635e+00
1.029466734107484571e+00
1.031152896920528139e+00
1.030151941621041622e+00
1.034737375536147752e+00
1.030322881841224003e+00
1.031603367657450754e+00
1.032060801465538136e+00
1.030496518461143207e+00
1.027969105448527376e+00
1.031686502077547196e+00
1.030566272542961626e+00
1.032795119169924947e+00
1.030130987369900275e+00
1.032155482598992702e+00
1.030867288789423464e+00
1.032372309131477817e+00
1.030241909781497434e+00
1.033080894997728594e+00
1.029848771969707144e+00
1.031915838729260404e+00
1.033486104367334013e+00
1.032257334519804060e+00
1.031890351630565528e+00
1.031204323059421224e+00
1.028676113607744247e+00
1.032930569003732257e+00
1.028706439879135681e+00
1.030168006485682186e+00
1.030537688792195095e+00
1.032036364920639659e+00
1.032636022695357925e+00
1.030963134688882121e+00
1.030404755531068473e+00
1.029783301350370106e+00
1.031083528454756815e+00
1.031913729699800442e+00
1.030469565274779065e+00
1.031918706546128162e+00
1.031230432325406898e+00
1.029989297629603895e+00
1.029996452557709219e+00
1.030738155156128766e+00
1.031598583576894823e+00
1.034450964787470895e+00
1.034023493065458821e+00
1.031156251143792835e+00
1.031702130728809452e+00
1.032692032550738936e+00
1.031591529959874132e+00
1.032652488152264292e+00
1.031248587689143514e+00
1.030709936847018504e+00
1.031716993331598387e+00
1.031496445722794197e+00
1.031820392845977707e+00
1.030723570690274427e+00
1.030397894576275952e+00
1.032958951423946115e+00
1.033518795066781015e+00
1.031375644718279805e+00
1.030645502072173203e+00
1.032957951850997702e+00
1.031465979347759410e+00
1.032345259109818558e+00
1.029269022405685075e+00
1.031364142514399340e+00
1.029652710617088518e+00
1.032085594014999774e+00
1.031967157513930422e+00
1.030248819761684809e+00
1.032423951624452441e+00
1.031679078119562609e+00
1.031290293009145431e+00
1.032772682459716096e+00
1.030526395755911651e+00
1.032115140990692126e+00
1.030443483821791739e+00
1.031994644214115908e+00
1.031868563106699721e+00
1.031077778250251820e+00
1.028326311697149720e+00
1.032962634869516672e+00
1.033891990655807724e+00
1.030533836895028976e+00
1.031814467642015565e+00
1.032237271824539615e+00
1.032123337972905119e+00
1.030368551136384925e+00
1.032500750527325151e+00
1.030084653383345206e+00
1.032184875629365006e+00
1.030882323732794204e+00
1.031399500097469613e+00
1.031034175381300155e+00
1.030442169174283107e+00
1.030583689264495062e+00
1.028838777676451377e+00
1.032560745255898027e+00
1.029891366026609356e+00
1.029160919457892787e+00
1.032659552606956632e+00
1.032459625104378276e+00
1.032009252834149349e+00
1.030318918762922920e+00
1.030459746079269046e+00
1.031368484593041979e+00
1.030011664579993047e+00
1.032549815047901998e+00
1.032324144662543297e+00
1.032377262378902705e+00
1.031510175690393716e+00
1.031323796773276902e+00
1.031353987592986243e+00
1.030740186686217807e+00
1.031419323354365813e+00
1.031554773483960963e+00
1.031086639012962269e+00
1.031292450837315133e+00
1.029905236668442692e+00
1.030800209604429751e+00
1.029397011074582924e+00
1.031263559374068661e+00
1.032488026581820373e+00
1.032623755377967356e+00
1.030687872832849461e+00
1.031839004820752859e+00
1.031026308420059046e+00
1.031925496188906166e+00
1.030173634575360042e+00
1.031851684657852708e+00
1.030575912351305190e+00
1.029772424643430551e+00
1.031840196163714030e+00
1.032887707749132078e+00
1.031952118486469061e+00
1.032499835564252066e+00
1.028796118950793259e+00
1.031474003744143442e+00
1.030763924928373543e+00
1.032177738589457938e+00
1.031629589418772364e+00
1.029752892185563873e+00
1.030587804263085605e+00
1.032345767645507228e+00
1.031738493357410302e+00
1.033230636036643890e+00
1.029346570870511623e+00
1.030943251968877039e+00
1.030557412294689223e+00
1.030775310881986373e+00
1.029844874095763529e+00
1.031119173225872432e+00
1.030275538899329213e+00
1.028923537276555500e+00
1.029639363378480610e+00
1.032497065633650513e+00
1.033975053996993188e+00
1.030269997834025952e+00
1.032832933991853164e+00
1.030711451154763481e+00
1.030555051387123555e+00
1.030079564880769238e+00
1.031019576672147275e+00
1.031675820037556424e+00
1.031985235289484271e+00
1.030318952508054275e+00
1.031888655306492542e+00
1.031160299049869833e+00
1.032508280660657585e+00
1.032729711686845908e+00
1.032063101880569711e+00
1.032907772216872688e+00
1.032282313213434888e+00
1.030722629631606546e+00
1.030519629195645326e+00
1.031121985350198500e+00
1.030972885853749910e+00
1.030903713854711468e+00
1.032619907347650301e+00
1.030796167059287338e+00
1.032017408626267452e+00
1.031849778910395976e+00
1.030734078863892567e+00
1.030375003450676008e+00
1.030812260119439605e+00
1.032155229665427276e+00
1.031308171154790010e+00
1.029873526116385829e+00
1.032723511407830363e+00
1.030657805993066889e+00
1.031665957294587432e+00
1.032450011128606349e+00
1.034040108680450265e+00
1.035136888603397587e+00
1.031744955408194109e+00
1.033104585716106971e+00
1.029268083998176930e+00
1.030810928934897452e+00
1.030376309195846440e+00
1.030502103623213372e+00
1.033035817138867607e+00
1.030041252584587008e+00
1.030672276824135203e+00
1.032068389485235382e+00
1.030666858034759326e+00
1.029854922917025739e+00
1.034379694742472600e+00
1.033066919559485042e+00
1.033068403422056747e+00
1.031018471904002309e+00
1.031424052310715433e+00
1.030856137693779262e+00
1.032050390893093139e+00
1.029681190131285451e+00
1.032335480531003213e+00
1.031163650448795099e+00
1.031524995421095658e+00
1.032801593979927990e+00
1.031026470858304789e+00
1.030491135431235383e+00
1.029460650971905311e+00
1.032231757738987898e+00
1.031606358449777217e+00
1.029730095829671788e+00
1.033155918579498733e+00
1.031952024277665192e+00
1.030255082002758060e+00
1.032749627343719112e+00
1.030619167732155672e+00
1.032953814945223980e+00
1.032689964994951470e+00
1.030262406781579099e+00
1.032403927648401609e+00
1.033019669703870269e+00
1.029983278797030000e+00
1.032755671945250864e+00
1.029848569487481935e+00
1.030713599212540021e+00
1.030508504914919632e+00
1.031964452840987922e+00
1.028349789030938100e+00
1.031689166204653452e+00
1.030397365046215041e+00
1.033760278432554580e+00
1.031788767931699047e+00
1.030593294856814168e+00
1.033001206588520571e+00
1.031129574982001751e+00
1.029888933006773311e+00
1.031463685741596858e+00
1.033302412304416329e+00
1.031038117471243076e+00
1.032907415656573624e+00
1.030662804962785062e+00
1.030207488031253060e+00
1.032686958609458250e+00
1.031706896735491430e+00
1.031984026995476089e+00
1.032854425234275952e+00
1.030120316876100395e+00
1.032504381027961937e+00
1.032671271497054288e+00
1.031508474742268699e+00
1.030842817748684137e+00
1.032364290653917438e+00
1.032403489023804966e+00
1.032124227145184259e+00
1.030157618173760836e+00
1.030946679842525526e+00
1.030567187997665002e+00
1.031457039780453000e+00
1.029435344571689726e+00
1.031509843240883351e+00
1.030449367572288333e+00
1.031622988480313863e+00
1.029252330034775120e+00
1.032276308298647693e+00
1.030859654187776808e+00
1.030664826472868834e+00
1.033629748700006568e+00
1.033529774959223824e+00
1.030846833726420053e+00
1.031576632772583935e+00
1.030342202637559490e+00
1.029944582283127463e+00
1.033268964284608904e+00
1.030513035289750690e+00
1.029371821443890944e+00
1.031372144478006625e+00
1.029454962210885505e+00
1.031916792273885219e+00
1.029420822552486348e+00
1.031323306578076693e+00
1.032447172985673678e+00
1.032748702070815705e+00
1.032188366696529247e+00
1.029967128689114997e+00
1.031168794804061983e+00
1.031079384303786872e+00
1.032098072424566304e+00
1.031668344871133236e+00
1.029988104441431407e+00
1.030644233910489760e+00
1.032484554812626243e+00
1.028632454900831439e+00
1.030447800711312034e+00
1.032060215578515905e+00
1.031412207732780528e+00
1.032703476634225348e+00
1.031535749070323638e+00
1.031901991480314695e+00
1.032216009415728442e+00
1.030794135512265175e+00
1.029749608607314793e+00
1.033213559768237033e+00
1.032902005614233065e+00
1.031961241541746066e+00
1.032306025047769804e+00
1.030985001590432937e+00
1.032999166506677113e+00
1.031573617027132794e+00
1.031705016753479143e+00
1.029596402972226432e+00
1.032250283326664686e+00
1.030923109682177152e+00
1.031573454155997549e+00
1.031028342253475172e+00
1.031394577093343035e+00
1.031590361738869310e+00
1.030545700216698668e+00
1.032294930143217604e+00
1.032632530206419652e+00
1.029144301315909171e+00
1.030790727661890394e+00
1.031584827713920349e+00
1.029382179753820736e+00
1.030185316130874718e+00
1.029397953587529280e+00
1.030360647203102609e+00
1.031033387510404520e+00
1.031604180361604728e+00
1.030990926678073238e+00
1.031496092393038522e+00
1.033045002638745657e+00
1.033798575069694747e+00
1.032379580197253288e+00
1.032411552732206861e+00
1.032829690111427778e+00
1.031113570013239444e+00
1.030392513963869883e+00
1.030244412743474003e+00
1.030080308557962621e+00
1.032825803810516030e+00
1.032960273100016035e+00
1.032971544559746491e+00
1.032473835509453375e+00
1.031407198093184041e+00
1.029767100216532949e+00
1.030866683319111354e+00
1.031383179360484403e+00
1.029742376337339449e+00
1.032337571927067987e+00
1.032434053183881151e+00
1.030798132911635134e+00
1.030204627355547187e+00
1.030533124416038504e+00
1.030278323753791803e+00
1.031601859374903229e+00
1.030376072047624270e+00
1.030469787884477961e+00
1.030771608474626566e+00
1.031183024580514918e+00
1.031964342494569919e+00
1.030675701522492549e+00
1.032103902987619337e+00
1.030577238046782140e+00
1.031054619674874218e+00
1.032505001013681145e+00
1.031332560269532239e+00
