7.016989117591813929e-02
6.904097969070642493e-02
7.802583119376543808e-02
7.034987639385432978e-02
7.116793144846803032e-02
6.995276972542990856e-02
7.099682346322373772e-02
7.025058159719672901e-02
6.954681391185497941e-02
6.934560867059029465e-02
7.040232912264587917e-02
7.157730617527593986e-02
6.998028513087278801e-02
6.981143509081606802e-02
6.884315450275270420e-02
6.908787154649705109e-02
6.945127783301258129e-02
6.980287450134259331e-02
7.103181530157209878e-02
7.042389112635613624e-02
7.140822772089819304e-02
6.991577285744021708e-02
6.949654208658144483e-02
6.871124616871378266e-02
7.059746582403113313e-02
6.940313603518979968e-02
7.014765066294706419e-02
6.975792053706961204e-02
6.905158536615003950e-02
7.034405165480159261e-02
6.931563126042829259e-02
7.034670364655616626e-02
7.101845856043181859e-02
6.866034586139480034e-02
7.050237699033451433e-02
6.964600319684198515e-02
7.086948283215158129e-02
7.050305548844397474e-02
6.995767669764711705e-02
7.098207112922405582e-02
7.001523696901798544e-02
6.867272725930512189e-02
7.182604534498979176e-02
6.939747942655644097e-02
7.034718578745031980e-02
7.198389732288817955e-02
7.023377791222394639e-02
7.006874272826039973e-02
6.992694071658239752e-02
7.030897783926651212e-02
7.144274922664300975e-02
6.965760899169250175e-02
7.140773611188137859e-02
7.052258194235876132e-02
6.881916975722307539e-02
7.197486332043379065e-02
6.971845400293584516e-02
7.060568460022983994e-02
7.006550614023125678e-02
6.963745314800642849e-02
7.206285824758799918e-02
7.079378896860213932e-02
7.028503858532934856e-02
6.944799853904855269e-02
6.930633347715385584e-02
7.100222862927145495e-02
6.926610141396033482e-02
6.902814799574587268e-02
7.036001999203525537e-02
7.100578544270651216e-02
7.009407461069119827e-02
6.981608135737318865e-02
6.965129374410596041e-02
6.935934873821833491e-02
7.136865041512097108e-02
7.030935071820951232e-02
7.149195236537450593e-02
7.167522968636204361e-02
7.014370801494075602e-02
7.030898426848378180e-02
6.934948560089788938e-02
6.899605703846875548e-02
6.963491468597796108e-02
6.941422116516411667e-02
6.985778204425364957e-02
7.146780047908010691e-02
7.065941708999047555e-02
6.971819636643647455e-02
6.995692201497794027e-02
7.033046513172587499e-02
6.907331384580922551e-02
6.911362543752204435e-02
7.027077533099396200e-02
7.090157441835155672e-02
6.944171104323304533e-02
7.192621578974628394e-02
6.994001251161878485e-02
6.960182378869081421e-02
7.006076831524310489e-02
7.071419104946373435e-02
7.230950663845692183e-02
7.053521985263201677e-02
6.989508359410624705e-02
6.973775318305408533e-02
7.187255611027171254e-02
6.979809595164272740e-02
6.977737823471644174e-02
6.897693559651613127e-02
7.012095372143098415e-02
6.965900146086727307e-02
7.162828723074834980e-02
6.907815683034629339e-02
7.107853565934245388e-02
6.988604579055057719e-02
7.143217397078047148e-02
6.895041313512445535e-02
7.023262971067123495e-02
7.114130488259273744e-02
7.117095458418343235e-02
7.048066090422480667e-02
6.988916886262436234e-02
6.990364002631781204e-02
7.004555313644682257e-02
6.939952741142599302e-02
7.045446131253720046e-02
6.990284089233601839e-02
7.154814669176334796e-02
7.036390322566137001e-02
7.193626226346885866e-02
6.818206258139461462e-02
6.965642232065175077e-02
7.160569922147827504e-02
7.132337449737452539e-02
7.175399762810927284e-02
7.037854317956229733e-02
7.062594541027010508e-02
7.052570777031752502e-02
7.097460060763924328e-02
6.903567593083989595e-02
7.144529064118236572e-02
6.939864175667971591e-02
6.958725994029721362e-02
7.134238212838471538e-02
7.079849230356019540e-02
7.038618211979037753e-02
7.170960545131306596e-02
6.980291529648099957e-02
7.100977473816871832e-02
6.994540900792654836e-02
7.025688276643250740e-02
7.020259416908603001e-02
6.954539269195952889e-02
6.890508379722858068e-02
7.047898564431073765e-02
7.188147412534713621e-02
7.048444037401377371e-02
7.086162874000720424e-02
7.035487538440121646e-02
7.072946477737088178e-02
6.969493437654968038e-02
6.866049678042232540e-02
6.961495397022660070e-02
6.949729303175578021e-02
6.864499906695292752e-02
7.044657937689648153e-02
7.130464358957301629e-02
6.948247896861567408e-02
6.952273121910561293e-02
7.063502384570910508e-02
6.926671131026371220e-02
6.997467185166349191e-02
7.097872710152172693e-02
7.120180012705479289e-02
7.094506351645409048e-02
6.996414931912307844e-02
6.940417362054757122e-02
7.036701377794839229e-02
6.864224355847788062e-02
7.068960449784114641e-02
7.039151708537545737e-02
6.947045682434049851e-02
7.125618824917724636e-02
6.914310615965969797e-02
7.055940591959661279e-02
6.998358498043413811e-02
7.039867319534257040e-02
6.987281631970115869e-02
7.001613929436945050e-02
6.973442938510431011e-02
7.075724457017830427e-02
7.167060723121902732e-02
7.159566096722926043e-02
7.087069020346394022e-02
7.054541448707357665e-02
7.021210621719217726e-02
7.050982264966301760e-02
6.895885693133761707e-02
6.984535964027577259e-02
6.917939061958310043e-02
7.058034225856837929e-02
7.041776018435867701e-02
7.030423509312411223e-02
7.060829901676882181e-02
6.987825741250722200e-02
7.024062439354814003e-02
6.934185982375436208e-02
6.951315525152629293e-02
6.958911394249187032e-02
7.015583178620299343e-02
7.080983223806144866e-02
7.046691891291108345e-02
6.914631646062047166e-02
7.006405259245640504e-02
7.061926993203870850e-02
6.959234524503647712e-02
7.105429113599520674e-02
6.988044599328703532e-02
6.855276004379609600e-02
7.046393107383336352e-02
6.971954293638198130e-02
6.929428205561559417e-02
7.058058108769955930e-02
6.923856428460507806e-02
6.971122548185668122e-02
7.029538272739667415e-02
7.013840552601585676e-02
7.063058785107835524e-02
6.994548146614495976e-02
7.169993581660023818e-02
7.164359369267357669e-02
6.975268750652280358e-02
7.121726845270005823e-02
7.179233224720588113e-02
7.023062392365354845e-02
7.107577071692447457e-02
7.025017812575706788e-02
7.182925335069144379e-02
6.944399684337214385e-02
7.066577013893279857e-02
6.904952946827948301e-02
6.984781722300720253e-02
7.089161769578691819e-02
7.077676591264640826e-02
7.069559349386633773e-02
7.081549405985863854e-02
6.928283896055681401e-02
7.101163066373369914e-02
6.953236355378766831e-02
7.061516041806882582e-02
7.263817134669764419e-02
7.156393434345921511e-02
6.958582870379388663e-02
7.008167207227510020e-02
7.128270119232367474e-02
6.998473254276711686e-02
6.999360078459075651e-02
6.997220481621511945e-02
7.001979241870780191e-02
7.126729677632981375e-02
6.992757484582175220e-02
6.946775215850448104e-02
6.966156508446262607e-02
7.053171033541372204e-02
6.971911044984552275e-02
6.997899839498933350e-02
6.933278558271226133e-02
6.966592241326333146e-02
6.971700935287523937e-02
7.154609888825547159e-02
6.891266742225657382e-02
7.216901789483712304e-02
6.967047852385262197e-02
7.117109248351907724e-02
7.156468636365066749e-02
7.065748165125228242e-02
7.077512495722751429e-02
7.154435143710592693e-02
6.967989220678108553e-02
7.109103119809782878e-02
7.148731762352168728e-02
6.880728813195030602e-02
6.851943275255328869e-02
7.020673111198645622e-02
6.954380126465851963e-02
7.188411971298837300e-02
6.944268728808405955e-02
6.952388160588451882e-02
7.045053799325011468e-02
7.040905496517828321e-02
6.911450445677777554e-02
7.109329811955017453e-02
7.046758628062556318e-02
6.988180113707403995e-02
6.951649807740217790e-02
7.083624413787362184e-02
6.940028176290818918e-02
7.000536744346309848e-02
7.079486121425068723e-02
7.062786210389691843e-02
6.932105607527440372e-02
6.904715158990987200e-02
7.049244438080716491e-02
7.105838363805395963e-02
6.992546526668740048e-02
7.018952628940654248e-02
6.984408207293386905e-02
7.228436853867230283e-02
6.932804314578006055e-02
6.951524892689554813e-02
6.949725373815072993e-02
6.980076413277190583e-02
7.030278374664598873e-02
7.281260086776562834e-02
7.166029358507379488e-02
6.888316511798872610e-02
7.020360884344047092e-02
7.012641427282108320e-02
7.043126543293197483e-02
7.017308458757315348e-02
7.084738019148259514e-02
7.066785086257630633e-02
6.988163763936661166e-02
7.251153054644973728e-02
6.989886093197855699e-02
7.000385047531042237e-02
7.019473552433402874e-02
7.052823622785574231e-02
7.236959546096259632e-02
7.045733119062068395e-02
7.159016843659529727e-02
7.040547950804404431e-02
7.057369214467006102e-02
6.914128936938897241e-02
6.912333054149927269e-02
7.135882431203631471e-02
7.163522948023601233e-02
6.996578868097441672e-02
7.117541480927767894e-02
7.129884159519227216e-02
7.055472101781612437e-02
7.027442841082914837e-02
7.105124736600117175e-02
6.879320911292555185e-02
7.041257220380431336e-02
7.113135592794479767e-02
6.996894043268191143e-02
6.890661240475236260e-02
7.005018041518629168e-02
6.989545051882474491e-02
6.935866430929053805e-02
7.025546120692034713e-02
6.994914375811912832e-02
6.923207098905304058e-02
7.044205804555121742e-02
6.970269043055725422e-02
7.006361099476335341e-02
7.077712028368607355e-02
6.934224647133904740e-02
7.207176112885201047e-02
6.984018853991226516e-02
6.972882737525455676e-02
7.101505248100845047e-02
7.070368454192743624e-02
6.963410622068676170e-02
7.058985116748991984e-02
7.114090033754628950e-02
7.084206996338152096e-02
6.860416269379600307e-02
6.924219179107300726e-02
7.122534472222329105e-02
7.012621786505937593e-02
6.889204960568726110e-02
7.001623759538287695e-02
7.090254201311556315e-02
7.080680558721612339e-02
7.136162621474914647e-02
7.058056997663605947e-02
6.973765701228734626e-02
6.940985996013021575e-02
7.010290874052441112e-02
6.977494608677724253e-02
7.077296393936195751e-02
6.913504059922453981e-02
7.112361746591107370e-02
6.921781936536057500e-02
7.039078381558398767e-02
6.976100148863652317e-02
7.121218577410125261e-02
7.072439970242125340e-02
7.118141568415055354e-02
7.097488217992012349e-02
6.865569489834033590e-02
6.922372794568591725e-02
7.049875399218211158e-02
6.952384562718580407e-02
6.924846031185825923e-02
7.059187007642865608e-02
7.040943158887391640e-02
7.067890253207968765e-02
7.016364041825301490e-02
7.053856360115273727e-02
7.019926819097201121e-02
6.969384855720715810e-02
7.257434430606300724e-02
6.924039771163228996e-02
6.972605780276541765e-02
7.088544905380771144e-02
6.966877712792710065e-02
7.025970001927916986e-02
7.028865104016372711e-02
6.987977377789454658e-02
6.970563445393801461e-02
7.142950564754110832e-02
6.964393476406935402e-02
6.911917270819888104e-02
7.045908156049317250e-02
7.067322317016648536e-02
7.024420119539989682e-02
7.051079927109860090e-02
7.088370503088800567e-02
7.068165327407935350e-02
6.941157947554060792e-02
6.967182457798630490e-02
6.994620532403335311e-02
7.068679678573540348e-02
7.178503150127005239e-02
6.889835544475005069e-02
7.081500687202355038e-02
7.011472401011616118e-02
7.098070204652247306e-02
7.006914182635776145e-02
6.978043865413882663e-02
6.967735905551035447e-02
6.974474876556202574e-02
6.932664132842496219e-02
7.032462417303970981e-02
6.984657583832160066e-02
6.943121806096934356e-02
7.196398353609986809e-02
7.041620638883440420e-02
7.013083620580468081e-02
6.900697749996291541e-02
7.056573291224692290e-02
7.370517236524670723e-02
6.991849758945840876e-02
7.131346774767176322e-02
7.007917076212133445e-02
7.034357293265670885e-02
7.029940345696737702e-02
6.913552952003013119e-02
6.991361270466574240e-02
7.006015280486438401e-02
7.177519936237297671e-02
6.960857196958418480e-02
6.945132540917449415e-02
7.170139116963195058e-02
6.902790040715166275e-02
6.877279032502627010e-02
7.118566666945841392e-02
7.016388460289151030e-02
6.871118050702769431e-02
6.949588932472065828e-02
6.955093098229807314e-02
6.963935372364496446e-02
7.110846793119150744e-02
6.958435494924469777e-02
6.988196932527526717e-02
7.051850546263231656e-02
6.972322432907469836e-02
6.979960613429876670e-02
6.986111856983165391e-02
7.121261680864320043e-02
7.111605362326793578e-02
7.080553043127851831e-02
7.027720120056274444e-02
6.885363404437974677e-02
7.127611335483370614e-02
6.863688252551243540e-02
6.975712022102438514e-02
6.946625092870142848e-02
6.920624601564620559e-02
7.030350482232240739e-02
7.048144075098675132e-02
7.026094655143867718e-02
6.877987370922479526e-02
7.028668399208307105e-02
7.086170698371621612e-02
6.987310130666887775e-02
6.979284848905314975e-02
6.935369821189905915e-02
6.951451367251497426e-02
7.071942817885225330e-02
7.077619467247692198e-02
6.998514189876471614e-02
7.063269270386729470e-02
6.972179280558593595e-02
7.014756438790410720e-02
6.907393847546919319e-02
7.033440396815786311e-02
7.010430629527172885e-02
6.970878430578883456e-02
6.935500090269811069e-02
7.006933063375145321e-02
7.098090799053764777e-02
7.072717473213879780e-02
6.964524548011366556e-02
7.110788437146334240e-02
6.960907275557483287e-02
7.078190596924997802e-02
7.021666677360458020e-02
6.976585726699074952e-02
6.980610256007127590e-02
6.922263301841578842e-02
6.871177867199285139e-02
7.090873959560194117e-02
7.089210318650383813e-02
6.918011583426031397e-02
7.038857115465238512e-02
7.070525665788564285e-02
7.062283985549501486e-02
7.368925521969685311e-02
7.012067298350668776e-02
6.921311238580753200e-02
7.114468208525237536e-02
6.967463908966081698e-02
7.103963797425168203e-02
7.141061121091031583e-02
7.011553588178479068e-02
7.011201171242677221e-02
7.157899449080433463e-02
7.111320284982940165e-02
6.976103222752648436e-02
7.003071153805688620e-02
6.972231083370512839e-02
7.082535448652864385e-02
6.990974651003545315e-02
7.127959372673579874e-02
6.852926756825206134e-02
6.950537999800981970e-02
7.130612531946016464e-02
7.179485205616677190e-02
7.017094432491170763e-02
7.081093962512945150e-02
7.037975666058390867e-02
6.945621996168135914e-02
7.035952026935039794e-02
6.968654759772278939e-02
6.956149698801653014e-02
7.032915024743355281e-02
6.912897452191110736e-02
6.922502088962564915e-02
6.982699976001380260e-02
6.933021085514004533e-02
7.102002366414124357e-02
7.012995047760457734e-02
7.085006709227037458e-02
7.081467966010940307e-02
6.811192110146903345e-02
6.914710644845684095e-02
6.923642580495023569e-02
7.018726755702021924e-02
7.073319273516880112e-02
7.069724306446661943e-02
7.113991031913273477e-02
7.086107927052442967e-02
6.989150978009113502e-02
6.982426129899481360e-02
6.974458836425545538e-02
7.029686807467083742e-02
7.000719059442005177e-02
6.995585788836365670e-02
6.967970294337454129e-02
6.911881789695864531e-02
7.118389704667037188e-02
6.953151657671920172e-02
7.145003807752643710e-02
6.872925639234007955e-02
7.018736424354241055e-02
6.937194162213580761e-02
7.794635479002169631e-02
7.108341391100728157e-02
6.996850967822018652e-02
7.128569966424834481e-02
7.110178710469486352e-02
7.108525618618373454e-02
7.130934361393410914e-02
7.023975590326062002e-02
6.951379724800643700e-02
7.071642356020749198e-02
6.976067375410437144e-02
7.009554321843737557e-02
7.117296914900449190e-02
7.109882571186840194e-02
7.245322293172046235e-02
7.029053469636561968e-02
7.111322022946381383e-02
6.962941197851076069e-02
7.054488681092750679e-02
7.071456612676350895e-02
6.991684673919235093e-02
6.936982894176894898e-02
6.942909131286285895e-02
6.988857479075187562e-02
6.922530760278088058e-02
6.924779825440430248e-02
7.106572337640906789e-02
7.077821706468413743e-02
6.983845371045212247e-02
7.064618457951701846e-02
7.038366265930019738e-02
6.968706598050999901e-02
6.915112481418057844e-02
7.009020788602977892e-02
7.072330297480845795e-02
6.949416356887666568e-02
7.017211864415048850e-02
6.851709361877404703e-02
7.174352316581100730e-02
6.903727936570293322e-02
6.897116526809077275e-02
7.057502569742432619e-02
7.070466627931962234e-02
7.001202821711743907e-02
6.882461694925058604e-02
7.028015386934911846e-02
6.895931392675962168e-02
7.024873676949204560e-02
6.922302252661177713e-02
6.923121993796646501e-02
6.996702820141025014e-02
7.051544630406343661e-02
7.108895283903640672e-02
7.022510946738290405e-02
7.156427502750599412e-02
7.125266990795552091e-02
6.984780280856131562e-02
7.109474403767407358e-02
7.062176885001816840e-02
7.026861645544360546e-02
7.135569863079432862e-02
6.930900631722138050e-02
6.887702516037319533e-02
7.089373521605164818e-02
6.921673457417565345e-02
7.012117223650977949e-02
7.086558300949521993e-02
7.063504511975553235e-02
7.079257733959229415e-02
7.052893087790287896e-02
6.895348198529537009e-02
7.014674620500552238e-02
7.165349300022577639e-02
7.109729639024457704e-02
6.959988213987361449e-02
7.008062923770275177e-02
6.983001168900018762e-02
6.994445583940887834e-02
7.162986656082803716e-02
7.007579686437777344e-02
7.002250741457011207e-02
7.250721134100986121e-02
7.071454892028954109e-02
7.057834473105893680e-02
7.027910108928846211e-02
6.998050211539778853e-02
7.004744969537886334e-02
7.060671206892422946e-02
7.138954598434066323e-02
7.050900519716406245e-02
7.122924334312372152e-02
7.130246359530478806e-02
6.989246266209617198e-02
7.054550296931633158e-02
7.000219850766806196e-02
7.051373620492151773e-02
6.886028861054821482e-02
7.160593760771903626e-02
6.990178980208751336e-02
7.302050981749746983e-02
7.053401597860739503e-02
7.031468293294787508e-02
6.970958335609421519e-02
7.016358606597095093e-02
6.971164668696194777e-02
6.953890386001697343e-02
6.961346175450755513e-02
7.031021407271517698e-02
6.978160267737766598e-02
6.971865301980498253e-02
7.089863290788619987e-02
6.997128611822744926e-02
7.105456080769076421e-02
7.034797328382362547e-02
7.055524847231395280e-02
7.008964680503265710e-02
6.976289395783195901e-02
7.022880524934149715e-02
6.946049030798756574e-02
6.996879008635757680e-02
6.952528563962154240e-02
6.921734229128677363e-02
7.087382407079290125e-02
7.132225233910784168e-02
6.983569510593386209e-02
7.051181040066017980e-02
6.876955083620846232e-02
7.044798774413763010e-02
6.934277513527753456e-02
7.070923322543570810e-02
6.943733201284464640e-02
6.979517946602041556e-02
7.040750472302879925e-02
7.032497560572097128e-02
6.905030149266822015e-02
7.072151174231608439e-02
6.888245973971678093e-02
7.080720636681807345e-02
7.152311630151284016e-02
7.042518329604839644e-02
7.186959270663290100e-02
6.987492766401347255e-02
7.159288761731748274e-02
7.039817960850687506e-02
6.978866447712245291e-02
6.997841459850316637e-02
6.973875620910682804e-02
7.110160728163973654e-02
7.014961612417908166e-02
7.507634914966364315e-02
6.965448545586294671e-02
6.968544183327267383e-02
7.076506131354029505e-02
7.015129432248722041e-02
6.848520976974771524e-02
7.053747537857658900e-02
7.080028225835068023e-02
7.058791905765329777e-02
6.983140813680285830e-02
7.048295368275590833e-02
7.067143701556803659e-02
7.139210085919189819e-02
7.053412828098142018e-02
6.971771102048918145e-02
6.893241102002206633e-02
7.027077716342230995e-02
6.903908468797646802e-02
6.969837528497432877e-02
7.063537057358723614e-02
7.139095546131742076e-02
7.153615729974693860e-02
7.153040172483664250e-02
6.926707268107075433e-02
7.018987105595855813e-02
6.880072908174192370e-02
7.333135412388686047e-02
6.990456181624539467e-02
7.017429527214502638e-02
6.935819644453097843e-02
6.991046391566464735e-02
7.032596036889969537e-02
7.048027191158644233e-02
7.171354850269340275e-02
6.851373841447758184e-02
6.967158579556070874e-02
6.888111822250692073e-02
6.862623444185728117e-02
7.081262563381857111e-02
7.110836673759454718e-02
6.966288351464752782e-02
7.085314349583607396e-02
7.028087187376222400e-02
7.115403277288719075e-02
6.929186163383414809e-02
7.119452972691207859e-02
7.023818627264019621e-02
6.986436593068981460e-02
7.048997242634297278e-02
6.866331714252284224e-02
7.066609312121635567e-02
7.079214532837112273e-02
6.935686797569297346e-02
7.071400703957295142e-02
6.868298454871958614e-02
6.970035829851813081e-02
6.962216527868833604e-02
7.091687235704863257e-02
6.983572243047438122e-02
7.137521418555237140e-02
7.094216070615799730e-02
7.029608975254902914e-02
7.085439370898385936e-02
7.098246725970704107e-02
6.992249921809590152e-02
6.972385908022099565e-02
7.048671218544064199e-02
7.092477134164856811e-02
6.962662624588981941e-02
7.045522710186194471e-02
7.270731742387039065e-02
6.864094969755125952e-02
7.015387465694733482e-02
7.183648917593339622e-02
6.993046349387382898e-02
7.117516142028869341e-02
7.028103559799177280e-02
7.104250892729224720e-02
7.201251784309116444e-02
6.980512879691959383e-02
7.002781021563507513e-02
7.267340211839741493e-02
7.004370300972868890e-02
6.889843374767781747e-02
7.043547896866758640e-02
6.912180835851036709e-02
7.072159789713650113e-02
7.050985147751168136e-02
7.000874404348543523e-02
6.956046988824415855e-02
7.084903657895161300e-02
7.074923350455317173e-02
6.936784602934474575e-02
7.024334140967748719e-02
7.011553545383494845e-02
7.057823956199421600e-02
7.102611689687063357e-02
6.955725978131055420e-02
7.060290096022386885e-02
6.997355724825168877e-02
7.100874746490233591e-02
6.915035155070886619e-02
7.049332033729210911e-02
6.952666505335398928e-02
6.909493007201321368e-02
6.980773042377295956e-02
6.930153147731195340e-02
7.127128133662230525e-02
7.154923917935128441e-02
7.011480890650370612e-02
7.146116062682028591e-02
6.983589578186999436e-02
6.914138134678667058e-02
7.067919829786244168e-02
6.962391536629838895e-02
7.088738119419243922e-02
7.150702166028458096e-02
6.958362598050227277e-02
6.963875738471195231e-02
6.959704466162457137e-02
7.021900522053076132e-02
6.930192841776997015e-02
7.006999474870867495e-02
7.052278977251263958e-02
7.015452801679981920e-02
6.952182095306633225e-02
6.913848322219459663e-02
6.977183003188711097e-02
6.982023365584558161e-02
7.170868543273158091e-02
7.093846965687458650e-02
7.034238670663502113e-02
6.986351591863002031e-02
7.254367835621110261e-02
6.931513778606904208e-02
7.009310299546456235e-02
6.894961628829393563e-02
7.109513173002154907e-02
7.115254025488776390e-02
7.192474855585792581e-02
6.945919566031377723e-02
7.078845778664275001e-02
7.111974760111665350e-02
7.128530914534136897e-02
7.006411359333850064e-02
6.878580202702741508e-02
6.945216622529229444e-02
7.107868467529822321e-02
7.065074605158655485e-02
7.051981429881330754e-02
6.795297506897288176e-02
7.054125919893060315e-02
7.069231067387184153e-02
6.937284333913507073e-02
7.075238982309649260e-02
6.962199953701757316e-02
6.996460983552896251e-02
7.044544941654606873e-02
7.134146765720922323e-02
7.033680562403236969e-02
7.122630621127103157e-02
6.937231642678542975e-02
6.882849266436931457e-02
7.010562229453735916e-02
7.026139943410959765e-02
7.078514936835442195e-02
6.967090263052386212e-02
6.916452172640384644e-02
7.142633052998341447e-02
6.985164333310495133e-02
6.997477801421274346e-02
7.024612329919999176e-02
7.085097201527591759e-02
6.989490856552971199e-02
7.030192463147867665e-02
6.929318252588324845e-02
6.982721117804134570e-02
6.985671235205152818e-02
7.097357417962320281e-02
6.850094765506604955e-02
6.969507034837256476e-02
7.089607868544235691e-02
7.001244531973951912e-02
6.978335625975640166e-02
7.146659585240519585e-02
7.023446723579042372e-02
6.998206442532342586e-02
7.037424481601885218e-02
7.117387409748789084e-02
7.024216497628910094e-02
7.078887356450215551e-02
6.934228419595925286e-02
6.906216174168862409e-02
6.943598104325986176e-02
6.908947912335267061e-02
7.080267759458541699e-02
7.027657590719345315e-02
7.023144588894110474e-02
6.944743100460554208e-02
7.234349045235402564e-02
7.587912449674619197e-02
7.015025710387716440e-02
7.107859238241064082e-02
7.135138199910494305e-02
6.920262260905067631e-02
6.920440347337307452e-02
6.958516030774949956e-02
7.126276852201872403e-02
7.115455351571117748e-02
6.954965074660675317e-02
7.070792959986263448e-02
7.163177955875596470e-02
7.003372888237954785e-02
7.034075335381230476e-02
7.034414645954205347e-02
6.922171597388042386e-02
7.041057802605751870e-02
6.828893937904954858e-02
7.011766786138462493e-02
7.084374361491282968e-02
7.010618711955021731e-02
6.990254398147509318e-02
6.897381420827458642e-02
7.050819184828333031e-02
7.022225744223369037e-02
7.145501680209279116e-02
6.920441027341805995e-02
7.027864186038679239e-02
7.045263584134250912e-02
6.982754204373634033e-02
7.196721791149331138e-02
7.117426292172947255e-02
7.156473546398328667e-02
6.914719176610918672e-02
6.946734969765056000e-02
6.945912712003175782e-02
6.967564356438422923e-02
6.921012142066540473e-02
7.055327597498840808e-02
6.944102790873846187e-02
7.084178829145294787e-02
6.992777557285985435e-02
6.957958782098470907e-02
6.929382239488952877e-02
7.001864200889332257e-02
7.118928202998793531e-02
7.088247737924797953e-02
7.054826048508226755e-02
6.908875258303028011e-02
6.952605203769969544e-02
6.934529227625538250e-02
7.109226560954182150e-02
6.918031839329137622e-02
7.033530434032436718e-02
7.096354225192159915e-02
6.973190716706964554e-02
7.039511255001833223e-02
6.934008303826094677e-02
7.151494433741345524e-02
7.180546969818879521e-02
6.942067913035232518e-02
7.137330806868065480e-02
7.025115809417446788e-02
6.973797465431380571e-02
6.912902127295879329e-02
6.973273141518207541e-02
7.086758197895352829e-02
7.034310167892929289e-02
6.885312269700694099e-02
6.987799940619861261e-02
7.080004676870310654e-02
7.087648985166183913e-02
