1.083105605314689024e+00
1.071894671701216328e+00
1.083978152052155197e+00
1.072761715936184634e+00
1.083393843659574252e+00
1.074912777002027697e+00
1.078593905198809599e+00
1.075760076539183263e+00
1.080387671635703040e+00
1.080589886749369288e+00
1.073802117177318660e+00
1.078634921705477812e+00
1.076836346766584906e+00
1.084389901864491357e+00
1.072760221727961483e+00
1.079670646918285293e+00
1.075453081930864307e+00
1.083907252324061377e+00
1.074762599757943082e+00
1.078674588443490512e+00
1.076237178416492135e+00
1.080868210058668399e+00
1.078892789334058300e+00
1.076670925277035229e+00
1.078135372931786851e+00
1.077426861640774058e+00
1.082662420935706526e+00
1.074857022652411009e+00
1.079883130820005421e+00
1.074985427002876692e+00
1.084531674275517110e+00
1.074046238970731704e+00
1.081152747016397964e+00
1.073831216126002852e+00
1.085279821114031318e+00
1.073911380878145971e+00
1.081556127837429493e+00
1.073590067250259183e+00
1.085220193641293740e+00
1.073908766970696815e+00
1.081494184740876108e+00
1.073842214530614569e+00
1.085076801473366270e+00
1.074143264714691792e+00
1.080899626086122112e+00
1.074565928932816661e+00
1.084266767823144573e+00
1.074652272330496539e+00
1.079841302945999004e+00
1.075995319406913620e+00
1.082956872450580921e+00
1.075446752904698489e+00
1.078042599258604239e+00
1.078393844457631756e+00
1.080536834226977216e+00
1.076999713958072924e+00
1.076013686179466022e+00
1.081822442396898509e+00
1.076979166332680649e+00
1.078417714774484004e+00
1.074807540792016569e+00
1.084644624263456425e+00
1.073958116664486928e+00
1.078960952293655406e+00
1.075450036465664949e+00
1.085465031585943541e+00
1.072756133236475673e+00
1.078424448291241955e+00
1.077807465601313464e+00
1.083078374443796621e+00
1.073845809837376652e+00
1.077213097638336059e+00
1.080355961074024984e+00
1.079192224609596629e+00
1.076425516221667156e+00
1.075713868118606475e+00
1.082684448814583256e+00
1.074402862034040673e+00
1.080827843571693814e+00
1.074229802296693626e+00
1.083188587037005268e+00
1.072233939977759620e+00
1.084141124963726499e+00
1.073761109436041306e+00
1.081124652670109931e+00
1.073748068370055542e+00
1.083760679793121184e+00
1.074706165056301232e+00
1.077628546653444097e+00
1.078696430215970725e+00
1.079251601537077443e+00
1.076836591732405424e+00
1.075931189536738941e+00
1.083916114421712873e+00
1.073741743092495593e+00
1.078741274278923967e+00
1.078204074193234829e+00
1.081559115725782227e+00
1.075713008815596616e+00
1.077383343949853467e+00
1.081698362302870642e+00
1.074645835044863995e+00
1.082965578789397698e+00
1.074754875406923160e+00
1.080859361841047139e+00
1.074660418442751286e+00
1.083403097339069809e+00
1.075625528732196745e+00
1.076866741257733739e+00
1.082478277423762014e+00
1.075294863980723381e+00
1.078763423366645435e+00
1.077633722691810014e+00
1.082879617951800100e+00
1.075971335714032140e+00
1.077364800156859204e+00
1.082264070128483135e+00
1.073875034518563698e+00
1.084083184144312373e+00
1.074668287842144965e+00
1.079164610486108566e+00
1.078283776041415676e+00
1.078960722669825012e+00
1.077587918622785468e+00
1.076409868771471379e+00
1.084034512048179799e+00
1.075296476711284477e+00
1.076733225606190114e+00
1.083307482198491822e+00
1.072784293280616863e+00
1.084143106358739450e+00
1.075023043065570061e+00
1.076193173813703607e+00
1.082710620553474667e+00
1.074589113656056139e+00
1.077791512373727612e+00
1.080265100182435711e+00
1.077644537283682258e+00
1.080385363478977290e+00
1.074899366903156350e+00
1.079203532804057009e+00
1.078187019682614656e+00
1.077425493302740733e+00
1.076804075409277361e+00
1.079254968887287225e+00
1.078825599954133407e+00
1.079469535314851125e+00
1.075398221500854623e+00
1.078134245202198249e+00
1.079694425829740512e+00
1.075878719011488682e+00
1.076841887553351862e+00
1.081265445338149833e+00
1.075137377831009822e+00
1.082365263127195165e+00
1.075113442392506835e+00
1.075927080097987876e+00
1.083732471558687349e+00
1.073697990559994375e+00
1.077760269523721393e+00
1.082674006598414396e+00
1.072646209217197555e+00
1.083777967605806136e+00
1.074943147850368819e+00
1.076506068997024945e+00
1.083438279189854248e+00
1.075485422048977124e+00
1.077297161316666418e+00
1.079894003339484154e+00
1.076784515494195071e+00
1.078658260685014358e+00
1.077090340861965201e+00
1.080468620494223320e+00
1.076043213300008627e+00
1.083010036686284927e+00
1.074962472741833208e+00
1.076630600892906298e+00
1.083452267302836169e+00
1.074258033698439530e+00
1.078226876922500965e+00
1.081868776042552938e+00
1.074159761614560837e+00
1.082401053509525202e+00
1.076048590013568784e+00
1.078304788470152431e+00
1.080471562726052159e+00
1.080163236220062384e+00
1.075894782108075765e+00
1.077758526844731168e+00
1.081625392319310652e+00
1.075236193600906498e+00
1.077932369750272068e+00
1.082688560288680435e+00
1.073351806561791522e+00
1.083306408310878766e+00
1.075846631279060883e+00
1.077392222321415627e+00
1.081305607040864869e+00
1.079454434431437626e+00
1.075869920877136732e+00
1.076638712509282225e+00
1.083386555337707780e+00
1.074464054568353255e+00
1.077394728606666296e+00
1.082831361763571643e+00
1.074658876321387346e+00
1.079861115622102741e+00
1.075986576421864349e+00
1.082031401174154084e+00
1.074033676535180115e+00
1.083108097383126633e+00
1.075047825471578289e+00
1.076499835622621637e+00
1.081773362274596195e+00
1.078469497404364708e+00
1.075921176541204449e+00
1.075028374507769113e+00
1.084803494070359031e+00
1.074064770090233489e+00
1.077074386593307231e+00
1.078233435330020917e+00
1.080809191415565085e+00
1.074535454820747749e+00
1.077298902683487825e+00
1.082049889291501144e+00
1.075221190093384349e+00
1.078263067333014469e+00
1.076157317339431652e+00
1.083231343561696258e+00
1.072747862369014982e+00
1.081616509772395318e+00
1.075007090306040469e+00
1.082328680039985169e+00
1.073065317000496899e+00
1.083369082740102352e+00
1.074294943123053292e+00
1.080542302171642710e+00
1.075114769751360111e+00
1.083282958006103414e+00
1.074167623449776121e+00
1.078462682755042756e+00
1.078245036921692934e+00
1.081879343333807864e+00
1.074474074280570068e+00
1.077304918461290395e+00
1.080498035585460759e+00
1.080460899303015587e+00
1.075093878441487405e+00
1.076654982123489646e+00
1.081926508031600509e+00
1.079396907382032200e+00
1.075510925901792758e+00
1.076478968576008777e+00
1.082378029093564065e+00
1.079105838200007605e+00
1.075783465448011844e+00
1.076401302418012795e+00
1.082628539538747381e+00
1.079200216934264711e+00
1.075725653257279202e+00
1.076273084929647794e+00
1.082580976142745843e+00
1.079499806160473696e+00
1.075646192046107785e+00
1.076333529459063021e+00
1.082247359428796907e+00
1.079962363827230876e+00
1.075519761148626907e+00
1.076512669233108843e+00
1.081208601431398186e+00
1.080735011731920769e+00
1.075179023199604345e+00
1.077500146037085660e+00
1.078980590248182159e+00
1.081765741863434993e+00
1.074631778514230973e+00
1.079094081205524969e+00
1.076178980235826144e+00
1.082634183465680078e+00
1.074122396195233087e+00
1.081525847651453320e+00
1.073509805299470932e+00
1.082514739087550693e+00
1.074242516494845479e+00
1.084019567696293818e+00
1.072856213271002224e+00
1.080611868692517019e+00
1.075180880821709151e+00
1.083413536972806179e+00
1.075673954230459417e+00
1.076883110370527641e+00
1.077377931459154281e+00
1.079468327431613028e+00
1.081060684752858991e+00
1.074178353056648216e+00
1.078524826329195108e+00
1.075131980430661605e+00
1.084434493896937468e+00
1.075596292117250607e+00
1.076860420732760115e+00
1.075616332992177071e+00
1.080796810666488916e+00
1.080672396505152344e+00
1.073791858362878493e+00
1.080661371365796874e+00
1.074112297059030441e+00
1.083124365873593176e+00
1.074041478491010837e+00
1.083257368607509985e+00
1.074495941352794359e+00
1.078548497269087525e+00
1.078368705553556905e+00
1.078467138048053053e+00
1.081675818890253549e+00
1.075036999498027779e+00
1.078604112147987237e+00
1.075783847437273621e+00
1.082063935430016333e+00
1.080085538780047427e+00
1.074210769496481754e+00
1.080286051780007028e+00
1.074966450516926297e+00
1.083262360838997740e+00
1.074770609693842083e+00
1.082747416492482850e+00
1.075714252206088295e+00
1.078355321706853109e+00
1.078927099418991453e+00
1.077901986950468238e+00
1.082616035588456649e+00
1.076084773134579731e+00
1.077768374805180285e+00
1.076221021809358191e+00
1.080683831211060264e+00
1.081732842058263699e+00
1.073945463925555677e+00
1.082003848269604607e+00
1.074190628313136608e+00
1.081615228635575354e+00
1.076170955281709141e+00
1.082030075106831912e+00
1.078525482211866615e+00
1.076062431188994584e+00
1.078844793243430411e+00
1.075664995413391223e+00
1.084094074560399523e+00
1.077430902824384251e+00
1.076156918597990453e+00
1.077578396068803457e+00
1.077356416641679804e+00
1.082378193664528920e+00
1.073550017114501376e+00
1.083913304605948591e+00
1.073039858946963854e+00
1.079907859586281882e+00
1.076082035464603681e+00
1.080998842504415025e+00
1.080203236695588487e+00
1.074780618190192882e+00
1.078778912637669896e+00
1.074563234007251067e+00
1.084344616363398073e+00
1.077179744895007341e+00
1.075533396765268268e+00
1.077752627170809774e+00
1.076697571190677216e+00
1.082432179031683095e+00
1.072857689950060589e+00
1.083983875051283352e+00
1.072879468923611634e+00
1.079896658680992827e+00
1.076686576695056852e+00
1.080217127384931253e+00
1.080419316207611447e+00
1.074422434787813074e+00
1.079045417703634380e+00
1.074892822239277512e+00
1.082919796721586003e+00
1.079037057570191971e+00
1.074063458478606181e+00
1.080914518930950807e+00
1.073995807148489190e+00
1.082634614772226556e+00
1.074956279931401637e+00
1.081976076666772535e+00
1.077869641531211897e+00
1.075698486397275833e+00
1.079764827944255101e+00
1.075720422576685875e+00
1.082997091887085928e+00
1.079139104470146604e+00
1.074277315988357406e+00
1.080782345780481490e+00
1.074280500090163626e+00
1.082211967203317471e+00
1.076300052538881946e+00
1.080463680112044633e+00
1.080365899630716608e+00
1.075835796018296930e+00
1.078803603242083353e+00
1.076292918506103868e+00
1.079496505830287223e+00
1.082408505706062840e+00
1.073475926467018393e+00
1.083513585163425219e+00
1.076061084149279257e+00
1.077668225846325933e+00
1.079628827012484749e+00
1.075469950069261271e+00
1.083176126808159445e+00
1.079763122400339892e+00
1.073890672888582198e+00
1.082979241632218814e+00
1.074134870170176281e+00
1.079676646720025834e+00
1.078362666447268969e+00
1.076346816498448877e+00
1.084010982362275888e+00
1.077392468619936761e+00
1.074919767858944608e+00
1.081425868060455153e+00
1.073493715958655281e+00
1.081027674452203158e+00
1.076457885423586891e+00
1.078150408398092841e+00
1.083407872480489864e+00
1.075570864556699036e+00
1.076674798179661607e+00
1.078727859478077589e+00
1.074770350996054225e+00
1.082387168329413285e+00
1.073975221009416448e+00
1.081730293923853559e+00
1.080488779135883481e+00
1.074405784885098747e+00
1.078714078050138969e+00
1.075829344183119485e+00
1.077822187170396795e+00
1.082389687668139366e+00
1.072563447706989415e+00
1.083570865318712384e+00
1.077473725803084426e+00
1.075269814824751036e+00
1.079834148319004150e+00
1.074692689674625834e+00
1.080646281164439060e+00
1.081433208483858932e+00
1.072191734606389835e+00
1.084019738212802508e+00
1.076032901844596879e+00
1.076149577552379721e+00
1.080146403695019908e+00
1.074984114204984298e+00
1.080600004985270202e+00
1.081742471227618685e+00
1.072523817481351394e+00
1.083298621450454524e+00
1.077176736815490310e+00
1.075904396837802368e+00
1.079882962524513657e+00
1.076043819654684208e+00
1.078864483876157632e+00
1.082711304162817356e+00
1.073616832546639976e+00
1.081809091823808355e+00
1.079869931499338076e+00
1.075815873073085571e+00
1.078403218033527233e+00
1.077933966456448012e+00
1.076382249019407045e+00
1.082698652446568488e+00
1.075877681623590432e+00
1.079412913835649412e+00
1.082437502058976486e+00
1.076869390099430834e+00
1.075640440046670587e+00
1.081439979558058040e+00
1.074484337634272313e+00
1.080429146468696366e+00
1.079062923058052403e+00
1.075715681508074617e+00
1.082960272224569032e+00
1.079975165401880322e+00
1.072653269325230418e+00
1.084036312892963316e+00
1.077547647771649020e+00
1.076102269143718093e+00
1.079195737137335742e+00
1.077192176766083920e+00
1.076167983719670485e+00
1.082251181553317787e+00
1.075981754737635354e+00
1.076985066864548424e+00
1.084037210381204597e+00
1.077717495608213172e+00
1.072955382404555680e+00
1.084683052075499976e+00
1.075399820252987526e+00
1.076256912422524303e+00
1.079891739933979800e+00
1.075675033943241266e+00
1.076621127262985533e+00
1.082372284789733685e+00
1.074840334533410990e+00
1.076973065646035677e+00
1.084245115232368217e+00
1.077418336662974374e+00
1.072142702833398742e+00
1.084762664208351657e+00
1.076567755575274843e+00
1.075132893807424050e+00
1.079363918886294016e+00
1.078224776478091007e+00
1.074013782946856121e+00
1.081709967795767557e+00
1.077946268430822974e+00
1.074618417190092323e+00
1.082442745675021190e+00
1.080747604757010594e+00
1.071707585191182366e+00
1.081898942578255696e+00
1.081631801959286543e+00
1.075553027265173878e+00
1.074590417161979783e+00
1.083520941881610744e+00
1.075111250747446734e+00
1.076801715500761203e+00
1.080358951742353746e+00
1.077578713210500583e+00
1.074979103421518367e+00
1.081800510414986372e+00
1.078977884294234357e+00
1.074971420352526463e+00
1.081157629205912185e+00
1.081814228416188239e+00
1.073224456204798560e+00
1.080138226386937461e+00
1.082356363680818223e+00
1.077397687118812897e+00
1.073807352141008309e+00
1.083615265619371826e+00
1.076474638318352772e+00
1.076967303498759021e+00
1.079805101529102807e+00
1.078060216708477181e+00
1.075444444150676526e+00
1.081622635379984931e+00
1.078735221374107711e+00
1.075234360466058581e+00
1.081924826573183118e+00
1.081375254308473810e+00
1.072944588527251719e+00
1.081266933982703904e+00
1.082128871817185534e+00
1.076699208705373501e+00
1.074304327804141090e+00
1.083826177091701481e+00
1.075763869579542398e+00
1.076907880959762309e+00
1.079824789007571395e+00
1.077827010497540039e+00
1.074926479009030933e+00
1.081606602467179323e+00
1.078551445842225398e+00
1.074188309724078971e+00
1.082007444751676539e+00
1.081139274011958973e+00
1.072509507046739641e+00
1.080440175449680407e+00
1.083082797524561824e+00
1.076033823791194388e+00
1.073018625275119042e+00
1.084900114582552089e+00
1.076343875113323190e+00
1.075095623872666106e+00
1.079086288939667959e+00
1.079693887406514952e+00
1.073265546140960147e+00
1.080295043254389853e+00
1.079869643954419534e+00
1.073976614376428218e+00
1.079044554560334657e+00
1.082479605628842823e+00
1.074228853459344490e+00
1.076875263433580088e+00
1.083859062963946851e+00
1.078537462638607503e+00
1.071184933327211430e+00
1.082775510381852824e+00
1.081170385198442219e+00
1.075454752134736403e+00
1.073927937029347079e+00
1.084334271736317357e+00
1.076731557182166288e+00
1.075471549616079381e+00
1.078038132278561934e+00
1.081916711932781050e+00
1.074417162888660515e+00
1.077709818934839969e+00
1.080630241004268965e+00
1.079056115704561059e+00
1.074192343900190583e+00
1.079740985990613300e+00
1.081239648210846394e+00
1.076830906881297567e+00
1.075091035272945916e+00
1.081200550261328441e+00
1.080708168340605013e+00
1.075402211453683421e+00
1.076673314791767977e+00
1.081885980674144987e+00
1.079606462449230975e+00
1.074915261678796696e+00
1.078129511074635838e+00
1.082305983758084622e+00
1.078503038266777958e+00
1.074775017731915971e+00
1.079338503600208776e+00
1.082279733288648460e+00
1.077043530358173573e+00
1.074841115844329398e+00
1.080736055509012639e+00
1.082224554107395598e+00
1.075700954081094673e+00
1.075451150747558371e+00
1.081977900455791008e+00
1.081409450962020902e+00
1.074066623082450489e+00
1.076575010952624867e+00
1.082942611726999349e+00
1.080521213822623450e+00
1.072695500538358271e+00
1.078052468520513729e+00
1.083585346597804477e+00
1.079261139213393506e+00
1.071770864240942700e+00
1.079702258930320680e+00
1.083645532465993711e+00
1.078278170234871602e+00
1.071079754233447145e+00
1.079846986658674624e+00
1.083780147628556678e+00
1.078159073223864173e+00
1.070879578864536441e+00
1.079226439486989708e+00
1.083693160386930199e+00
1.078650082509345021e+00
1.071069359906921648e+00
1.078201114417388862e+00
1.083613621713784614e+00
1.079669719811843676e+00
1.071750854119787544e+00
1.076701508328270496e+00
1.083178641178686785e+00
1.080674072947501285e+00
1.072873306542049043e+00
1.075408057895847369e+00
1.082141896842786055e+00
1.081482092598387901e+00
1.074695195694644445e+00
1.074419703687405026e+00
1.080564526338809062e+00
1.082277693794924556e+00
1.076588913516056456e+00
1.074100422485740225e+00
1.078681953505084889e+00
1.082469267715779893e+00
1.078033872763393575e+00
1.074385254279866864e+00
1.078064410057388400e+00
1.082440778556109873e+00
1.078443698055818745e+00
1.074524496256936690e+00
1.078139757715492530e+00
1.082394406284575838e+00
1.078494346423982453e+00
1.074668347542956592e+00
1.078314241959061448e+00
1.082379397518865805e+00
1.078587866290422692e+00
1.074748029616751088e+00
1.078496692988492267e+00
1.082352334346040834e+00
1.078526778341297732e+00
1.074605600284930018e+00
1.078538082012699961e+00
1.082346357427810268e+00
1.078870885621349363e+00
1.074701878638349317e+00
1.078081806190856362e+00
1.082176312147210773e+00
1.079583451611377809e+00
1.074857457255607107e+00
1.077226297235094332e+00
1.081894639386995483e+00
1.080469777674351928e+00
1.075781963128682905e+00
1.075671120338938413e+00
1.080932419649725196e+00
1.081278330853910896e+00
1.077979562370217526e+00
1.074423925721121664e+00
1.079159461464284764e+00
1.080745755972105204e+00
1.081259296271331438e+00
1.074523581709665443e+00
1.076792636620895749e+00
1.078704974599793642e+00
1.084039188655814501e+00
1.075993542001574710e+00
1.075173798558755944e+00
1.075938096954000223e+00
1.085224729393202248e+00
1.078407128614426780e+00
1.074567875509274240e+00
1.073050719727274727e+00
1.084903594210869571e+00
1.080668205885011890e+00
1.075168677642703186e+00
1.071277276758859642e+00
1.083481618606016328e+00
1.082421314046807970e+00
1.076233871684274312e+00
1.070579282976026558e+00
1.081188338590033160e+00
1.083384988115400516e+00
1.078273308724337465e+00
1.070973424863398638e+00
1.077587521833315742e+00
1.082965712447645945e+00
1.080894855754305217e+00
1.073916467917110706e+00
1.074344109477948894e+00
1.079380772260194910e+00
1.082414774478089425e+00
1.079422237191291600e+00
1.075099815269552117e+00
1.074794118994030212e+00
1.080427348523091302e+00
1.081560394768395383e+00
1.080883499261126701e+00
1.075263948965772709e+00
1.076555871295708400e+00
1.076042152663883478e+00
1.084318853653763126e+00
1.081119282467536857e+00
1.077501296366742078e+00
1.071359642375191656e+00
1.078504361162620828e+00
1.081945239165316153e+00
1.081499534065227142e+00
1.076974321823504610e+00
1.074677799935065847e+00
1.076228864203920166e+00
1.081111510230143180e+00
1.081728104740542706e+00
1.081472961335709915e+00
1.076834333081539752e+00
1.076669737400070881e+00
1.073961381722529751e+00
1.083336639755217101e+00
1.082401072795743158e+00
1.079144236932474410e+00
1.073124068252064189e+00
1.074657682763449973e+00
1.078818761303838913e+00
1.082195945726874609e+00
1.081628259971044059e+00
1.079838231990100983e+00
1.075561563989112068e+00
1.076356384157931334e+00
1.074532500203338570e+00
1.083941487037443530e+00
1.082633080722574803e+00
1.078513519437686030e+00
1.072906630930798189e+00
1.073703865717709149e+00
1.077904829034944889e+00
1.081733751234474017e+00
1.081995116797330070e+00
1.082084595687856865e+00
1.075927164010991532e+00
1.074643045465350832e+00
1.071484351198713769e+00
1.080942108036687443e+00
1.083393277038762426e+00
1.080690175922695673e+00
1.076443715254618239e+00
1.074346062121235956e+00
1.074171863564688412e+00
1.078617068729889716e+00
1.079071671703555113e+00
1.085435136492907127e+00
1.081430395794320765e+00
1.076854519607377547e+00
1.071152089687705145e+00
1.073871419642379532e+00
1.077333699338627326e+00
1.081591427841395614e+00
1.082165374168132521e+00
1.083463456158808791e+00
1.078115887105004056e+00
1.075467974849501962e+00
1.070285712116519683e+00
1.076606101787277225e+00
1.079938112963026109e+00
1.082057591447901590e+00
1.081866876574246961e+00
1.080817989921380340e+00
1.076639218317729352e+00
1.075941063419381116e+00
1.071356555458707671e+00
1.078851628277058161e+00
1.081185984743618045e+00
1.081862348745894487e+00
1.080869509481552360e+00
1.078767460681627322e+00
1.075754381408783766e+00
1.076795925395558795e+00
1.073130319244773867e+00
1.081272635297074958e+00
1.082214331990864808e+00
1.081256940331756677e+00
1.078439166300900753e+00
1.075907239964142281e+00
1.075201319097022434e+00
1.078524447306422607e+00
1.077397431828145402e+00
1.084276012162664671e+00
1.082048521732078328e+00
1.078887200677961289e+00
1.073662709288798034e+00
1.074306533640521755e+00
1.076978834133979213e+00
1.081033029607399110e+00
1.081089331005543386e+00
1.084276581591472333e+00
1.079659296613661779e+00
1.076533357557214243e+00
1.071042432388313426e+00
1.074912367939903968e+00
1.078934895833369989e+00
1.082151444974087440e+00
1.081985052774980804e+00
1.083793291762213062e+00
1.078683989236841612e+00
1.075417131463807463e+00
1.070364368577886527e+00
1.074493950177680679e+00
1.078946991891092777e+00
1.081901796371504965e+00
1.081939379933306355e+00
1.084569776028174060e+00
1.078992047909540952e+00
1.075467446948358274e+00
1.070268649684989137e+00
1.073793205145854301e+00
1.077713472724360244e+00
1.081501205648703445e+00
1.081984852105985162e+00
1.083719192331610071e+00
1.077467247774138048e+00
1.074609948735932186e+00
1.070489120942707872e+00
1.079927556196648153e+00
1.083245530686255620e+00
1.080775219425804679e+00
1.074686979416540566e+00
1.073722458560106174e+00
1.077533094667058711e+00
1.082076347547738404e+00
1.081011801991797805e+00
1.076823417079099121e+00
1.073765768605286608e+00
1.078573099209494401e+00
1.080554158821421584e+00
1.082625820344487177e+00
1.076193632813721823e+00
1.075676745001849177e+00
1.074856549245955639e+00
1.084198523395806912e+00
1.081294588679974744e+00
1.077386547403474282e+00
1.071110820573147882e+00
1.078959230693636417e+00
1.082171069036455657e+00
1.081411805644753255e+00
1.076404472007985280e+00
1.074428639096062899e+00
1.076236317398033382e+00
1.080952595663918547e+00
1.081601502310866714e+00
1.081690165280956517e+00
1.077105560300679166e+00
1.076647001559886574e+00
1.073268886247652487e+00
1.082426728361373991e+00
1.082522367609960012e+00
1.080379025636387214e+00
1.075073165529034869e+00
1.074395998414956255e+00
1.076904416518698504e+00
1.081111919703110935e+00
1.081426088150034825e+00
1.082916445576804998e+00
1.077796618769674586e+00
1.076102132363752739e+00
1.071509949779372084e+00
1.079525469376560576e+00
1.082512860261462651e+00
1.081539550565129959e+00
1.078294988707148683e+00
1.075374824320163292e+00
1.074819847798579087e+00
1.078507778691798258e+00
1.078416665727835788e+00
1.085213165011632119e+00
1.081105954345105813e+00
1.076737934073363601e+00
1.071096974124719159e+00
1.074266812624500744e+00
1.079111998615698287e+00
1.082289954130945420e+00
1.081891118643844907e+00
1.081015691373724996e+00
1.075314427693130126e+00
1.074629370807319795e+00
1.072053698632414731e+00
1.081913359754141268e+00
1.083357844048416396e+00
1.080565965367652925e+00
1.075916615245525287e+00
1.073982042115673607e+00
1.074468626171921404e+00
1.078839776833000474e+00
1.079930619616444432e+00
1.085343229868956705e+00
1.080316133901246589e+00
1.076272002810166883e+00
1.070378076088843278e+00
1.075021285772033375e+00
1.079068995363444472e+00
1.082154410944107248e+00
1.082029054622797082e+00
1.081036611445359341e+00
1.076125095153698030e+00
1.075545602351527297e+00
1.071764007291307497e+00
1.080048122869187832e+00
1.082026016725988082e+00
1.081784531085653089e+00
1.079345916749403500e+00
1.076674397754030066e+00
1.074791675542541070e+00
1.077236988540658080e+00
1.075298162153686565e+00
1.083211569671560071e+00
1.082474059502709585e+00
1.080628674625906616e+00
1.076092097050221241e+00
1.074591908397874995e+00
1.075599573367735262e+00
1.079835591747051904e+00
1.080241065610918039e+00
1.083973596197210121e+00
1.079296155955518755e+00
1.076897628129303897e+00
1.071567460152723195e+00
1.079707982018673240e+00
1.082238679542105952e+00
1.081321887074168542e+00
1.076676715258391814e+00
1.074493193825639015e+00
1.076669254704709866e+00
1.081168301293204514e+00
1.081484383486571055e+00
1.081969940856235102e+00
1.076446498574148203e+00
1.076029417927673482e+00
1.073229206468975461e+00
1.082871708902175101e+00
1.082690270853881698e+00
1.079390219290076391e+00
1.073622412398762993e+00
1.073827171923357415e+00
1.077718403462833319e+00
1.081748864843398161e+00
1.081895006951369309e+00
1.082630964590627354e+00
1.076414249576786775e+00
1.074761286334042776e+00
1.070905856330565786e+00
1.079558308637923236e+00
1.082808046608023211e+00
1.081863599536556864e+00
1.079195891222918036e+00
1.076648389336350098e+00
1.073928328286182232e+00
1.076017935200896281e+00
1.074399187511927423e+00
