5.415133297977163807e-01
4.691821566166983759e-01
4.453736741567052015e-01
4.535266410876795384e-01
4.566032107123242367e-01
4.381565858964149296e-01
4.429298522429174767e-01
4.402362297870957009e-01
4.610208684915096944e-01
4.518194919085195549e-01
4.419640726755616478e-01
4.394429592840237708e-01
4.472224350910884438e-01
4.660348477533672873e-01
4.499070830169718538e-01
4.434320325250619144e-01
4.296368949868122900e-01
4.381513510757040764e-01
4.408973405284521419e-01
4.415197381016459088e-01
4.357903532149425829e-01
4.351580248012332786e-01
4.448483049863158345e-01
4.595786681565918186e-01
4.349943839154640224e-01
4.351961118854456023e-01
4.537686182579064864e-01
4.578594158038870043e-01
4.482177176175065059e-01
4.488598572660327801e-01
4.398975314396699199e-01
4.409682339911503712e-01
4.440930680887955617e-01
4.387853589138901444e-01
4.446570915641204214e-01
4.354940412792780990e-01
4.410832723382930864e-01
4.499960447702650579e-01
4.395885885750730471e-01
4.448369456173877357e-01
4.354601995897691702e-01
4.440309512417037752e-01
4.277397134130528356e-01
4.445131814242377355e-01
4.521738318194134520e-01
4.473612571990058240e-01
4.600270918360436223e-01
4.568475969951926730e-01
4.320599322927187735e-01
4.372380460815341596e-01
4.317057838307141737e-01
4.415106282501447543e-01
4.605856497163884344e-01
4.379064382081799267e-01
4.472077821133390585e-01
4.383418602755126958e-01
4.453334262681074573e-01
4.507192984391816259e-01
4.545584664663089858e-01
4.466721441460836939e-01
4.500570738532940207e-01
4.431048458987985050e-01
4.236249079606695944e-01
4.518271389088769352e-01
4.485125379166130521e-01
4.604673484182949528e-01
4.447732851724146563e-01
4.398541400510136978e-01
4.363373814626924641e-01
4.353353550494812318e-01
4.329759924376865299e-01
4.514273612571310101e-01
4.341304796284831680e-01
4.413460707965450869e-01
4.419598123896912867e-01
4.416356387732590649e-01
4.522104368114195361e-01
4.352322602928251905e-01
4.493439486496562107e-01
4.375546175023651285e-01
4.395441571186657903e-01
4.411023259200029245e-01
4.580080421697583226e-01
4.357514578104877967e-01
4.547983373253358108e-01
4.432029716955386833e-01
4.529738783337334818e-01
4.413085781143515351e-01
4.383262768795955777e-01
4.517443101234233649e-01
4.381601501152067035e-01
4.436079925066456209e-01
4.570718461238748032e-01
4.389443824879500911e-01
4.413419547930391151e-01
4.472300866413583265e-01
4.418025559211690156e-01
4.359307835124437425e-01
4.496511736438524864e-01
4.436989280756264975e-01
4.378730493208775054e-01
4.403120240341391045e-01
4.426756042366877253e-01
4.369997825026860072e-01
4.312420846683043263e-01
4.454738458244906774e-01
4.494162177734630781e-01
4.425297709455703332e-01
4.412023420317042199e-01
4.487346572710293469e-01
4.454931395304711494e-01
4.412975110372348575e-01
4.472663032490363788e-01
4.435817622694924744e-01
4.469874426710864213e-01
4.474733525604803197e-01
4.498726376020402706e-01
4.426696991579703866e-01
4.460292888102159181e-01
4.344948033021597267e-01
4.501473515000935510e-01
4.487994517372812520e-01
4.501873905500539674e-01
4.460719262599072699e-01
4.392986132297388435e-01
4.511708809635132655e-01
4.509469687562302487e-01
4.377785351011646564e-01
4.357936172138323072e-01
4.498134648345778475e-01
4.402597244584358083e-01
4.337521920324436953e-01
4.547277181843362714e-01
4.509109441650102079e-01
4.488425688756590426e-01
4.506958491010109036e-01
4.415787486964593000e-01
4.492462698304316437e-01
4.443390973790304344e-01
4.359047401516151221e-01
4.363571003603726739e-01
4.363758097832458049e-01
4.568110237091993486e-01
4.375698809558289937e-01
4.400922236159351408e-01
4.455451964121172614e-01
4.556769090288458335e-01
4.364744077350956042e-01
4.370238307051747539e-01
4.402391307116545471e-01
4.572496998363748122e-01
4.466075619688706366e-01
4.539959516313615273e-01
4.366497754520835550e-01
4.456562243401882006e-01
4.407702155092780849e-01
4.468635853742602415e-01
4.482924558814066485e-01
4.448811634488966660e-01
4.511940642442583971e-01
4.390521431769491278e-01
4.507986780488026923e-01
4.501350715975351857e-01
4.357113990221224142e-01
4.472033366171637714e-01
4.395895400067811321e-01
4.401030695948273674e-01
4.442278650176929022e-01
4.319398634181083607e-01
4.391786537430856230e-01
4.566691721418298378e-01
4.489294930071124345e-01
4.529149652656174196e-01
4.509172202440692168e-01
4.474740183476693667e-01
4.469968185302371499e-01
4.441497115631233839e-01
4.575051638680014410e-01
4.415816221293705213e-01
4.545075226847738459e-01
4.445761406374437175e-01
4.522317732308524518e-01
4.356452027467782595e-01
4.592485803781872211e-01
4.375405723197262065e-01
4.393958625282142760e-01
4.401264670704242987e-01
4.544482966396908852e-01
4.451168818536178073e-01
4.555499610639665575e-01
4.359841736112698984e-01
4.350351603182618376e-01
4.254869591762698300e-01
4.388926185779808420e-01
4.518634191885768092e-01
4.407338840295676463e-01
4.395965836374727820e-01
4.433389124185866392e-01
4.468139139944530269e-01
4.468065720080606207e-01
4.468484527633099224e-01
4.301325921251101247e-01
4.465415912167552404e-01
4.416494612919771301e-01
4.233668400320838576e-01
4.395828387712653607e-01
4.384394347305262674e-01
4.440681620760437709e-01
4.449419042096569576e-01
4.353815884704217432e-01
4.384102430301503595e-01
4.451751344639003904e-01
4.502213731916637762e-01
4.428583389738379172e-01
4.399672485124077048e-01
4.502284852244271551e-01
4.455737053882739551e-01
4.497727035322743872e-01
4.369795463224354082e-01
4.458052226488930514e-01
4.558779312200904044e-01
4.478807575017991760e-01
4.370708591041896907e-01
4.489959597631840160e-01
4.429457538995077437e-01
4.369988610133119789e-01
4.431842961967479289e-01
4.662441485484778436e-01
4.424325052905132560e-01
4.419516784445958746e-01
4.444862486189707917e-01
4.435602887273773498e-01
4.551752887758832578e-01
4.348969532089480006e-01
4.474333663197369026e-01
4.460804215966607256e-01
4.486314168571902128e-01
4.373894953310816236e-01
4.551842711701024058e-01
4.346924174001650654e-01
4.517189049554934388e-01
4.508307256879527936e-01
4.260710881715552012e-01
4.403633173421853120e-01
4.461622796184719908e-01
4.372577092607000115e-01
4.381669544914374992e-01
4.408968503729905897e-01
4.584424114587514199e-01
4.422254769405457031e-01
4.424587619859526866e-01
4.380077824770429729e-01
4.385179929262622567e-01
4.518563223185341760e-01
4.421717641032020807e-01
4.411372411763921919e-01
4.419471446378993584e-01
4.351878264804382446e-01
4.516051684301243263e-01
4.357906993272380181e-01
4.440398033239048581e-01
4.512170901300275871e-01
4.544721308342696275e-01
4.493291981777399191e-01
4.441569106443163939e-01
4.478735707787406817e-01
4.241870959285022891e-01
4.269526827321206142e-01
4.322342393965656893e-01
4.353247961114478093e-01
4.477354542211743893e-01
4.433866151035965597e-01
4.478613321753487919e-01
4.484864193455912473e-01
4.444714267658910201e-01
4.500651858442366038e-01
4.390415886182715277e-01
4.444034170700182362e-01
4.384361537017666399e-01
4.370238308062534549e-01
4.507695753462451771e-01
4.419260379503675562e-01
4.449011150560692185e-01
4.478026203029287777e-01
4.388640419619854738e-01
4.440205990774260258e-01
4.487099431717551656e-01
4.393552574844313274e-01
4.475031105716165136e-01
4.456050628316893802e-01
4.354543098242187327e-01
4.378715023221074198e-01
4.352067250415036503e-01
4.582377988606877173e-01
4.332185418260354193e-01
4.658959446715837949e-01
4.539975347681600160e-01
4.277185853559113404e-01
4.500752165614275713e-01
4.441307313143414981e-01
4.506348380755373917e-01
4.416989569179468611e-01
4.228494288064523765e-01
4.481272812819386830e-01
4.386012781016249140e-01
4.364617974416481472e-01
4.322323089233662263e-01
4.494908135474922628e-01
4.447497823564026120e-01
4.468443099853042222e-01
4.437315564990214067e-01
4.426139001194964173e-01
4.522705149947544023e-01
4.419157743107978153e-01
4.359255766226549089e-01
4.513070658478579578e-01
4.430648623617230997e-01
4.464237202212690270e-01
4.378702156414887026e-01
4.404345332227673215e-01
4.392934111073009129e-01
4.260449087028745363e-01
4.370016653599856360e-01
4.509009541560227152e-01
4.526111367564452093e-01
4.574233986001836616e-01
4.490067548537988174e-01
4.488735003212346863e-01
4.590007955145151142e-01
4.345398505699012426e-01
4.477532750488492641e-01
4.329904579995319525e-01
4.638168983631686393e-01
4.304934528230844326e-01
4.520454588947174779e-01
4.395327873289582854e-01
4.483065998590706203e-01
4.435400411233900164e-01
4.399577323802785767e-01
4.304913827592108388e-01
4.463682182556510947e-01
4.453524276094968370e-01
4.500342175842856340e-01
4.358614620935249984e-01
4.458480325193259763e-01
4.473139840431546999e-01
4.430880618468758803e-01
4.488704429596709899e-01
4.552494168432666410e-01
4.426391754122611655e-01
4.436088773861218693e-01
4.383254546991360856e-01
4.434645849246518501e-01
4.415135284606445665e-01
4.355713287190101646e-01
4.489092710330694902e-01
4.482794523328782477e-01
4.542956656816079519e-01
4.487305739072464661e-01
4.516774523281106846e-01
4.604170064252945949e-01
4.415387826661421045e-01
4.357123945469097426e-01
4.307827662715232320e-01
4.532345683586302409e-01
4.402695791303112283e-01
4.468453101583186871e-01
4.511339445371128631e-01
4.498680226722590603e-01
4.382407504306237156e-01
4.374770074690590427e-01
4.559328971997672619e-01
4.427137767613972819e-01
4.473720609126360936e-01
4.497167738246584112e-01
4.422663186322680073e-01
4.351454505829277508e-01
4.404156758232070645e-01
4.394415420493456570e-01
4.455820471077964195e-01
4.529745457012838150e-01
4.447245400605386312e-01
4.414467307430203769e-01
4.432087547890802837e-01
4.403416399827065342e-01
4.485235231764956865e-01
4.437630804607813895e-01
4.530781477591547257e-01
4.489468590215959787e-01
4.435334638677441155e-01
4.445730268754560788e-01
4.484683470248298498e-01
4.437139143723984880e-01
4.295780635185606489e-01
4.565608593527052395e-01
4.366534851639934378e-01
4.373202641570281823e-01
4.339888787138879711e-01
4.306434642884634512e-01
4.387418561899275038e-01
4.450985311773982822e-01
4.345946733518817884e-01
4.430921650503698572e-01
4.544795113727299607e-01
4.607256620919738532e-01
4.527938400035735889e-01
4.484298001921886434e-01
4.446728430428337764e-01
4.457892350010835836e-01
4.529372790006538363e-01
4.451587784668408765e-01
4.465377070191297038e-01
4.344011767223367460e-01
4.471745547671893140e-01
4.369172660250726370e-01
4.241772747984858261e-01
4.433874507432007950e-01
4.247355460030504126e-01
4.515439274300573902e-01
4.470051625026545961e-01
4.603154267202014815e-01
4.406910119130631465e-01
4.447585024890204353e-01
4.501641159123944136e-01
4.415098654254528965e-01
4.437131244175868128e-01
4.488450440141183440e-01
4.363001237314417802e-01
4.377725664354142343e-01
4.348992493203616139e-01
4.460501713226451836e-01
4.441288876619167714e-01
4.351880592560813388e-01
4.407224919071167646e-01
4.596143672866063734e-01
4.467776086118566692e-01
4.452780048872637120e-01
4.617794710700901528e-01
4.470289848300515456e-01
4.484923111496950110e-01
4.467202817715135721e-01
4.445789630733552600e-01
4.369014009997072567e-01
4.326028292842207246e-01
4.512806124772050231e-01
4.369083394203972515e-01
4.427159570620114448e-01
4.429321121034031639e-01
4.424148743240421400e-01
4.601424585825935054e-01
4.446326175840943362e-01
4.548000488174140377e-01
4.557609382705944401e-01
4.366755001048565066e-01
4.516384333680240615e-01
4.332603215248035378e-01
4.392189070773180326e-01
4.476763283781222680e-01
4.521065764757444816e-01
4.482881523562772808e-01
4.471278322804198013e-01
4.345190640746369737e-01
4.458029301245581832e-01
4.579571302097457108e-01
4.465591683526021205e-01
4.424567411220541313e-01
4.536420812863472540e-01
4.433919350570960649e-01
4.397029804484808846e-01
4.430562786698415967e-01
4.476387877935202875e-01
4.525673061717219170e-01
4.514035779567907580e-01
4.520153131449552997e-01
4.326886584135956060e-01
4.344610669173739614e-01
4.517144078322510303e-01
4.479099944907871111e-01
4.436985158876802782e-01
4.453428198374018709e-01
4.200018875642060889e-01
4.426951713012053369e-01
4.448453190046549044e-01
4.389580418540288131e-01
4.383678401033083150e-01
4.363706775039862262e-01
4.522751179469863270e-01
4.402732222008979845e-01
4.394278204895575302e-01
4.693917031305483434e-01
4.389653512408959735e-01
4.452541135032281328e-01
4.489915135828463910e-01
4.366353501322473019e-01
4.400258296031731575e-01
4.382212059263831949e-01
4.465107902776118132e-01
4.226875671428280690e-01
4.460441181622583073e-01
4.496222397589240694e-01
4.168983425797465614e-01
4.503159644085713009e-01
4.617765422116796858e-01
4.463131488645383782e-01
4.382995630724005887e-01
4.371487864346673136e-01
4.536965707704486706e-01
4.379861024717118800e-01
4.482422495737297119e-01
4.345643802790372101e-01
4.544595459384196956e-01
4.379013909723805109e-01
4.486486956548476623e-01
4.395891360418895943e-01
4.452502138275929444e-01
4.611209875285662285e-01
4.278871827891056467e-01
4.558660561378782283e-01
4.516946344210346909e-01
4.387867059924946966e-01
4.291908795299776425e-01
4.457061758333311086e-01
4.572654335179722196e-01
4.290915109967827212e-01
4.423873382004115951e-01
4.343381920296360277e-01
4.357321775722564627e-01
4.543765023811400794e-01
4.439603518530108039e-01
4.451243153148792819e-01
4.415333150640304294e-01
4.472182909479320845e-01
4.489133764255374137e-01
4.531572765423092508e-01
4.370883863268646419e-01
4.283363593109607015e-01
4.455072653723526899e-01
4.415814510240264057e-01
4.447248046233153174e-01
4.416334928902052037e-01
4.462368495829615589e-01
4.337466952424375854e-01
4.457677838320384112e-01
4.269072928735080374e-01
4.534860728878172820e-01
4.416221381611830643e-01
4.445055483926089179e-01
4.349310160398519587e-01
4.336345267389402069e-01
4.440619447645726137e-01
4.333857111575524224e-01
4.343751938772137944e-01
4.463590962185650657e-01
4.384638220954383825e-01
4.567979842640101928e-01
4.394223485670863405e-01
4.314420641326032757e-01
4.571523211148824650e-01
4.280140743519387780e-01
4.512578175081792264e-01
4.380248903482220624e-01
4.438261276314340309e-01
4.406426186829072722e-01
4.370526292085500919e-01
4.336679448054789332e-01
4.518817260754182663e-01
4.379407147257867172e-01
4.357230874832718759e-01
4.427050367042654200e-01
4.367265165223824241e-01
4.498808236188708842e-01
4.369742849726877543e-01
4.505854460739626144e-01
4.472762114846345893e-01
4.574563012788171457e-01
4.354933955879672358e-01
4.609664241761807779e-01
4.325625761451161733e-01
4.435211353880426643e-01
4.413212744289404799e-01
4.391796241901949616e-01
4.479950898431413475e-01
4.352588451899831457e-01
4.355340454371566805e-01
4.363323769700807597e-01
4.346155134969617584e-01
4.375192040472466459e-01
4.355385835099467862e-01
4.414815009563322068e-01
4.407923139625125608e-01
4.601608150571802058e-01
4.396984074921040375e-01
4.535388911323829930e-01
4.563488678196946369e-01
4.510082509332773437e-01
4.510243135191890351e-01
4.520549970531602124e-01
4.388803011093236894e-01
4.503412069017467267e-01
4.421771702127124115e-01
4.508972764575170933e-01
4.288011212668594307e-01
4.280434004261666203e-01
4.388462170947328156e-01
4.485053324908319650e-01
4.297201325577324482e-01
4.476816356291196120e-01
4.349480086513064503e-01
4.516644771704071970e-01
4.599913848202031308e-01
4.496525309286614758e-01
4.396978877740946312e-01
4.552872701568635438e-01
4.358511858746493273e-01
4.406073436772493523e-01
4.470561341931069688e-01
4.549500155408863766e-01
4.531832006054190010e-01
4.568956200304785664e-01
4.490023279786156118e-01
4.560465795226106844e-01
4.413665223412039929e-01
4.439862741292669446e-01
4.390429731515279044e-01
4.532207574075550194e-01
4.484044149777369759e-01
4.387437178399361537e-01
4.430930376208157551e-01
4.527148486354657941e-01
4.504828924562295778e-01
4.740081950659322252e-01
4.478317633386281749e-01
4.542122698066344832e-01
4.540438589291052041e-01
4.337866252276476597e-01
4.486112975665023650e-01
4.385022181003513375e-01
4.301782128507312675e-01
4.390764595253690561e-01
4.415158602914041053e-01
4.376241096323894020e-01
4.457548685381748088e-01
4.320762327864717811e-01
4.381308388560151701e-01
4.363619490638936949e-01
4.410967945853963568e-01
4.411713131826371370e-01
4.402158627876171515e-01
4.427326006733152131e-01
4.444779235948342344e-01
4.340383788899299100e-01
4.320981196828580506e-01
4.535668977726841633e-01
4.334924512080268744e-01
4.411443942290486087e-01
4.531947635222385862e-01
4.509512873989438564e-01
4.431020858443395216e-01
4.424600086409834487e-01
4.326375023358919880e-01
4.567734399056421202e-01
4.438602540857801704e-01
4.339664828041617239e-01
4.418753335045086383e-01
4.468433897091452778e-01
4.435060976423329526e-01
4.419523197313077745e-01
4.498218225039653517e-01
4.304770465504144661e-01
4.483331177127441447e-01
4.411983000866268601e-01
4.454031653163263993e-01
4.569387369750065320e-01
4.434001093123862147e-01
4.386027378901518059e-01
4.359351780828369938e-01
4.474782722037031757e-01
4.454513245229925200e-01
4.347174033447098185e-01
4.362214914468521831e-01
4.533430475179102692e-01
4.470465133043141637e-01
4.409667433660341418e-01
4.444192113232561803e-01
4.326885435178880468e-01
4.381508509201008650e-01
4.493117362870958087e-01
4.376451385139238370e-01
4.446655286478576330e-01
4.545486638188492856e-01
4.540942538745333934e-01
4.437530886192384005e-01
4.493695738210893853e-01
4.483313965857084749e-01
4.320117864328010260e-01
4.518361055934915216e-01
4.498126752118555283e-01
4.472971412195183016e-01
4.417406129244391133e-01
4.361882414142250197e-01
4.412032017569220144e-01
4.472022590815071252e-01
4.479135576608979652e-01
4.411633961400998616e-01
4.590467722376469495e-01
4.595560473770092802e-01
4.370413006389534671e-01
4.350042109461503825e-01
4.439329900779404592e-01
4.327959087173228192e-01
4.369640177617143961e-01
4.575255449028197696e-01
4.455309098928753042e-01
4.362125907395199564e-01
4.380464599226432387e-01
4.417040023232281509e-01
4.331254270813513774e-01
4.534974353919056789e-01
4.512749593366737200e-01
4.410350218725369587e-01
4.410466121008719820e-01
4.361418086945246797e-01
4.499767837226301692e-01
4.575889662141703895e-01
4.352126268279304933e-01
4.341461596174996940e-01
4.553943768798070502e-01
4.391458499378633751e-01
4.500549795904856820e-01
4.463873452521805452e-01
4.410144636720335631e-01
4.552932644774232984e-01
4.485409217863307596e-01
4.514057465319004092e-01
4.408780859161764987e-01
4.477912778224397705e-01
4.365371388582383050e-01
4.453611973806125279e-01
4.328404293207253617e-01
4.449968068835986612e-01
4.364306760052708567e-01
4.415465789468012714e-01
4.435619288612341893e-01
4.506946735340791044e-01
4.549255513530313655e-01
4.371378679913129894e-01
4.452318233373300238e-01
4.668416842393842137e-01
4.393015621884289734e-01
4.496405358378363082e-01
4.296321664553146569e-01
4.468584344111468099e-01
4.497427297836878446e-01
4.285724044986292114e-01
4.422147145390959988e-01
4.438399545695962400e-01
4.457031498283397508e-01
4.413181117746274307e-01
4.524960220434410818e-01
4.449668242226871850e-01
4.412860918859908277e-01
4.479889689059161073e-01
4.341638730622593423e-01
4.566489211824012462e-01
4.520738509880344314e-01
4.328570065140435186e-01
4.382180441677192562e-01
4.457163283932753517e-01
4.270822180480490782e-01
4.411917586063369701e-01
4.493094576170020282e-01
4.383162129451846911e-01
4.511219239553099225e-01
4.486530753762671964e-01
4.373773506093897590e-01
4.371194327560017912e-01
4.463964021477773714e-01
4.453238550911157168e-01
4.353163703486794822e-01
4.541774460054450180e-01
4.370601448646652676e-01
4.365385497146894722e-01
4.563496329970740950e-01
4.629740273138510664e-01
4.514173009948784787e-01
4.384033235886009572e-01
4.444345156904972449e-01
4.270251285338959590e-01
4.409999679299503317e-01
4.393307300467356735e-01
4.482219183834235121e-01
4.389116191821143542e-01
4.396495184686604607e-01
4.571821031276894765e-01
4.410215321404145628e-01
4.577805791806980329e-01
4.396025461574265547e-01
4.581657158150960196e-01
4.511388750978918005e-01
4.310059338986602651e-01
4.469863346317654584e-01
4.354002514550931457e-01
4.417220457984541437e-01
4.460394468829413372e-01
4.340076345747712061e-01
4.431691448805754052e-01
4.462013349969100595e-01
4.570565072075657431e-01
4.551254205396945696e-01
4.411525783197774997e-01
4.581660230464212336e-01
4.420837627111603441e-01
4.411078621582622539e-01
4.430476710386841432e-01
4.484310535242719831e-01
4.410441797761379679e-01
4.434633402862858120e-01
4.483771723866362691e-01
4.365209959692221697e-01
4.363635165807328575e-01
4.398474161137514993e-01
4.398581890271230921e-01
4.557917021335528562e-01
4.609886408852512107e-01
4.346773720976292443e-01
4.329724796235416839e-01
4.375542305371976082e-01
4.469332336795521776e-01
4.516667016425573444e-01
4.362406691427544447e-01
4.368487870008118112e-01
4.624760716400652671e-01
4.552027249166720746e-01
4.319283521909091927e-01
4.523290054092374834e-01
4.553416694802844833e-01
4.433046434904250321e-01
4.426537389162774616e-01
4.397339372365947630e-01
4.375256895787706379e-01
4.478455424344173763e-01
4.541433881500838154e-01
4.420222758109388916e-01
4.486540172726773412e-01
4.444213362768719700e-01
4.288404352445905898e-01
4.411881365495923801e-01
4.375600759192222466e-01
4.455005710625944970e-01
4.541964418335055487e-01
4.490413524888481334e-01
4.377582958960716253e-01
4.284259524748057490e-01
4.403281261370352029e-01
4.390733941936914575e-01
4.376500247820375722e-01
4.452225752655186719e-01
4.465348860150695764e-01
4.395580280957988029e-01
4.402037471214185205e-01
4.425189357855787153e-01
4.426255443468156137e-01
4.420798660504874911e-01
4.323258102440881157e-01
4.425483108327236126e-01
4.448436629672402609e-01
4.548072422839281037e-01
4.288591922057768402e-01
4.427088097462094085e-01
4.439955287910390958e-01
4.521275807910096756e-01
4.479560251057115305e-01
4.567957556622335158e-01
4.510140275742621219e-01
4.399673807553264315e-01
4.430946088784917802e-01
4.511058882901470279e-01
4.336341020830095649e-01
4.351055630020539411e-01
4.533809702739806657e-01
4.488987054859681636e-01
4.418197051170900114e-01
4.483022390874665808e-01
4.508546340551835563e-01
4.370981774507496365e-01
4.249127625166781996e-01
4.437631956390818422e-01
4.387650703192699786e-01
4.459404415757708406e-01
4.474953231840139711e-01
4.478668389967606078e-01
4.561651554533532882e-01
4.521643722121293507e-01
4.423244271758010604e-01
4.563080876672055419e-01
4.394923466278641278e-01
4.418552262704271150e-01
4.334247766333788054e-01
4.513948826837450579e-01
4.329309361856925054e-01
4.357370555024008829e-01
4.332881625836823569e-01
4.384499863887923454e-01
4.375637077581430723e-01
4.384606976215425500e-01
4.393769656962272507e-01
4.478746814535677356e-01
4.479692408956417737e-01
4.419320586987242061e-01
4.445471139507458647e-01
4.495455680535674903e-01
4.541547344395794328e-01
4.624123899795338777e-01
4.547280430822913666e-01
4.293626785931918821e-01
4.528773143478383445e-01
4.486798583786752448e-01
4.396677723262799042e-01
4.434541491622803755e-01
4.451528117569792387e-01
4.447554013301390774e-01
4.479895608167379084e-01
4.520377603646943965e-01
4.432427193375739205e-01
4.410150643158670114e-01
4.371968120974571992e-01
4.382107144464733595e-01
4.534750318558961046e-01
4.374681183832175857e-01
4.433419851846066573e-01
4.443421432055156828e-01
4.403095883763252782e-01
4.474513774911331176e-01
4.418319175900089490e-01
4.416922491790677419e-01
4.600049017371760640e-01
4.457663204685018976e-01
4.483375755204986324e-01
4.368255676781307995e-01
4.500659977321188054e-01
4.407578680035424412e-01
4.361284128591682574e-01
4.471955838185582843e-01
4.285598646640639831e-01
4.467342206592539444e-01
4.421907324581782484e-01
4.333923644391837748e-01
4.536655713964633518e-01
4.585715655969635485e-01
4.386586985900223779e-01
4.395424724100757130e-01
4.402672786041320063e-01
4.510199418708705221e-01
4.341341730635337459e-01
4.409277446618241059e-01
4.315877974628750668e-01
4.312664070913625469e-01
4.389525746862885658e-01
4.520238364513447515e-01
4.386249701998577999e-01
4.331301908002239687e-01
4.381456526586819944e-01
4.468888703494628412e-01
4.473553600280747444e-01
4.508876729851021281e-01
4.421583541902086023e-01
4.392604906503801421e-01
4.515760967095066025e-01
4.316514512084384525e-01
4.510775335001646624e-01
4.505452612890643027e-01
4.461210190692246891e-01
4.323683508042813206e-01
4.292524102014850795e-01
4.380044683271857586e-01
4.722423353797037815e-01
4.493403683402995008e-01
4.356633886600587147e-01
4.515188959704389826e-01
4.383558315760349711e-01
4.462379985304036345e-01
4.432728540600948119e-01
4.712137993335197006e-01
4.466203292709991501e-01
4.266687262982798434e-01
4.443137427421435803e-01
4.407007248866051108e-01
4.490434012372606087e-01
4.390026392538833866e-01
4.467438435965621069e-01
4.474987887302729339e-01
4.355553844050296108e-01
4.404184904011831936e-01
4.382435490337298067e-01
4.544672689854078462e-01
4.289149970819614577e-01
4.361139475296444412e-01
4.470294168011125224e-01
4.492812344908831967e-01
4.379724361666189059e-01
