2.039764889458093866e-01
2.056790938235472377e-01
2.057917501119500558e-01
2.050226118862070179e-01
2.049306058287226895e-01
2.163592945829641567e-01
2.058551456536980018e-01
2.027063171452967716e-01
2.031957626417514318e-01
2.079528773991286550e-01
2.052443324853136797e-01
2.015548296223432789e-01
2.026227688600180654e-01
2.081863339262298440e-01
2.031252524696888495e-01
2.035911168056051268e-01
2.136053185783078068e-01
2.045486471171501508e-01
2.052500034640069304e-01
2.093220290267197858e-01
2.174630967315349939e-01
2.040052642395743243e-01
2.026832174634492778e-01
2.070142794371150619e-01
2.168194907780964520e-01
2.037533992828718943e-01
2.050324766932491993e-01
2.061032738350106475e-01
2.087274734498306972e-01
2.074785481444155200e-01
2.061575415344664708e-01
2.072560801659004415e-01
2.072805778629178697e-01
2.038732800956307434e-01
2.037300643463558492e-01
2.088328902077686289e-01
2.039432799042076028e-01
2.035880556594923674e-01
2.047532728575120475e-01
2.051926151121296615e-01
2.067112054988179404e-01
2.094670596904171789e-01
2.046673228032655778e-01
2.021639196061560395e-01
2.245362323390238113e-01
2.033199538343772039e-01
2.070385080969068814e-01
2.101295997654121506e-01
2.040009755302013006e-01
2.041763273564463355e-01
2.026618457696826858e-01
2.061453057848412762e-01
2.028948607283868610e-01
2.105651095607579126e-01
2.054790754063771374e-01
2.068090291070841247e-01
2.033547566780904980e-01
2.051120567191565547e-01
2.046847557578044541e-01
2.040261665579448103e-01
2.046671569182423600e-01
2.064618001142385917e-01
2.035472236539550006e-01
2.035092185088536176e-01
2.081543200207512101e-01
2.048310100561943348e-01
2.027420859865745606e-01
2.037891673312936247e-01
2.014551749622202625e-01
2.043667329960951184e-01
2.031729495039678868e-01
2.129400414321142854e-01
2.032837634259132276e-01
2.024461112626916304e-01
2.021022815625946878e-01
2.031987517297644541e-01
2.060866894607489841e-01
2.056386563755150387e-01
2.096075555017521963e-01
2.037032381609683862e-01
2.043152312635764523e-01
2.065282713651913349e-01
2.239498899776404262e-01
2.041116104346639704e-01
2.101924704956285861e-01
2.045348179262773403e-01
2.069552038746189371e-01
2.031662386660269271e-01
2.135886509012049350e-01
2.041204428351013067e-01
2.024975086209302721e-01
2.040151318010496873e-01
2.027871948763034227e-01
2.041999040691671041e-01
2.194005290770857097e-01
2.114339149514392890e-01
2.095128472321292068e-01
2.075713436109725696e-01
2.063661418035830919e-01
2.062399689718194817e-01
2.028105750364136151e-01
2.201846671640313169e-01
2.058582116949536911e-01
2.055254646005014729e-01
2.036983218746222235e-01
2.045206389675756908e-01
2.022858923067446524e-01
2.168887379977167684e-01
2.211733651273602996e-01
2.026064622478556954e-01
2.138624007446647823e-01
2.033172652186459595e-01
2.087466687166493196e-01
2.083746103385354098e-01
2.073076919690527153e-01
2.021148564354495192e-01
2.036178292292307457e-01
2.044791281635303659e-01
2.040096066642889394e-01
2.069599145474681490e-01
2.036209795788030408e-01
2.160668481639618221e-01
2.093479231908125793e-01
2.048090981358252349e-01
2.056159831402567251e-01
2.100477165157039194e-01
2.058880587401757112e-01
2.018765251005641692e-01
2.025722669437876877e-01
2.016173684327341731e-01
2.048504740951206937e-01
2.086052383912454233e-01
2.084610680034766073e-01
2.121677618589579151e-01
2.049877520594270697e-01
2.050103156333925036e-01
2.037908150450217781e-01
2.102616447672642219e-01
2.070453384199487379e-01
2.160516822627507050e-01
2.101002020286541483e-01
2.087017842769376963e-01
2.081859337382969410e-01
2.024612314937805080e-01
2.076493468020598199e-01
2.047772623879654252e-01
2.173051678490869054e-01
2.054996866618087614e-01
2.024996477983316556e-01
2.078770624907093356e-01
2.151374596571194175e-01
2.072212482534642464e-01
2.035886816558517831e-01
2.031820679356506065e-01
2.035363023884263767e-01
2.030759459206107342e-01
2.032038933240685463e-01
2.116913008541170815e-01
2.043115210062519393e-01
2.055581023450016032e-01
2.055557151108014236e-01
2.060878645437952406e-01
2.032127530284825456e-01
2.017006301090801257e-01
2.042396223295399882e-01
2.041609870871397003e-01
2.059240732176696453e-01
2.059640815220829257e-01
2.023330623653792071e-01
2.056322287307534857e-01
2.042226714010255684e-01
2.070479081987718906e-01
2.120607671607930012e-01
2.042342951964835618e-01
2.068943218259295669e-01
2.417047389709897076e-01
2.034642318796520688e-01
2.052282124577604894e-01
2.043084028180228162e-01
2.060289017144080748e-01
2.050201034411752443e-01
2.051908738604723281e-01
2.047055044118336053e-01
2.104531907615478648e-01
2.033790352436060656e-01
2.094375258824640040e-01
2.069459309785526557e-01
2.035300589024785500e-01
2.059225160988623349e-01
2.051487016032542132e-01
2.051155400811879026e-01
2.066993578988189084e-01
2.144653963895576110e-01
2.036649747191136006e-01
2.083957713482621210e-01
2.053421392347768160e-01
2.039654683768898913e-01
2.056093117400356884e-01
2.048563606170600848e-01
2.125939994338716943e-01
2.052501817681408047e-01
2.038844046116283781e-01
2.084548202018415008e-01
2.019177623154804480e-01
2.017252182972286978e-01
2.123346632533506251e-01
2.121511920292598607e-01
2.058192606359119103e-01
2.067794723266847268e-01
2.060586045539806455e-01
2.021050894491237537e-01
2.043566846084133304e-01
2.146494045866569889e-01
2.055020280288535339e-01
2.053024214612913789e-01
2.038098358209690930e-01
2.079531027311334879e-01
2.060451814274918136e-01
2.025173021118087946e-01
2.066896489714667995e-01
2.043601664879933777e-01
2.035814686695093245e-01
2.052836661636777693e-01
2.049826132967374759e-01
2.054569752747965883e-01
2.032331853344968298e-01
2.036137435472997748e-01
2.041099294442967893e-01
2.047804234482427099e-01
2.044702867661545576e-01
2.085492748017931386e-01
2.057342477455778584e-01
2.054467089341240893e-01
2.047956911860921991e-01
2.031884047500638613e-01
2.201822365277385785e-01
2.050396355061147868e-01
2.036467438905755767e-01
2.055018274550080293e-01
2.049616401691347345e-01
2.035558935882228471e-01
2.063227295280661566e-01
2.053192633399908151e-01
2.047217642200490628e-01
2.047023782752223353e-01
2.031033049298347770e-01
2.252041037128184875e-01
2.052982753740258404e-01
2.015487171478841655e-01
2.028280250925177941e-01
2.111651222529714322e-01
2.061350344180492844e-01
2.048778695799808036e-01
2.092423818648191380e-01
2.073492876060293311e-01
2.041183802422867899e-01
2.096527174919185776e-01
2.035644366249496351e-01
2.067165112649208825e-01
2.050955370386339516e-01
2.054629489130594400e-01
2.048074266026846946e-01
2.041584525591180754e-01
2.025474285289723952e-01
2.023253845881563540e-01
2.069024366975095730e-01
2.031916456936336823e-01
2.030093507766130845e-01
2.052172186261515541e-01
2.072665648709653974e-01
2.070920926848120180e-01
2.038948737500350661e-01
2.116701292839881510e-01
2.090481949380577631e-01
2.063405402317290138e-01
2.029238302949887829e-01
2.044813620217630912e-01
2.070680446599594271e-01
2.033857734440949472e-01
2.078719134343321728e-01
2.163511868522502712e-01
2.140899480476680106e-01
2.079278786806257606e-01
2.026081274586712666e-01
2.153568345716391497e-01
2.061924214301926739e-01
2.067054899017666258e-01
2.072258750806926786e-01
2.041339651424236568e-01
2.046845525187520887e-01
2.047495906948161026e-01
2.026823738142408127e-01
2.019281088946088265e-01
2.030289693747563129e-01
2.014572538439620419e-01
2.033955421591894797e-01
2.049928658438791573e-01
2.050248889783238271e-01
2.062993287380567586e-01
2.050822341365703960e-01
2.026533663524333617e-01
2.045302545534186112e-01
2.064359242400836403e-01
2.106248484672662846e-01
2.049330686464338191e-01
2.092257109898430500e-01
2.147763222667403438e-01
2.051702432169147661e-01
2.027887801251175015e-01
2.026243108438005869e-01
2.047071168560581356e-01
2.028432107360863268e-01
2.007710811354365410e-01
2.078238572682268026e-01
2.065080148556390494e-01
2.034179936459890314e-01
2.064921381200253703e-01
2.047683751023871290e-01
2.059937474547863800e-01
2.027062178089380773e-01
2.048262204262600028e-01
2.064748397789911982e-01
2.043493395943818958e-01
2.042793377848967917e-01
2.049088493318975412e-01
2.168383077992696029e-01
2.037621044820910055e-01
2.058548120609257903e-01
2.016588362458499040e-01
2.142636445327249228e-01
2.101588165039534606e-01
2.067132434732887325e-01
2.103151909120160590e-01
2.220697101816695718e-01
2.062168458896861400e-01
2.048944076676817716e-01
2.057667126452140394e-01
2.053365584279360223e-01
2.114413304601773236e-01
2.033748282396761475e-01
2.046848985425260281e-01
2.052796524809187839e-01
2.068507777634689959e-01
2.065967448083181612e-01
2.049713820084144988e-01
2.044352693379146435e-01
2.053086631562533737e-01
2.045639021624001130e-01
2.105979179996894657e-01
2.029573525236144926e-01
2.165075278673604942e-01
2.157695640185771924e-01
2.030348110161458164e-01
2.055125273284310328e-01
2.049531426474938967e-01
2.011045780099522118e-01
2.037641952116542032e-01
2.075200469548822146e-01
2.020507549195285635e-01
2.037352297889073460e-01
2.026722149723608202e-01
2.047387305256035406e-01
2.046484843156143874e-01
2.047768946876567242e-01
2.010046814511671220e-01
2.089597214550735771e-01
2.055899923426621756e-01
2.036613234303993325e-01
2.038433068547236271e-01
2.116447816105394009e-01
2.023973768899248737e-01
2.109947135101540583e-01
2.050914079184515126e-01
2.031817226067149373e-01
2.023315488004319429e-01
2.074691705588102841e-01
2.062686652795189535e-01
2.082384763682602058e-01
2.008918204210230485e-01
2.036914567698591416e-01
2.033769433333777188e-01
2.056355641979977500e-01
2.034047896963768753e-01
2.082079313742315474e-01
2.043907004845213760e-01
2.057096615551032293e-01
2.245251764564670793e-01
2.044343752905696809e-01
2.080075858119820598e-01
2.058721406690054156e-01
2.132251862275602317e-01
2.034104493032872774e-01
2.051882501544327886e-01
2.139910987922548358e-01
2.053355483754744082e-01
2.043963555498892748e-01
2.049530186589622882e-01
2.024340073303072252e-01
2.038534535987260587e-01
2.040087451209916525e-01
2.041849655045361867e-01
2.092956467991357039e-01
2.101856979805103165e-01
2.079104581446932498e-01
2.056325704898313567e-01
2.053122771036890448e-01
2.058033345306552186e-01
2.076881042973128255e-01
2.028570331125841009e-01
2.033997943550932275e-01
2.030094199111724396e-01
2.053254843313787603e-01
2.048621613295884547e-01
2.017519083344859465e-01
2.058132133895036742e-01
2.052006308545291646e-01
2.012369820921015018e-01
2.099901793831840391e-01
2.105473531288045708e-01
2.018241657070184714e-01
2.059184215199235390e-01
2.032365915457038930e-01
2.029621575050520876e-01
2.024820707918544016e-01
2.050852441658786163e-01
2.112715287101669948e-01
2.071206666659924367e-01
2.011276755396464999e-01
2.047001198499775743e-01
2.035516071368859703e-01
2.214490357784119900e-01
2.048970652386298830e-01
2.067672064244446828e-01
2.041546435671989512e-01
2.066644264809282261e-01
2.128751602767389728e-01
2.143404613232924860e-01
2.202357533263430422e-01
2.046990085175388607e-01
2.025903342532794638e-01
2.020841566495234776e-01
2.033468968719778502e-01
2.147704757687455557e-01
2.084615946666417696e-01
2.047169533791019791e-01
2.055498248482147128e-01
2.046328138822047504e-01
2.021845406884005547e-01
2.044200258964243844e-01
2.022615499191905697e-01
2.078664260746339032e-01
2.090227468070637584e-01
2.187820867924120394e-01
2.034077878021777475e-01
2.046019466498478767e-01
2.074500762381423224e-01
2.015198890186451208e-01
2.063170047047404032e-01
2.057773994621965585e-01
2.086150903898584541e-01
2.035046193600180686e-01
2.048401387559784514e-01
2.053566739655093565e-01
2.125413321941471700e-01
2.036398915685561639e-01
2.020650150596949579e-01
2.043684740109551756e-01
2.040254808280229926e-01
2.043254871245895610e-01
2.061706826273138615e-01
2.028151767131416428e-01
2.055591420840829908e-01
2.046677678126694599e-01
2.041554096634116411e-01
2.067839251676781009e-01
2.084153712256205382e-01
2.082703302795204936e-01
2.036873445824015916e-01
2.019737589978457815e-01
2.038372169727416250e-01
2.030746524399857089e-01
2.050440793895400848e-01
2.069545533038242013e-01
2.051126950715850550e-01
2.085421571185619716e-01
2.040423067175988758e-01
2.075192828563563463e-01
2.055243240372224833e-01
2.054211649489425251e-01
2.074268246161443396e-01
2.021573719831058213e-01
2.036266092662330496e-01
2.176961375484392780e-01
2.076254856335158494e-01
2.037978609245340023e-01
2.046888589415029047e-01
2.021761363398528466e-01
2.016405517130105685e-01
2.052186361044146812e-01
2.030719417832296536e-01
2.129232694434399220e-01
2.103586203804672372e-01
2.102066902596986531e-01
2.035791476607211326e-01
2.052252115354279427e-01
2.068069471747766841e-01
2.069378326676083457e-01
2.050372298784238489e-01
2.151592613273007049e-01
2.049358445731781497e-01
2.102032543489156802e-01
2.057866243985918553e-01
2.036338709489214638e-01
2.061147900744236539e-01
2.052203206609396480e-01
2.040376946493059618e-01
2.043939556167360394e-01
2.065593809571988626e-01
2.053974971733708299e-01
2.058260028298380395e-01
2.045747513992137445e-01
2.073512466548642907e-01
2.097638107308184563e-01
2.052097641535897132e-01
2.058942963906215950e-01
2.052463083294513713e-01
2.073886100987464010e-01
2.055308895779596468e-01
2.031540898751016122e-01
2.069935988034612151e-01
2.022173432038886498e-01
2.040146647465116980e-01
2.039064049151411429e-01
2.046688977421983191e-01
2.057007738764638494e-01
2.027468355487828666e-01
2.030370806261528882e-01
2.130599252680919209e-01
2.045782346055465273e-01
2.048818371265411498e-01
2.075952046847272248e-01
2.076348107799872444e-01
2.186480645787938770e-01
2.124755987352107134e-01
2.054258104561579312e-01
2.038833209827247694e-01
2.046185340735067471e-01
2.082967534024236789e-01
2.051674860621021113e-01
2.027789808677482597e-01
2.027664725440854188e-01
2.076626020752767865e-01
2.036347723365382612e-01
2.026789232184730005e-01
2.039357035397621754e-01
2.207017272710740663e-01
2.073985641420171555e-01
2.041574247543506415e-01
2.063946434199630531e-01
2.026026504936156158e-01
2.075425707079492921e-01
2.047506392573389122e-01
2.030097160906231823e-01
2.060948629518051800e-01
2.135829062371399356e-01
2.035058829418054382e-01
2.034650140374004434e-01
2.034447469327627378e-01
2.048901783200813287e-01
2.062686421931349545e-01
2.049114640084329364e-01
2.202397178947270162e-01
2.142880739380312038e-01
2.028905796174763632e-01
2.035297233943487993e-01
2.021310679636824370e-01
2.016625360080991913e-01
2.034632654084403969e-01
2.040410313988203772e-01
2.034946172054600821e-01
2.129044030552303124e-01
2.021248174657868379e-01
2.060750612730878895e-01
2.134214769010664703e-01
2.046927131054236126e-01
2.101646507544825959e-01
2.233920395638058776e-01
2.039750827154072077e-01
2.066679603447213187e-01
2.076593384142874366e-01
2.064931840131290497e-01
2.046628363383371230e-01
2.037625850654571358e-01
2.481758566541543976e-01
2.064040626837923276e-01
2.052253001903459051e-01
2.059589036112513538e-01
2.023136524849084295e-01
2.113100531760957745e-01
2.025324984973274345e-01
2.028696491103987587e-01
2.059013915408060558e-01
2.146414934897795390e-01
2.152331269066756758e-01
2.051843880480841154e-01
2.062596881440409147e-01
2.042138403840328686e-01
2.082173686521191225e-01
2.055062732526884983e-01
2.041607980139113765e-01
2.119685483438866758e-01
2.192117644693853118e-01
2.022627963631034032e-01
2.052817428012903012e-01
2.231347437009958690e-01
2.037966564962482019e-01
2.054605609349946793e-01
2.062330273154288351e-01
2.210521575963258212e-01
2.053942378549938608e-01
2.101891949329593723e-01
2.140041833710077113e-01
2.161261689371474226e-01
2.059945318328608721e-01
2.027024955795871108e-01
2.064901403596284823e-01
2.050198321452851025e-01
2.109110203555844831e-01
2.051738246399909260e-01
2.072438098008797247e-01
2.057106367875991271e-01
2.044216330987425334e-01
2.036072543537851554e-01
2.025261859972724843e-01
2.039380975976463339e-01
2.059149939598364787e-01
2.042798982316391121e-01
2.061035288825449896e-01
2.083939741642119314e-01
2.071208859699253391e-01
2.064417960100206895e-01
2.030328915190423300e-01
2.033888677348422991e-01
2.044664656543955517e-01
2.043713452219493021e-01
2.060594135411540073e-01
2.061970904504471236e-01
2.037894718459787868e-01
2.034224541035125344e-01
2.043814439026845065e-01
2.040457366253523031e-01
2.077144074837876941e-01
2.060453482111138102e-01
2.059238688107962734e-01
2.043249675564162149e-01
2.034113967865837369e-01
2.049352015137018423e-01
2.048279726384339139e-01
2.053131831128643670e-01
2.027726197004492970e-01
2.075501310341500427e-01
2.042577706379766767e-01
2.051242506122045728e-01
2.177402855089159428e-01
2.107746320321328970e-01
2.045422393155231777e-01
2.032634347842343092e-01
2.073221327476982845e-01
2.046196222504094719e-01
2.025803967923087701e-01
2.042635322705191603e-01
2.041841051163645060e-01
2.025212164621486011e-01
2.047039916445508867e-01
2.060842649387686354e-01
2.031488350731898429e-01
2.050884957148127186e-01
2.074288981005266153e-01
2.033355362441996994e-01
2.042973774514171836e-01
2.075391839801179472e-01
2.033899431119038648e-01
2.057753472056670918e-01
2.151970786634446187e-01
2.078507438562091914e-01
2.057345627579810210e-01
2.104299710519703936e-01
2.150636241378438562e-01
2.081851033886035207e-01
2.053400074690305555e-01
2.024279953353221861e-01
2.064690400245783597e-01
2.077169992661963283e-01
2.056859399335060901e-01
2.074011137857740827e-01
2.083495277512615040e-01
2.054668558848133930e-01
2.044307064695290999e-01
2.047343847959423868e-01
2.150632329958064304e-01
2.047058314803086032e-01
2.138536410390287357e-01
2.037719569078818016e-01
2.069357256889046703e-01
2.057006307412708457e-01
2.032406714066364306e-01
2.030175806512761472e-01
2.052216639600829839e-01
2.125278956110119022e-01
2.052156387883765365e-01
2.077882923529072723e-01
2.025639361660104831e-01
2.028629910589151153e-01
2.182469841915202213e-01
2.147123257161354659e-01
2.032750671580237922e-01
2.014511090593316678e-01
2.037225133891674700e-01
2.054920298678861723e-01
2.029047456164493612e-01
2.062372894476894869e-01
2.052202909314817525e-01
2.035473754508954902e-01
2.038881247860552803e-01
2.100276895612902817e-01
2.122555323270969296e-01
2.043665369756372807e-01
2.030495947306161231e-01
2.033309495137720357e-01
2.033399666852942211e-01
2.035802834924028692e-01
2.074974341396591537e-01
2.035757542511534013e-01
2.077119468796490565e-01
2.036974672273147713e-01
2.045844858506539465e-01
2.053909643053054013e-01
2.026331943688246262e-01
2.015111969592222052e-01
2.126818030107252566e-01
2.038191806741647405e-01
2.060651387545904545e-01
2.145956077747963597e-01
2.033892150534734322e-01
2.034121335659375140e-01
2.122538616687351387e-01
2.018821235099661493e-01
2.032040910796391042e-01
2.058937520843392155e-01
2.016594994449938116e-01
2.030278953555735288e-01
2.060043517782219058e-01
2.049783408609859303e-01
2.086326326617482241e-01
2.039018278545759733e-01
2.041405639282713458e-01
2.025065081308553561e-01
2.018023486263866018e-01
2.122959938251252066e-01
2.031965813509612473e-01
2.045781425686669375e-01
2.193168773339896349e-01
2.057671935272361863e-01
2.031485291953397387e-01
2.047087516980892197e-01
2.024165017641382514e-01
2.036115278376675608e-01
2.065949569138748887e-01
2.047962808407270130e-01
2.169922735968276284e-01
2.052261213388142103e-01
2.042364495898206789e-01
2.025973294710315675e-01
2.047955038963264474e-01
2.065590081021011770e-01
2.064767933874064598e-01
2.066294154263278171e-01
2.084025454723795467e-01
2.020688557492758275e-01
2.017207981388452476e-01
2.113884747145861887e-01
2.042816616450289502e-01
2.070791636288298321e-01
2.076433520163143975e-01
2.047662813548412619e-01
2.131163953836691105e-01
2.035128612125253478e-01
2.098072700589070361e-01
2.049593442809757582e-01
2.057058422045602020e-01
2.055947768452398017e-01
2.103737497030860881e-01
2.031301819354621174e-01
2.041159632636005139e-01
2.028728746922340287e-01
2.066921751535397700e-01
2.035821106590245400e-01
2.041021454128580936e-01
2.028754084947788361e-01
2.196477399006513398e-01
2.037532464077851380e-01
2.061085180784841819e-01
2.113479136165507533e-01
2.025564254089332883e-01
2.231420738367527745e-01
2.089609922930356911e-01
2.079942094351496795e-01
2.132263425353670971e-01
2.035130609788958211e-01
2.106237023564717648e-01
2.039709605339558030e-01
2.047679234732476539e-01
2.055412565212327569e-01
2.055456201724012444e-01
2.164963406220273556e-01
2.051380909536259511e-01
2.031278769520128702e-01
2.236220553875299111e-01
2.057469716298201412e-01
2.131863883794541947e-01
2.042450783055306807e-01
2.027727978864937441e-01
2.042513582580425535e-01
2.062889886516382776e-01
2.029868592457878818e-01
2.033301446850043770e-01
2.042615056457849909e-01
2.024032033465149316e-01
2.076051555832776341e-01
2.043487944063060169e-01
2.123438435345408604e-01
2.029246635959250367e-01
2.075264661898151841e-01
2.141285470202740626e-01
2.156072262413910867e-01
2.173773488322020830e-01
2.037936040112715841e-01
2.067314269240648761e-01
2.057222045960355739e-01
2.050094940019783485e-01
2.051886485951298633e-01
2.130472503044986698e-01
2.053095765845074361e-01
2.034999277415660834e-01
2.038033176514043865e-01
2.051407190437439243e-01
2.024948884475309963e-01
2.057006446301458680e-01
2.063654106489513085e-01
2.026918087201234342e-01
2.080591176375920504e-01
2.072172182605771518e-01
2.072159433941691831e-01
2.057437755620692976e-01
2.032709022888813388e-01
2.050809544893081870e-01
2.070132144049462164e-01
2.044212125496411570e-01
2.080393500937095519e-01
2.028169853972809911e-01
2.046840974217306874e-01
2.021412834600168351e-01
2.084652189622431817e-01
2.037469326511141821e-01
2.039758095751919853e-01
2.105879452161788512e-01
2.069896901787200705e-01
2.038258992062956521e-01
2.102955075560516418e-01
2.028005686821891251e-01
2.032297803927155533e-01
2.043632141105927169e-01
2.057231803194006226e-01
2.064718232660992803e-01
2.109426432154487829e-01
2.085765214078081908e-01
2.051480549065960723e-01
2.068993726509078257e-01
2.050213033819913988e-01
2.039413760791970454e-01
2.031847808386105236e-01
2.083873173765542486e-01
2.042554798165784335e-01
2.020738576490265781e-01
2.112650272308187471e-01
2.058831857497549489e-01
2.042031721413105350e-01
2.218151267678862282e-01
2.032256922970393509e-01
2.036766734109922150e-01
2.142558219737208669e-01
2.054150908777213347e-01
2.045184074939668251e-01
2.197759257912450526e-01
2.082373995081641394e-01
2.013910936538795271e-01
2.040296366565439723e-01
2.058226046521156871e-01
2.019377906479816742e-01
2.049319249859433978e-01
2.088165978236590503e-01
2.134176057170426022e-01
2.196060660701845413e-01
2.074363741895790259e-01
2.112366836275897664e-01
2.238614327658610959e-01
2.029565372162836223e-01
2.054135538241245729e-01
2.060140736884349955e-01
2.025846193386933169e-01
2.051086054306914819e-01
2.052161735092886963e-01
2.038954042452131576e-01
2.092441791935595319e-01
2.040464784281649513e-01
2.087873582886932700e-01
2.058648860492734156e-01
2.029816728388873504e-01
2.029466778583201847e-01
2.056034164478609816e-01
2.061514162435408026e-01
2.073271461141363015e-01
2.130703069930274252e-01
2.037183342509753248e-01
2.041577819201965127e-01
2.010909303751636512e-01
2.128068608706311926e-01
2.075384475055179756e-01
2.024991214490574343e-01
2.040932275511793681e-01
2.031089873238160481e-01
2.051586353088831749e-01
2.045189108122817678e-01
2.023758010722822853e-01
2.081387680763603643e-01
2.039537347207126261e-01
2.030228921039929912e-01
2.089212021155995858e-01
2.040779518615295496e-01
2.041733817983322208e-01
2.049175625599708173e-01
2.054460310738684681e-01
2.027531304421858471e-01
2.061836735039368762e-01
2.070688922134778231e-01
2.034111421637401773e-01
2.082681324231669129e-01
2.065370630895684290e-01
2.294365291326197764e-01
2.026183571439081621e-01
2.023562445466614845e-01
2.050254953262670155e-01
2.178079828629749526e-01
2.030150764859051660e-01
2.039679776882581674e-01
2.095106195031133378e-01
2.016147916100261006e-01
2.174629754620991395e-01
2.173082237052960108e-01
2.036122060862129712e-01
2.027497205991402318e-01
2.044821391885175699e-01
2.158809338118540255e-01
2.046204008081422276e-01
2.024634398189347206e-01
2.051749927014334396e-01
2.056897568867828707e-01
2.055704806751889324e-01
2.029671092498470109e-01
2.099324821949207776e-01
2.039882744083264254e-01
2.042096811746017815e-01
2.038730031473323656e-01
2.045919655264689663e-01
2.123974603524242111e-01
2.099023339604216276e-01
2.041071789962153604e-01
2.092808118495005920e-01
2.181683909903641139e-01
2.011952722031365437e-01
2.039129832030692202e-01
2.059195955018896518e-01
2.055739146739948842e-01
2.048820523628276935e-01
2.037226808024265312e-01
2.066138873736151627e-01
2.049707195697943740e-01
2.069022203933489346e-01
2.030162736459776018e-01
2.042327225218653619e-01
2.047331159277457902e-01
2.053963543267722791e-01
2.057468597925906362e-01
2.262939391637549258e-01
2.032393659146213838e-01
2.040955030197669773e-01
2.052605293061996183e-01
2.214987273987297778e-01
2.107235133185563769e-01
2.039653474519300680e-01
