1.843877221813408074e-01
1.661833461593124339e-01
2.135401495378934922e-01
1.623232149591468387e-01
1.676856416478254286e-01
1.635721478449310151e-01
1.879583584469982360e-01
1.705422353920817979e-01
1.802962878980069461e-01
1.611779149360895724e-01
1.847337530991661481e-01
1.605088607923622901e-01
1.376160929681992384e-01
1.890695912901934617e-01
1.810543075584719330e-01
1.662150845774192087e-01
1.751364234565269407e-01
1.576783071605337705e-01
1.545390195348198825e-01
1.607499011767126174e-01
1.564966374044979847e-01
1.737350242332666161e-01
1.490128198299524864e-01
1.797534584476004060e-01
1.580954281928996508e-01
1.693762674582351135e-01
1.498665519718220818e-01
1.775553921243523958e-01
1.736354180383767321e-01
1.694258668988872507e-01
1.745334409218055327e-01
1.599087786285280921e-01
1.706606079333390924e-01
1.651381267496282168e-01
1.674131712625063495e-01
1.645693131015794619e-01
1.384929028490763381e-01
1.678463670317066891e-01
1.810537385729555915e-01
1.588187835731663944e-01
1.628495104863971754e-01
1.814529619452724118e-01
1.596733666540142427e-01
1.678710265661157719e-01
1.702519544820761399e-01
1.463387121748205844e-01
1.546674491576904564e-01
1.743960451679288370e-01
1.662282068586901362e-01
1.662727117843181279e-01
1.467343113802070387e-01
1.554542704459633828e-01
1.560658638496289219e-01
1.714259775786623752e-01
1.652956511863207800e-01
1.986963416520695913e-01
1.677797825392668141e-01
1.574334908353790807e-01
1.625574964534705902e-01
1.663714669455132744e-01
1.509446149880955268e-01
1.639070168262677651e-01
1.756126611478626698e-01
1.733741634286168343e-01
1.688345225870295230e-01
1.669409480984072602e-01
1.757796478342007473e-01
1.902761037329122606e-01
1.469810815827207739e-01
1.765594091309195535e-01
1.552094251182914719e-01
1.744467298508604602e-01
1.727764571568488061e-01
1.569856592710594245e-01
1.635454670831494872e-01
1.671205332587137604e-01
1.650907047423778307e-01
1.379569324286346044e-01
1.476127207823031973e-01
1.496514735458928103e-01
1.747061931837967652e-01
1.654664270358442157e-01
1.805191987019729993e-01
1.761048078484136747e-01
1.654061628895179548e-01
1.652570993550825373e-01
1.636858289856612525e-01
1.692582521763290604e-01
1.606126174413204655e-01
1.567895347916938298e-01
1.804550119811890452e-01
1.545819296916817465e-01
1.581435488722070515e-01
1.439027875377416332e-01
1.853092830143572012e-01
1.732540637142705731e-01
1.490465618590423869e-01
1.711991811231745875e-01
1.518056053024138541e-01
1.624778806090723948e-01
1.558491039283907142e-01
1.715182056774279817e-01
1.715592648728345160e-01
1.915450955056108018e-01
1.402370024116904590e-01
1.840074631985413600e-01
1.818846898723679439e-01
1.615570704491862963e-01
1.799697062413961601e-01
1.649754113404092726e-01
1.330269578000582431e-01
1.798962396139811570e-01
1.811572197358156944e-01
1.495603777856749639e-01
1.514559213563461959e-01
1.806236609318297714e-01
1.608951470669772732e-01
1.419535017064091631e-01
1.805050728334461618e-01
1.410261095196456982e-01
1.665444912476700956e-01
1.614265373814380289e-01
1.450529895180416584e-01
1.636151641287785230e-01
1.566500522462382083e-01
1.690049739828406172e-01
1.738879818923726728e-01
1.659387021743098656e-01
1.468359531797380491e-01
1.800808974507380755e-01
1.547917715170742670e-01
1.591641115458120592e-01
1.528582088371809034e-01
1.556797736638174390e-01
1.547184496766563777e-01
1.619555804950644218e-01
1.665852135828532754e-01
1.840032051017739256e-01
1.858681445820457023e-01
1.471353358713217430e-01
1.834436951081282741e-01
1.732843997290727522e-01
1.551900147806334063e-01
1.535936999658188418e-01
1.510451591869663435e-01
1.523479429889307013e-01
1.712575084396121827e-01
1.508671739654065258e-01
1.807012669858530651e-01
1.496855779369710426e-01
1.729054074521557960e-01
1.522204878981662513e-01
1.651083534333260827e-01
1.613677327688124163e-01
1.567317357798189703e-01
1.542690670101286299e-01
1.683642191577326974e-01
1.600731845787251861e-01
1.542229527763916697e-01
1.807947307851129060e-01
1.804551278621615018e-01
1.800297793843682881e-01
1.695092359749595934e-01
1.879302700284566641e-01
1.488542580440175844e-01
1.694278929585348037e-01
1.650484462762616955e-01
1.566667279679039571e-01
1.550319556314547487e-01
1.714632673890181813e-01
1.811483244037019325e-01
1.648649604581440831e-01
1.551670091858937117e-01
1.619281850623597308e-01
1.532735497210538089e-01
1.673993859934048145e-01
1.604457795244398355e-01
1.815465232168728127e-01
1.827678716598075404e-01
1.565772193764608244e-01
1.659069229396814282e-01
1.498626170451841100e-01
1.706448112855172838e-01
1.632196745659902082e-01
1.467775921748784018e-01
1.523599389821312100e-01
1.928880688012640232e-01
1.627535499910760242e-01
1.559937810999390273e-01
1.834084170298261596e-01
1.462098077551857445e-01
1.443014034796977763e-01
1.611547262815754555e-01
1.481882321197523777e-01
1.727184497961285758e-01
1.553135214716467316e-01
1.465725918483935242e-01
1.721554617306548240e-01
1.718977499800072306e-01
1.518023226867150077e-01
1.514969709203846104e-01
1.620594970259772449e-01
1.616827437915823451e-01
1.579587933427613888e-01
1.652902277766081229e-01
1.612681079224994318e-01
1.786896363335861715e-01
1.569634411640918326e-01
1.678951728517185105e-01
1.942088036208711177e-01
1.781812769664465057e-01
1.711411807687298892e-01
1.704122394885444480e-01
1.618753635395560331e-01
1.653210245517117705e-01
1.462502562163494890e-01
1.559666682249400416e-01
1.858847735750762953e-01
1.729924313405763747e-01
1.720123434823033204e-01
1.629420509236909342e-01
1.555390212647390635e-01
1.438412651611503390e-01
1.712095966815904979e-01
1.717088082594296627e-01
1.704882995886800590e-01
1.642817564596403268e-01
1.627160263056222356e-01
1.674072063201414717e-01
1.537968254169601034e-01
1.565717497085443999e-01
1.516964159815377966e-01
1.612519637910345971e-01
1.684865008621632410e-01
1.622485647091062022e-01
1.573862427906953243e-01
1.684811948238312262e-01
1.685671391858355461e-01
1.551604359019100876e-01
1.746262587122335008e-01
1.688204012902455586e-01
1.759176828805658621e-01
1.562431285237950163e-01
1.699584800388393158e-01
1.722587561649407129e-01
1.637189294919780824e-01
1.798355645200220565e-01
1.678411949081048959e-01
1.732992825876933929e-01
2.001010298332814019e-01
1.543836287039960786e-01
1.710605324354464996e-01
1.560355654167697725e-01
1.488191797482183998e-01
1.678118360002678888e-01
1.605585568989646716e-01
1.544366391173621622e-01
1.678840335953732110e-01
1.775253186761084623e-01
1.416133907056426888e-01
1.686772015568965000e-01
1.741021318722989764e-01
1.678730802458771321e-01
1.567909931053905748e-01
1.446602669799148255e-01
1.600593111728967899e-01
1.585193731081688262e-01
1.545810514573269234e-01
1.820550628012324312e-01
1.713371941539642562e-01
1.609176932176296926e-01
1.773284718169912677e-01
1.669826729893759687e-01
1.599482220701481383e-01
1.705873961853027754e-01
1.546369033870475251e-01
1.567472157168936508e-01
1.676568917801383729e-01
1.682821865887159929e-01
1.724289269737125097e-01
1.603394011553852805e-01
1.730459634726419782e-01
1.843619584998856809e-01
1.757298033944285631e-01
1.687053707838379324e-01
1.836717906891465746e-01
1.579202563772542922e-01
1.638613955607914063e-01
1.513891011036202494e-01
1.651808544131496970e-01
1.715141822611104538e-01
1.934252972638071388e-01
1.646629148576799762e-01
1.735609415755022811e-01
1.639832419700710253e-01
1.482034925867525832e-01
1.801572554734991727e-01
1.499546395809953359e-01
1.510693490782598347e-01
1.516483897514371293e-01
1.763226215143480768e-01
1.389800486294958115e-01
1.548512898036630836e-01
1.816817406191433837e-01
1.555819174307728203e-01
1.487706788096998523e-01
1.651477241434188559e-01
1.599252706242104971e-01
1.828542019333871393e-01
1.629421914583549236e-01
1.477993695865914281e-01
1.696336659243320999e-01
1.730187843552402627e-01
1.668424057011909101e-01
1.810136696116183552e-01
1.638622214420882295e-01
1.495625845885832916e-01
1.486637809780879671e-01
1.653235730959240202e-01
1.608575436778384160e-01
1.554873050016863101e-01
1.501790122839388175e-01
1.511496036182385094e-01
1.707858750396803460e-01
1.647121495688513571e-01
1.684236378925560162e-01
1.885021419090842087e-01
1.518631935734219562e-01
1.758381649172167382e-01
1.310510960287744053e-01
1.606745786150839683e-01
1.533451555344667872e-01
1.797984372478800830e-01
1.721911744592880267e-01
1.535739185511186267e-01
1.524387157574372542e-01
1.598051691229971927e-01
1.434989916523364550e-01
1.505319059151768724e-01
1.551651029503985091e-01
1.662772494496428666e-01
1.503294463919726542e-01
1.783711844139535263e-01
1.501125834157628069e-01
1.669655731466365700e-01
1.479694836842455063e-01
1.861776719002974645e-01
1.575792108535277458e-01
1.476457301854970650e-01
1.678950923169515996e-01
1.569457649358099727e-01
1.573632340022476095e-01
1.720810763178643454e-01
1.561425250291301470e-01
1.880670427747633822e-01
1.647373032812333993e-01
1.636981973672633206e-01
1.605792208501970186e-01
1.507215149573798707e-01
1.771482346644549510e-01
1.571015425198820370e-01
1.948658644632676462e-01
1.712971461807887286e-01
1.886037155138278743e-01
1.898798744821406093e-01
1.824497014976756148e-01
1.414257141399583584e-01
1.686083014772173649e-01
1.759282553757472722e-01
1.672013116171397751e-01
1.594853345572734282e-01
1.827945324542706862e-01
1.796553279356569721e-01
1.387813715780682744e-01
1.579543434543957403e-01
1.632803240858211047e-01
1.736968142598617759e-01
1.564772589388417345e-01
1.610155343532643779e-01
1.604994720107617012e-01
1.564455692878189419e-01
1.452828127789020374e-01
1.492402297071964423e-01
1.688055465986434134e-01
1.733834132846874265e-01
1.705148807624598528e-01
1.608683842728062807e-01
1.640916464500391803e-01
1.500951491675982241e-01
1.784675767792931189e-01
1.494903027494241810e-01
1.868256295693833113e-01
1.692434353520707313e-01
1.752410196684639765e-01
1.678856185244667898e-01
1.821736359401471550e-01
1.530698749639100575e-01
1.699237990943590071e-01
1.456699343243893774e-01
1.620706281923019743e-01
1.643551668951224731e-01
1.552207403307120093e-01
1.715797153197118341e-01
1.993245632231802345e-01
1.736024484746878649e-01
1.665279936389077731e-01
1.560291672145218966e-01
1.521999945609116278e-01
1.350029029626950705e-01
1.612061711164126110e-01
1.798736955472545196e-01
1.633291162078810699e-01
1.523302805093513512e-01
1.716719513581791701e-01
1.522758719871872279e-01
1.541166054752776404e-01
1.689596196965113817e-01
1.765332199427420701e-01
1.496092653474529466e-01
1.465068733545613899e-01
1.515112438749399160e-01
1.497160301640839408e-01
1.670734856523555245e-01
1.664367959154406662e-01
1.403431058642735096e-01
1.440543459463689002e-01
1.756764916990375403e-01
1.635488792520588264e-01
1.513456297696066377e-01
1.666729247705091843e-01
1.723376883068796217e-01
1.620882375351262727e-01
1.470520392919592301e-01
1.729972716488627216e-01
1.660759874150447568e-01
1.716665060126964237e-01
1.655953609641199198e-01
1.793437586682895546e-01
1.974260921136326563e-01
1.598361821475610955e-01
1.716609994705633468e-01
1.551665380753229351e-01
1.613017887875807799e-01
2.025609760621921440e-01
1.564684593501339815e-01
1.525741707244208101e-01
1.809626673288726451e-01
1.556565125304657238e-01
1.649325905950224658e-01
1.735674323414745923e-01
1.473416357838106261e-01
1.806360685844025094e-01
1.658339373634579450e-01
1.633353880672277214e-01
1.720598575068958136e-01
1.477371001188322042e-01
1.670890665387258500e-01
1.718341093720853197e-01
1.647843268881356849e-01
1.703758283177179145e-01
1.884588308743588014e-01
1.762418706388630962e-01
1.595783219249297114e-01
1.593996616984106052e-01
1.591654918470681579e-01
1.835220965583144181e-01
1.631322253072430839e-01
1.491953506981546773e-01
1.775936987931702460e-01
1.686177108066092833e-01
1.669313259730113574e-01
1.674235867153915092e-01
1.373446488216082950e-01
1.600955994349510525e-01
1.876975511507630312e-01
1.650033020153056085e-01
1.445901182697480747e-01
1.793488945991810191e-01
1.613275296452091057e-01
1.741775655135661682e-01
1.737359038679119894e-01
1.552507329385153789e-01
1.574746183002965205e-01
1.694803695211302974e-01
1.766518497646533403e-01
1.560357894897038689e-01
1.622446261675197232e-01
1.593331122929134980e-01
1.717674059871749648e-01
1.658836881831629029e-01
1.716733038406622613e-01
1.612109330472246693e-01
1.685197013358856188e-01
1.590191663644292541e-01
1.556107700453628340e-01
1.607338776029730021e-01
1.565944763154804298e-01
1.629527710151889297e-01
1.527884076910084876e-01
1.916160874930653846e-01
1.722038691317838710e-01
1.781743617896670850e-01
1.424394118589668023e-01
1.648549309181368272e-01
1.529528661520223598e-01
1.540152402855055058e-01
1.682337596731881546e-01
1.723534081119713901e-01
1.464063958452513081e-01
1.708148654146031675e-01
1.839314180646028085e-01
1.551115780709264313e-01
1.809952872574085436e-01
1.729888903873638417e-01
1.751808218018690577e-01
1.659164036379064122e-01
1.591549737681245691e-01
1.423522663096652430e-01
1.740580197923006500e-01
1.543907905589101404e-01
2.024790855063762496e-01
1.550297860803670491e-01
1.638934715763332439e-01
1.620067817788234943e-01
1.692780197861151470e-01
1.471229794810122171e-01
1.592855361792291091e-01
1.745067118634984760e-01
1.554450898420277616e-01
1.841444999661285276e-01
1.604938273868336263e-01
1.755068764960668048e-01
1.548140490347775788e-01
1.530392470827383056e-01
1.568737552761545195e-01
1.711608451294591438e-01
1.651503412723882569e-01
1.643763189389488566e-01
1.603727930501590571e-01
1.508381240793173483e-01
1.453545014195488649e-01
1.856527300158590521e-01
1.733479199154792094e-01
1.530015579765640898e-01
1.684914078364780632e-01
1.521552773850538831e-01
1.412448239275594097e-01
1.407093448615443776e-01
1.669377201335036642e-01
1.720515856705901736e-01
1.471376546339006053e-01
1.579360602848573492e-01
1.630980507489962206e-01
1.627696715954806139e-01
1.497752863610699314e-01
1.601017711405399169e-01
1.523506174677948799e-01
1.760125008094476640e-01
1.618766558977208225e-01
1.563173597147908822e-01
1.491128536199859411e-01
1.464156488391937516e-01
1.596348994226814699e-01
1.448712889210779509e-01
1.653223407588643168e-01
1.686860457679110192e-01
1.907606064209404761e-01
1.597410576349599098e-01
1.560635817608754805e-01
1.708796101745852503e-01
1.750317034052620013e-01
1.692211985473395797e-01
1.777332874967182397e-01
1.653264791049212923e-01
1.808552643339360055e-01
1.536056759335434341e-01
1.783289957976936513e-01
1.783759449720956347e-01
1.811235109623300921e-01
2.139456356119583680e-01
1.514607258459457484e-01
1.733026005838743944e-01
1.412282692976076226e-01
1.652549766343574256e-01
1.544396783960413633e-01
1.783028508754821440e-01
1.780168111951702659e-01
1.782980655595453323e-01
1.561327823745351229e-01
1.574454871112269949e-01
1.634698241411567388e-01
1.682377444643506914e-01
1.423002397536433927e-01
1.425321260185714312e-01
1.581372620544190810e-01
1.540457124932043675e-01
1.892815227683633528e-01
1.631064645859068574e-01
1.452539420722727681e-01
1.643417850025566118e-01
1.784775687889739726e-01
1.607604842343159368e-01
1.782045016820865690e-01
1.597978713312667720e-01
1.752283244436401433e-01
1.634803202357356655e-01
1.700655082741492630e-01
1.680269371531484535e-01
1.517063367209183222e-01
1.941532438158155294e-01
1.696979019185291815e-01
1.690295579279589844e-01
1.507297331277446528e-01
1.678070269753893229e-01
1.629094717112121726e-01
1.511599114958568635e-01
1.674747295656597856e-01
1.978716180416946191e-01
1.788775284071740523e-01
1.694785864808277531e-01
1.576107738587573803e-01
1.702316344939969750e-01
1.562382040327120469e-01
1.849208442922280204e-01
1.802742017015412090e-01
1.616613929315590392e-01
1.648234925987256405e-01
1.753158520367373296e-01
1.625330123223874823e-01
1.604361732498786330e-01
1.541518683607945861e-01
1.600917525455601842e-01
1.750275937132029780e-01
1.575528500459495163e-01
1.370326833092242735e-01
1.676620707308374147e-01
1.747702777669334073e-01
1.766998711458205307e-01
1.560566718193450997e-01
1.446659605472224441e-01
1.650202107648830463e-01
1.703747788139461650e-01
1.649694485504151487e-01
1.588990374057154265e-01
1.600449892608109548e-01
1.566644579449951169e-01
1.556888578575417736e-01
1.587756159307788240e-01
1.779035295765957203e-01
1.725912136891047666e-01
1.558303460113371064e-01
1.601832580403154682e-01
1.512493451193877569e-01
1.549208291936462478e-01
1.926823831976196000e-01
1.589312193616644608e-01
1.737216024181555685e-01
1.419578803707729209e-01
1.692752133072110143e-01
1.598644016640301535e-01
1.577098746560462450e-01
1.540562659878523810e-01
1.497887106097623433e-01
1.571854669119969738e-01
1.798930435850925325e-01
1.614264967470981360e-01
1.765165168364237203e-01
1.389837460831323535e-01
1.611388375475153734e-01
1.503402812920705267e-01
1.670501882397129323e-01
1.927685053266333659e-01
1.592567397574436994e-01
1.885087641696016614e-01
1.615136729511070790e-01
1.616472473396798337e-01
1.477680218750608565e-01
1.816223016025724779e-01
1.732874885576493607e-01
1.774865123093476438e-01
1.933009232341970363e-01
1.550693326864722443e-01
1.694642325509961855e-01
1.569988707219494850e-01
1.540006185860942622e-01
1.693695557338837643e-01
1.664062525812220472e-01
1.576485984852957212e-01
1.600317355950696130e-01
1.768274843729763235e-01
1.668446404942529049e-01
1.714442610406586298e-01
1.588818552796080752e-01
1.763945195703360558e-01
1.761431091273829574e-01
1.535244370641600242e-01
1.691664991525475836e-01
1.510322460589119675e-01
1.643623883641314454e-01
1.459737875189071610e-01
1.595976442653574967e-01
1.701139252627595633e-01
1.544892076215266530e-01
1.605557153443573359e-01
1.470103520652135676e-01
1.724496168866347379e-01
1.502904579777619432e-01
1.635611041277447997e-01
1.621635736168636488e-01
1.649442001992982854e-01
1.614557757495891643e-01
1.469335694289749250e-01
1.630545996245826301e-01
1.798525679645594233e-01
1.820821789660363177e-01
1.767166136859107950e-01
1.523212513810844049e-01
1.520178498757023267e-01
1.790756507060736469e-01
1.823812297409074246e-01
1.605189793192753345e-01
1.783739057168615694e-01
1.526927213958980400e-01
1.664452329758623061e-01
1.531064574897593733e-01
1.574119645520951072e-01
1.443467490693864097e-01
1.592389850159357800e-01
2.058895866893148963e-01
1.575329735377252460e-01
1.663594092257489332e-01
1.583355585713470404e-01
1.730537491741208356e-01
1.784425289798750591e-01
1.710416607716760407e-01
1.637103066909662008e-01
1.421715652290054255e-01
1.460348238460464354e-01
1.772249927427545779e-01
1.465726351520079129e-01
1.629283936353463080e-01
1.668049019326347249e-01
1.599986183714473265e-01
1.875066765161634008e-01
1.543848289492056880e-01
1.600794040926109274e-01
1.609268610416327294e-01
1.688792718914487179e-01
1.463029459072465177e-01
1.563368845026092135e-01
1.525888323197754637e-01
1.542580664647302813e-01
1.698114220072220459e-01
1.732869836350839909e-01
1.688642669807264018e-01
1.632583239147659127e-01
1.770094930642743813e-01
1.741420429748620768e-01
1.430538557852022441e-01
1.671590012180950435e-01
1.460723854983425885e-01
1.617015276007296720e-01
1.715806402573541167e-01
1.810640541433138906e-01
1.712879394284916312e-01
1.815776584516962944e-01
1.506230809565782813e-01
1.592724328931663103e-01
1.610671342361608416e-01
1.577373814545349473e-01
1.707067479866275217e-01
1.542323455599730608e-01
1.719764918087105521e-01
1.696951388809608274e-01
1.611868685170650128e-01
1.889360232125998906e-01
1.633078315802656832e-01
1.808541603939209375e-01
1.638759218028784659e-01
1.782430784887417408e-01
1.680437727159904138e-01
1.491247774223390110e-01
1.597928525457384397e-01
1.718442672531853288e-01
1.814703417769056304e-01
1.751302803079936299e-01
1.484647937303489318e-01
1.698706736918778049e-01
1.583340462751108291e-01
1.548000983388681251e-01
1.642266965039359539e-01
1.647965679638313807e-01
1.528147264361550128e-01
1.566601637494788035e-01
1.549337200322096764e-01
1.955022671815614399e-01
1.617401917522985344e-01
1.776506952389672600e-01
1.548335053730831301e-01
1.861986857571622522e-01
1.735388206105191733e-01
1.656438526201693684e-01
1.712661937921428901e-01
1.668282952120996587e-01
1.554684013430371881e-01
1.524111585816426140e-01
1.499960242768583474e-01
1.806417738492184788e-01
1.592769950084257646e-01
1.555351453880187418e-01
1.659025175132528840e-01
1.567001654249234599e-01
1.697630789737668844e-01
1.776336289115190981e-01
1.565309583801324789e-01
1.869764282011513734e-01
1.795937181061098842e-01
1.686116706899063733e-01
1.609845835522374924e-01
1.734291690070642877e-01
1.569750619530666247e-01
1.736630866184666611e-01
1.654837623907323418e-01
1.656878028997560703e-01
1.563155869127539066e-01
1.580255877881774629e-01
1.496962024050493278e-01
1.473346758331760264e-01
1.537738797677776770e-01
1.688275726378785646e-01
1.697245102794403271e-01
1.535553792579908428e-01
1.730671549870160530e-01
1.449161787332377549e-01
1.571217954258028737e-01
1.478231406591206387e-01
1.561787545409166478e-01
1.621319877933659614e-01
1.645568426522356353e-01
1.394922598059086249e-01
1.630823106137941902e-01
1.724428316509127590e-01
1.733955439169351243e-01
1.479273570704558172e-01
1.532500145235055067e-01
1.559954483965846905e-01
1.592091922920763625e-01
1.761201038279842090e-01
1.649259848392493899e-01
1.674875795700822567e-01
1.496830727201309275e-01
1.626979986777390697e-01
1.646070456437711271e-01
1.729309018767790640e-01
1.577548626713522473e-01
1.890906325945799493e-01
1.562606896309609583e-01
1.598755119814433689e-01
1.522043335170302214e-01
1.559502898339739929e-01
1.799437702632368519e-01
1.499993762070105097e-01
1.704116214469484358e-01
1.662560957908177928e-01
1.733106548039520522e-01
1.461294353142029157e-01
1.429022308553107856e-01
1.500831718586952690e-01
1.727924826816929771e-01
1.381536179745191106e-01
1.685393594820054353e-01
1.609403060086805337e-01
1.518980875009113274e-01
1.640589366593095122e-01
1.779662956923825923e-01
1.633327212418285990e-01
1.711261767046030613e-01
1.495861160114667354e-01
1.831296757239360695e-01
1.731750208735537699e-01
1.521842970265931683e-01
1.573734868056901881e-01
1.635543744327624671e-01
1.543906228192072072e-01
1.852935724367976156e-01
1.669666208960047526e-01
1.574975786312700909e-01
1.607053754734350526e-01
1.760858016901107048e-01
1.834454003476347628e-01
1.665462040180207826e-01
1.668606197332230534e-01
1.508352570963370221e-01
1.653816421640832424e-01
1.707264394533760943e-01
1.780659795874738049e-01
1.642225277623770852e-01
1.758484687992449558e-01
1.666695465735412995e-01
1.672920852958184323e-01
1.555768888223932056e-01
1.597753738262300549e-01
1.594836240789807291e-01
1.589362375937564964e-01
1.877263252059696297e-01
1.643369995246125037e-01
1.588623667224856872e-01
1.854988859817247870e-01
1.681122018419262398e-01
1.949379457937336635e-01
1.397211172751688657e-01
1.606352490603069616e-01
1.520481360229722079e-01
1.466121199047041856e-01
1.773713605941078797e-01
1.725409123568821812e-01
1.450130559231606331e-01
1.631244851104615701e-01
1.806798328538124776e-01
1.670682982010887052e-01
1.839497336050674448e-01
1.792588781133406528e-01
1.762885907486080594e-01
1.444888869055251102e-01
1.509329883610863732e-01
1.849260324929336841e-01
1.821754612865745526e-01
1.570419695996347342e-01
2.076744228348156862e-01
1.525078524532167690e-01
1.741852306195968147e-01
1.603982460112935993e-01
1.643075119819972507e-01
1.702781080601745711e-01
1.493349063570919566e-01
1.569242806573965254e-01
1.546199561559756519e-01
1.659926801465777257e-01
1.555704354666214428e-01
1.588556355162612233e-01
1.611289440136462747e-01
1.574489386886619435e-01
1.671315429680294284e-01
1.722372511292704078e-01
1.785993504019512124e-01
1.840223112992211696e-01
1.779097197126735530e-01
1.496388863519787504e-01
1.554795995214293403e-01
1.532789985922083653e-01
1.854813325347476893e-01
1.674934443601351630e-01
1.725778550873417194e-01
1.524305331643743544e-01
1.777087661510991512e-01
1.644465827347368347e-01
1.793933312939581248e-01
1.751601556715174646e-01
1.416008079846654832e-01
1.910443615023328656e-01
1.486513129918626275e-01
1.768968526227314431e-01
1.848791954456527054e-01
1.681891406693941937e-01
1.565928730040586914e-01
1.740616816440934966e-01
1.561994407647911698e-01
1.585698310426682245e-01
1.942004821238818568e-01
1.837755854709978154e-01
1.675330884387492836e-01
1.656090871960470556e-01
1.749757853935904328e-01
1.741837400064803476e-01
1.435478695667810334e-01
1.777683698190288264e-01
1.796801100221014080e-01
1.607510140310170754e-01
1.737181825327354379e-01
1.520385359620439469e-01
1.843039054104481933e-01
1.694493035768460387e-01
1.657412491313648706e-01
1.595193340684257499e-01
1.581106254268626055e-01
1.568022913250586570e-01
1.602050899242149773e-01
1.417740268418027361e-01
1.648467377558840430e-01
1.558419984991581964e-01
1.499631484007366011e-01
1.682209875995498150e-01
1.711254856914581068e-01
1.651686246042874950e-01
1.562290256852522374e-01
1.696309394777198720e-01
1.806699768232540859e-01
1.407174957404961346e-01
1.592211175956823044e-01
1.636700285662944510e-01
