1.043469864464458441e+00
1.041530961584571369e+00
1.060558153839198381e+00
1.046379466945670300e+00
1.058883125567837258e+00
1.048152170594542021e+00
1.048027171450864881e+00
1.047722421331100717e+00
1.054105525849244218e+00
1.048237768245346535e+00
1.066066446792981237e+00
1.041334032916557906e+00
1.054238308804702706e+00
1.044713459586534388e+00
1.060837235387844579e+00
1.061742407019228951e+00
1.043367011443444126e+00
1.043988279744551884e+00
1.048094427358724934e+00
1.041186156227564608e+00
1.042777791112822205e+00
1.053630965742024861e+00
1.039860863302010108e+00
1.056775948867302972e+00
1.049447769275261289e+00
1.056451029836185773e+00
1.042863466658128013e+00
1.057579962879669599e+00
1.052558002193775710e+00
1.041482295885245213e+00
1.041879084658971832e+00
1.046835364282274528e+00
1.052075897887605027e+00
1.054574879502943929e+00
1.039120237012836068e+00
1.052159930860080417e+00
1.056692454634234668e+00
1.045494700956810075e+00
1.052943669088484802e+00
1.040658624647324837e+00
1.055562138221331159e+00
1.049610256013144394e+00
1.044984393985637805e+00
1.051614818705444820e+00
1.042777524349309815e+00
1.047968512263163454e+00
1.058231718634836893e+00
1.046409473722047290e+00
1.070017206988882918e+00
1.056919532793703320e+00
1.041231477582853948e+00
1.053895020398742943e+00
1.047361462604336602e+00
1.045292267813371145e+00
1.043468011622816105e+00
1.039753485919729048e+00
1.044677356002109425e+00
1.047215980478940267e+00
1.048322600687588535e+00
1.057433276245254072e+00
1.050520928997889403e+00
1.044411955063172970e+00
1.068057503801089547e+00
1.043474532429415680e+00
1.055704839045412902e+00
1.046416285627580933e+00
1.045482329018092349e+00
1.039614926259526007e+00
1.038972957714824563e+00
1.067975672731176884e+00
1.052027909140768491e+00
1.048455722248963440e+00
1.039817295261682650e+00
1.046669047356959759e+00
1.043307564812317123e+00
1.042599775787779626e+00
1.047513361862306480e+00
1.056210870039891780e+00
1.046521660106876750e+00
1.050551830855918967e+00
1.046731440182271378e+00
1.036152241400483343e+00
1.051740911943881196e+00
1.036867340865860410e+00
1.060673181317526970e+00
1.061361327180550207e+00
1.056235208545104554e+00
1.040866386455834736e+00
1.043905817271293168e+00
1.049646689704639035e+00
1.047582873042967266e+00
1.039792145737586715e+00
1.054277703746258954e+00
1.055197646033349423e+00
1.052172634418268249e+00
1.038295556848018109e+00
1.050565799501593789e+00
1.033408363902133420e+00
1.050108439730981003e+00
1.043244260208111562e+00
1.045947033060170339e+00
1.043432537333405241e+00
1.057348067264985536e+00
1.039591090374724969e+00
1.048827566493111707e+00
1.048987025547466923e+00
1.036072416296862864e+00
1.048252797289697114e+00
1.040637233145597529e+00
1.051484711233049207e+00
1.058217808438796315e+00
1.041351702857001404e+00
1.038207439428182832e+00
1.048172020618878264e+00
1.057285870342950185e+00
1.054881476060218093e+00
1.039719180341597715e+00
1.049626323016180196e+00
1.052800740906379096e+00
1.044150613343415968e+00
1.038504185238494193e+00
1.047048996476803051e+00
1.037793169558552941e+00
1.045421763116976654e+00
1.071103008605778673e+00
1.049065651644237596e+00
1.059310332407386035e+00
1.064993312238144751e+00
1.060002541357601080e+00
1.044941902409348700e+00
1.041435448254040441e+00
1.055657175393127201e+00
1.047525786065180542e+00
1.044858906982855551e+00
1.057966847081015738e+00
1.064649159527571776e+00
1.057590595324505500e+00
1.045050394642900171e+00
1.049012907995007682e+00
1.044505971443897119e+00
1.059306995077420988e+00
1.049989638996073671e+00
1.063572711199094023e+00
1.042885358922697181e+00
1.048949804677503872e+00
1.042611387213012719e+00
1.057349458737155690e+00
1.048803455109029281e+00
1.060578624977561057e+00
1.061163238959847321e+00
1.045139854786985234e+00
1.048151847968915140e+00
1.051136464485928013e+00
1.057084257993269771e+00
1.044894275387550753e+00
1.053075666902466567e+00
1.056740896526394025e+00
1.043592641337279137e+00
1.053403921623614847e+00
1.051348471103551452e+00
1.049028859942526815e+00
1.046623659665876671e+00
1.049414764909928799e+00
1.048788728920518887e+00
1.046187524695255666e+00
1.053938571783327838e+00
1.051048110591891627e+00
1.066468814948243526e+00
1.040977981259003871e+00
1.054252231961531727e+00
1.055089625228762040e+00
1.043399264176913643e+00
1.038707381796887486e+00
1.039072043321076944e+00
1.039599521344185318e+00
1.060616858089049375e+00
1.052288253482063007e+00
1.034355990586470098e+00
1.033157579117411906e+00
1.059756059513659032e+00
1.062932669839015798e+00
1.044767856153774765e+00
1.052786514312933352e+00
1.064391288285594817e+00
1.047008283274275753e+00
1.061589341330460012e+00
1.040296260373954285e+00
1.051329245254397859e+00
1.048393016787521059e+00
1.047255119264329126e+00
1.047646393580739188e+00
1.034900139189281365e+00
1.048876211045882911e+00
1.041801305695104318e+00
1.059535073778372416e+00
1.041378630244215397e+00
1.050948072546333378e+00
1.043337971544258780e+00
1.044994293889231818e+00
1.063621006370339073e+00
1.046132418963100719e+00
1.054349387529241122e+00
1.046325066752856969e+00
1.045975532261753438e+00
1.042787512210008094e+00
1.042831385852619697e+00
1.043633124861600647e+00
1.055678690906139749e+00
1.058620825642887953e+00
1.045344407934356790e+00
1.055097430488062704e+00
1.047462641934206795e+00
1.035932494542057158e+00
1.059029616838095933e+00
1.048916208503030134e+00
1.048202380052427829e+00
1.047159863905317012e+00
1.036410156237179914e+00
1.056281248432790809e+00
1.050773767927020597e+00
1.050262061476674669e+00
1.050647865065118314e+00
1.050640060517478158e+00
1.048306312118493233e+00
1.048445793473077092e+00
1.051015013979987867e+00
1.054711577879066553e+00
1.044420580016770295e+00
1.061433103208403894e+00
1.036293586909881492e+00
1.044088897413590011e+00
1.038138873287821395e+00
1.036086677151000446e+00
1.043639100629209837e+00
1.049278467592100528e+00
1.045678167480978304e+00
1.048742306005912672e+00
1.037338495275737626e+00
1.056216719246791280e+00
1.044412514744815335e+00
1.047092714272278569e+00
1.037620257141238067e+00
1.037576270958994185e+00
1.040837323654769220e+00
1.039201847492338349e+00
1.035499630059395049e+00
1.048504693465078352e+00
1.052699765509213403e+00
1.034635259803480034e+00
1.062525652557133826e+00
1.044272685319651783e+00
1.042493455274488445e+00
1.044276529782619978e+00
1.058787695989931832e+00
1.050931782888250066e+00
1.052384995548018898e+00
1.053754971120528294e+00
1.052649271284449739e+00
1.041331467646339659e+00
1.050459005146734626e+00
1.035826954182644144e+00
1.049178247645728090e+00
1.043738697029318541e+00
1.048045003353094140e+00
1.036683771753321270e+00
1.031618448890837980e+00
1.047614476641468118e+00
1.053755558787091484e+00
1.046136350799284020e+00
1.047950175071684642e+00
1.058048877967078916e+00
1.045661410656050672e+00
1.044153845440381589e+00
1.044134168393742401e+00
1.035268170919425357e+00
1.043361487769530305e+00
1.049327642228865320e+00
1.042465376948927602e+00
1.048229429260464363e+00
1.051810658465914372e+00
1.045124365954243517e+00
1.054701777333197033e+00
1.050491872723849029e+00
1.047236032758157354e+00
1.045276700414306426e+00
1.044949295201936801e+00
1.046732729232972892e+00
1.048174038229557237e+00
1.045159016863419055e+00
1.055033020767245810e+00
1.041995750045711988e+00
1.042586418333871112e+00
1.049585552109691733e+00
1.047986586699187983e+00
1.052423941377686578e+00
1.052555064340491064e+00
1.066883542522048645e+00
1.048981701310350179e+00
1.044003553631059900e+00
1.050318336738530034e+00
1.042818095336180528e+00
1.045243071103089338e+00
1.060564688773675046e+00
1.054177279638299103e+00
1.046255541056036353e+00
1.039515855515069420e+00
1.046418565896310771e+00
1.045740131463845035e+00
1.046743398834774519e+00
1.047182555808613191e+00
1.050392279050888833e+00
1.058910678176454345e+00
1.059134950726791535e+00
1.040694039614316280e+00
1.040922994977877769e+00
1.044048539531257314e+00
1.045617792888402064e+00
1.077150424332733225e+00
1.042749556255293308e+00
1.032607910876230939e+00
1.047982532488590302e+00
1.059475022412898815e+00
1.045588770215953200e+00
1.047691634570448338e+00
1.048041245311223335e+00
1.059725509863378878e+00
1.052087279047483115e+00
1.055426228608434158e+00
1.047104458429449103e+00
1.057012490426394447e+00
1.044958957457020166e+00
1.053061731411002233e+00
1.047590252206013428e+00
1.050911226478706384e+00
1.054256252517685510e+00
1.049643979831583307e+00
1.049912468343367156e+00
1.050607595438131536e+00
1.043299787327771844e+00
1.061710467931435087e+00
1.055141428831226413e+00
1.041437409951974757e+00
1.052946341537982500e+00
1.047275477329225213e+00
1.050824414429781362e+00
1.046470626257337333e+00
1.047897331847347235e+00
1.064024581465966790e+00
1.042900528169681484e+00
1.035079932407140690e+00
1.039723813026111054e+00
1.037297119430894199e+00
1.047721810807356935e+00
1.063043075478612431e+00
1.062504925952301615e+00
1.043334335901924925e+00
1.060359873884969328e+00
1.042548023648550481e+00
1.045088188415764563e+00
1.039373050678737309e+00
1.043076013187067774e+00
1.045602168709884650e+00
1.040239914621597039e+00
1.040625192704196955e+00
1.043667276928586629e+00
1.063218455636930626e+00
1.043123315204448120e+00
1.045526358115474785e+00
1.057255716229953624e+00
1.052777830034604900e+00
1.043620157743192500e+00
1.052773727966769046e+00
1.036813343467750226e+00
1.065579702442598142e+00
1.050748021171133528e+00
1.043477786855902201e+00
1.077203568925235500e+00
1.060422634897695504e+00
1.036848203048935435e+00
1.046099316285880265e+00
1.062846010587052525e+00
1.043125236679107504e+00
1.044723626336538924e+00
1.044671606368312800e+00
1.059654218018389882e+00
1.063541617193107358e+00
1.048779362708021523e+00
1.043895187704415584e+00
1.046713366808264212e+00
1.052726595777628615e+00
1.057853903110369753e+00
1.043651607577575247e+00
1.056047831582400676e+00
1.042869361112968241e+00
1.060069447784860230e+00
1.048817062039060000e+00
1.058430633702988288e+00
1.068026854436753492e+00
1.054406844752812544e+00
1.059034030937931359e+00
1.047336854986829380e+00
1.054621437174981136e+00
1.047981967067519893e+00
1.055657776401837111e+00
1.064278107127037742e+00
1.044985776811091727e+00
1.046726568120348366e+00
1.064326680847552664e+00
1.053793416490301338e+00
1.041421472673010440e+00
1.041410511211362744e+00
1.043183270577053845e+00
1.055081877861391293e+00
1.047297193781394631e+00
1.055383069487392689e+00
1.053316388777043811e+00
1.044480550667292063e+00
1.045163934875096512e+00
1.050302723839701580e+00
1.061027530991075052e+00
1.056886785936999917e+00
1.044670742187366441e+00
1.038998362185750812e+00
1.037680270448065656e+00
1.043612666489893259e+00
1.043529458900841922e+00
1.049486250797736275e+00
1.057479056281386942e+00
1.038919058602243650e+00
1.051067019068998798e+00
1.053719674239803838e+00
1.047434766883618584e+00
1.062066001838085416e+00
1.044053569199962173e+00
1.057930962091940597e+00
1.048047959959672593e+00
1.048557578562611337e+00
1.061354561467175106e+00
1.044341880154798119e+00
1.042532703733949351e+00
1.047080872443955757e+00
1.047168082798839883e+00
1.051824272653954395e+00
1.054954105278675947e+00
1.046920509339650973e+00
1.039733368577479666e+00
1.055284078515407398e+00
1.044326490387581297e+00
1.045793733434031703e+00
1.054965808439789265e+00
1.046116605864288118e+00
1.049540136585281003e+00
1.036667423995138781e+00
1.046632384262959903e+00
1.036107529039075992e+00
1.062777995823142474e+00
1.051670454416755440e+00
1.052129068691123770e+00
1.051701368873980469e+00
1.050836105838521162e+00
1.045475240312401688e+00
1.063871272108323218e+00
1.052788790836171717e+00
1.048939626033973171e+00
1.049062747399577056e+00
1.046346921403320307e+00
1.047335347407053696e+00
1.045245768186130464e+00
1.052495062108815160e+00
1.044577470735720492e+00
1.043880850416722295e+00
1.057862374821521234e+00
1.049548560583300816e+00
1.045830352474363290e+00
1.042884793522336206e+00
1.046649523256405923e+00
1.044059865879563231e+00
1.053324928294357310e+00
1.044057698048626248e+00
1.048903489540249589e+00
1.043794244972756857e+00
1.045578488078545032e+00
1.042219748296248971e+00
1.047012362675886932e+00
1.052252342521962314e+00
1.053130114027096109e+00
1.056110384272796576e+00
1.044741513834497537e+00
1.051502170358784127e+00
1.065028542355215713e+00
1.046612049251393284e+00
1.052533486913827421e+00
1.053556224314495582e+00
1.041196817853855094e+00
1.052629895175667851e+00
1.050639248114027646e+00
1.045058614370093952e+00
1.037495527427129138e+00
1.048345875923886172e+00
1.043735922899089452e+00
1.049285047854679132e+00
1.055863966481476623e+00
1.043449125338821837e+00
1.045154125073835649e+00
1.050558207667504851e+00
1.045930204280921316e+00
1.039089338850306854e+00
1.044022512855509399e+00
1.044520802504873114e+00
1.044318868349509488e+00
1.052501438602737815e+00
1.047243404879389050e+00
1.052958662363780995e+00
1.045713462891613377e+00
1.049944495239311770e+00
1.055055352171131666e+00
1.043096463126691908e+00
1.054051398506986148e+00
1.048955972447710216e+00
1.055135762719280557e+00
1.038441843605124371e+00
1.041161589285137357e+00
1.056456826590974840e+00
1.043495435660459325e+00
1.041348959676043906e+00
1.053477507419511516e+00
1.041678160846888135e+00
1.040167507068517905e+00
1.039617038551892581e+00
1.057821986988728202e+00
1.040058664881050809e+00
1.043882145929291738e+00
1.041338644059368823e+00
1.055195692492479242e+00
1.055877552796763430e+00
1.059563722392971030e+00
1.042687604286563152e+00
1.037049118007246307e+00
1.045583960477041385e+00
1.039837320340861515e+00
1.046497711859544877e+00
1.044129821094036181e+00
1.051106461292643290e+00
1.039243876141928036e+00
1.053342427900849199e+00
1.045813293374569186e+00
1.044098310565201526e+00
1.061606070119764489e+00
1.038413402489193560e+00
1.044599687532248300e+00
1.050284910435308250e+00
1.053932744749197736e+00
1.051052218274162398e+00
1.044178586312589418e+00
1.042570228291463952e+00
1.055123550789546671e+00
1.049770563628729558e+00
1.046751412081540655e+00
1.059446609543297058e+00
1.047770511632378554e+00
1.051100274374491272e+00
1.042459958295267386e+00
1.046748224017395534e+00
1.046390699015041115e+00
1.061617908551359513e+00
1.036363028406754649e+00
1.053102149489638872e+00
1.047878581272983389e+00
1.058250253348215431e+00
1.059717211926912928e+00
1.081558849221124552e+00
1.053227963532324507e+00
1.039389879738829459e+00
1.049902177286591520e+00
1.049993587597237710e+00
1.042741905943216585e+00
1.048745657209038562e+00
1.047367172387315692e+00
1.039973531596289247e+00
1.055126057323798161e+00
1.042735165830448230e+00
1.048395502055834649e+00
1.043662419766119287e+00
1.040647585405388487e+00
1.048292828241156549e+00
1.052186438445649852e+00
1.037620801889366451e+00
1.055828174107221962e+00
1.054794875676514199e+00
1.044951524893516392e+00
1.041623012747661337e+00
1.051100989224942328e+00
1.065132822536660973e+00
1.040980206448123724e+00
1.037674446992883137e+00
1.038703729133012121e+00
1.045175740363513350e+00
1.040007604000668273e+00
1.038988193334952737e+00
1.048287697440450916e+00
1.039080302405037903e+00
1.045426241030437575e+00
1.058365589226072379e+00
1.041927146375328128e+00
1.059380957457624062e+00
1.054638452865335418e+00
1.050551800961971871e+00
1.056699737707935238e+00
1.050098707559494748e+00
1.042327162891475867e+00
1.045945291565769208e+00
1.048721661067970157e+00
1.048045195892667536e+00
1.041107796490687853e+00
1.045966570222602643e+00
1.051946855688314919e+00
1.051786761873612752e+00
1.034376502594259728e+00
1.042907333839866890e+00
1.057912981387700402e+00
1.058365078345142596e+00
1.046344662848457396e+00
1.044993360205020760e+00
1.041192435435608576e+00
1.062709053123739755e+00
1.047271574998542398e+00
1.080622165565656490e+00
1.052090712125071992e+00
1.050582441277394752e+00
1.057330708941554898e+00
1.053879894259528660e+00
1.036950882060223789e+00
1.057255797489398796e+00
1.035243105781331385e+00
1.045025512925248146e+00
1.038958863154390677e+00
1.050160363165217214e+00
1.050704210226955482e+00
1.058695387345396588e+00
1.055362237393280056e+00
1.056042335508205587e+00
1.051521042696124342e+00
1.046302060742370754e+00
1.040998166776368361e+00
1.054426034829958558e+00
1.044634516327745510e+00
1.053144779161616418e+00
1.048995374146772130e+00
1.041950622816724126e+00
1.038766233933295924e+00
1.044151491062680126e+00
1.047233390803019359e+00
1.058887441376587413e+00
1.048557628230523342e+00
1.050375580763747152e+00
1.043831750607052689e+00
1.047170610407402780e+00
1.040678120106801163e+00
1.058278934519615522e+00
1.045564814775064244e+00
1.047335706483696560e+00
1.051786920392857150e+00
1.045655486185538274e+00
1.040989739150696369e+00
1.055850020745881634e+00
1.055939954976453654e+00
1.046511221406921877e+00
1.039603548182614690e+00
1.048908740210538815e+00
1.051466833485789731e+00
1.040959084036128246e+00
1.045406122144156402e+00
1.041408795414610289e+00
1.050598908352471827e+00
1.048445071764224190e+00
1.055038319337198827e+00
1.044316929745937150e+00
1.054711352282661885e+00
1.049387809447758002e+00
1.048039467974550609e+00
1.058857354052108901e+00
1.046867998574795733e+00
1.031740585230281226e+00
1.053151937347731160e+00
1.060961757940748651e+00
1.045807594421779951e+00
1.040493341741719036e+00
1.050897353903173626e+00
1.051593509302921392e+00
1.049350387785970007e+00
1.046006091303286922e+00
1.043545917069677698e+00
1.046706197379690506e+00
1.035339560297736439e+00
1.039988291283819866e+00
1.051252446453449174e+00
1.046745941804955837e+00
1.040827552732577654e+00
1.050841780702411743e+00
1.057696295001441467e+00
1.056226791911046181e+00
1.040660435006802942e+00
1.047308745525764362e+00
1.035482164824441220e+00
1.046396684912639818e+00
1.048712784535400511e+00
1.058327176552221527e+00
1.035885680865964442e+00
1.044166444744879518e+00
1.043934315048677730e+00
1.056491210063549957e+00
1.056901348174108302e+00
1.048750176088113717e+00
1.063671827181267293e+00
1.043973275459447292e+00
1.037902203769388132e+00
1.046030389181988651e+00
1.037234463786762984e+00
1.048566748507363977e+00
1.052907990802232074e+00
1.061411015235683264e+00
1.042407136959487390e+00
1.061002868578396097e+00
1.063649314451064587e+00
1.046903229576752192e+00
1.051083601591286554e+00
1.062196890715072950e+00
1.050598225589988832e+00
1.047028160686394704e+00
1.034708329206835309e+00
1.049567298529068715e+00
1.034079318345907605e+00
1.055815417069932316e+00
1.050615908137974452e+00
1.033028460776335811e+00
1.044787891056251139e+00
1.048359833110555250e+00
1.042531620056186936e+00
1.038630358367378603e+00
1.050453318661735524e+00
1.034382885077607339e+00
1.042288330392187490e+00
1.043374016613548116e+00
1.073139811672456201e+00
1.044764483267024868e+00
1.044677429216955833e+00
1.051776423261012061e+00
1.042438275144369486e+00
1.059233661057892517e+00
1.052975053051494969e+00
1.048277078623816694e+00
1.053102958753878937e+00
1.039388246923143910e+00
1.038113211030541105e+00
1.044895202937789591e+00
1.053413455890995332e+00
1.042603465622201186e+00
1.046766123269562421e+00
1.046554770493190345e+00
1.043166069280476282e+00
1.044069474313138901e+00
1.047576270038556467e+00
1.055033334465601103e+00
1.054599586243491594e+00
1.054690560635530128e+00
1.042316696329537162e+00
1.044819654845840606e+00
1.049295860892445198e+00
1.034980577081805020e+00
1.055648699468699547e+00
1.043592989829681184e+00
1.066706009067668104e+00
1.054756244968405587e+00
1.058407235520443024e+00
1.048603354306417268e+00
1.031219255999918261e+00
1.045643757212125102e+00
1.044882652425826786e+00
1.041635428181224787e+00
1.046457419984506032e+00
1.049685611704491039e+00
1.062056935181317385e+00
1.049451561421311352e+00
1.045691862232168257e+00
1.035128737059982429e+00
1.067949879693993909e+00
1.048101097207528865e+00
1.033097775883830671e+00
1.070387540725460829e+00
1.052224017928793387e+00
1.040258468493901356e+00
1.040184504678501654e+00
1.053767124163126789e+00
1.045151962671574841e+00
1.043961530042578856e+00
1.035676049944746602e+00
1.048961988096156039e+00
1.041295379957754230e+00
1.053456997011745777e+00
1.041191946115067157e+00
1.059418609918212795e+00
1.048007206364641064e+00
1.047912473862085525e+00
1.047809615652235848e+00
1.045710452116164868e+00
1.044803638859611805e+00
1.037764581984881973e+00
1.053064537925210598e+00
1.035166114390949632e+00
1.043738487390729164e+00
1.062666087530307557e+00
1.050753323336246492e+00
1.037695102808889436e+00
1.041835043023918050e+00
1.037831446804470037e+00
1.066432092359801631e+00
1.047811815219265918e+00
1.047244278259092054e+00
1.068079730622134349e+00
1.040718275006541127e+00
1.051067497638186632e+00
1.044939463368063093e+00
1.052086311394507367e+00
1.049802472448547075e+00
1.044703358750597166e+00
1.057585275258896118e+00
1.047434464678485888e+00
1.049415266955357584e+00
1.047526148665258283e+00
1.042503784886689600e+00
1.056267212367230535e+00
1.044176097388580304e+00
1.047722326863372633e+00
1.055058105558699832e+00
1.037373230156865223e+00
1.045688059520460289e+00
1.054866786377283816e+00
1.048956536620458513e+00
1.069005564040996337e+00
1.040471815041352555e+00
1.035999556683638412e+00
1.042937765711479337e+00
1.044961845388205024e+00
1.047504022900854981e+00
1.038475099844225591e+00
1.050063309204494644e+00
1.048471945062631638e+00
1.055146075612490630e+00
1.033803342497147337e+00
1.054079833409208300e+00
1.032530113983892273e+00
1.052712159013839521e+00
1.055908492880931249e+00
1.051531629523769995e+00
1.053398572206179828e+00
1.047717127554215644e+00
1.046317147264937297e+00
1.047216713171339908e+00
1.050331129541332231e+00
1.058462652379419167e+00
1.048199222439308409e+00
1.055302017583068519e+00
1.057875537494167295e+00
1.055417050148260927e+00
1.043351392689934265e+00
1.042407775430322037e+00
1.046421851883758247e+00
1.050537724914927695e+00
1.047293439069863608e+00
1.052563627630553000e+00
1.051049688387693859e+00
1.049328984727494474e+00
1.047163217195200113e+00
1.059736611460234901e+00
1.054911411308952163e+00
1.038401075369465465e+00
1.045724071921839249e+00
1.042551842650116578e+00
1.069300426024043071e+00
1.044860198076118962e+00
1.044782781672487504e+00
1.044422780448981847e+00
1.048249620816412486e+00
1.045879719510489192e+00
1.035840819654929135e+00
1.043634656756732060e+00
1.067704310782329635e+00
1.043415174236564491e+00
1.042564815806731549e+00
1.059576070285546345e+00
1.047638535252499281e+00
1.052123569089467692e+00
1.073323986455677170e+00
1.056665688378137347e+00
1.037844770671772610e+00
1.047105238276019978e+00
1.047638493979933916e+00
1.067442151541717399e+00
1.042049962718795797e+00
1.044040030715958967e+00
1.043602414663108435e+00
1.054888131590625111e+00
1.046405218883125432e+00
1.040572832091078093e+00
1.040829192380910539e+00
1.057886543167701365e+00
1.038873541038533244e+00
1.042191354189468067e+00
1.046543578339705904e+00
1.051279503457756004e+00
1.057427413977481523e+00
1.050879705114022622e+00
1.040059291104213024e+00
1.039226671833318960e+00
1.068075185511026426e+00
1.045890555453681703e+00
1.052452073577170077e+00
1.052685090563294068e+00
1.050146643651162615e+00
1.044116934858853707e+00
1.054488143836344927e+00
1.051639062384905676e+00
1.050241392450311340e+00
1.039413242222907430e+00
1.054590118153865497e+00
1.051720329232467721e+00
1.049715306165101447e+00
1.050407223627629394e+00
1.040707587546064739e+00
1.051410167075881086e+00
1.038560628218132775e+00
1.056234509840841662e+00
1.043312062254522887e+00
1.039106430621425270e+00
1.043199069909151344e+00
1.040119796832679189e+00
1.042539208990872268e+00
1.054582282074986388e+00
1.052259372865157472e+00
1.045821959712649907e+00
1.046175209529371486e+00
1.036039787701343196e+00
1.044827105717829330e+00
1.043729453179620625e+00
1.060191881325518670e+00
1.033985230135009203e+00
1.063066631147168817e+00
1.051857124141299060e+00
1.043261614839166240e+00
1.029446254967624874e+00
1.053219629980922223e+00
1.048946851008277337e+00
1.053972592131345865e+00
1.040337028808085762e+00
1.057757729013308445e+00
1.056187336751056582e+00
1.049696210471473767e+00
1.046312296966896760e+00
1.051914956198110040e+00
1.052807350549102905e+00
1.040205529159546005e+00
1.046804458287219131e+00
1.040237983726983506e+00
1.047787498366017811e+00
1.057707608099809571e+00
1.041530711943245979e+00
1.044908824994085217e+00
1.043835698408507096e+00
1.061752929661845757e+00
1.049325159768781157e+00
1.041458941621602907e+00
1.053621916408249204e+00
1.060273882394362044e+00
1.057121620556808139e+00
1.064046889608568636e+00
1.048195221449846892e+00
1.046933101097499597e+00
1.059822693630491752e+00
1.036079795849466745e+00
1.054336186202068593e+00
1.051118370933810331e+00
1.050975089400582929e+00
1.042129506354067869e+00
1.055422293940320611e+00
1.051622379171259558e+00
1.042486746460490776e+00
1.057681728253141440e+00
1.047530512510911338e+00
1.044822031926056383e+00
1.041456034426598176e+00
1.057713427784395588e+00
1.039406400537572495e+00
1.044732562696086609e+00
1.035564352952063505e+00
1.079053885549579261e+00
1.045905713149401839e+00
1.044484561280927259e+00
1.043272850307745525e+00
1.039782480838212342e+00
1.075191075434683841e+00
