8.942741602334173479e+00
3.690847263899755148e+00
2.423395054452976538e+00
2.101477106031031994e+00
2.064690619638897218e+00
2.063436758255382308e+00
2.025061896911299897e+00
2.072177016791087123e+00
2.031132180226729478e+00
2.098586602247695332e+00
2.025662965093917300e+00
2.052878768253225683e+00
2.053306186327562344e+00
2.023603493416561427e+00
2.076280037623908559e+00
2.081201165068577108e+00
2.080271722965174597e+00
2.100210943990573842e+00
2.058574178938774590e+00
2.085448573288989138e+00
2.079774479876573157e+00
2.058095593663854306e+00
2.055037725300899787e+00
2.040524398882993751e+00
2.033627047569944502e+00
2.092274425358475742e+00
2.053196836746210785e+00
2.062710934365405535e+00
2.057733686063727863e+00
2.059987390901457438e+00
2.019878435480889856e+00
2.060959789966603228e+00
2.128374296078516359e+00
2.078267293870943000e+00
2.032647360540075887e+00
2.036598716834385314e+00
2.068113552404730715e+00
2.090906792600983000e+00
2.059086088008362125e+00
2.050102107635411564e+00
2.108736999905627130e+00
2.075618950349352954e+00
2.081647704772041862e+00
2.061051393165764800e+00
2.077990989719809889e+00
2.061999613525847153e+00
2.059917332958472791e+00
2.012335573921116616e+00
2.118746395122622417e+00
2.058685286892841582e+00
2.070985607803206285e+00
2.083813022976494178e+00
2.080761591163727608e+00
2.088306972858989585e+00
2.064813885999971621e+00
2.027433749352838710e+00
2.059935817068109465e+00
2.101087241489401070e+00
2.071745839973809122e+00
2.146667973747287572e+00
2.060940252305605291e+00
1.993925645467047092e+00
2.089015415130635489e+00
2.034199536869315317e+00
2.020821553875040255e+00
2.048745620812719714e+00
2.066916159002379683e+00
2.055093855610259368e+00
2.078641940403405997e+00
2.133848855129297561e+00
2.052490904215415135e+00
2.042097115129433593e+00
2.060790200581400722e+00
2.038222689788530939e+00
2.072091112022002690e+00
2.033661929656133793e+00
2.121014640882418867e+00
2.024297828613071282e+00
2.091839069637166482e+00
2.070920479710117057e+00
2.036550915351743374e+00
2.038909106826281015e+00
2.061185126829670367e+00
2.107838894170367627e+00
2.044214055910605232e+00
2.036516204514476236e+00
2.022521817556438783e+00
2.036654672317444792e+00
2.074088281800861910e+00
2.072956175161895231e+00
2.054384227782767081e+00
2.034389627262844780e+00
2.053674078170854234e+00
2.067146992128001237e+00
2.058768951709402106e+00
2.095960590202420981e+00
2.020273369694754351e+00
2.055642705467527698e+00
2.079924725736653990e+00
2.144245421394935125e+00
2.058192640470815959e+00
2.097750539007262827e+00
2.030230429764474653e+00
2.048736956994073655e+00
2.125526518479307736e+00
2.074813956307501872e+00
2.084833636479894281e+00
2.094228001243338522e+00
2.058400088344594536e+00
2.059950508383906254e+00
2.031359796883313251e+00
2.051540447879841800e+00
2.093681008370973373e+00
2.110689565705954340e+00
2.028870440108174744e+00
2.056362785077964439e+00
2.080797975960043456e+00
2.051197107347788151e+00
2.029645495487865325e+00
2.021128492319572700e+00
2.083724050127673699e+00
2.031798187008838408e+00
2.010643013983300698e+00
2.029167924151006552e+00
2.159091067526619501e+00
2.049863924155570505e+00
2.135620148734220347e+00
2.045353612705922419e+00
2.071647234018599626e+00
2.048381059293598039e+00
2.043852045443957266e+00
2.093873818578696699e+00
2.040153123035616023e+00
2.077813096360988876e+00
2.060651605861977487e+00
2.066969336520172895e+00
2.078560517465830149e+00
2.085125510849088926e+00
2.071523775375886167e+00
2.063925572758605664e+00
2.104565661841047319e+00
2.057909605546123899e+00
2.024959695655079717e+00
2.138889820474877190e+00
2.084914990861886697e+00
2.043674717952849385e+00
2.037850675084607488e+00
2.070261606859706838e+00
2.084719531099887835e+00
2.070527233392608135e+00
2.063235998979453090e+00
2.049541441029022693e+00
2.039851319469342616e+00
2.095898380256314919e+00
2.083498059499004906e+00
2.104867729197005044e+00
2.073604665282551718e+00
2.034441791969361812e+00
2.071362357871044058e+00
2.082301829873315580e+00
2.059620379751286645e+00
2.062473981326391925e+00
2.074727934611964031e+00
2.055488342120746381e+00
2.104263842821917141e+00
2.065829023174320600e+00
2.113572259743150550e+00
2.079841089858021519e+00
2.104626541907943071e+00
2.065789302871565258e+00
2.088558506298812567e+00
2.128586040819167025e+00
2.081112221926226358e+00
2.074417678348993821e+00
2.082388999784706929e+00
2.034435289278943237e+00
2.108242002003194671e+00
2.062198857415698861e+00
2.071054703429692445e+00
2.114099823368632780e+00
2.082420611452352244e+00
2.082849779839005766e+00
2.029695467923455343e+00
2.089585517626486144e+00
2.025740284966710103e+00
2.116318475679490607e+00
2.058809888708787561e+00
2.085382297034516608e+00
2.077776476692461127e+00
2.043343004168668209e+00
2.049079929346294904e+00
2.091775538738086304e+00
2.031798334622591184e+00
2.051648233848481606e+00
2.104783896696629686e+00
2.038152375385300363e+00
2.052673860190782129e+00
2.071500497252962258e+00
2.057265837239048434e+00
2.076616300721585429e+00
2.102472734656424702e+00
2.091516809209303496e+00
2.079366484025827688e+00
2.032593090337107444e+00
2.069403188073835054e+00
2.046818734410130514e+00
2.043351142875203141e+00
2.030488244965885425e+00
2.056130448467303751e+00
2.063203840745932993e+00
2.066097807595004276e+00
2.085553979799486868e+00
2.115197957782795513e+00
2.071671259153990086e+00
2.046434186322330095e+00
2.085569720062286692e+00
2.096264909396838405e+00
2.067060279929542332e+00
2.032913237790879624e+00
2.009622805153646219e+00
2.064005550538706046e+00
2.079907081906591682e+00
2.071480733407935926e+00
2.071906417361851549e+00
2.057217505933801149e+00
2.075822260463320301e+00
2.032623927967018407e+00
2.080018224348094691e+00
2.070374211395632713e+00
2.116432391958179338e+00
2.063142477472711178e+00
2.107774149388490947e+00
2.059085693035869191e+00
2.079614716913648298e+00
2.104865841797152193e+00
2.045316865076091339e+00
2.033779274671008608e+00
2.065370744530417468e+00
2.041849057193680039e+00
2.069821728500514268e+00
2.036012989713877008e+00
2.068614510433256282e+00
2.055758181022309561e+00
2.061266168855469871e+00
2.091454901412465262e+00
2.059705823425262317e+00
2.057065756644091525e+00
2.065880899163476503e+00
2.058065177539174062e+00
2.021761736033064416e+00
2.013930166945868905e+00
2.059881388279709125e+00
2.050014078200435019e+00
2.045007351981765975e+00
2.101256619501521428e+00
2.045084327853222916e+00
2.025428132910422008e+00
2.068929659000780408e+00
2.037681286475204967e+00
2.088047958029484619e+00
2.040762127797576930e+00
2.030758656244412208e+00
2.056016482995811412e+00
2.048721316167175122e+00
2.103458262806928492e+00
2.079446750773370045e+00
2.037607308766922642e+00
2.054452791773731857e+00
2.050933535252398521e+00
2.069332324795963185e+00
2.040476871625713784e+00
2.068420984942886953e+00
2.056573429076969273e+00
2.068717971071985406e+00
2.081750787384071266e+00
2.087308801647126177e+00
2.038538910266270321e+00
2.101700217205898724e+00
2.050007500129171767e+00
2.068802008185685715e+00
2.034581267002482985e+00
2.080672084268393007e+00
2.031985607394585003e+00
2.032414578769981883e+00
2.038871575281945958e+00
2.083899128649395749e+00
2.048815635755942832e+00
2.047525715437495730e+00
2.064092176335826423e+00
2.060335160555010869e+00
2.084982539904863597e+00
2.032733030855955469e+00
2.054429594410616122e+00
2.072082159033655113e+00
2.054312185977864136e+00
2.034314061280618979e+00
2.083309989951838137e+00
2.140045014725078687e+00
2.027282626458113857e+00
2.076068002194530582e+00
2.036946063267649265e+00
2.074395353644195694e+00
2.086389158286871659e+00
2.050199993510148033e+00
2.060236430486591441e+00
2.059534783350621900e+00
2.052821144465701408e+00
2.046666240283104177e+00
2.048573506389966159e+00
2.059754959318864209e+00
2.056919518533909752e+00
2.071587029425638438e+00
2.109645760204956755e+00
2.122336742415184219e+00
2.089688845755541369e+00
2.169052408040185842e+00
2.058755586054581865e+00
2.089329037841048731e+00
2.072617888508902162e+00
2.051209998011169322e+00
2.050588689980493484e+00
2.105455366020840380e+00
2.085265744297130741e+00
2.021595066656387107e+00
2.067420880664927907e+00
2.074443665587865304e+00
2.034946482538622536e+00
2.114352384194942758e+00
2.011420321172789460e+00
2.048779903927481882e+00
2.015220388510312155e+00
2.025701295108090161e+00
2.070756587288755224e+00
2.039610700988897740e+00
2.047700524648226494e+00
2.055550854398046301e+00
2.037530630037440282e+00
2.046924436737936226e+00
2.127271481703236766e+00
2.010114544664291181e+00
2.083372786192154713e+00
2.067075013244697779e+00
2.076321031779797543e+00
2.071781879092144507e+00
2.116695326792808807e+00
2.046860616141018330e+00
2.044325212902661004e+00
2.054375484038267974e+00
2.027511256863482547e+00
2.072207928704586699e+00
2.064466163320918479e+00
2.114083815408563716e+00
2.070861963004005268e+00
2.065484101530047578e+00
2.076473962869881174e+00
2.073786039270519410e+00
2.068653633878998921e+00
2.076971470574501044e+00
2.035783786569310028e+00
2.150737658129812324e+00
2.020170536172980924e+00
2.069019180398603996e+00
2.116806142390236900e+00
2.092780125850310924e+00
2.073352628025427080e+00
2.029205116665990793e+00
2.069911295144864383e+00
2.084358160135356464e+00
2.076546439119050902e+00
2.061652331372757718e+00
2.056630510525849775e+00
2.094611165426839783e+00
1.999558554495372009e+00
2.072299001135707197e+00
2.090632787490198652e+00
2.080862466297661140e+00
2.039149878032207486e+00
2.056864813313992180e+00
2.073673238608353397e+00
2.039352438545558588e+00
2.046553541893438410e+00
2.046169396794537132e+00
2.078387384462162313e+00
2.074328097634667856e+00
2.101568549065508495e+00
2.067453667947837914e+00
2.062037366706010566e+00
2.057518748916922213e+00
2.031934051502108041e+00
2.052450427342282779e+00
2.051072016737103265e+00
2.047403553974497470e+00
2.050124589017781496e+00
2.085506811413261108e+00
2.073889519898015621e+00
2.051907864299827633e+00
2.048937346354406941e+00
2.008125011950223193e+00
2.008613313711347548e+00
2.088282201672763794e+00
2.071896835279074534e+00
2.059323201050715202e+00
2.088089439338002062e+00
2.048799727806350113e+00
2.072178658420064323e+00
2.074706682195504470e+00
2.029758134270742254e+00
2.063035675091980714e+00
2.113705033322443860e+00
2.074063971817482255e+00
2.100718537090834559e+00
2.028690833732305077e+00
2.077249255474697964e+00
2.032640547103734985e+00
2.018481034680952302e+00
2.034527659237491459e+00
2.054729210988520460e+00
2.093870909743828612e+00
2.112136730142814667e+00
2.171103763063674030e+00
2.037355746258441958e+00
2.059087841882072389e+00
2.095385647521696981e+00
2.053415278557601642e+00
2.027892298042735852e+00
2.059338906838361627e+00
2.084761255000346480e+00
2.034026277680533124e+00
2.096489349411880809e+00
2.061904598655545318e+00
2.107627919081623169e+00
2.043931816933848733e+00
2.037611071718342881e+00
2.079008409533292134e+00
2.046549247805958149e+00
2.103875001708593206e+00
2.041490471517593885e+00
2.085477437371554554e+00
2.040643215653956233e+00
2.044177486027012325e+00
2.083777523366703299e+00
2.072761422097612272e+00
2.031119377551593885e+00
2.058232984220506712e+00
2.091569554848176082e+00
2.064227244367763170e+00
2.088808882128675659e+00
2.028707295923227072e+00
2.106777756766625487e+00
2.061813578295431881e+00
2.042185975942572007e+00
2.033476846262605164e+00
2.099135802856129107e+00
2.026830909100207023e+00
2.056344039714943950e+00
2.054934913589535839e+00
2.054569964610430510e+00
2.085794610668154636e+00
2.038574643528387575e+00
2.042463746731367547e+00
2.045992727829634816e+00
2.043672813151783174e+00
2.082147514018989565e+00
2.032333237801014825e+00
2.041659611357646842e+00
2.036368947308710098e+00
2.055120408141778654e+00
2.098578955747153696e+00
2.008462181236767119e+00
2.050147450257935322e+00
2.036262728060280747e+00
2.120113588225406076e+00
2.057978779207702669e+00
2.062020316673466969e+00
2.049390982788807491e+00
2.063946952166454185e+00
2.062132009118075260e+00
2.042350609662686001e+00
2.047830128153534712e+00
2.028539580383109886e+00
2.151022410578744992e+00
2.070403421766305652e+00
2.063973733149183420e+00
2.080549702702676029e+00
2.100432722818234232e+00
2.091760887813423064e+00
2.129686439901376183e+00
2.089608604798473657e+00
2.064888003182277387e+00
2.047089106492625987e+00
2.027118132307644593e+00
2.083109883448298394e+00
2.044442149969175837e+00
2.042651601719131627e+00
2.091412244308354929e+00
2.084904260739771420e+00
2.061506412479445771e+00
2.074862424819065687e+00
2.075905676640052100e+00
2.091352316419821111e+00
2.049840585602501708e+00
2.054112654753029954e+00
2.033812620329281895e+00
2.066990032938191835e+00
2.040891530639037832e+00
2.067728581994057624e+00
2.043831695432669626e+00
2.107666128703400865e+00
2.067382471961577206e+00
2.094493478610391701e+00
2.037686080606512906e+00
1.997522748223494959e+00
2.037244293620163127e+00
2.067197479952979311e+00
2.125530233841232963e+00
2.072810483417514060e+00
2.068714279782315923e+00
2.047309718631822761e+00
2.080633978153607622e+00
2.055411142923080803e+00
2.038071125946611772e+00
2.044036179998162783e+00
2.068675353263747407e+00
2.091880631999993856e+00
2.021910850643423352e+00
2.046122624154718572e+00
2.018563350644804189e+00
2.108033439180641011e+00
2.076315530372502494e+00
2.107321435670210796e+00
2.022106058176649235e+00
2.041604311021788742e+00
2.047355535576869112e+00
2.094711843765709514e+00
2.051231693381069476e+00
2.052012772242732819e+00
2.056932542518604912e+00
2.078256670844893073e+00
2.014285767226931867e+00
2.079071837269391931e+00
2.045847255711500168e+00
2.020051610290678035e+00
2.049816325950455376e+00
2.042191186403507608e+00
2.043959998319219373e+00
2.045355383950692829e+00
2.043019221444763112e+00
2.049059375498882396e+00
2.063638883839894245e+00
2.126296801114577306e+00
2.090668628646946470e+00
2.005570796768717745e+00
2.094498369153410255e+00
2.133738916047621004e+00
2.051027739069605893e+00
2.035453511666707183e+00
2.131980085412259918e+00
2.059830037992804730e+00
2.060841870941998000e+00
2.011826476015401877e+00
2.061141905368979010e+00
2.058470043393638704e+00
2.050572563406632298e+00
2.044332966835222365e+00
2.067343361227055532e+00
2.101309788304903670e+00
2.122854065711717197e+00
2.127143063638782028e+00
2.066847051384673062e+00
2.078714616899321577e+00
2.023840486426426999e+00
2.058789743714796838e+00
2.030905840696512143e+00
2.067149398771385371e+00
2.035649248266835354e+00
2.082014157207549676e+00
2.109396595531524810e+00
2.022280213869784404e+00
2.058217225348649926e+00
2.006885891338579420e+00
2.022930870460089015e+00
2.068109952371955718e+00
2.062866401795438343e+00
2.065677778159282774e+00
2.039705509819455642e+00
2.076007499680115220e+00
2.036223988422722453e+00
2.062100668074426935e+00
2.033301946953361750e+00
2.085367208604171019e+00
2.078444867606278557e+00
2.028798393006458589e+00
2.069169798318958975e+00
2.051963313416723445e+00
2.054659950091294540e+00
2.002301403150724024e+00
2.041604783934703349e+00
2.121711890012459634e+00
2.071742528011704554e+00
2.052435291844221243e+00
2.063126964704010025e+00
2.028813635087644229e+00
2.049949752704106398e+00
2.075035724808798054e+00
2.074469478664078270e+00
2.007864358695680806e+00
2.051938349175309373e+00
2.044140437695936452e+00
2.093139017413939929e+00
2.098920745948315236e+00
2.078108091153724857e+00
2.041562610122787724e+00
2.058834509412381220e+00
2.037359774167108117e+00
2.069365097013676102e+00
2.059835660668650092e+00
2.095294628509945856e+00
2.124588326434416974e+00
2.060721062709871987e+00
2.082700591444260230e+00
2.045809975863413843e+00
2.088171441973151410e+00
2.049679302098254219e+00
2.028732509762928515e+00
2.033372825352019575e+00
2.101117512417532751e+00
2.042936186224078465e+00
2.029200538246911822e+00
2.064701143337415168e+00
2.059856083244298919e+00
2.037414300994428107e+00
2.039437889149253280e+00
2.069921561805029953e+00
2.067438845102388179e+00
2.121864209318282235e+00
2.073481077300422637e+00
2.080759677057816059e+00
2.101954664255504923e+00
2.087576245035244416e+00
2.048517987956603115e+00
2.067962809412807079e+00
2.110786254781221061e+00
2.047808564118215990e+00
2.066775385429551193e+00
2.028185397184953942e+00
2.023214172747930029e+00
2.047964998433490003e+00
2.058017949208579722e+00
2.049300046677648535e+00
2.034101666964640565e+00
2.068368557391780271e+00
2.085372673390345266e+00
2.077876274131408074e+00
2.084688148944022767e+00
2.087052279494345797e+00
2.029228555342383444e+00
2.083682558655486350e+00
2.063069252583010993e+00
2.067032416162669861e+00
2.045278589201500630e+00
2.039444158226841886e+00
2.112189251889359465e+00
2.026391391523906016e+00
2.059065861706998568e+00
2.068650043419379969e+00
2.059464558915457211e+00
2.039427441183611300e+00
2.091240679752060405e+00
2.024105031004536759e+00
2.070514673165578134e+00
2.075636028551681278e+00
2.199743678052784368e+00
2.059335714758787628e+00
2.107874961813621439e+00
2.062313009525903684e+00
2.049921267774154732e+00
2.069784518991761857e+00
2.050610762128176834e+00
2.085493208231673279e+00
2.057710418380211514e+00
2.054483443913835305e+00
2.022412251172781783e+00
2.030149478008729247e+00
2.084683914071252531e+00
2.067755328260933556e+00
2.130043490173734178e+00
2.004394273770571111e+00
2.155451677073858985e+00
2.058792137999713390e+00
2.084684173877072944e+00
2.055936145436660478e+00
2.095454405173073908e+00
2.058898509001487742e+00
2.030900396953533082e+00
2.028665655622304609e+00
2.082111012824639840e+00
2.034082183564385637e+00
2.103163472297719050e+00
2.089589166746179227e+00
2.110523798731525069e+00
2.031733398165902482e+00
2.054490588215594382e+00
2.052268232984356011e+00
2.046307579070090643e+00
2.073683064863387049e+00
2.034705723556690771e+00
2.065251878367409422e+00
2.067993813553974380e+00
2.047371315757384735e+00
2.049914517399547442e+00
2.076955930758036750e+00
2.054173689816700232e+00
2.061983021740388722e+00
2.032258718044954726e+00
2.073188084455892533e+00
2.074027677817820159e+00
2.066070986428516942e+00
2.045687371098994678e+00
2.108057745581082720e+00
2.053946695147576218e+00
2.103484557470346239e+00
2.028715756792559333e+00
2.061169146939563657e+00
2.094470309859378432e+00
2.048328985187631179e+00
2.059393420223352145e+00
2.089635778799525223e+00
2.044152681602299904e+00
2.035624263898839104e+00
2.078375159315748011e+00
2.072006191688084531e+00
2.073788177772511343e+00
2.048780217427740080e+00
2.049203642040064555e+00
2.086879239560901489e+00
2.035225161745394029e+00
2.061570781734549218e+00
2.095489864741667763e+00
2.051682051684682762e+00
2.064087826913527657e+00
2.094053183258141271e+00
2.061514370470919122e+00
2.085323066545705650e+00
2.026293471642892641e+00
2.053409076162795444e+00
2.103498984300296470e+00
2.059639961095987903e+00
2.038916380642202153e+00
2.056297256448754052e+00
2.071632484064422908e+00
2.051906221358577920e+00
2.087738444836551022e+00
2.082434442937855845e+00
2.140012011913866363e+00
2.033268210942486220e+00
2.078398626222490275e+00
2.074850511971598532e+00
2.084147840880385072e+00
2.026125461172277653e+00
2.069496269723055004e+00
2.056995616579506247e+00
2.029025731465154081e+00
2.040003494033926668e+00
2.065312206073638190e+00
2.077037839836660904e+00
2.044781552250324985e+00
2.044891081603990912e+00
2.056209370643957257e+00
2.066518804794700959e+00
2.062121480037543808e+00
2.082392201353250094e+00
2.070811406607981464e+00
2.087530731940923978e+00
2.051346169067124414e+00
2.050108237905125641e+00
2.136168165575929923e+00
2.043655417330796364e+00
2.049121990807926341e+00
2.151627906987302996e+00
2.050643203930754943e+00
2.106025636463657591e+00
2.047087476837270881e+00
2.050466696917422560e+00
1.995989295457823554e+00
2.060218497526710379e+00
2.105028191904394497e+00
2.105067270293189630e+00
2.041548042596536217e+00
2.069526893726727046e+00
2.072331920454088650e+00
2.067438387231596675e+00
2.092400907545900246e+00
2.059223721007309216e+00
2.020378420021604171e+00
2.044985428893206336e+00
2.042089516324468335e+00
2.052326406029027162e+00
2.047704602485203917e+00
2.086650678836066586e+00
2.006416978999538525e+00
2.082098211454300518e+00
2.057178849705027179e+00
2.128707332532109309e+00
2.088340507910940058e+00
2.086994208658912608e+00
2.068156664995706162e+00
2.054383150255115087e+00
2.053347367894617470e+00
2.108908123600483187e+00
2.085946216909979611e+00
2.020370218505458837e+00
2.051309993195149506e+00
2.042781399931884234e+00
2.122831407752522548e+00
2.074793169082723931e+00
2.045111301583350638e+00
2.026484298483652857e+00
2.054381455910113896e+00
2.036149993720916207e+00
2.077874195353691444e+00
2.061076201670473118e+00
2.090782901447520548e+00
2.054620531373020142e+00
2.095427496725456695e+00
2.048666187408840766e+00
2.048190421463444100e+00
2.038466016540803949e+00
2.052185038589402488e+00
2.151992250239148863e+00
2.100051819843441692e+00
2.016424519880624988e+00
2.016456252848044528e+00
2.031730520181699973e+00
2.037140319247573661e+00
2.060744246076016140e+00
2.058041593831941185e+00
2.078953950248955795e+00
2.069257938194310142e+00
2.070818682818081236e+00
2.069476693265452916e+00
2.031957352857197030e+00
2.049784491479782922e+00
2.068765499497263960e+00
2.069351040560942767e+00
2.055640667219926332e+00
2.094011173764858569e+00
2.155590911576838131e+00
2.040553515249137195e+00
2.059558861022444010e+00
2.104264458642464142e+00
2.140849126274833036e+00
2.027324703482503487e+00
2.057446266398568646e+00
2.093062989232490345e+00
2.049250020403361905e+00
2.026845587810763849e+00
2.062556215789721481e+00
2.024718207374590850e+00
2.047677690440403264e+00
2.055453899760820047e+00
2.075919826978866567e+00
2.083158094495249912e+00
2.079908715389598317e+00
2.018124742596652421e+00
2.041471458959566387e+00
2.089920976523197194e+00
2.071229336204801541e+00
2.038024546701335815e+00
2.095995650879076244e+00
2.064982731989483344e+00
2.052259035876582871e+00
2.102156785287421670e+00
2.032295591979522698e+00
2.055457685736117313e+00
2.057861781252808608e+00
2.007161955472169801e+00
2.042953712368945851e+00
2.061695931455694186e+00
2.035129544392157097e+00
2.091064319709315722e+00
2.075210528568002477e+00
2.015679953179500217e+00
2.053104964859769233e+00
2.042465999614335281e+00
2.029329943551855919e+00
2.079566817333291517e+00
2.034074913743498580e+00
2.056063380867736878e+00
2.065608218579845889e+00
2.077320103996842082e+00
2.102967056308921556e+00
2.072677303035188157e+00
2.046442357777115362e+00
2.022188698271476959e+00
2.038524724975000701e+00
2.089835988556882906e+00
2.044608190957124538e+00
2.101747167767673119e+00
2.128703828057460168e+00
2.084720333408440318e+00
2.030530254638082344e+00
2.062303693633819712e+00
2.068716736994731686e+00
2.050702571125642137e+00
2.054091512829500754e+00
2.093877898348137201e+00
2.049362224040808478e+00
2.084119145214032631e+00
2.082790807157322455e+00
2.057375225634885840e+00
2.043678889658719910e+00
2.115402200159724799e+00
2.062892282534540822e+00
2.067693840152708518e+00
2.033828314541728854e+00
2.042134056188475100e+00
2.031379102807873149e+00
2.125885620827317801e+00
2.055110795029159387e+00
2.045517944432269086e+00
2.062111646379431562e+00
2.059848409224405152e+00
2.051949932165374690e+00
2.065994901855621180e+00
2.119225679377947813e+00
2.028151533638853365e+00
2.056343407097852793e+00
2.126984343617316142e+00
2.059296473091273949e+00
2.098659713977312435e+00
2.066923552507528683e+00
2.097739114072552535e+00
1.993324002861987410e+00
2.012018440459459434e+00
2.062562554882255927e+00
2.131909305733596938e+00
2.083092718922977316e+00
2.107827440318934098e+00
2.074400553535386660e+00
2.011869092213668608e+00
2.032628226126732329e+00
2.054666238977230996e+00
2.037545711441690610e+00
2.060499461346887440e+00
2.023932139862283375e+00
2.068203505789662611e+00
2.055739418634683791e+00
2.031676283406484096e+00
2.034186140787074493e+00
2.099546994488742602e+00
2.055779167331043933e+00
2.100978056589044130e+00
2.097280683914278576e+00
2.034666884270194043e+00
2.053542645309953230e+00
2.056457395595788995e+00
2.082145455079166041e+00
2.065428862087744122e+00
2.057107139099868753e+00
2.030770047025447944e+00
2.073491235997284132e+00
2.018681637431049669e+00
2.075750050972086314e+00
2.079996144071416975e+00
2.033810159757804659e+00
2.029456056450398727e+00
2.047689141508104438e+00
2.076304305201323253e+00
2.087346578673631381e+00
2.020418317233265260e+00
2.064356940301336429e+00
2.044910741975641599e+00
2.109870329516145837e+00
2.055163027167099088e+00
2.057772294985035444e+00
2.069936783144388670e+00
2.048061213734924557e+00
2.071258998521667394e+00
2.087988810412070961e+00
2.087285854674360230e+00
2.062104859323564465e+00
2.089253374259685714e+00
2.033131816924957924e+00
2.018680787227510098e+00
2.081896044037093940e+00
2.057308199453354636e+00
2.063886620290833918e+00
2.024005315405686733e+00
2.071138381374168169e+00
2.049970205854323879e+00
2.081636056379864819e+00
2.092074806915530605e+00
2.061241055568999503e+00
2.064388612496069531e+00
2.079513317875249179e+00
2.080950337085326396e+00
2.046945952289452642e+00
2.080803297939800789e+00
2.074362219343198532e+00
2.055818662020836740e+00
