3.448675201267329404e-01
2.659846006890572157e-01
2.462006881001077285e-01
2.232791807862494760e-01
2.249157268150858424e-01
2.256465121438542554e-01
2.399005534979324339e-01
2.519236943145898300e-01
2.352453635651106378e-01
2.356577880337057673e-01
2.195881143242585931e-01
2.311298992434841215e-01
2.466393345684936012e-01
2.308247172334219333e-01
2.362111497289835771e-01
2.312605782008088640e-01
2.167726660340860145e-01
2.430902866817046259e-01
2.446197696257959575e-01
2.365223690757860542e-01
2.324595126111795029e-01
2.093937564630783121e-01
2.244576022969443918e-01
2.275501176706063167e-01
2.466560110522035831e-01
2.347830513477390524e-01
2.392684884603268336e-01
2.306709236259381901e-01
2.289149797112038642e-01
2.342120957784124824e-01
2.383220540044081182e-01
2.499968288738139144e-01
2.371720732892987626e-01
2.288165643201281185e-01
2.477694527856581230e-01
2.422839953323450146e-01
2.521695412903856570e-01
2.335270095076571184e-01
2.303657810056926325e-01
2.415437852727982115e-01
2.223797424319991223e-01
2.170957307313415297e-01
2.269213953936300154e-01
2.279940339761251378e-01
2.206129570848562038e-01
2.374329801289071229e-01
2.406403835802864710e-01
2.301617567883047499e-01
2.221304566428189409e-01
2.365033728241764666e-01
2.272637125170553218e-01
2.374603174590682042e-01
2.379062215817257520e-01
2.352059699665230152e-01
2.444108903950064637e-01
2.107590260210020217e-01
2.280626576137317063e-01
2.218879126044937811e-01
2.241449036665414396e-01
2.432822811583672251e-01
2.383053169359721224e-01
2.349016877483475207e-01
2.423673726430555231e-01
2.190299316098026638e-01
2.207730667122468071e-01
2.260714503056955038e-01
2.350382390179824033e-01
2.304551517477698708e-01
2.381921938670804872e-01
2.389161587693635624e-01
2.340693177585642937e-01
2.597413813311372777e-01
2.386079819984077699e-01
2.259785898192931963e-01
2.237550570843246101e-01
2.353005605613064377e-01
2.299029489884363286e-01
2.408731291332854296e-01
2.342729201933535232e-01
2.394630519095509169e-01
2.451229822144856685e-01
2.368976627278315261e-01
2.494384316814382552e-01
2.150597106189619800e-01
2.200842287544464704e-01
2.346524223748385207e-01
2.308391313509183529e-01
2.455876346156052048e-01
2.234277248954016082e-01
2.420385347836453427e-01
2.180402574219953427e-01
2.238817121799424048e-01
2.467666370868759340e-01
2.472781926632790228e-01
2.513272166097775262e-01
2.399956977379339440e-01
2.320903834774287189e-01
2.315312023474216108e-01
2.376866492595561264e-01
2.419384747536465763e-01
2.240452856795739911e-01
2.305167007137052249e-01
2.335229935529671563e-01
2.514876468351325833e-01
2.230281854585723644e-01
2.336732889397829249e-01
2.384059763230849116e-01
2.377411874117673352e-01
2.378020857721631631e-01
2.424225671180537389e-01
2.276175412462350944e-01
2.329289929688941330e-01
2.208980176344259305e-01
2.119420548415949790e-01
2.215439836495287085e-01
2.367164631118889861e-01
2.217176550447371997e-01
2.255030670024806283e-01
2.284188249913420010e-01
2.400940075806313467e-01
2.504757035945443522e-01
2.383413535585056919e-01
2.185760057010364410e-01
2.505923689225725282e-01
2.288728591574160642e-01
2.286171214254068551e-01
2.284342107898452157e-01
2.329763584755739914e-01
2.416225910064249971e-01
2.405769135989100915e-01
2.530925032927566209e-01
2.417556436416991306e-01
2.271620877314791398e-01
2.351843414546848920e-01
2.276569104336376159e-01
2.271251998927830695e-01
2.324614533360019886e-01
2.249723316284039931e-01
2.435891092466607455e-01
2.250013034526579525e-01
2.451259406779336403e-01
2.209309969720439637e-01
2.367089060834758063e-01
2.430572586133376012e-01
2.389178357616235371e-01
2.312903357419136552e-01
2.377810750625737879e-01
2.411251560679033568e-01
2.296015421976782822e-01
2.299488717188849785e-01
2.339910413443965498e-01
2.432556703012754840e-01
2.364832723810392223e-01
2.334620984266420063e-01
2.339383605696880586e-01
2.440156563561776404e-01
2.250752519081687941e-01
2.244825807127771577e-01
2.360039426291714038e-01
2.221921153651484071e-01
2.431821906495357788e-01
2.244388594705088724e-01
2.309206753802115486e-01
2.252823469867056838e-01
2.123038882975181452e-01
2.161163658212188754e-01
2.332221166085385045e-01
2.182662536491508654e-01
2.228073582710705380e-01
2.330742831113385982e-01
2.504530422791171884e-01
2.255125079376507080e-01
2.298088445554590242e-01
2.286600970856304260e-01
2.352093473523435008e-01
2.301723495446959533e-01
2.226862871771704278e-01
2.260828214697993832e-01
2.268355959371629038e-01
2.350431670399526218e-01
2.421663511543848402e-01
2.463006316521052785e-01
2.337791685868424729e-01
2.401587460762358017e-01
2.305276466651180745e-01
2.333111835552008906e-01
2.291669634486381002e-01
2.382992206387142264e-01
2.457789970425602322e-01
2.266515003108293125e-01
2.193217356734033507e-01
2.540293836891405754e-01
2.314371434284493989e-01
2.466110975433684627e-01
2.401863766997654470e-01
2.382946373021319064e-01
2.222055089250443427e-01
2.306732523558836234e-01
2.390379867007239867e-01
2.532827884220281156e-01
2.437037473947450406e-01
2.388283164673564440e-01
2.420013913215013635e-01
2.460834168594719651e-01
2.396413756536138473e-01
2.512532576354239988e-01
2.356125738899152167e-01
2.256425038200970123e-01
2.356631574142598329e-01
2.300211712462703617e-01
2.351548958972551340e-01
2.385878782538852216e-01
2.170397536525995597e-01
2.329641020812182051e-01
2.491980994304885955e-01
2.434447196747372144e-01
2.230168136646074051e-01
2.258433216352249140e-01
2.182485407587667625e-01
2.235714207519336749e-01
2.380982321280228353e-01
2.315436824956603745e-01
2.435403062529069296e-01
2.286904526779375002e-01
2.286488585754988534e-01
2.436706357954737112e-01
2.279820321804200967e-01
2.297650571692867183e-01
2.179027864527202651e-01
2.323044111924393029e-01
2.294997694201647287e-01
2.295251220912599976e-01
2.462703076152698844e-01
2.396287892612173342e-01
2.312107883022731514e-01
2.254499760710895195e-01
2.498051612414581291e-01
2.128699041331258146e-01
2.394722082017089471e-01
2.283370498752207711e-01
2.387203880758114460e-01
2.472715307499329940e-01
2.421815453657918393e-01
2.287674046467313427e-01
2.260085389267257050e-01
2.251051445390044592e-01
2.301880496709182988e-01
2.525150133110563022e-01
2.468161842218791480e-01
2.350558985525665889e-01
2.347661924843718884e-01
2.352868743238753779e-01
2.374504694554357975e-01
2.280908894048718494e-01
2.249235590847595279e-01
2.354955522266921619e-01
2.309953658325498427e-01
2.329463223171230890e-01
2.381317003199316662e-01
2.251579408885603373e-01
2.157450487773067416e-01
2.192202351597625221e-01
2.448118789449470756e-01
2.277687189313775673e-01
2.346988810512239954e-01
2.389202029324166143e-01
2.144052370855109857e-01
2.394731938316803921e-01
2.300684687032370224e-01
2.381339321689015243e-01
2.261219207185228008e-01
2.375625013449573497e-01
2.359488236112680104e-01
2.158570344437564792e-01
2.192546285328713651e-01
2.238802467629164850e-01
2.400892882697389652e-01
2.351512531184318244e-01
2.224718516791614198e-01
2.265074601505419616e-01
2.379109445089355179e-01
2.342370427817355993e-01
2.383889085763539473e-01
2.396765145969995403e-01
2.295971192623069146e-01
2.339020706026306295e-01
2.300685683872293608e-01
2.327786296449622927e-01
2.437287596552414615e-01
2.373954528542100706e-01
2.263069369780439377e-01
2.458459840937178842e-01
2.363808767739289662e-01
2.322374023892126715e-01
2.286429808875900804e-01
2.203278519537276436e-01
2.327290496213745286e-01
2.336768104758697451e-01
2.514664396488393017e-01
2.283126354206360120e-01
2.333457608057952493e-01
2.309113097151957172e-01
2.263409350933921760e-01
2.396449387922111596e-01
2.249357527641381027e-01
2.227307760897894728e-01
2.308041702000264705e-01
2.412427724995288847e-01
2.437387312930792971e-01
2.338293442072064410e-01
2.249555632770846025e-01
2.313820669922811435e-01
2.304628092929257022e-01
2.314736774975351408e-01
2.268624914422055772e-01
2.228313762663511055e-01
2.382440155046933739e-01
2.414383760876889218e-01
2.437376331989583311e-01
2.529104006906167101e-01
2.303655208182602832e-01
2.331153768431830364e-01
2.377336750422302525e-01
2.412280098770742953e-01
2.253909347006966823e-01
2.205762857736351112e-01
2.374388992391834874e-01
2.488741027752588153e-01
2.229745013225563621e-01
2.286474949461469175e-01
2.236109295359149096e-01
2.292349387802495309e-01
2.307484978392364272e-01
2.357322027601415626e-01
2.299227165407275453e-01
2.460485416519058166e-01
2.325522595730803443e-01
2.288175544771180459e-01
2.160139679312697569e-01
2.188636706588171221e-01
2.432771344574898853e-01
2.400609258525720213e-01
2.285697837960090906e-01
2.298701780673907402e-01
2.324321533075483226e-01
2.355504592808064235e-01
2.200966641442521354e-01
2.316717582816610332e-01
2.289584740988336586e-01
2.395978566983960889e-01
2.398637379084646304e-01
2.304889655535942716e-01
2.403380052507250730e-01
2.399234146365962217e-01
2.296068828088709268e-01
2.285575178995732093e-01
2.328746313398856738e-01
2.421700372160862647e-01
2.361335327894999447e-01
2.228420861894312155e-01
2.316559237087665313e-01
2.340535562405378633e-01
2.275432781484131028e-01
2.291429902002894703e-01
2.449709332801405237e-01
2.426746951050106904e-01
2.481696516713750300e-01
2.217814303554540012e-01
2.259034054559073412e-01
2.294589406335307280e-01
2.213190257448982567e-01
2.290953142893883410e-01
2.274220759668161840e-01
2.275171412318901243e-01
2.261944816038210793e-01
2.362093562205916097e-01
2.330383887995816083e-01
2.402620766194323576e-01
2.299723305264281537e-01
2.340771108632152542e-01
2.206587236411008957e-01
2.095003820384499504e-01
2.284640941233561373e-01
2.338176267393083929e-01
2.205477001708586460e-01
2.243663912247949865e-01
2.363428316308498478e-01
2.311135400494124803e-01
2.215812952245190814e-01
2.377012454343390147e-01
2.263269322066086831e-01
2.539574061314096576e-01
2.305574332914613056e-01
2.371104980103125870e-01
2.276180663866331777e-01
2.199867481471944330e-01
2.390601265053254321e-01
2.279942033200656470e-01
2.389597987723220407e-01
2.379233429474397754e-01
2.336133845813072873e-01
2.250752092954048933e-01
2.427379468507385452e-01
2.431673658069006538e-01
2.273964438994704740e-01
2.420784496510567096e-01
2.340538988854391766e-01
2.227136109481072657e-01
2.396358453460994131e-01
2.404387047218421447e-01
2.252286276936401876e-01
2.466459357550398190e-01
2.355697973150332469e-01
2.201509278403353531e-01
2.321353738929639032e-01
2.439390593830025045e-01
2.480077574260808049e-01
2.274406139166967045e-01
2.290371621253357304e-01
2.259592613761463031e-01
2.320449724284272541e-01
2.492663505118648259e-01
2.327649243219754860e-01
2.233332379938516576e-01
2.403756226337274426e-01
2.249435415639273739e-01
2.351892136533394739e-01
2.318177154404430784e-01
2.301803657713366036e-01
2.333150297645366633e-01
2.391937115270948710e-01
2.236020348603858510e-01
2.239461127263975837e-01
2.267678577602204870e-01
2.370768534215872414e-01
2.483163586334521666e-01
2.380501268773926593e-01
2.320945722863492766e-01
2.285937259441574998e-01
2.432531216568825094e-01
2.434156159827084165e-01
2.252130083819414152e-01
2.382321923192288193e-01
2.447553619399356895e-01
2.346356025886511543e-01
2.409508971613326112e-01
2.235884269670035673e-01
2.254010589729252279e-01
2.399158297275230944e-01
2.272103723661264840e-01
2.236805756551108471e-01
2.318407244837107917e-01
2.332665175298906379e-01
2.279009731532291305e-01
2.308532471516797080e-01
2.256197097684908559e-01
2.493685392756659069e-01
2.337086000860159052e-01
2.322410435217687474e-01
2.282269202398517216e-01
2.230113207334989134e-01
2.397835503382796107e-01
2.284203547179563254e-01
2.274545984925662179e-01
2.310298855732453860e-01
2.393964237398453765e-01
2.453925828445247537e-01
2.502936168594115940e-01
2.372069481311702421e-01
2.411774137662897333e-01
2.169867439136813625e-01
2.371410630478893167e-01
2.180427345828706565e-01
2.279477248169592685e-01
2.281317717673389533e-01
2.350155761771037244e-01
2.283457746206435102e-01
2.344557246683484086e-01
2.375075845083102211e-01
2.225732827622655396e-01
2.248425705502141714e-01
2.382925620518510368e-01
2.379041368504459519e-01
2.301035849975923142e-01
2.380850054007754291e-01
2.272517294825034950e-01
2.283933955226168377e-01
2.360177395875683592e-01
2.375140794525814059e-01
2.266163636293708761e-01
2.479614282681127935e-01
2.240010661623336730e-01
2.294388866454238618e-01
2.402415004406828758e-01
2.306795854753984909e-01
2.359310708947275903e-01
2.260168081674048812e-01
2.369050970893330776e-01
2.285843045467266244e-01
2.272118548023348006e-01
2.150977616973077378e-01
2.321838347880985365e-01
2.486455661316508692e-01
2.296276782811639550e-01
2.277229908291537874e-01
2.270728280368844998e-01
2.386449460926285682e-01
2.453441986871496006e-01
2.282804537037932957e-01
2.358841559051371439e-01
2.318273002562208085e-01
2.182106386344531412e-01
2.435960190154834448e-01
2.258336780218748174e-01
2.324741220917428686e-01
2.277217761736743395e-01
2.403194720185782285e-01
2.378234944782935123e-01
2.275347407108389008e-01
2.369190507679487245e-01
2.415850263189009695e-01
2.300595360662707478e-01
2.344167354352878485e-01
2.278933605324586775e-01
2.294300842953218844e-01
2.258864296582615283e-01
2.200786393807253050e-01
2.427367439909187408e-01
2.285341698704515256e-01
2.314171450422710941e-01
2.478000816195773948e-01
2.235836656057168526e-01
2.419612360223192815e-01
2.337819749376024436e-01
2.531608851300213847e-01
2.499220757003584037e-01
2.371587763993915909e-01
2.229088469580103593e-01
2.173539154818724950e-01
2.363306014657025333e-01
2.330319815423603225e-01
2.451883741249845650e-01
2.472946419683670349e-01
2.293315482614542156e-01
2.298657052690795399e-01
2.264074822920413566e-01
2.524819195958902251e-01
2.341627895668006165e-01
2.323651468129699915e-01
2.191873278843520234e-01
2.400876658556854726e-01
2.268697400067191672e-01
2.309911689590577744e-01
2.468673614794601456e-01
2.250777756463723522e-01
2.274250836836463063e-01
2.361611271712382998e-01
2.479424890987862728e-01
2.239064674691957912e-01
2.292763727333887169e-01
2.395199679188991515e-01
2.285249735928880088e-01
2.364289311243617520e-01
2.265227036747076428e-01
2.337801806881037447e-01
2.312994800981444110e-01
2.323158613029454866e-01
2.240857918010645544e-01
2.331069715665666786e-01
2.173876092495719836e-01
2.287619677490680681e-01
2.502874820179581961e-01
2.405145262302991471e-01
2.296934222705021011e-01
2.333496199581789887e-01
2.330194679889887321e-01
2.312726267287760207e-01
2.137551901451513747e-01
2.510534116530813153e-01
2.289950762134002060e-01
2.317252577669974001e-01
2.267542587289551048e-01
2.355960751486480265e-01
2.448904773462766971e-01
2.241985404150840522e-01
2.296939686258507307e-01
2.302323896786989121e-01
2.218293479535779211e-01
2.191298355285425381e-01
2.257617542830384905e-01
2.248666283001249655e-01
2.390325625320477154e-01
2.273775301049378861e-01
2.297996678739836762e-01
2.274493707149738975e-01
2.406500843826690494e-01
2.321983123243288594e-01
2.198124673005018292e-01
2.476050432398105572e-01
2.245264079051065842e-01
2.294377684882477897e-01
2.439403963512595530e-01
2.259745491085177471e-01
2.254274099855345381e-01
2.290231451165707643e-01
2.154991079336711080e-01
2.302910652436726824e-01
2.361704929180199197e-01
2.315819466685404837e-01
2.203399430540053661e-01
2.350702488084644159e-01
2.213275203185647577e-01
2.353745505110506619e-01
2.313176297913636659e-01
2.505607472857545037e-01
2.232630438447712196e-01
2.292905285878597821e-01
2.241681410411643927e-01
2.297883211781171497e-01
2.290680859700988392e-01
2.317507335881428265e-01
2.365457396228190234e-01
2.230715721187886691e-01
2.217089465160753115e-01
2.425516451081735914e-01
2.355008318767752573e-01
2.185155176608806760e-01
2.311307416002299220e-01
2.225716919978180386e-01
2.319569987983299275e-01
2.431649366897686571e-01
2.316048100037253199e-01
2.274680415541492084e-01
2.092266759246592112e-01
2.428699619339601268e-01
2.416775835614483892e-01
2.330889683265396639e-01
2.183385461585310994e-01
2.384524102826311998e-01
2.265139309436298709e-01
2.444228313424019472e-01
2.508739457834808229e-01
2.250577726126698208e-01
2.426976609521090955e-01
2.387891298169885768e-01
2.271873920864359853e-01
2.383196621290916417e-01
2.301697086964298311e-01
2.331015277778435701e-01
2.150882649935688951e-01
2.210875571783395555e-01
2.193584014297807749e-01
2.175356205441398572e-01
2.332504869697565875e-01
2.375253984697892062e-01
2.261353552353161933e-01
2.376737934178322909e-01
2.383468058208628448e-01
2.314133502367954620e-01
2.313907484355823552e-01
2.442784883388137429e-01
2.374918326790627088e-01
2.402092355730400253e-01
2.242412727593722788e-01
2.224923695238180121e-01
2.314871517282404145e-01
2.362166037593723678e-01
2.229559273071005931e-01
2.237866607967769483e-01
2.211113471607867587e-01
2.428801087811500725e-01
2.363258314818052486e-01
2.188651288957937369e-01
2.363218576744510191e-01
2.263254273827698670e-01
2.327789220344665955e-01
2.360718016315427048e-01
2.285813184038127388e-01
2.412149408541858775e-01
2.395158583061895163e-01
2.337731606853591937e-01
2.397766170702023136e-01
2.424889947271348101e-01
2.390987140775965303e-01
2.312203736531203979e-01
2.175539572422877654e-01
2.503625509857503317e-01
2.239401200111492962e-01
2.374057263350863312e-01
2.385609576372265117e-01
2.360595037275996788e-01
2.168338901835829557e-01
2.289515941714681535e-01
2.232237741835461364e-01
2.334206288631650861e-01
2.240917652043393493e-01
2.268113592639223464e-01
2.248845287177988761e-01
2.289385933480052593e-01
2.337251329863395399e-01
2.222225316540676621e-01
2.391424668241196871e-01
2.204948603065669255e-01
2.337172404345898014e-01
2.336242794445539117e-01
2.285279352675940734e-01
2.384757853071007572e-01
2.276482637541190901e-01
2.328725326875910606e-01
2.270507745808885425e-01
2.364673946292578655e-01
2.388617306521400308e-01
2.340930147679244622e-01
2.281116658711806744e-01
2.274487566793104709e-01
2.335934911473230846e-01
2.319813202128186980e-01
2.309558930587193026e-01
2.282435102868233257e-01
2.330744155514839488e-01
2.371495926411032740e-01
2.242140833106602837e-01
2.233069970301048146e-01
2.271492724416675490e-01
2.187272933070137371e-01
2.318510634927701819e-01
2.466454986053836507e-01
2.353021502233166862e-01
2.307464861042050897e-01
2.231306118739774524e-01
2.282473926142783716e-01
2.351706188689633159e-01
2.297134004473137814e-01
2.254723265437424684e-01
2.204661053987229946e-01
2.245298736385155647e-01
2.322731833433170634e-01
2.402604884980018563e-01
2.208386773362870092e-01
2.213228468605809851e-01
2.279272965906520287e-01
2.380073545331790608e-01
2.440984666094782873e-01
2.377574672706066206e-01
2.475353907741443538e-01
2.280840096721067078e-01
2.513865990830098096e-01
2.310920702435964591e-01
2.265457029508994025e-01
2.466779670260059176e-01
2.345890259105179176e-01
2.273325409407566111e-01
2.331793084031455188e-01
2.222266898816298297e-01
2.474860434956284716e-01
2.396030417765757370e-01
2.184151588358924923e-01
2.249204631914190067e-01
2.453985832861388938e-01
2.386130388133014535e-01
2.330408533036832652e-01
2.437613091545438870e-01
2.367012855848122377e-01
2.294192848952316954e-01
2.307193332750413772e-01
2.356802880594959515e-01
2.330202142964837575e-01
2.343974509808254003e-01
2.312627263320287119e-01
2.168730589234973694e-01
2.449324907417288755e-01
2.255031464195613178e-01
2.387568836977476405e-01
2.295584170656521927e-01
2.331634613398678169e-01
2.297532605668426708e-01
2.288750688784126353e-01
2.256322504315796673e-01
2.266564191166081932e-01
2.345121069569321426e-01
2.381317030930763246e-01
2.203032359375714511e-01
2.422712927073766565e-01
2.228542719025968233e-01
2.247205223158372511e-01
2.221160925541887654e-01
2.257842540910401652e-01
2.288541662891141470e-01
2.279921414440849725e-01
2.418997973709992588e-01
2.345259449718818667e-01
2.421691139481019772e-01
2.493037583102675481e-01
2.284037376719014190e-01
2.316510850844735458e-01
2.437577165906721910e-01
2.401864050181700405e-01
2.435873100896670806e-01
2.314835121009999053e-01
2.286129076282340244e-01
2.314159725772373388e-01
2.299788817551744746e-01
2.399026509496212378e-01
2.343835064988556705e-01
2.286514560310423105e-01
2.366172261925542364e-01
2.407258526083088934e-01
2.277449018047695561e-01
2.224508199981789502e-01
2.275775825553008613e-01
2.212364096622302656e-01
2.357936434900400613e-01
2.292397330338083461e-01
2.388145369541152530e-01
2.331796706715351108e-01
2.483745710479441093e-01
2.250992021204309135e-01
2.276138718358090840e-01
2.411042042692560228e-01
2.489444434599044076e-01
2.441369830175737499e-01
2.160509693120062080e-01
2.312674436835468750e-01
2.348301406581761175e-01
2.230864973624118730e-01
2.284278362458431189e-01
2.455050920796857106e-01
2.296227460547982657e-01
2.203789531795705414e-01
2.291982637007606571e-01
2.359729626360938526e-01
2.501433592025502084e-01
2.327357053390440300e-01
2.387744176080368597e-01
2.401618067175087246e-01
2.238153021880964211e-01
2.381643571519245217e-01
2.319009797078458723e-01
2.324161505545291051e-01
2.273541274896301034e-01
2.252024263286504513e-01
2.186529330923267234e-01
2.270560840142583081e-01
2.253424241634623959e-01
2.268499593134745695e-01
2.258349268002623478e-01
2.294733086852998316e-01
2.434717958709059493e-01
2.303190612412902849e-01
2.372568408655385541e-01
2.244616201935721866e-01
2.410326177274922377e-01
2.308125899041645612e-01
2.677547251072467938e-01
2.155766930264074455e-01
2.185462840713059407e-01
2.548760732818890484e-01
2.283166652949404629e-01
2.293950637099581025e-01
2.390507288942744779e-01
2.400064862815527167e-01
2.226650935639464812e-01
2.404485772659381571e-01
2.385632613905628030e-01
2.323477483919786368e-01
2.250154165735179235e-01
2.307576061323658168e-01
2.259402230308838189e-01
2.349587928404309467e-01
2.306389635806035121e-01
2.214690233616822823e-01
2.406808094931013053e-01
2.358100699336033723e-01
2.310143847371405601e-01
2.294064909199753644e-01
2.326581613837186424e-01
2.345503004791459623e-01
2.405427173290178577e-01
2.466816932045097222e-01
2.295835377571528446e-01
2.357083319148042810e-01
2.118235595695797668e-01
2.377311205479784861e-01
2.314354751929706411e-01
2.402001045499748411e-01
2.225764153232863141e-01
2.465707191944667143e-01
2.259270917825791369e-01
2.230693827005827412e-01
2.371990303612362683e-01
2.418072040964559521e-01
2.387291894720354746e-01
2.305027847870813884e-01
2.291712594402950665e-01
2.454105440183138032e-01
2.243928393345153427e-01
2.401178089417907446e-01
2.227850213041955296e-01
2.393343832999954013e-01
2.361143245431268356e-01
2.533894733494559959e-01
2.149878004972303469e-01
2.478860642997049446e-01
2.339685455756360388e-01
2.297804331148320112e-01
2.346224746462510780e-01
2.417411535660227151e-01
2.193850189045266352e-01
2.239526005907771788e-01
2.260036572884176198e-01
2.356058704962231964e-01
2.366997232991888966e-01
2.307875240542618667e-01
2.218553913557791968e-01
2.343257056149450623e-01
2.241724678283113226e-01
2.488567350375683884e-01
2.420901233035841482e-01
2.317516454398688142e-01
2.210972850502601894e-01
2.233700343450843451e-01
2.499054000672160103e-01
2.339080875478250776e-01
2.277817403387421002e-01
2.323522899776949424e-01
2.399295494062650691e-01
2.171334035675304697e-01
2.294649453842252385e-01
2.414952169615032507e-01
2.356435742555616497e-01
2.296447837831632199e-01
2.125879982963586601e-01
2.227972364482777856e-01
2.382607268664602429e-01
2.350011706091637842e-01
2.389430963157861965e-01
2.244630856037395372e-01
2.324610963010426412e-01
2.445471628416029386e-01
2.271187878869722898e-01
2.412394461571393534e-01
2.348179257978186274e-01
2.379437413754421637e-01
2.327156246014300267e-01
2.299007483580284839e-01
2.660907002628991602e-01
2.316242908673406820e-01
2.251451657481599866e-01
2.325514056182480249e-01
2.277834061467426396e-01
2.152399279936512144e-01
2.324107364282839983e-01
2.269122420384058481e-01
2.347598726688575332e-01
2.187832866281833044e-01
2.419995026625156587e-01
2.316248851860203128e-01
2.274566465463793152e-01
2.297162785937649221e-01
2.409110781611510099e-01
2.469908176188209126e-01
2.483617728185540385e-01
2.220243536901979620e-01
2.244133991401678352e-01
2.297130965919956525e-01
2.127460245277270068e-01
2.313341939179646145e-01
2.246816738438658645e-01
2.405002318781468695e-01
2.459345718287964666e-01
2.347386287002648231e-01
2.424183047443038697e-01
2.346680934636208860e-01
2.265515216226894613e-01
2.237974221036679590e-01
2.278520408632744021e-01
2.393212915718007094e-01
2.292140686970377816e-01
2.352918558271254457e-01
2.265774499390117991e-01
2.450122170925232712e-01
2.276003489554135339e-01
2.334264028604456642e-01
2.320655965707451862e-01
2.465034286880735948e-01
2.269464537802015902e-01
2.355751517322753064e-01
2.303409162196622118e-01
2.288030803007318759e-01
2.178009310556411338e-01
2.362268535234251787e-01
2.386510590277050592e-01
2.428021715519912693e-01
2.266129910951901749e-01
2.281187282067541067e-01
2.336619598427796818e-01
2.307074587139699984e-01
2.271395486638026207e-01
2.337321112503259746e-01
2.340378679037359577e-01
