2.259016721679680817e+00
1.412059330462099416e+00
1.202888211359373294e+00
1.196669565466357055e+00
1.211750757665682299e+00
1.199314026605000194e+00
1.193541643841930178e+00
1.211899721530813379e+00
1.181745248926208136e+00
1.206793118979543777e+00
1.235339505077502675e+00
1.181100571895013163e+00
1.297286498531803112e+00
1.208864086525048842e+00
1.178038178972783623e+00
1.192923671931213736e+00
1.166450056026711923e+00
1.249847139738040624e+00
1.155892817674945672e+00
1.200751704719158264e+00
1.163860137830509345e+00
1.229679152374186346e+00
1.187055746294757963e+00
1.195917493675822341e+00
1.214360394134673005e+00
1.212278760924407450e+00
1.167912454605068984e+00
1.200009776295513975e+00
1.189292434309542568e+00
1.214928175350098893e+00
1.246738451205558373e+00
1.184073558720632802e+00
1.243703856986855261e+00
1.195001307072600216e+00
1.189565177113604877e+00
1.209157683868991917e+00
1.189778135995828823e+00
1.265936278049009323e+00
1.217121448786806281e+00
1.209364539504674374e+00
1.178412950555704164e+00
1.263305055790133746e+00
1.208269606295360177e+00
1.229451831475106616e+00
1.196216287678356416e+00
1.211231400365569089e+00
1.221987032437761078e+00
1.211200793477469562e+00
1.207685556503694801e+00
1.254809147497454536e+00
1.166915837434816305e+00
1.165750384959405528e+00
1.161997326412880227e+00
1.144772097858127502e+00
1.189859353671297582e+00
1.216555720188946754e+00
1.296588421929304236e+00
1.200380426874587014e+00
1.158319528245736141e+00
1.188652221550502874e+00
1.204776637898266944e+00
1.151086648816844971e+00
1.169563306261443003e+00
1.153694600956628902e+00
1.264893643165625470e+00
1.158014982077781863e+00
1.253504249461748321e+00
1.201402356102196478e+00
1.223325735095287747e+00
1.243923713339992521e+00
1.182767873416496140e+00
1.184552269579349781e+00
1.145864853232756664e+00
1.226086454054630792e+00
1.239322451594923269e+00
1.233884523988157733e+00
1.258108162421947673e+00
1.200491505432374817e+00
1.218089119657704833e+00
1.232022829983768775e+00
1.243521148900445850e+00
1.185818538027324065e+00
1.228010930780808696e+00
1.193424075697846698e+00
1.181748634601799353e+00
1.193029953266550036e+00
1.256048214151630482e+00
1.174596156790413071e+00
1.217121366250034864e+00
1.275784597111246477e+00
1.194993241312068966e+00
1.156563293230469913e+00
1.188050948793477168e+00
1.170604792276104700e+00
1.216636424185290277e+00
1.264856280528551702e+00
1.199804245439610950e+00
1.206315383627465598e+00
1.182482341051327435e+00
1.209377824051536487e+00
1.274548020246559332e+00
1.209851739392063141e+00
1.223501574545492021e+00
1.299137466798215845e+00
1.195073721636971786e+00
1.140323793180204381e+00
1.180142420460236430e+00
1.234314113968187687e+00
1.159013963285399962e+00
1.183974857388549129e+00
1.187734028742853054e+00
1.212059740048588630e+00
1.174530954681722417e+00
1.272908853948604646e+00
1.219025837309102300e+00
1.159495810831478790e+00
1.218490731510057712e+00
1.149300254905391450e+00
1.158277549739006096e+00
1.237668085875994750e+00
1.253560018150119193e+00
1.211131862490156363e+00
1.161790859777863227e+00
1.195359548702205288e+00
1.254431208937738296e+00
1.181819928639731287e+00
1.177995759737062942e+00
1.160765267810077050e+00
1.160717753716021594e+00
1.133897300548034170e+00
1.185151287010250520e+00
1.159326319602531852e+00
1.238546118583223388e+00
1.265183106125381762e+00
1.193948015558307096e+00
1.160820649329414644e+00
1.196605962662074196e+00
1.232593151780574381e+00
1.188094983301857699e+00
1.202094147752667208e+00
1.227961310759520863e+00
1.188722845090697477e+00
1.191860041362375000e+00
1.203269609636501203e+00
1.222623107742028203e+00
1.296722823214151887e+00
1.187856744411937004e+00
1.181332095869153109e+00
1.208436035033720435e+00
1.301224780353618771e+00
1.187937033006242205e+00
1.177879152959883324e+00
1.191862958650307780e+00
1.196546599018554424e+00
1.171663972163271561e+00
1.170429883130689408e+00
1.160615383801471001e+00
1.194422169712113790e+00
1.186313624294261349e+00
1.169688319013228117e+00
1.157997479891925918e+00
1.193854999370346448e+00
1.171094154890413463e+00
1.192469945231510398e+00
1.217769465182199751e+00
1.163614236541606228e+00
1.167903110026321523e+00
1.172518708184150160e+00
1.140291427815858905e+00
1.156785351284402852e+00
1.243606339720460863e+00
1.211136268981479081e+00
1.200720928492398532e+00
1.319421195870497776e+00
1.191463863124157641e+00
1.206612690103982422e+00
1.257934764495586943e+00
1.228579273841923447e+00
1.223091632142266683e+00
1.198483471414969914e+00
1.321186002863316888e+00
1.187321035334928165e+00
1.142515033112563083e+00
1.169824609257122727e+00
1.161552215964689605e+00
1.181749763582516932e+00
1.248875104817323889e+00
1.229480719651744325e+00
1.190468441183783588e+00
1.189729420728070419e+00
1.216471692911291091e+00
1.149845154739714159e+00
1.164826539788859749e+00
1.222762673773737596e+00
1.159267847742238455e+00
1.197685582323964937e+00
1.166564876383538119e+00
1.179860422598489889e+00
1.174863599747099085e+00
1.199661667537159637e+00
1.224069757840369643e+00
1.170528579779751555e+00
1.212554178537900373e+00
1.229865684653470792e+00
1.258012263381652396e+00
1.162489456849196579e+00
1.267058011212543356e+00
1.221982990586165663e+00
1.185763420903626519e+00
1.218666295654846632e+00
1.227949956775321816e+00
1.204205797916421128e+00
1.199611828967089178e+00
1.212869481658645832e+00
1.205659360360903598e+00
1.188784027008139121e+00
1.202070864983351806e+00
1.290045473838562495e+00
1.258222521723202147e+00
1.225323337496889708e+00
1.186647488899965852e+00
1.174265388712199654e+00
1.192322107968751377e+00
1.211789285379880621e+00
1.233097258877239755e+00
1.207095195066364646e+00
1.214523423155565052e+00
1.204515985031119119e+00
1.191795417411418034e+00
1.194255985196453373e+00
1.203009155140860154e+00
1.204919210321341527e+00
1.221075263166628400e+00
1.189928778009865296e+00
1.222311795391452183e+00
1.239115882180573003e+00
1.202246226187243749e+00
1.158569662629064467e+00
1.187149157488018192e+00
1.177955810435864725e+00
1.190582981253181405e+00
1.169555988367209531e+00
1.203356722414170799e+00
1.182053934518089378e+00
1.154655705221203643e+00
1.291284582086414501e+00
1.193215355845751224e+00
1.201372118309874670e+00
1.143847068931565403e+00
1.217022137766361478e+00
1.201541618934782729e+00
1.166081171910519299e+00
1.181453152010720764e+00
1.191098861968130418e+00
1.187321014596981694e+00
1.178828223754899707e+00
1.181047034053689826e+00
1.154967657481478005e+00
1.187639038821882265e+00
1.145669743126822793e+00
1.177490180253121244e+00
1.241747236513087715e+00
1.156507545861653385e+00
1.172777995257716865e+00
1.173445808196503570e+00
1.200945102841998846e+00
1.178837856599418643e+00
1.193410952650081791e+00
1.167640269501645678e+00
1.213787259328204637e+00
1.236772038175206090e+00
1.296435566564611230e+00
1.141373093443037501e+00
1.156063941488021385e+00
1.272884472357497243e+00
1.210028515329852006e+00
1.174512900063094056e+00
1.252617765682714213e+00
1.205041373146334083e+00
1.260847032639158094e+00
1.175802202583000833e+00
1.208682308164173325e+00
1.208989144766757562e+00
1.190100516995771240e+00
1.209998943876674060e+00
1.156728066375065866e+00
1.224771975242850974e+00
1.239841740276863113e+00
1.187326776917773108e+00
1.240398185056590830e+00
1.223731349530166046e+00
1.206063113693162103e+00
1.228874532763737815e+00
1.292858950816003327e+00
1.222881065271976597e+00
1.203669176132035723e+00
1.168528762354494877e+00
1.218786078634066072e+00
1.314193303183811112e+00
1.217958150994248534e+00
1.155355585768503390e+00
1.176081585406624663e+00
1.356811003727219411e+00
1.208446465485545795e+00
1.186218715416446523e+00
1.201459553048147555e+00
1.221525754727542878e+00
1.170670507511212044e+00
1.205095325583180221e+00
1.222131937709673100e+00
1.197573754857761630e+00
1.184640624661243313e+00
1.180129227078390741e+00
1.195876088025592310e+00
1.172808339467241279e+00
1.195670496302558838e+00
1.167978258170260464e+00
1.215001306878628284e+00
1.233464550311105246e+00
1.258381999198823653e+00
1.186989555127111018e+00
1.168106987724101931e+00
1.207496838706038300e+00
1.247117503281781836e+00
1.272226780716486427e+00
1.195663732093175780e+00
1.208181552555366745e+00
1.239304223294142915e+00
1.219250211141402751e+00
1.249231342441569970e+00
1.216043770450111916e+00
1.219504971956090200e+00
1.201700212439969162e+00
1.175955157432996057e+00
1.208926037373262430e+00
1.231500033604743916e+00
1.185169760929066340e+00
1.225018049131684883e+00
1.260413002017516826e+00
1.244944631419503844e+00
1.212405616532301611e+00
1.181454793174097739e+00
1.213509958091943064e+00
1.175611477457572329e+00
1.180605574153467341e+00
1.205124684234348376e+00
1.222720292723995739e+00
1.192004306392734581e+00
1.173680427285996863e+00
1.232463822565946554e+00
1.214577946463817115e+00
1.196847706917250065e+00
1.243902673424027716e+00
1.217704514399975846e+00
1.174738108593187169e+00
1.183554434900192520e+00
1.244102992781437322e+00
1.291434305493597723e+00
1.170459413660118964e+00
1.188166325544424362e+00
1.165432970574680427e+00
1.225304191333980608e+00
1.292180690776238761e+00
1.163722570172978754e+00
1.226908339935119940e+00
1.170231948308267933e+00
1.227444758785398049e+00
1.210221188064116271e+00
1.245226429877530405e+00
1.166958349595351274e+00
1.240065789399570351e+00
1.261843990875431532e+00
1.200203759826467653e+00
1.166073792864024572e+00
1.220143245534957899e+00
1.188556210510981037e+00
1.184662837434044658e+00
1.196949445845834736e+00
1.154784358354579155e+00
1.189900358794981683e+00
1.188625660804228934e+00
1.194737294254340609e+00
1.229404767605838611e+00
1.191011662411220806e+00
1.266761228490530078e+00
1.169502273817196070e+00
1.153711376480702766e+00
1.212868463137194652e+00
1.172897118144992090e+00
1.167832819675236999e+00
1.216690253792439336e+00
1.226541154836431557e+00
1.209463348923382586e+00
1.174123905953605274e+00
1.160990206823318216e+00
1.175876559169412472e+00
1.214567201226144144e+00
1.192252780240756316e+00
1.195550544965078954e+00
1.230091183253670506e+00
1.196435505838646218e+00
1.193099576838491327e+00
1.198658279012956740e+00
1.251106761689341651e+00
1.194977539691646884e+00
1.272364304598240015e+00
1.232369530781109335e+00
1.232899839015126897e+00
1.169605206729835034e+00
1.174275638998054427e+00
1.220180841515637660e+00
1.201026283171986897e+00
1.227946484977837427e+00
1.206632151686570564e+00
1.167476314765543810e+00
1.166675539016591490e+00
1.214664824073612870e+00
1.196046847462522544e+00
1.210524845299137509e+00
1.203165071873843583e+00
1.194074588745525523e+00
1.196326098993481857e+00
1.171414282355333958e+00
1.158054378369361981e+00
1.268244271229272080e+00
1.208852405986324152e+00
1.229118371626664263e+00
1.178903172631799112e+00
1.193872907565648678e+00
1.174785817615634720e+00
1.156516465035752006e+00
1.199278459053472190e+00
1.230665539538537301e+00
1.221579187948721446e+00
1.173622991757782286e+00
1.205885995106066533e+00
1.187822480375394951e+00
1.241213536899561820e+00
1.187105534693480235e+00
1.222764360741707579e+00
1.209937112554625660e+00
1.184679742778275369e+00
1.216107312722723099e+00
1.179333789161304491e+00
1.159993454228518406e+00
1.179326096893703602e+00
1.166123367735381056e+00
1.196578483042683771e+00
1.163177023084124295e+00
1.159671934322114462e+00
1.146321832893500758e+00
1.272969022903108982e+00
1.200217402273910272e+00
1.226786970224929441e+00
1.174053113566982720e+00
1.194643589300751652e+00
1.186809062500551848e+00
1.231120436689600250e+00
1.233989565109510744e+00
1.166530937996710593e+00
1.224599761466263592e+00
1.208906092960051026e+00
1.187301401289367675e+00
1.190479568680135491e+00
1.226427170407554446e+00
1.219284409938647507e+00
1.244029946310495793e+00
1.222862677279975552e+00
1.186483520019271598e+00
1.189884126040472667e+00
1.259939380423202193e+00
1.167466880797999318e+00
1.177718492131635264e+00
1.171918634825174443e+00
1.232297654151517818e+00
1.193871812392114817e+00
1.204080645837523056e+00
1.218307816246824160e+00
1.141476907060263279e+00
1.178241827415904330e+00
1.176896710957603842e+00
1.172225600649108301e+00
1.228722740339970310e+00
1.211032458569321735e+00
1.184608979944487661e+00
1.262573216041693147e+00
1.151407815091871623e+00
1.191697497346917878e+00
1.195586205653539791e+00
1.212803081874390676e+00
1.216958687960829177e+00
1.154015723581869324e+00
1.218920581684856730e+00
1.229060099119574589e+00
1.178011816912635235e+00
1.269202422705198119e+00
1.200570014279449982e+00
1.298339946989048421e+00
1.244186044660570145e+00
1.222516005484949320e+00
1.199117941920548436e+00
1.181326864868517346e+00
1.214034709779894028e+00
1.183161467040757309e+00
1.162342556629637702e+00
1.194336965288585795e+00
1.194415198191223881e+00
1.168872244456084841e+00
1.214515978091976312e+00
1.235775685927663181e+00
1.204409899496793113e+00
1.209831736159670879e+00
1.168795596272738324e+00
1.208658502642535160e+00
1.232268787175942570e+00
1.193980682091640322e+00
1.172558054432303321e+00
1.198004488118661115e+00
1.206824044930933315e+00
1.186637562336985807e+00
1.221184975122495242e+00
1.181905694973309551e+00
1.193165467339424080e+00
1.218601983970474034e+00
1.197819534631535010e+00
1.208460180875979173e+00
1.165658351614548227e+00
1.199919872664947373e+00
1.184056842802614140e+00
1.222180479159191924e+00
1.185735518154902080e+00
1.265870683047137790e+00
1.187940074448354144e+00
1.249893233018414040e+00
1.223666404167945698e+00
1.243877829830444925e+00
1.172811251474570104e+00
1.166990235176990520e+00
1.164457527585877061e+00
1.219750503112754902e+00
1.177684890696164777e+00
1.220021814310171093e+00
1.236032565151701901e+00
1.197493965442668395e+00
1.153082249019978578e+00
1.170620959241570613e+00
1.175962501792058967e+00
1.280493927641340068e+00
1.218017252525324556e+00
1.176352533158686375e+00
1.215512015951253133e+00
1.240988554298560365e+00
1.186096408459844875e+00
1.192595241537606876e+00
1.253425776237940159e+00
1.194278439347650433e+00
1.207204054415928152e+00
1.192990987097083178e+00
1.257679981081983422e+00
1.175606606495307016e+00
1.186678534142189267e+00
1.234925808136113412e+00
1.217066205418823488e+00
1.229111899597148172e+00
1.199274747693169996e+00
1.236472723224513626e+00
1.216998164086428469e+00
1.212292391309001349e+00
1.143322427767769378e+00
1.228952990736536854e+00
1.201808969988575004e+00
1.252859382499768470e+00
1.200374961175541211e+00
1.295275006689749597e+00
1.260983892113654692e+00
1.219557006458904969e+00
1.180850502986356521e+00
1.180383011302270635e+00
1.166025975229262768e+00
1.196553599204782881e+00
1.152791271253451821e+00
1.156635668248266580e+00
1.211782571653504892e+00
1.154750331657182993e+00
1.192453368403363134e+00
1.145773100740887562e+00
1.225518638541073235e+00
1.192514331630947000e+00
1.162760602208831928e+00
1.193236067271139955e+00
1.233426274663923294e+00
1.205061110801234792e+00
1.167892764731005339e+00
1.223103553642979957e+00
1.175396909514126786e+00
1.196876444568429010e+00
1.175929616509964193e+00
1.200541238232319952e+00
1.176677117233220438e+00
1.291070532728948672e+00
1.163237348412334171e+00
1.195638987948955290e+00
1.205688909314401647e+00
1.200978787224791455e+00
1.209842969623490250e+00
1.227071124887452402e+00
1.170861396920407804e+00
1.184373319347002074e+00
1.199291319043575443e+00
1.191255899339281443e+00
1.191762187273749385e+00
1.195066100570711942e+00
1.193403981806363978e+00
1.239860846809056616e+00
1.170591551688244136e+00
1.153764360183716642e+00
1.218729155867438241e+00
1.199562893912623718e+00
1.212402932170100867e+00
1.186564291705171748e+00
1.170182379640278825e+00
1.172998033096390280e+00
1.243323819540370190e+00
1.203115142048496677e+00
1.174197759107433958e+00
1.230546247850278663e+00
1.191797361168440927e+00
1.171223785772878001e+00
1.162947456246309352e+00
1.197059541769900370e+00
1.162008480290476653e+00
1.227002361455864055e+00
1.188587810548604962e+00
1.224471662759255342e+00
1.209503798717831868e+00
1.174617440445058447e+00
1.176993384941160681e+00
1.180143704807112170e+00
1.175003749671924558e+00
1.187183437930591001e+00
1.183281381789669462e+00
1.301445135346081194e+00
1.192929198932485724e+00
1.169653945717107790e+00
1.206634479392543202e+00
1.192216375450506405e+00
1.203272124605480053e+00
1.189977874893540788e+00
1.211910831755060203e+00
1.165651228269644957e+00
1.220046195901097308e+00
1.176642809982499038e+00
1.233212852321913022e+00
1.169290095674281549e+00
1.190831032733902894e+00
1.173532764198743861e+00
1.240924232411636297e+00
1.210101343010498098e+00
1.186195805935482461e+00
1.214837479108397567e+00
1.182768164221353446e+00
1.151642760892580997e+00
1.195030651564751745e+00
1.217447898389300676e+00
1.202248616034371498e+00
1.169744486559070262e+00
1.229143997353358220e+00
1.210008894570734794e+00
1.156983522530575570e+00
1.212413625014308494e+00
1.204744684336226168e+00
1.175102318796993339e+00
1.175967940902393982e+00
1.213382107682699607e+00
1.190147068499783689e+00
1.140273241751603717e+00
1.261787861259843213e+00
1.247333037890660412e+00
1.188770745402486728e+00
1.192643809806031907e+00
1.160750314525560434e+00
1.214413365330857530e+00
1.206101211273941765e+00
1.205410062967323670e+00
1.235507914637232085e+00
1.224394024802434977e+00
1.162964592891315485e+00
1.211342898336439378e+00
1.180899590180785497e+00
1.161921769973527807e+00
1.228416849155742563e+00
1.200119958461268732e+00
1.239261221994705675e+00
1.244810853941397122e+00
1.180317037699910365e+00
1.145482502718562001e+00
1.270196170662692747e+00
1.186738162183596845e+00
1.201059762403615894e+00
1.223184841273756707e+00
1.207108034568926236e+00
1.219700182901275687e+00
1.187500280363560146e+00
1.167186066467154060e+00
1.183416208327556340e+00
1.242600815172393292e+00
1.211549241543632860e+00
1.198768610281472080e+00
1.167099768619234590e+00
1.198027198683623951e+00
1.182045136755691450e+00
1.187853935288116780e+00
1.205246991288428049e+00
1.180009771715546218e+00
1.239372252260076079e+00
1.193823469769970336e+00
1.171428881422087231e+00
1.224117905822235564e+00
1.176670782531190396e+00
1.202417718936358293e+00
1.201741281886110180e+00
1.281480137351062254e+00
1.238402131216406410e+00
1.186826419464374949e+00
1.188374111500260621e+00
1.138692263994102616e+00
1.212509066464922514e+00
1.229325080077183552e+00
1.189838268510795549e+00
1.152270028249642753e+00
1.183204460053010054e+00
1.193978928319857413e+00
1.161011379168493285e+00
1.160172064965074190e+00
1.197616616132593625e+00
1.233820384569167983e+00
1.197088274036511857e+00
1.281986693246800257e+00
1.223119596472548753e+00
1.164636338406797256e+00
1.176682052121829525e+00
1.212367695659990474e+00
1.204843705561948308e+00
1.216159760436098303e+00
1.227782082641759809e+00
1.242717971507729224e+00
1.217326460789078579e+00
1.171884857406577440e+00
1.214322135466881836e+00
1.257822618621549760e+00
1.249415684299302498e+00
1.184723412534212317e+00
1.163389416876561056e+00
1.186858432957601517e+00
1.269420809504469005e+00
1.163755229661026958e+00
1.176745923733683696e+00
1.210359051062748437e+00
1.187729506579603633e+00
1.274446570157349745e+00
1.316080432231768294e+00
1.171654160264322897e+00
1.160886576139133375e+00
1.236768106615360852e+00
1.261699545975239145e+00
1.207533947019783671e+00
1.200869428142916862e+00
1.182446211305299810e+00
1.250740289473457389e+00
1.238667710731762961e+00
1.160980737771088567e+00
1.247603950699915254e+00
1.232181685999553356e+00
1.211940227130158698e+00
1.194945818245135127e+00
1.194008513503513225e+00
1.195972821655858498e+00
1.179024348828641822e+00
1.172776504847603096e+00
1.171509265375683340e+00
1.209462722893420272e+00
1.210264618776674128e+00
1.226244667584675652e+00
1.195691192685784277e+00
1.210933389006051408e+00
1.242275699667497513e+00
1.184745334118441740e+00
1.181656306194997619e+00
1.165374372495851851e+00
1.215054090616218163e+00
1.170392463287836637e+00
1.218539671094166943e+00
1.225284368935337431e+00
1.150522606302493811e+00
1.192808879949001533e+00
1.184219687300479773e+00
1.262732811403783906e+00
1.203881773593888482e+00
1.191146957001116613e+00
1.230581578172233792e+00
1.196366297067120499e+00
1.163504674926570948e+00
1.185815940313271089e+00
1.211909357405537291e+00
1.172113221967880925e+00
1.211633891169006549e+00
1.211414927750585013e+00
1.158749881625146028e+00
1.205909021320778152e+00
1.208759252943488738e+00
1.172646956801963736e+00
1.216826895374241824e+00
1.167334311432114635e+00
1.189730946044298632e+00
1.218016958101769465e+00
1.200996832291351568e+00
1.220439484987313472e+00
1.150561787600280494e+00
1.194829998437624941e+00
1.181487654142356458e+00
1.206890737781787237e+00
1.177053923314250738e+00
1.243491435115766874e+00
1.150842859811548990e+00
1.189079523608844946e+00
1.170008174505974718e+00
1.187177254340427535e+00
1.152486062053495353e+00
1.194091744348986239e+00
1.219438287843426671e+00
1.189762450794500603e+00
1.186715372507055388e+00
1.219032826043051854e+00
1.258929462638322061e+00
1.165973654285030747e+00
1.243608110158226587e+00
1.148946210023556347e+00
1.190111226007925627e+00
1.164778680152995571e+00
1.278804654000529784e+00
1.189422162649591552e+00
1.202825843753291934e+00
1.166694257642048926e+00
1.182620979811789264e+00
1.164363300742577101e+00
1.192596680017792954e+00
1.207758215181832240e+00
1.197523988941722628e+00
1.217301058764294730e+00
1.218531893022225976e+00
1.176714906250830195e+00
1.165901125869378552e+00
1.199690813918113497e+00
1.238313409100731954e+00
1.232275774231314402e+00
1.221223405228640813e+00
1.163629911583993648e+00
1.226157349084094461e+00
1.162491671145312599e+00
1.290134043075086057e+00
1.328418942504277167e+00
1.196561229676499361e+00
1.155457716283070591e+00
1.231838203747155136e+00
1.222747169552149238e+00
1.166071557108917300e+00
1.317507849316089219e+00
1.269737265705688012e+00
1.231657564830996199e+00
1.210138597910273228e+00
1.203373154396690570e+00
1.244765508958197042e+00
1.180842823378938977e+00
1.234001241434547591e+00
1.177620377787325978e+00
1.165788222375480743e+00
1.233903057593370489e+00
1.223025696136909923e+00
1.184466571106672639e+00
1.226866452951814512e+00
1.277988398176257423e+00
1.210923950223139700e+00
1.143634118634346386e+00
1.206646063328073559e+00
1.187808389433739675e+00
1.165541238399182333e+00
1.191701087106944446e+00
1.209483471661454423e+00
1.188616740434600194e+00
1.162605552010921750e+00
1.346308075206293031e+00
1.197710430265255033e+00
1.194722787951787213e+00
1.311742682845777885e+00
1.240134644711466061e+00
1.237736254394592228e+00
1.201713793558550458e+00
1.170833616134369315e+00
1.265032303080809939e+00
1.158444309759248281e+00
1.163813065440209460e+00
1.292110196328081440e+00
1.179043923163647589e+00
1.311552417886195920e+00
1.183021716789027344e+00
1.218656870867724562e+00
1.168220259140189565e+00
1.175802832455804081e+00
1.222873654841976965e+00
1.190559778963005799e+00
1.193096455375871612e+00
1.190108108337253112e+00
1.221000579881528880e+00
1.184992758719630723e+00
1.179956926706568821e+00
1.227987042264322426e+00
1.170937922508267226e+00
1.197690780233868324e+00
1.210682452990988756e+00
1.193395010619498153e+00
1.266358434164411628e+00
1.165555839908329450e+00
1.228008579407090961e+00
1.165861383935238527e+00
1.163553969388746889e+00
1.187951468592416848e+00
1.207136170769544936e+00
1.183213383113848716e+00
1.198253262291562038e+00
1.233499373476710126e+00
1.197539961554372256e+00
1.226760922517914576e+00
1.225800836041417652e+00
1.218436773510010118e+00
1.199280243754515807e+00
1.167346314360419024e+00
1.304178108932577018e+00
1.154796710357881118e+00
1.184650142461993516e+00
1.174733065196280846e+00
1.259310092073359311e+00
1.186629068374196239e+00
1.185444997326148719e+00
1.194055384432380684e+00
1.189333031889843628e+00
1.276001170093720383e+00
1.182522095822333030e+00
1.194357578109427775e+00
1.181416007472307017e+00
1.203332260024830402e+00
1.226714299319684232e+00
1.187556717932990002e+00
1.149503196653983261e+00
1.184380389260883959e+00
1.187409751937545721e+00
1.187868452141970010e+00
1.264035673423828499e+00
1.185461836084220622e+00
1.173582075297312066e+00
1.137535179142076247e+00
1.190733679238338283e+00
1.191848532280602724e+00
1.174714872381914965e+00
1.249295214382068808e+00
1.188128528989553123e+00
1.185249595388854660e+00
1.194105488567297035e+00
1.159804992786683586e+00
1.160849332169893389e+00
1.197399218608377280e+00
1.161542434742588448e+00
1.216536406054208985e+00
1.202113831779333397e+00
1.196374469950932440e+00
1.136297620589095336e+00
1.172563226912762158e+00
1.229542233231293968e+00
1.169964063741698590e+00
1.215618104028485913e+00
1.208241450433068742e+00
1.204107454500019214e+00
1.200100648544472515e+00
1.212447760559899113e+00
1.228870457896595880e+00
1.171002818425561642e+00
1.206034748802764511e+00
1.239221566554844944e+00
1.211878420142318502e+00
1.219356832763775378e+00
1.172467258015664537e+00
1.216515463109662631e+00
1.138948701181008216e+00
1.155536867371861565e+00
1.233120422771834201e+00
1.180155791291627843e+00
1.204927702978520143e+00
1.279534424418276473e+00
1.208184413753463859e+00
1.145316305330365214e+00
1.207840569801256425e+00
