5.713423524254813979e-02
5.750677451989276434e-02
5.753576426849391079e-02
5.674279753894781453e-02
5.728024980650952419e-02
5.928436709309902602e-02
5.747346745482466435e-02
5.719967519567017988e-02
5.705734723526996455e-02
5.821288578155343202e-02
5.625111749401122407e-02
5.867486930094385073e-02
5.596461382042152571e-02
5.812503300360358227e-02
5.683898036409103238e-02
5.621834066153102993e-02
5.819919560791594892e-02
5.717212869995423608e-02
5.932106664742427260e-02
5.812940860512488817e-02
5.740890174176435656e-02
5.664578705500265821e-02
5.817257089045027585e-02
5.744216659687739757e-02
5.937047888093906212e-02
6.052544523117699832e-02
5.716847193932201449e-02
5.899810986612701036e-02
5.619318569221613824e-02
5.920844863458771951e-02
5.983864422750775208e-02
5.731974969103027784e-02
5.786725025307191267e-02
5.751208536074642330e-02
5.731855261892927766e-02
5.702070771408095096e-02
5.730484873565194759e-02
5.724217375001314917e-02
5.803088052335718394e-02
5.986349909230872374e-02
5.754929703208661040e-02
5.802149864274431385e-02
5.624584015513690166e-02
5.767919442300234456e-02
5.841541400704516190e-02
5.781982132814621894e-02
5.754192438897272333e-02
5.633278894664867087e-02
5.942439336361877295e-02
5.846170199890563662e-02
5.758183340032982378e-02
5.862913249674938515e-02
5.656817725671964281e-02
5.796036052772306213e-02
5.748146868147062383e-02
5.530702920739061224e-02
5.686868313117560830e-02
5.642649091149652685e-02
5.749360694112753273e-02
5.802893032448978167e-02
5.748658889838511449e-02
5.600139265040818271e-02
5.890266992299660748e-02
6.069713099152494740e-02
5.719451337283620179e-02
5.691722144006125528e-02
5.689809196525055096e-02
5.780958787716653641e-02
5.554396883033965032e-02
5.582763688254500922e-02
5.916072489420495795e-02
5.952126267692429279e-02
5.756258237516625326e-02
5.768842211195563535e-02
5.913968715272586996e-02
5.644330645092872356e-02
5.644754259562175663e-02
5.706676677120978841e-02
5.837140701521308789e-02
5.751993801320352123e-02
5.829836171107178472e-02
5.890396495871173116e-02
5.785521572811464647e-02
5.594581284989943309e-02
5.856452562019837105e-02
5.692391968073273745e-02
5.650621804740992710e-02
5.881319680599298577e-02
5.615087061216904318e-02
5.693459554319556942e-02
5.728189808263385585e-02
5.619949087084211148e-02
5.860953800885612686e-02
5.703704238470364007e-02
5.784044256306550974e-02
5.827376918911932741e-02
5.741142637211023997e-02
5.981644762237357110e-02
5.789653263500089270e-02
5.882985009694655792e-02
5.581826110332873542e-02
5.671258287913267387e-02
5.870408540378527912e-02
5.862230288013749874e-02
5.639927806532439580e-02
5.870503553024148530e-02
5.807132067688158816e-02
5.897542696777093724e-02
5.722573002012582705e-02
5.664490442729037262e-02
5.646629008442463626e-02
5.842632585909391524e-02
5.717038044089554211e-02
5.850753687983516194e-02
5.657171474910058229e-02
5.864705066103189507e-02
5.746564086384557679e-02
5.791623358971720315e-02
5.916406299485790082e-02
5.747435132794891793e-02
5.983708657380124030e-02
5.921320599730370976e-02
5.862298115144471550e-02
5.671304540396472638e-02
5.732820782730468218e-02
5.801315902635050675e-02
5.623467345990247612e-02
5.963822135374073630e-02
5.845495091502115464e-02
5.669068963833327063e-02
5.824516203291226629e-02
5.646229286994653568e-02
5.795053479952769898e-02
6.045309926093286185e-02
5.959724159841404967e-02
5.976726472779269467e-02
5.991527609035923047e-02
5.584168764968740206e-02
5.532539810327198604e-02
6.307158374235508069e-02
5.827975883012485869e-02
5.901956158862903951e-02
5.676846405265893736e-02
6.090406216633136721e-02
5.746628655603488317e-02
5.865480064971178437e-02
5.796310781824513814e-02
5.681936113110659659e-02
6.038118170074217861e-02
5.568268348244195115e-02
5.985658722951277266e-02
6.117107546819618852e-02
5.964339556241826656e-02
5.975737581843292706e-02
5.649467856559602097e-02
5.747260226479421891e-02
5.892164357005391651e-02
5.512872359005447503e-02
5.734128145148276179e-02
5.871444737636231925e-02
5.662591094763706062e-02
5.676371598486108089e-02
5.810318930501774670e-02
5.953445254123485020e-02
5.809187486217288338e-02
6.565679695784652770e-02
5.932000671695996513e-02
5.915588008256558727e-02
5.776708917051267406e-02
5.802015005453114993e-02
5.769167843384465783e-02
5.685232536077589743e-02
5.892590372926291564e-02
5.737249015455486711e-02
5.694216971319732146e-02
5.803978743607886986e-02
5.744177678575843743e-02
5.750146988929572683e-02
5.706018991781072053e-02
5.777554378786194794e-02
5.748475915906404304e-02
5.730935111133989707e-02
6.010756736344183282e-02
5.531351628548791116e-02
5.595693594068196913e-02
5.693857379031999622e-02
5.936007928904248748e-02
6.033326481121916579e-02
5.627039534478903843e-02
5.547113162500857259e-02
5.777633981524671336e-02
5.956561743089304473e-02
5.694130737929127550e-02
5.956829885103112621e-02
5.972927896879873244e-02
5.967824821527158846e-02
5.983244724926050501e-02
5.820861335676603271e-02
5.889851980755540090e-02
5.879752484869159995e-02
5.660995421738848621e-02
5.683040674452689150e-02
5.699282905977386821e-02
5.894904737578039039e-02
5.734467845835412164e-02
5.553663588655033401e-02
5.687011924809799029e-02
5.878360479034717978e-02
5.716443051452294727e-02
5.839972505524188007e-02
5.982970075170506580e-02
5.809802952853276858e-02
5.565515978758828197e-02
5.723884341126657394e-02
5.727976439605424186e-02
5.972994997657370825e-02
5.723407813835933861e-02
5.792732073987339608e-02
5.734307207170658005e-02
5.767827098319152496e-02
5.710026049352176503e-02
5.728523613723504604e-02
6.243537129998408264e-02
5.751986871331333379e-02
6.032744082531657503e-02
5.927102058059061790e-02
5.710436060906898259e-02
5.920560687006551359e-02
5.774542366574521995e-02
5.768874597690341194e-02
5.933300302416167488e-02
5.887979320128215732e-02
5.664193999098755122e-02
6.041012602594750258e-02
5.872179916125791488e-02
5.919023115748214825e-02
5.900872741964272028e-02
5.778583153725269650e-02
5.857663254453140261e-02
6.006576171623214527e-02
5.657847805114730316e-02
5.687805393394099879e-02
5.816044600492637634e-02
5.691295585345141489e-02
5.780349493734370653e-02
5.693189733198493474e-02
5.702640097262658136e-02
5.610795041238887670e-02
5.748574005887573807e-02
5.974145834704348151e-02
5.871328439787595888e-02
5.909319481884508368e-02
5.649425715012153931e-02
6.016319570410638001e-02
5.754282932608746626e-02
5.726765001470830035e-02
5.840660227825738432e-02
5.988364772111266082e-02
5.859864303858673684e-02
5.716617993699288358e-02
6.098018309397635478e-02
5.793610993900939754e-02
5.690987309602617977e-02
5.700919934023839647e-02
5.886024628223688465e-02
5.886641758007155750e-02
5.941725074278078611e-02
5.775237959657294334e-02
5.805850077115469465e-02
5.652404732866887771e-02
5.943634223462604393e-02
5.953460891141184458e-02
5.701815953464738074e-02
5.733175545171401849e-02
5.753769167306548721e-02
5.646543357146402431e-02
5.671905167449946272e-02
5.703098882891352583e-02
5.773838144510524961e-02
5.932346896295139643e-02
5.744589379313806005e-02
5.843276494826148831e-02
5.611854917591158065e-02
5.916665342449831805e-02
5.686743534838750724e-02
5.927258968667476619e-02
5.941724832301632092e-02
5.981649027834125970e-02
5.672417061324205173e-02
5.757053516199148874e-02
5.816605382902632210e-02
5.827029023990755452e-02
5.648063079463373076e-02
5.946249537071680163e-02
5.512781330364949217e-02
5.859934492430777381e-02
5.784607108043272189e-02
5.769039702901178346e-02
5.581206816448897740e-02
5.680103474708751710e-02
5.792625340304392162e-02
5.841760140250610439e-02
5.742988001372977686e-02
5.833652712815626945e-02
5.691540545374452337e-02
5.793841202710641597e-02
5.808690428676375334e-02
5.694421983347641020e-02
5.974849313745723978e-02
5.599663474770983501e-02
5.958211204210348694e-02
5.747553809239894923e-02
5.971904474373734145e-02
5.856820441982882319e-02
5.760632701069026002e-02
5.900364573565690385e-02
5.896708386614345210e-02
5.650229327018783942e-02
6.055066757071807942e-02
5.705143280969617037e-02
5.818364071753154981e-02
5.940020975981688545e-02
5.675689105084547742e-02
5.872924723042156903e-02
5.921123285967941352e-02
5.766876405673030531e-02
6.023789111217893455e-02
5.886471902826067443e-02
5.920785700195468210e-02
5.876553480078502978e-02
5.755632663072671878e-02
5.903663762865486719e-02
5.934358165526453649e-02
5.756600698332468846e-02
5.918254867442027806e-02
5.846925243862995114e-02
5.635668242543914741e-02
5.832305323918333256e-02
5.727795363791008537e-02
5.639067060054259173e-02
5.856836481395525512e-02
6.041443430839766454e-02
5.781528871956905652e-02
5.949382404811202896e-02
5.555599037130051071e-02
5.698278871167714726e-02
5.673376608275915861e-02
5.658873497914886086e-02
5.891659047670683852e-02
5.962827290803923708e-02
5.919652333923386411e-02
5.818716400290267765e-02
5.683635131639969834e-02
5.592259510069586687e-02
5.851997209004759781e-02
5.940615685763872555e-02
5.936298803874611590e-02
5.546658135680209573e-02
6.013884694113200841e-02
5.842767228301177368e-02
5.823108839894555050e-02
5.843466336840731634e-02
5.720868910794171119e-02
5.890001168502441431e-02
5.849097841117880531e-02
5.929667837868043967e-02
5.885957127905622893e-02
5.747281435692085799e-02
5.806914414437834571e-02
5.965324211254580816e-02
5.940877965205959566e-02
5.690687844171995330e-02
5.854758351208554784e-02
5.812497162128683892e-02
5.840639010782038010e-02
5.946859960032908898e-02
5.957865161891398587e-02
5.593037348489055677e-02
5.771768462024605417e-02
5.808991400179558395e-02
5.822982055779511723e-02
5.731388954436679450e-02
5.822957322148791109e-02
5.662731938123673897e-02
5.830789551341859778e-02
6.031145444662196903e-02
5.909097122040776057e-02
5.875563405108268078e-02
5.920382393378009755e-02
5.985564253782332117e-02
5.782813589357291284e-02
5.900805447298908962e-02
5.720759175374436761e-02
5.873368869681454968e-02
6.020860121659624142e-02
5.527948930969457664e-02
5.579113551382665348e-02
5.656453924952075524e-02
5.906579440952020726e-02
5.657683338869090584e-02
5.843310086675009701e-02
5.734327871170511598e-02
5.923106919365948853e-02
5.788503348791318448e-02
5.599836091291835599e-02
5.716967384970383231e-02
5.617956519222655487e-02
5.746309311648873513e-02
5.811792074141245573e-02
5.936501024213450967e-02
5.988051371840112658e-02
5.823817246602557007e-02
5.800318642330531960e-02
6.149034034935916410e-02
5.518246420709995576e-02
5.909369746088809217e-02
5.884946137647920766e-02
5.743935898243989618e-02
5.698109859952004558e-02
5.824330554631600154e-02
5.679609528536165575e-02
5.770271522235523309e-02
5.859171792491374431e-02
5.725438656849007185e-02
5.649573771985366005e-02
5.601789967756590910e-02
5.786831373392944955e-02
5.579600786683615310e-02
5.768248144823211881e-02
5.783990208264250255e-02
5.714160965119777918e-02
5.714029948919020080e-02
5.768079565690235194e-02
6.087500827895055144e-02
5.902106914465987675e-02
5.711090781386179288e-02
5.928620002802047206e-02
5.733584499235459125e-02
6.077833094657022345e-02
5.627630282095271580e-02
5.686283244286570449e-02
5.942024984436675844e-02
5.929169871522966401e-02
5.790796029640318809e-02
5.787805375311575601e-02
5.951985855655066854e-02
6.131108595657557003e-02
5.840036866526292225e-02
5.982123967836765199e-02
5.987372626209964965e-02
5.869754386105596744e-02
5.957851393658271377e-02
5.838715486218283568e-02
6.038041884832161948e-02
5.723445538452690690e-02
5.728225097838354068e-02
5.756372701542949999e-02
5.802713118688850036e-02
5.518939544542902226e-02
5.657569781424555411e-02
5.766976643118981727e-02
5.642587193068134693e-02
5.617535497097742719e-02
5.764758069279156405e-02
5.753965509497487724e-02
5.589268419035646474e-02
6.079198117654507211e-02
5.809373520234022842e-02
5.831821742606303066e-02
5.921620412492862445e-02
5.782102223536651764e-02
5.570248268001033037e-02
5.754226509601545470e-02
5.684303908552960222e-02
5.888536267995247986e-02
5.824118795036355156e-02
5.843483256577590434e-02
5.732803442321132009e-02
5.878875950437138093e-02
5.881466924650701616e-02
5.738841072282468286e-02
5.669098915020207019e-02
5.830082764409029450e-02
5.895293731788919106e-02
5.846756188894184497e-02
5.737285110096895790e-02
5.822975494372110289e-02
6.008102824666327474e-02
5.715853473293865117e-02
5.734677324629038064e-02
5.840844132713905734e-02
5.853389266000705304e-02
5.820695322366443991e-02
5.912632077571541855e-02
5.982042258275462737e-02
5.660171111552060597e-02
5.762491694354397731e-02
5.809308854030802161e-02
6.040087222834681496e-02
5.662315108193483743e-02
5.578381608714751833e-02
5.558492994427483708e-02
5.861597505514916373e-02
5.725471826428919775e-02
5.890035603017852728e-02
5.800690997688737888e-02
5.781422035218414246e-02
5.744177521104273237e-02
5.736317182610002618e-02
5.917103372237050157e-02
5.536681938700922789e-02
5.871010873537331476e-02
5.622414577610140157e-02
5.974962321730444004e-02
5.677427086755797853e-02
5.910309324292037370e-02
5.547939101171526360e-02
5.835875711366707991e-02
5.983424673033001934e-02
5.870276663030484648e-02
5.871499537738611441e-02
5.918706279405636095e-02
5.955652989139866016e-02
5.679993266754440606e-02
5.845131742629400273e-02
5.828179286205510679e-02
5.596987571011367846e-02
5.932456120760615237e-02
5.878101093084606849e-02
5.663403404196651336e-02
5.650931232339763410e-02
5.793855775568295535e-02
5.673574293244496025e-02
5.898190585537917141e-02
5.830860961235190265e-02
5.731184372995819926e-02
5.875796340712426818e-02
5.790070102445949579e-02
5.880332043901626005e-02
5.781513616109565379e-02
5.904810067226573533e-02
5.606199713059797918e-02
5.648523687103807617e-02
5.742068926851772587e-02
5.875214761699987243e-02
5.713726264569512353e-02
5.654451437666483532e-02
5.918986072297776485e-02
5.653049368787795709e-02
5.800738412135287431e-02
5.606382795529985669e-02
5.851011885676300067e-02
5.596271534985703539e-02
5.774180504634553179e-02
5.657804133110912875e-02
5.777122479611413591e-02
5.977315411022751657e-02
5.667094118080798909e-02
6.008698128177141634e-02
5.752304848511369251e-02
5.642488606306525489e-02
5.852987260858599772e-02
5.729002388126705481e-02
5.909920006066773923e-02
5.966914510463365573e-02
5.763842868372584527e-02
5.595855586888903721e-02
5.962280053893813381e-02
5.844879433561272347e-02
5.758339144960088196e-02
5.598655678400921848e-02
5.903449957057611830e-02
5.803493337608205127e-02
5.813281881402074941e-02
5.685748598552373134e-02
5.566425683542032543e-02
6.056231653561608419e-02
5.867742334903602169e-02
5.731933947517688782e-02
5.693033178550772205e-02
5.735794564878995971e-02
5.813935054543463432e-02
5.747894243390441055e-02
5.596827163567356933e-02
5.960381349579379345e-02
5.889724233039914797e-02
5.597561509857573031e-02
5.746511909854700589e-02
5.838953128233855677e-02
5.800110702170591798e-02
5.827435437924294998e-02
5.554834063195308869e-02
5.742793953533173457e-02
5.845026852385160759e-02
5.568408025498382263e-02
6.081051653049336647e-02
5.880661562122625058e-02
5.836598550652288137e-02
5.689323616536555439e-02
5.875276355040049553e-02
5.778433100925196159e-02
5.652068336900639006e-02
5.832693634254709769e-02
5.673959269900438751e-02
5.725986377534366539e-02
5.814696270872900946e-02
5.738511617658956926e-02
5.810842343010191868e-02
5.761500696652931824e-02
5.720597080283963687e-02
5.726160919962838131e-02
5.891039451561038559e-02
5.710912908717562936e-02
5.585345371344984516e-02
6.005608539173919874e-02
5.869425798427392593e-02
5.831471460530431722e-02
5.899090317255506477e-02
5.769771640368930726e-02
5.754484829826041897e-02
5.867074496162134889e-02
5.815034389751697758e-02
5.727926521445404762e-02
5.898328709359877686e-02
5.810489243047069902e-02
5.749279205928588959e-02
5.748576006652858505e-02
5.634113677557399391e-02
5.933079077424383702e-02
5.948050958306481950e-02
5.768777643538661182e-02
5.734681275106994630e-02
5.682171477020381972e-02
5.904661084053990094e-02
5.737951528718773092e-02
5.985450962028691924e-02
5.768683309931331438e-02
5.835820853843144002e-02
5.592663799155180027e-02
5.923939274882200623e-02
5.743936824332937507e-02
5.679067207166321740e-02
5.680434262150229480e-02
5.758621921808122768e-02
5.964963661085735669e-02
5.860285306169533276e-02
5.870678243644189553e-02
5.828197580401942024e-02
5.841940356199530615e-02
5.701674537095382383e-02
5.856339437467610737e-02
6.051097774133597923e-02
5.878705320480195895e-02
6.114849216591768111e-02
5.831863693369722379e-02
5.743745893383624124e-02
5.616419033791737736e-02
5.605676396727411054e-02
5.734444152663917965e-02
5.832946913510120290e-02
5.760122142809325635e-02
5.787154607339082407e-02
5.670909012697668283e-02
5.884465680381342767e-02
5.598414383149637880e-02
5.947162841354705631e-02
5.790315506438756948e-02
5.891777794362976217e-02
5.622363955890598286e-02
5.817537809192045023e-02
5.857859040418433166e-02
5.813796136907592449e-02
5.648525561243412929e-02
5.571069293610078632e-02
5.990225594944903476e-02
5.726577312868379871e-02
5.541451303373532561e-02
5.850778856078318879e-02
5.784421835130838796e-02
5.673496478728031617e-02
5.666610808607275285e-02
5.926438833296359537e-02
6.019434397091950190e-02
5.943353669380294774e-02
5.882006931371249608e-02
5.850145491618411603e-02
5.964030491546758878e-02
5.683356230550438287e-02
5.631481063502811329e-02
5.746756304870344334e-02
5.708319255663731051e-02
5.774176963948796787e-02
5.648072476051264890e-02
5.770057346709961399e-02
5.856169828873920846e-02
5.706127154369624449e-02
5.766656782242596258e-02
5.874090794906244167e-02
5.718607518272389445e-02
5.991228759030398782e-02
5.627645532374032922e-02
5.932931857354584171e-02
5.816356276018536803e-02
5.763492818468748252e-02
5.757415320097387934e-02
5.499274469541124560e-02
5.907695089546281114e-02
5.945718786419369045e-02
5.854471238726149246e-02
5.559591661975901017e-02
5.581107715533521751e-02
5.827752917028145019e-02
5.543008536832827460e-02
5.797378612014478239e-02
5.788865053275900341e-02
5.696134030165307671e-02
5.911629773772444918e-02
5.740569852859682409e-02
6.077073779696466616e-02
5.631301032156554864e-02
5.757536822269691129e-02
5.832198145366596087e-02
5.652633376203189397e-02
6.020680982184836022e-02
5.892907992270515066e-02
5.900413330030587766e-02
5.736297436611616229e-02
5.627192389831952440e-02
5.736601238679205073e-02
5.611960354560006914e-02
5.739665829505799510e-02
5.735842668171763081e-02
5.639970142033829542e-02
5.902270444744854572e-02
5.755124153244715879e-02
5.630141679855139858e-02
5.545531875790858656e-02
5.843445588753412578e-02
6.003000770697378835e-02
5.759239727302235129e-02
5.588801697718506767e-02
5.869274522952464684e-02
5.597369136555184477e-02
5.472688178477196769e-02
5.854868405362371325e-02
5.921166176645758367e-02
5.892753645109342908e-02
5.681135646126859312e-02
5.848135637673835402e-02
5.793871048135737500e-02
6.091436983809957878e-02
5.842752820829413829e-02
5.763769394739783752e-02
5.790218357502053409e-02
5.944578469669523080e-02
5.748668613677689054e-02
5.737967381067612255e-02
5.942359247030520875e-02
5.603916819360652002e-02
5.802791631481806628e-02
6.006693900700983690e-02
5.687165591504325657e-02
5.821701378953025863e-02
5.873554276844687727e-02
5.924468460733411240e-02
5.586679004273129023e-02
5.796644243486148707e-02
5.726610605737218057e-02
5.787876178362441615e-02
5.799200073687064277e-02
5.818632136648035219e-02
5.785164528502049347e-02
5.721446031860142473e-02
5.721033513814211685e-02
5.649986413079001457e-02
5.894901478905149178e-02
5.832252141587491306e-02
5.644756213037872838e-02
5.898748387843551905e-02
5.836871645062374075e-02
5.606446456636299258e-02
5.698370886816615105e-02
5.666054842263466840e-02
5.775854026404176472e-02
5.736737405111219656e-02
5.723160635724590384e-02
5.769034912653577679e-02
5.791814562756929935e-02
5.766207167025107216e-02
5.723696866355380136e-02
5.887417701869389342e-02
5.901520060139132939e-02
5.662335754774255880e-02
5.812694930188550685e-02
5.804420635220779862e-02
5.877706369436862255e-02
5.971882727766468502e-02
5.862408410162640165e-02
5.893433281857589356e-02
5.712312862590672446e-02
5.682868488375480281e-02
5.913990544590699838e-02
5.837231935725333692e-02
5.629118680769469585e-02
5.907869785872262025e-02
5.561840108789468939e-02
5.902740040480335820e-02
5.633045738607074526e-02
5.817799448197584489e-02
5.770520199347300289e-02
5.840697062437515130e-02
5.814734663868386527e-02
5.855748159533313152e-02
5.672841197555091725e-02
5.787970839407610008e-02
6.190882640626690220e-02
5.888893987794097812e-02
5.798028684533026306e-02
5.969864363942087998e-02
5.785412202083218408e-02
5.796151938172422469e-02
5.700640586564036105e-02
5.696832155844679807e-02
5.953063064072115079e-02
6.084189919253450013e-02
5.807777966340376546e-02
5.817552612112179139e-02
5.854856412840284130e-02
5.806880435373837357e-02
5.625761699319546671e-02
5.829160001470709562e-02
5.742837330138745450e-02
5.825992863701870417e-02
5.519223295816467340e-02
5.744976334375041793e-02
5.796186715751237145e-02
5.663786778603787514e-02
5.780751577424908527e-02
5.778112640332020572e-02
5.695107405223095998e-02
5.899078466876840621e-02
5.729771161489026488e-02
5.889350388450523971e-02
5.891822171372423922e-02
5.728194848247024351e-02
5.818449444284760214e-02
5.569058200232081257e-02
5.803197507314035442e-02
5.718440045614845563e-02
5.680527038314114180e-02
5.793618010171396743e-02
5.656071145620217983e-02
6.069632755581973182e-02
5.994309983097743239e-02
5.703851356332983319e-02
5.815335971263494580e-02
5.839357377687299372e-02
5.777777717423276255e-02
5.679545618198855034e-02
5.845088469127548980e-02
5.665027878573327541e-02
6.467327543474467311e-02
5.850187062802376936e-02
5.501764302482143459e-02
5.854429871817113523e-02
5.831814119225425808e-02
5.818856925842569305e-02
5.745255800302899452e-02
5.759728898384344764e-02
6.078087751061563015e-02
5.694428596105576695e-02
5.864315056781458507e-02
5.745370208650906613e-02
5.867055675555742089e-02
5.571553287129077381e-02
5.833643968688596165e-02
5.755400940594734838e-02
5.763308260488942542e-02
6.108632947033979660e-02
5.831824325390172481e-02
5.749604762781406614e-02
5.875793207275059604e-02
5.754774079332794501e-02
5.809693762682069385e-02
5.649388609772171277e-02
5.620184428368769219e-02
5.824540133636720018e-02
5.958127912098853257e-02
5.608309063241127129e-02
5.753103955574102174e-02
5.781315993386951235e-02
5.840026014647663882e-02
5.754574333932759023e-02
5.471943004865809784e-02
5.966191995578495194e-02
6.219241359398303831e-02
5.943286568816086302e-02
5.841153708443003190e-02
5.663981587871375067e-02
5.905669771510603516e-02
5.797832927373430811e-02
5.623209711018056084e-02
5.884816264904074723e-02
5.537712612497938669e-02
5.936969350955324798e-02
5.977557865124598357e-02
5.953416292606495547e-02
5.628479803131278270e-02
5.713318130265460093e-02
5.973252965750931731e-02
5.922531887657966898e-02
5.751660151990993508e-02
5.558174347624481038e-02
5.991189702627877645e-02
5.763781278683587084e-02
5.722538274947640280e-02
5.569201144689442384e-02
5.829762565059261326e-02
5.952589148889158438e-02
5.722684703022706820e-02
5.876558382336411618e-02
5.821183656206217749e-02
5.785205600768166673e-02
5.843687772387713003e-02
5.743200763342050374e-02
5.936016621327439013e-02
5.700066470275721997e-02
5.801027510764568407e-02
5.949426353809609408e-02
5.563324370924084550e-02
5.660909646738304657e-02
5.693312214692709816e-02
5.767338088102932220e-02
5.853618445600922843e-02
5.826568392880242253e-02
5.765638984502523962e-02
5.896230014418470805e-02
5.830567221504315278e-02
6.056436899129441498e-02
5.752612015727569250e-02
5.684463334182846689e-02
6.005819243105060823e-02
5.891250327738956072e-02
5.979862283627356695e-02
5.942291421611756858e-02
5.912645016728566849e-02
5.991348069498864115e-02
5.679263194574593610e-02
5.685739528453270103e-02
5.530989629616372971e-02
5.705669034979553300e-02
5.835040038656847533e-02
5.921836696308981074e-02
5.864583502504651380e-02
5.801937992129115040e-02
6.042780555849661811e-02
5.671157938149292560e-02
5.566490123159883313e-02
5.901450504896390420e-02
5.805152951280884849e-02
5.880242712482052631e-02
6.144147814764002596e-02
5.859565067231129604e-02
5.814048718295968671e-02
5.755873806534852338e-02
5.883937993639537511e-02
5.897214124924463757e-02
5.817329937267418788e-02
5.943884151133867200e-02
5.881861892346624404e-02
5.721599055935252393e-02
5.630296444326730182e-02
5.846865499638096569e-02
5.891959988143809918e-02
5.728370745821668997e-02
5.833331630789027888e-02
5.616978408216602436e-02
5.644917923428777878e-02
5.691408768617608332e-02
5.590850263359018607e-02
5.818490190057142020e-02
5.662802376885068406e-02
5.943571713399207340e-02
5.822510177210788590e-02
5.851167487531196837e-02
5.667765822235460577e-02
5.928048328771160641e-02
5.755396939905708248e-02
6.011023626266877307e-02
5.702737504187121997e-02
5.867024720029549723e-02
5.815486914881284192e-02
6.059762430262841809e-02
5.927710801251176442e-02
5.911758437876424993e-02
5.752146334733099914e-02
5.766160146709595896e-02
5.621917835863084884e-02
5.827367742707789677e-02
5.872482130242486636e-02
