1.412426531258327955e+00
1.136729969374736804e+00
1.107147881054730387e+00
1.099670686896252692e+00
1.092483241792191917e+00
1.100386464587728153e+00
1.093829386419946870e+00
1.108381704451804728e+00
1.098444163421679276e+00
1.083248232461917482e+00
1.104162920679735205e+00
1.089532305699012715e+00
1.114610596374158158e+00
1.108214200287978901e+00
1.087042300648615845e+00
1.096276406286682548e+00
1.099742742046649013e+00
1.088917842219310650e+00
1.115082545067614062e+00
1.095017107272692636e+00
1.087785471353740707e+00
1.078210285747417618e+00
1.098120862888302796e+00
1.109143327926600531e+00
1.099629230503925914e+00
1.097125301460734947e+00
1.089362194031510356e+00
1.080101199960085800e+00
1.092117813397847303e+00
1.094190611967312377e+00
1.099278647000659914e+00
1.112141512580743230e+00
1.113376533315678429e+00
1.105028881390637263e+00
1.113615239259058809e+00
1.096717905537836879e+00
1.092211595972009119e+00
1.090622625665232270e+00
1.097098793851976950e+00
1.120539462527619046e+00
1.117744257069591018e+00
1.096228590044451057e+00
1.100210813433548651e+00
1.091790346165582015e+00
1.096283215103911912e+00
1.105709032377025114e+00
1.114942508885203631e+00
1.105823934257878838e+00
1.102400253521158557e+00
1.083430264030486700e+00
1.100291878454382921e+00
1.078767568888143069e+00
1.117252672699406313e+00
1.107119147304526097e+00
1.109404942488199541e+00
1.116974792920417681e+00
1.096277144348235533e+00
1.107779878453634570e+00
1.123115416332406191e+00
1.114303118527059766e+00
1.104596767121645895e+00
1.098681310024859581e+00
1.087505885700054797e+00
1.095251277127076595e+00
1.086114021739411184e+00
1.101923691471241362e+00
1.107808664637091933e+00
1.102646732654409822e+00
1.113398647578150547e+00
1.108245737492767224e+00
1.111303644428050186e+00
1.079099659515714293e+00
1.098917271753238278e+00
1.135544820010052192e+00
1.110717254112992602e+00
1.105926976481905299e+00
1.103508799054705447e+00
1.096747736731539913e+00
1.094327379766246278e+00
1.085181114825978677e+00
1.098278748621491774e+00
1.096771097150044616e+00
1.091376273795950924e+00
1.099240362984371444e+00
1.106958739478389964e+00
1.098429779308571996e+00
1.113452259985242332e+00
1.091836527226409004e+00
1.091604026977297970e+00
1.144903386808422852e+00
1.085756026067900004e+00
1.093872222064286026e+00
1.097307888697045097e+00
1.089977948189486012e+00
1.109449279690134071e+00
1.088610923843483347e+00
1.113224038184861708e+00
1.125157909848959248e+00
1.126053495558005935e+00
1.104582789752707850e+00
1.093821630580590787e+00
1.114268220822963285e+00
1.091939740584106922e+00
1.108865322224025896e+00
1.087067449532759467e+00
1.097250921482159969e+00
1.105737345703306840e+00
1.088502737443548751e+00
1.100109834610322190e+00
1.097653390451802435e+00
1.115296196317985711e+00
1.104025820965683247e+00
1.100744945081759019e+00
1.095740751171693450e+00
1.092041265959557972e+00
1.115849035081785123e+00
1.106276257227608362e+00
1.117461356666804129e+00
1.115111629157062856e+00
1.111577320725048557e+00
1.120918440608323685e+00
1.080807631559747684e+00
1.088997773580886230e+00
1.168662312747556165e+00
1.089975881145342385e+00
1.108292572304071966e+00
1.127480598649202248e+00
1.082845307318756944e+00
1.095079565398319188e+00
1.085460615931527206e+00
1.093592141426688924e+00
1.094344172346596089e+00
1.103597994731312815e+00
1.082238128901808594e+00
1.097167480314417798e+00
1.104738961472406134e+00
1.106336301249439380e+00
1.104150283602505667e+00
1.089062476663680057e+00
1.085386544821500321e+00
1.085028226135527296e+00
1.111153340537691436e+00
1.111576394416035063e+00
1.120136500433082327e+00
1.102291863470293842e+00
1.108740016569360387e+00
1.099673601208736695e+00
1.090536201387308113e+00
1.125073036921188541e+00
1.093051704956166548e+00
1.116359974104339070e+00
1.134429219929142585e+00
1.099338371238722356e+00
1.097762194509969591e+00
1.103209275605647521e+00
1.086074166235208471e+00
1.084735765622223180e+00
1.110409524962837402e+00
1.113274961311627953e+00
1.091078472113463649e+00
1.095555826110951481e+00
1.085787112405560917e+00
1.099560823658003894e+00
1.112664034886955866e+00
1.098905907179652308e+00
1.103432072468214287e+00
1.098276479646659531e+00
1.075460154117175327e+00
1.100949441212708324e+00
1.090181742868205905e+00
1.075646455821021030e+00
1.080455427036378424e+00
1.090754505201480873e+00
1.114364406309937827e+00
1.092442813658797585e+00
1.085426502948436900e+00
1.099573730839539465e+00
1.085031657205328459e+00
1.096178956384978198e+00
1.098146754582261853e+00
1.118770200537350545e+00
1.120163073717750146e+00
1.101669897092553141e+00
1.081690559740716706e+00
1.094489904239749567e+00
1.086756522455983642e+00
1.093829228977299728e+00
1.094478572337293620e+00
1.089490163086990648e+00
1.100499988942591267e+00
1.103654223075670515e+00
1.102858799814527169e+00
1.095621344849814438e+00
1.113873756730404674e+00
1.098381824946446761e+00
1.096040280571334957e+00
1.088623416973102387e+00
1.102681923666669173e+00
1.108654655400727274e+00
1.128552771600080051e+00
1.086182554181420734e+00
1.103186863200344980e+00
1.113332369286834211e+00
1.104562413128375997e+00
1.092238468747846802e+00
1.119421563123658814e+00
1.089496852453808673e+00
1.102668622453486513e+00
1.093302359112084288e+00
1.093305236090924781e+00
1.100218206704534074e+00
1.095769508454130792e+00
1.127619077062307129e+00
1.099451244075836387e+00
1.107335645937861379e+00
1.101049090570902056e+00
1.093855351702173628e+00
1.096177440625885513e+00
1.081546105745124331e+00
1.089407196685555412e+00
1.098418486552453555e+00
1.120307874035307849e+00
1.111907074701021347e+00
1.100153076153011611e+00
1.095137980079452511e+00
1.101401974117243610e+00
1.109170853208228946e+00
1.115696221083318784e+00
1.078126527954072822e+00
1.101498074369305247e+00
1.120785798749265094e+00
1.104910877173961969e+00
1.091086953782776536e+00
1.084254022208775758e+00
1.095608918069882254e+00
1.123641748771200710e+00
1.096588758009500397e+00
1.103243170884817381e+00
1.093117796545848952e+00
1.091493443583201550e+00
1.111091597756476590e+00
1.115144273795951380e+00
1.087874673139832105e+00
1.111307619960828497e+00
1.097863418758930010e+00
1.104035962844571950e+00
1.086762819706927674e+00
1.097842413737314171e+00
1.099248815110381416e+00
1.081666505871100359e+00
1.100374874777834355e+00
1.097958983281421830e+00
1.090165406862513064e+00
1.139409312716834322e+00
1.095585164970820369e+00
1.103701738914848685e+00
1.080865759827877692e+00
1.081346950247880745e+00
1.084453010877039603e+00
1.106128205352862492e+00
1.115673802438800433e+00
1.105249326891268424e+00
1.093530607182160885e+00
1.092443684412146565e+00
1.100395180369918569e+00
1.110321578829846167e+00
1.093606295867173062e+00
1.118592621088263739e+00
1.111705856855758290e+00
1.115355264513566258e+00
1.087528721834735590e+00
1.100106659104747919e+00
1.120466270728620151e+00
1.092823966617553655e+00
1.088528911804030219e+00
1.089920251035463528e+00
1.093663274985014144e+00
1.090560486101773474e+00
1.102008317049806729e+00
1.101011863058849904e+00
1.098983173919209300e+00
1.108754865773174281e+00
1.095304591522164861e+00
1.083921274286798075e+00
1.115742038153914928e+00
1.101440204084755070e+00
1.134018176240913167e+00
1.096474123477624518e+00
1.083784721132119655e+00
1.085794102604130673e+00
1.092931560873736219e+00
1.073331886703698501e+00
1.104433179742240645e+00
1.129291004049041813e+00
1.110185604002293935e+00
1.113803686755028499e+00
1.094941484825960654e+00
1.111468020172672544e+00
1.092680991883310027e+00
1.080796207555354327e+00
1.096160339965745578e+00
1.105379597054612306e+00
1.124106273594639216e+00
1.101375580129016374e+00
1.102865829380253793e+00
1.107979098604506163e+00
1.099591631067488029e+00
1.102051059512660025e+00
1.095799011904199149e+00
1.106964672241793401e+00
1.077636361604173754e+00
1.105711757198590828e+00
1.102874652767256602e+00
1.086834470955779564e+00
1.087347032078319620e+00
1.104957380928429433e+00
1.097936189794413764e+00
1.101944351346633599e+00
1.117034095790141901e+00
1.093058911467128302e+00
1.097000363252841115e+00
1.098846066731202553e+00
1.080691403710392295e+00
1.103581821366826254e+00
1.087650377599997498e+00
1.096135068600904150e+00
1.097882737349736626e+00
1.093897900395671696e+00
1.084544789648657970e+00
1.125684029758166727e+00
1.118196278983281333e+00
1.100655332490077853e+00
1.100343986653548267e+00
1.101259059998016765e+00
1.101197775091557585e+00
1.091696932664765640e+00
1.108170325395462008e+00
1.091863255778778852e+00
1.108504626493447276e+00
1.111636591462748180e+00
1.097670300835476676e+00
1.101187489092343208e+00
1.094009098449046924e+00
1.108114702905777182e+00
1.102067535581334967e+00
1.132528046966061686e+00
1.103612633408677768e+00
1.099735534690247540e+00
1.096561040362745265e+00
1.103314256899553314e+00
1.102676050042919131e+00
1.087142004779393600e+00
1.095655523101370932e+00
1.124022453477891093e+00
1.101724202028439459e+00
1.084717476226864319e+00
1.076905371958835733e+00
1.102385512193728712e+00
1.123452281948163600e+00
1.079530835602564132e+00
1.089710827309351648e+00
1.117828488709301960e+00
1.142638611094364265e+00
1.103344408168158042e+00
1.119366253125350097e+00
1.116736218400662839e+00
1.108527955086488159e+00
1.103683131386330896e+00
1.089678184681133866e+00
1.103764385774144596e+00
1.127094284539343461e+00
1.103718932163357813e+00
1.079100470753755703e+00
1.094875537000332688e+00
1.110641182778108860e+00
1.091282641006216192e+00
1.109757452210790918e+00
1.100351906256199941e+00
1.097118604802032715e+00
1.084686035382473879e+00
1.088673932824434365e+00
1.087781614040221667e+00
1.101916160270379752e+00
1.103243655366621168e+00
1.099115935483926387e+00
1.096650493066441800e+00
1.109307850284532826e+00
1.098602042415628199e+00
1.097270398260695723e+00
1.092030694565983895e+00
1.089429570163819694e+00
1.090152681742942775e+00
1.098761036519048995e+00
1.096452916252216525e+00
1.091420943714432212e+00
1.095435988975936636e+00
1.080255738641188845e+00
1.115895931706353261e+00
1.112099160819555621e+00
1.095715166460287771e+00
1.088728958951275416e+00
1.137523524407209496e+00
1.105662460923148682e+00
1.094756507847799210e+00
1.085716280303239412e+00
1.117662487456105636e+00
1.097786901411668348e+00
1.144918180998630186e+00
1.097123686623449279e+00
1.133121268272147875e+00
1.112966279106620160e+00
1.100285122538836147e+00
1.089475345086621916e+00
1.148772624200473436e+00
1.120819490493649706e+00
1.103356546288878803e+00
1.106138207387447947e+00
1.089425643395518506e+00
1.095376417404644753e+00
1.093311619572336246e+00
1.107736464910460628e+00
1.111424291636142092e+00
1.109051426633767212e+00
1.102514492166298599e+00
1.088602422076104581e+00
1.109235968376521608e+00
1.086825723440360658e+00
1.100712359170223031e+00
1.129459071745950949e+00
1.098938300119920219e+00
1.095989590562957972e+00
1.100867472211024101e+00
1.094709676441030011e+00
1.086620110309182596e+00
1.133789221922707036e+00
1.101292349021122385e+00
1.093462136425799702e+00
1.123696579154519259e+00
1.093299170768166961e+00
1.084083308128453993e+00
1.102935202480707977e+00
1.105936796859005034e+00
1.088212791124802514e+00
1.084284148202232068e+00
1.104931229420963890e+00
1.086007880114520985e+00
1.088259560958797723e+00
1.117721617924872568e+00
1.102635134249271953e+00
1.120500417757241518e+00
1.130827075755618472e+00
1.093748684520361447e+00
1.100827213991797615e+00
1.093827465514281450e+00
1.105054336861350794e+00
1.100550531660525744e+00
1.113353638641863208e+00
1.092797103651458990e+00
1.100572601111949878e+00
1.095230571271222253e+00
1.090508411052396154e+00
1.086866777842045328e+00
1.105857855362116116e+00
1.105216733260907080e+00
1.077131323155716691e+00
1.099887877125142799e+00
1.118579953871569943e+00
1.090729614893427124e+00
1.101856715409675669e+00
1.090607216052828399e+00
1.093075961191863454e+00
1.099590582539279326e+00
1.071700587277943262e+00
1.090614017131709135e+00
1.099016137071673560e+00
1.110945087707438939e+00
1.089206141995400001e+00
1.103274712642228872e+00
1.123202791151637125e+00
1.096247133349561365e+00
1.097750408604661443e+00
1.092492168906115557e+00
1.121576349843769194e+00
1.150542740851510315e+00
1.092466511346131819e+00
1.173508069462133152e+00
1.097295818835650527e+00
1.117744355953416591e+00
1.104265985362206770e+00
1.111771337494529277e+00
1.088645452762792454e+00
1.085608279276983668e+00
1.102083998940458054e+00
1.151335451170913737e+00
1.083574153858727573e+00
1.127536728991773929e+00
1.103584342689785336e+00
1.132024834997849672e+00
1.111199636856237349e+00
1.088719862753153800e+00
1.107842080656752159e+00
1.114426310364705852e+00
1.099017449143453451e+00
1.092619272840759548e+00
1.086036907767373494e+00
1.114059534308000643e+00
1.116227346176132507e+00
1.090349453973257665e+00
1.091772796104091059e+00
1.135491887193750049e+00
1.117419697414732793e+00
1.113274708052459427e+00
1.101147788060567789e+00
1.091244765611954382e+00
1.095155637378884661e+00
1.129010828166674640e+00
1.122221756639034007e+00
1.087877735290873948e+00
1.090331600630147113e+00
1.095255065851530762e+00
1.102829077235066624e+00
1.097765978600629078e+00
1.117728080407527580e+00
1.113114948645836044e+00
1.099470319219407521e+00
1.081691219190925368e+00
1.091308205616164484e+00
1.118425877244511257e+00
1.134998012849720128e+00
1.107904227103289063e+00
1.100708137382481411e+00
1.091220431584493111e+00
1.125437968803133293e+00
1.085502727770506715e+00
1.115169026995153079e+00
1.106701015836306645e+00
1.132181498770336470e+00
1.108829744043611898e+00
1.106296727810505809e+00
1.092817094703004699e+00
1.112372461378473343e+00
1.115972480590899041e+00
1.118178882794583551e+00
1.078356421467944637e+00
1.103213898263346149e+00
1.078968643522796533e+00
1.084831618108695217e+00
1.094458885192236997e+00
1.086132034122067713e+00
1.097138420306618345e+00
1.123864612380061079e+00
1.102455589476466269e+00
1.126664942927998680e+00
1.104994041742094479e+00
1.103708679615942545e+00
1.088283136411450691e+00
1.099843896511574215e+00
1.150196506147137976e+00
1.100038405594293112e+00
1.092630711794704945e+00
1.100111637058653669e+00
1.108324258718278443e+00
1.099078950688591627e+00
1.084476179683041774e+00
1.105986534803487631e+00
1.093512985382919744e+00
1.097462702651794464e+00
1.105829127707334214e+00
1.109895322547557628e+00
1.110895468062220504e+00
1.124037123828371509e+00
1.090996628673697177e+00
1.097757895643440840e+00
1.095090883957074546e+00
1.105347787352541911e+00
1.137754181914903517e+00
1.108011905217604287e+00
1.091737321366209157e+00
1.096245721994020927e+00
1.131392232955581889e+00
1.112101300813602700e+00
1.101078448053845138e+00
1.088236158130626130e+00
1.107459877042026308e+00
1.106675004817890384e+00
1.104593782862961504e+00
1.106563009859790503e+00
1.085908036145751376e+00
1.105486840201825860e+00
1.090940158274737781e+00
1.108327257795587162e+00
1.084404881562244460e+00
1.104139486570901996e+00
1.118373623420783725e+00
1.120848669761799643e+00
1.145004793409670762e+00
1.123298005701085067e+00
1.125823195812192257e+00
1.103892882797595787e+00
1.075214832003630328e+00
1.098611186599350420e+00
1.089735186527535982e+00
1.085552483305804117e+00
1.104724625350112177e+00
1.107704557317953808e+00
1.106933901886654859e+00
1.094485434031109428e+00
1.096271192092530100e+00
1.129979707553164792e+00
1.086696438724161551e+00
1.087957967883409482e+00
1.100689947641773747e+00
1.096665193460760968e+00
1.096607019279427497e+00
1.127621912956005890e+00
1.081915143667182777e+00
1.099828017564903115e+00
1.106896192914055277e+00
1.102579344280011142e+00
1.081328444802212019e+00
1.081217213157261270e+00
1.113361819829453037e+00
1.102138509574119185e+00
1.095698329025364570e+00
1.091408850386711649e+00
1.086025194541551109e+00
1.137234939992699978e+00
1.091863869258813846e+00
1.100510707361580076e+00
1.110543897653910150e+00
1.098536427341732402e+00
1.100237836034493100e+00
1.113552128430696619e+00
1.101407014866626621e+00
1.113715494419529772e+00
1.090308101516416439e+00
1.096119321816083181e+00
1.095020694412356166e+00
1.100948891289112552e+00
1.103501334473048656e+00
1.102463182060908320e+00
1.136158593722569554e+00
1.098373899828515077e+00
1.109299344737827431e+00
1.085336239005499248e+00
1.076199016039403489e+00
1.077767648394188926e+00
1.104536420334985225e+00
1.108431688745699084e+00
1.101804777161251581e+00
1.083198303573032151e+00
1.109419306492330337e+00
1.088241675659377128e+00
1.103571557160557992e+00
1.107095055055471233e+00
1.084891437337895059e+00
1.112930536091539580e+00
1.081585402598420176e+00
1.111386912998730825e+00
1.094707591719875417e+00
1.137504754088886960e+00
1.101143886875088684e+00
1.139023673554511173e+00
1.101189201776045623e+00
1.101679492493623069e+00
1.085452508042867192e+00
1.095614147953505091e+00
1.072964428359010070e+00
1.117605525775352771e+00
1.102688795401076671e+00
1.130864311651957665e+00
1.091431094984341765e+00
1.085162844614366184e+00
1.118585281527252784e+00
1.079977096754642485e+00
1.093860430647698001e+00
1.101174710645757004e+00
1.091637639717826014e+00
1.074604801860767234e+00
1.101175768579481407e+00
1.099374232457288159e+00
1.116473066615430110e+00
1.111114405217249912e+00
1.116338176301430618e+00
1.115793721113847337e+00
1.108494013731573968e+00
1.084342320569325890e+00
1.107411745650410895e+00
1.114021055841545538e+00
1.106247392219739778e+00
1.105877338268995036e+00
1.106358385666770694e+00
1.099810603331454972e+00
1.113636674224299572e+00
1.111659762292243947e+00
1.105645327795202748e+00
1.096855923391240051e+00
1.103578726850220626e+00
1.128372527367313305e+00
1.105479226233720302e+00
1.078266325063969910e+00
1.104107855144457195e+00
1.081157894357078764e+00
1.107096013997158179e+00
1.088453871091330516e+00
1.096335989673942191e+00
1.118625574548390844e+00
1.091507683985619037e+00
1.128323081510932413e+00
1.123782996576730531e+00
1.082114323487821883e+00
1.100865213734812942e+00
1.095332078493171268e+00
1.094584381442790244e+00
1.107160118440114083e+00
1.104144586972122033e+00
1.106853322508568604e+00
1.114761708492321812e+00
1.110558569626131975e+00
1.104695870922256962e+00
1.088258562640851634e+00
1.088570997273175633e+00
1.089008873110482556e+00
1.096135687533015268e+00
1.115902117484863343e+00
1.127478498210484403e+00
1.129921955627380292e+00
1.115047916130010641e+00
1.112197077997575834e+00
1.079927653941109567e+00
1.111199172150770353e+00
1.083163747474829242e+00
1.084821115734134089e+00
1.090657802678848709e+00
1.089738488084801782e+00
1.099689241689265407e+00
1.107242201927199687e+00
1.118660273204278743e+00
1.140922546932757520e+00
1.090117266981253552e+00
1.083861792174745764e+00
1.113302352111234184e+00
1.101581323289725578e+00
1.125876830926696881e+00
1.107382868720178326e+00
1.104827769450664521e+00
1.100813807826492852e+00
1.084576775481812083e+00
1.088783566310397521e+00
1.109875498915205538e+00
1.091611437508369642e+00
1.113892413354195865e+00
1.093138777935748207e+00
1.117144948187623887e+00
1.084637139592681709e+00
1.093962489194512555e+00
1.099518024581731312e+00
1.111693065377486800e+00
1.098629470558235788e+00
1.097377301744201228e+00
1.117049879190593842e+00
1.106816879252054298e+00
1.088165666063856341e+00
1.084529804871030345e+00
1.097468565735761237e+00
1.085325501572224960e+00
1.108655119242248466e+00
1.095279600563323186e+00
1.116012981025455986e+00
1.104039196785078225e+00
1.102061303311701934e+00
1.101789070210269283e+00
1.102272411219358483e+00
1.117297395915661795e+00
1.107416331645303176e+00
1.090553750217024165e+00
1.100803888688362875e+00
1.079372753000662044e+00
1.090162313583900255e+00
1.117889170550294020e+00
1.085908595331039228e+00
1.086167109583246360e+00
1.110698354745173644e+00
1.099573314828938608e+00
1.106462682829926658e+00
1.121023971103574768e+00
1.073147567616919984e+00
1.085666120225788456e+00
1.104558509268366517e+00
1.088061667658734022e+00
1.088488533353784815e+00
1.099303442519766971e+00
1.113591770949580395e+00
1.093695988982438472e+00
1.083534460870588578e+00
1.105128145668060613e+00
1.073692121290366286e+00
1.108140954509758469e+00
1.093651370611145479e+00
1.110346530250210906e+00
1.091877522990266858e+00
1.093692292160853841e+00
1.102724283576305142e+00
1.094045505972849774e+00
1.104126630466102821e+00
1.083949299635138974e+00
1.094258982194305618e+00
1.085020926226588855e+00
1.092783845159489564e+00
1.088785519577006422e+00
1.102225488687594179e+00
1.116312469249095551e+00
1.098388520013857006e+00
1.100343410766370100e+00
1.107447830600508221e+00
1.089873464498852140e+00
1.102352498225274591e+00
1.132058992411228315e+00
1.123469602232899378e+00
1.101482783267182297e+00
1.083019139266596209e+00
1.081169057141684320e+00
1.106662699419158846e+00
1.098525861940916837e+00
1.089178895667710645e+00
1.088950799775518341e+00
1.090212191193823843e+00
1.100967094742936414e+00
1.080863582103068099e+00
1.158465264306628884e+00
1.109981530458609589e+00
1.115438969379267009e+00
1.108363404977511069e+00
1.100121806608836961e+00
1.092655097342935422e+00
1.107137500676928399e+00
1.092273084785415183e+00
1.114431300434511662e+00
1.105896546649568934e+00
1.097724809656368095e+00
1.106119535806061149e+00
1.095952838568040821e+00
1.091289180946235282e+00
1.104198123884658767e+00
1.101677754152188493e+00
1.099749867574050910e+00
1.135092239727687913e+00
1.110972942065341362e+00
1.073749475242100182e+00
1.130902801482339237e+00
1.107307132124493831e+00
1.088652411636257700e+00
1.092861228473797963e+00
1.103515200516857586e+00
1.111818234569329933e+00
1.088523153343037064e+00
1.103440341507502698e+00
1.110117951794001856e+00
1.086881192828553555e+00
1.098308692608342518e+00
1.097521040392188452e+00
1.086960243310691965e+00
1.104214703424630128e+00
1.094614169995776098e+00
1.109544342685630847e+00
1.100705942548437344e+00
1.096154058104631179e+00
1.105236865067004803e+00
1.084356988611159700e+00
1.094338802441579661e+00
1.095943638752971960e+00
1.101897860849796018e+00
1.082905790947958913e+00
1.101479851344839611e+00
1.103078516809901100e+00
1.087207414863355259e+00
1.085370335365663186e+00
1.108417352920336496e+00
1.091142867757544543e+00
1.098105746293262630e+00
1.098956398812321877e+00
1.105961407139653518e+00
1.102355369184080391e+00
1.100645524945137455e+00
1.088325409702194824e+00
1.100630451817407485e+00
1.094704456450506402e+00
1.115955359941228853e+00
1.129949831062103671e+00
1.101169514194933807e+00
1.098719617914429625e+00
1.082095324079460186e+00
1.126519807139194640e+00
1.087130477061124312e+00
1.086840515051072487e+00
1.091702436568755541e+00
1.087544463541911588e+00
1.083749239815853915e+00
1.103618705998593130e+00
1.109225124857575739e+00
1.106146414797317457e+00
1.081532359816459898e+00
1.113402981167788131e+00
1.091291890026248712e+00
1.094004656718326141e+00
1.101090169753130121e+00
1.136979110116594471e+00
1.089149474997225697e+00
1.090509479799662174e+00
1.100650313196410934e+00
1.095813567751666717e+00
1.094416590855887828e+00
1.122279468867106722e+00
1.091641683710029120e+00
1.093036099904136638e+00
1.149650353254605850e+00
1.090315803649257731e+00
1.102643640540286185e+00
1.093062830126457330e+00
1.126431352696876775e+00
1.086755734544749830e+00
1.102358521396523461e+00
1.087576339966381145e+00
1.079443401489376120e+00
1.088799676325648447e+00
1.082961137297027809e+00
1.090837256760212703e+00
1.094631798423139735e+00
1.108362963673118262e+00
1.080416247004370778e+00
1.083354562940187060e+00
1.086120854836656546e+00
1.105461103702777503e+00
1.121402588715088466e+00
1.120802945024425235e+00
1.114371390285715968e+00
1.123712246540594206e+00
1.109520637690997624e+00
1.093739535656686357e+00
1.097703937753887971e+00
1.090141692431658704e+00
1.102566942123748728e+00
1.100214893838429298e+00
1.105275764538106387e+00
1.107619704343692613e+00
1.107100328889647711e+00
1.122318182268241094e+00
1.094631694244547981e+00
1.086686791933335616e+00
1.087525997528009825e+00
1.105322493721021537e+00
1.124171124722759041e+00
1.080725799855366542e+00
1.102280822316800801e+00
1.109683253522687485e+00
1.136791336732435820e+00
1.098925079557016238e+00
1.099018870765744227e+00
1.089466012518954585e+00
1.120730078849957234e+00
1.098156366915048254e+00
1.110727919436630184e+00
1.079334583829788530e+00
1.093651926122719553e+00
1.093078724118679013e+00
1.084093679696945811e+00
1.086649366439337738e+00
1.111330840913985263e+00
1.088408801849687801e+00
1.095960415583684844e+00
1.121417774111484356e+00
1.118032604218802462e+00
1.140670268828056555e+00
1.108560321808154780e+00
1.095683380374331994e+00
1.077790093782739156e+00
1.078953930513557591e+00
1.095429355508773295e+00
1.101681282173982090e+00
1.098583771744935378e+00
1.120268720591325984e+00
1.094003250312445719e+00
1.101855140436538427e+00
1.108960907047921607e+00
1.098562243236004932e+00
1.095944443285230330e+00
1.108293706901379849e+00
1.112750326278077129e+00
1.095236250864299210e+00
1.093993586622497682e+00
1.101449312171408179e+00
1.093433504911703436e+00
1.106633506944122214e+00
1.116420941482508811e+00
1.108396665742317433e+00
1.113114094831118894e+00
1.104374477511012698e+00
1.075688034660371883e+00
1.107495135898941330e+00
1.119177612103694042e+00
