1.414671054952055806e+00
1.343031046126707206e+00
1.531307483557556859e+00
1.404903740849427374e+00
1.405628491344664166e+00
1.410360194618881735e+00
1.420029731257674621e+00
1.307071811377103820e+00
1.471269326313647374e+00
1.618301599216776410e+00
1.449626061225237628e+00
1.515851692504456061e+00
1.402255220506542610e+00
1.507268464160351984e+00
1.346160815140198919e+00
1.418441061505963052e+00
1.437997938109659479e+00
1.470226272103866805e+00
1.482466981843842735e+00
1.395319568283871492e+00
1.355007321044495505e+00
1.400044283526010291e+00
1.284551048615345747e+00
1.489841864146047135e+00
1.455573257692816869e+00
1.324256940952093231e+00
1.374347888224669134e+00
1.395091693156388146e+00
1.651066349996385796e+00
1.359820184394673337e+00
1.377008178822146878e+00
1.392322840038147325e+00
1.438545590279868280e+00
1.461559296773276895e+00
1.367048713253544712e+00
1.514331130213307341e+00
1.484510934230217849e+00
1.416670979521687856e+00
1.398986039223686140e+00
1.383042283111041160e+00
1.444361237012009802e+00
1.479947144383866764e+00
1.385459631167773153e+00
1.355240750682651152e+00
1.322029226501216792e+00
1.293790671686611438e+00
1.519153407641411935e+00
1.404079895472948314e+00
1.444068466577471455e+00
1.452777105911784883e+00
1.407903436798621621e+00
1.334139812146875936e+00
1.307634717223855381e+00
1.579484792738655496e+00
1.461099524286137985e+00
1.452210320396825738e+00
1.289992252419382757e+00
1.363792924661708872e+00
1.509196224024544897e+00
1.391559437815901967e+00
1.447506761549173460e+00
1.428004330397867561e+00
1.317619633730347628e+00
1.439135213181391704e+00
1.319342406090961983e+00
1.383416329966245639e+00
1.505801356045460837e+00
1.380888292039994525e+00
1.355220011076177178e+00
1.518919048820436712e+00
1.474308613467494089e+00
1.551557127408784043e+00
1.296875258672617104e+00
1.325198455513866058e+00
1.450705396579220707e+00
1.394063657358122876e+00
1.440430761852538044e+00
1.478778719391558027e+00
1.466457698121122144e+00
1.479699491422572510e+00
1.355057253871930545e+00
1.441576288523815474e+00
1.314392024237289736e+00
1.388278721102957469e+00
1.440745455851672574e+00
1.418913704612846827e+00
1.430339358444355558e+00
1.279952489795749049e+00
1.493185235691017132e+00
1.470431463115969617e+00
1.449617830335426127e+00
1.428345703211914453e+00
1.339512205089194330e+00
1.455503892340936245e+00
1.466523993934505832e+00
1.347193188508170048e+00
1.377805149058070278e+00
1.454003640696641897e+00
1.494020254903238420e+00
1.600456870626338901e+00
1.398843034825452358e+00
1.331077349293948942e+00
1.444040488981193748e+00
1.368250176497608050e+00
1.417053126007004282e+00
1.341695114114505039e+00
1.361918713434379757e+00
1.525923431884745662e+00
1.341441302499124077e+00
1.386321082359741386e+00
1.465097892941872093e+00
1.459951413043593549e+00
1.313307126888314746e+00
1.329197396424646405e+00
1.473818138769438679e+00
1.394226494792496718e+00
1.454723347705653147e+00
1.378232730629048941e+00
1.345414312253617739e+00
1.423796373184268882e+00
1.478351263540889082e+00
1.487094216704445415e+00
1.270149562731653914e+00
1.444022517345714407e+00
1.459766188949158439e+00
1.457380937028325052e+00
1.318397872742678834e+00
1.475719773431484194e+00
1.402152267513185668e+00
1.539429438243499426e+00
1.336451095414373569e+00
1.464967731702122800e+00
1.476384913166032931e+00
1.450268936203201076e+00
1.464470931482381388e+00
1.333033778065640940e+00
1.443867474814003682e+00
1.463506693840266326e+00
1.411443856693039178e+00
1.442507771468015676e+00
1.359547891381108764e+00
1.418799827349972675e+00
1.492948064277287656e+00
1.453170036575624824e+00
1.343779012611959978e+00
1.537988526489943109e+00
1.405366120347919745e+00
1.362938781555397938e+00
1.505886775679439626e+00
1.463129424268645007e+00
1.434065461576015332e+00
1.436889877589857534e+00
1.459774656190081510e+00
1.341624153993799196e+00
1.385991559251751770e+00
1.539259776490583764e+00
1.413568026866506289e+00
1.411529256139776534e+00
1.410541074427578145e+00
1.533276611155057534e+00
1.330116087620379695e+00
1.399647655137994606e+00
1.376934025172357190e+00
1.406715794296234723e+00
1.406254179222230949e+00
1.477938363089561946e+00
1.392129666441315416e+00
1.377730358699635671e+00
1.485941023946371065e+00
1.531388423481133021e+00
1.344046332838283675e+00
1.452372276941015006e+00
1.378536377938516022e+00
1.547247677767569218e+00
1.457981776981953193e+00
1.318536848925569993e+00
1.458288032014415592e+00
1.391125853188221795e+00
1.476058242425293932e+00
1.336604113264541427e+00
1.375105599455509919e+00
1.245077455580422043e+00
1.347183231190028252e+00
1.514656052612179726e+00
1.257433180645007198e+00
1.410553215387833736e+00
1.556106744179352575e+00
1.519001441981316480e+00
1.391389027535390399e+00
1.461486422854906486e+00
1.406069877921812372e+00
1.426646660994981941e+00
1.407725661709565035e+00
1.431678258919188318e+00
1.299074775854051511e+00
1.461770242468175551e+00
1.275213289495009672e+00
1.414020288559785010e+00
1.519016421595435373e+00
1.343082118069657716e+00
1.388765877788907588e+00
1.544856930639892045e+00
1.380880894517903412e+00
1.464018842000708975e+00
1.437372623763863322e+00
1.346370636838894352e+00
1.330086461672536746e+00
1.348521101739340589e+00
1.440277887060106510e+00
1.418348799219699474e+00
1.430713909193912503e+00
1.453097490057476238e+00
1.444658099635689696e+00
1.300345731565338836e+00
1.528339450720882953e+00
1.410105307294394095e+00
1.246890805809209191e+00
1.596976482276187603e+00
1.460121137642189648e+00
1.338797028323534200e+00
1.454372797656513949e+00
1.392909002893499393e+00
1.413498592014297950e+00
1.500120382551188847e+00
1.368295667791431525e+00
1.465432605789671161e+00
1.378376827230167523e+00
1.587027544097544096e+00
1.481259940446647549e+00
1.480098358571674932e+00
1.461179346352898811e+00
1.404708720655587051e+00
1.421895450017255147e+00
1.441231263796830531e+00
1.504262094358797430e+00
1.423662267053217079e+00
1.455983116979166381e+00
1.322078402766224903e+00
1.430851889505792229e+00
1.375903484609512839e+00
1.422849064870284952e+00
1.480502618552024474e+00
1.564504555006835052e+00
1.316727364226001784e+00
1.528310083511424722e+00
1.520989131726803167e+00
1.490425013416282640e+00
1.483331330993695518e+00
1.518167381128621374e+00
1.582633022227710073e+00
1.455887540020872395e+00
1.413847549890339561e+00
1.466623783841262574e+00
1.537005746546153739e+00
1.437392053353994781e+00
1.458887076418125428e+00
1.311156509347530363e+00
1.491597251773080890e+00
1.552500912004507239e+00
1.323289971433170065e+00
1.473059740749098845e+00
1.425809679149723230e+00
1.404575582256597288e+00
1.393529707757002578e+00
1.391312671215114039e+00
1.501562488190882894e+00
1.431327702121647727e+00
1.232642959461653698e+00
1.340999206222472262e+00
1.472778062272390054e+00
1.274583657879586163e+00
1.400265640788565857e+00
1.455609807129239597e+00
1.502438998328740727e+00
1.436766971813916660e+00
1.451819472942609712e+00
1.421385956214124446e+00
1.445521783238171931e+00
1.485175339377023951e+00
1.385848386185395853e+00
1.423672114364324726e+00
1.456758337325525732e+00
1.527600173959771990e+00
1.560039579498466278e+00
1.388210662239748094e+00
1.429190020369137448e+00
1.374962079948184313e+00
1.459885458796066571e+00
1.405289381955344252e+00
1.414147026991095624e+00
1.444453246899028542e+00
1.407845785314400633e+00
1.287519546206726817e+00
1.306877797884551828e+00
1.465996226676993031e+00
1.452284609995132980e+00
1.472050023641124250e+00
1.237643279719586209e+00
1.304308970776626442e+00
1.552844214662348676e+00
1.421106495070760811e+00
1.420289854351922010e+00
1.278227775350802453e+00
1.354191237195204733e+00
1.401009101328833495e+00
1.434169145143598056e+00
1.272725819025589677e+00
1.341069965118018459e+00
1.362443902192223000e+00
1.482442462787969761e+00
1.404086390437263354e+00
1.501796839075860479e+00
1.427282822703277443e+00
1.534109423412967521e+00
1.535788261562915036e+00
1.236844541820836918e+00
1.410878106706848545e+00
1.475033778979146337e+00
1.469544433859473420e+00
1.542553127812442249e+00
1.346060341324590182e+00
1.239739787751442224e+00
1.372662076926959296e+00
1.537474639909142349e+00
1.525075446397152312e+00
1.310934258864845825e+00
1.401934225239209519e+00
1.427081460501666621e+00
1.416134020192699294e+00
1.379909324168552054e+00
1.331703196666073952e+00
1.346324146317164239e+00
1.374086015670601624e+00
1.444778357273998726e+00
1.287319652670548153e+00
1.386606966960111098e+00
1.428543131513982711e+00
1.432764851452753563e+00
1.292741657737879635e+00
1.461100896486943634e+00
1.163914310826079879e+00
1.305008048944801491e+00
1.404771723439534714e+00
1.444458022721063273e+00
1.527543603154884799e+00
1.503729108533940595e+00
1.342870311073711242e+00
1.451426638035168581e+00
1.377095300044094195e+00
1.274669866060625489e+00
1.331360145810631668e+00
1.510023729943377413e+00
1.437684422908469095e+00
1.285075848916337193e+00
1.439623012181460604e+00
1.397656997768832454e+00
1.444115322019780212e+00
1.442376455334748675e+00
1.308981501367378897e+00
1.362439479583178459e+00
1.387604293076940776e+00
1.585407484898789132e+00
1.545543157706644521e+00
1.448723772985931468e+00
1.525037901442112931e+00
1.599544486032885793e+00
1.371864385944509213e+00
1.415112768776135788e+00
1.416882133646989228e+00
1.396364804122212533e+00
1.325137063488853517e+00
1.455527941918168811e+00
1.482220365183134714e+00
1.427684540424285720e+00
1.250036190858671459e+00
1.329054537739533748e+00
1.363232368999968358e+00
1.396227164169384416e+00
1.383780501335898361e+00
1.337154215617101682e+00
1.335763432005914186e+00
1.474062748095924302e+00
1.325820911317529438e+00
1.405337623106191591e+00
1.337832183559065191e+00
1.470179553132134220e+00
1.368877527969944996e+00
1.459037452896520426e+00
1.507312589385783941e+00
1.507764047576496402e+00
1.557516083741883328e+00
1.482553936379305215e+00
1.252823271665956861e+00
1.509752535942844309e+00
1.441084313389001004e+00
1.466363689973676276e+00
1.428438481469788579e+00
1.486437035677140139e+00
1.402719383785697493e+00
1.208876384746765842e+00
1.454885107531297406e+00
1.459019411051968085e+00
1.392764389379991030e+00
1.451434648747637501e+00
1.406302228296801182e+00
1.429087538343226882e+00
1.449251808492057592e+00
1.419114325640803198e+00
1.360195212745843207e+00
1.444267843576222399e+00
1.327901034810256897e+00
1.425561576608525005e+00
1.486449852745056033e+00
1.549274176792762470e+00
1.342307609348244668e+00
1.554925753234879693e+00
1.457023294505723321e+00
1.268154702358235353e+00
1.365878576018805468e+00
1.522467238734940054e+00
1.372129298833832944e+00
1.506687020060669013e+00
1.485837402504599947e+00
1.318406159134416722e+00
1.391868170770780733e+00
1.468269162315578580e+00
1.480241617972042789e+00
1.422200466061233737e+00
1.448611676301966522e+00
1.269884990312282191e+00
1.340242261752031983e+00
1.375511461924856071e+00
1.318967923887492955e+00
1.300830752829222892e+00
1.471702559722576797e+00
1.347569157814701990e+00
1.373755571936341235e+00
1.365147657905963374e+00
1.621403697553326806e+00
1.467351066609338339e+00
1.454496568702112969e+00
1.501612243329639051e+00
1.573850831171428100e+00
1.391720816185372467e+00
1.233177991384716510e+00
1.401554776842500516e+00
1.485696701090875260e+00
1.467001017029957666e+00
1.388256902086958400e+00
1.528037507571711195e+00
1.385546309707382795e+00
1.489170784869519704e+00
1.492437643070392062e+00
1.448743837289484526e+00
1.474855609117625477e+00
1.436571956651298443e+00
1.415878374965817921e+00
1.331640801245951744e+00
1.512051128755110163e+00
1.455031031861645507e+00
1.429916256928523088e+00
1.400386678340785673e+00
1.423790365319618667e+00
1.546341030169898101e+00
1.483133175292133954e+00
1.484630356131931839e+00
1.548495012166007045e+00
1.498138775029611125e+00
1.441436110330500897e+00
1.184555700403818967e+00
1.511002174351913308e+00
1.416920450318466917e+00
1.587459887688863924e+00
1.392237431171143180e+00
1.472568920039090345e+00
1.346046713673066275e+00
1.374489047167303246e+00
1.480046892115544077e+00
1.479390478651283036e+00
1.551391442812166011e+00
1.434855758166499573e+00
1.397545008460286065e+00
1.434517471310132519e+00
1.426687623765996893e+00
1.459677412631649185e+00
1.376037959628363394e+00
1.525241961195961782e+00
1.248397246126826232e+00
1.457663252301228507e+00
1.395994841687077992e+00
1.428869403040497366e+00
1.388014854978887991e+00
1.405443148355599581e+00
1.340019168356478829e+00
1.335929518312146014e+00
1.411570055074898189e+00
1.370080184226778020e+00
1.412027628495804654e+00
1.334018786192616712e+00
1.432436655451227336e+00
1.439958970466469035e+00
1.455791938317160694e+00
1.414926978166013205e+00
1.551178939480292396e+00
1.299122052922520920e+00
1.303312875487880662e+00
1.326826480815327836e+00
1.358916996100648422e+00
1.357625291979172477e+00
1.615852628467479901e+00
1.527045051362164285e+00
1.269007249288023553e+00
1.278015135371978417e+00
1.467283027678335072e+00
1.455138328062215658e+00
1.493629891702433543e+00
1.337357046851515019e+00
1.306791681868333610e+00
1.424055323183776922e+00
1.625894793253377602e+00
1.426356456160686070e+00
1.452618370136121273e+00
1.374703164854195858e+00
1.509147074152351609e+00
1.306587416879791297e+00
1.324135229401743885e+00
1.322243048853943836e+00
1.485345565379003308e+00
1.420352665961298833e+00
1.390801885331628629e+00
1.186621740646537582e+00
1.434388643888596881e+00
1.419819555223694074e+00
1.460149138284114301e+00
1.400937035790333018e+00
1.467208805777497016e+00
1.504747744644171270e+00
1.556283627413163062e+00
1.406864199552817052e+00
1.454654850315994619e+00
1.369535662278990706e+00
1.478184732902205978e+00
1.475186939467080904e+00
1.498152598508436961e+00
1.307579197818410588e+00
1.421638936978045109e+00
1.365301338244447660e+00
1.511828812493754892e+00
1.310157104285093466e+00
1.319484961674564305e+00
1.336568888415248235e+00
1.458411915328761799e+00
1.417339310785134421e+00
1.349312346017367048e+00
1.431207843442903194e+00
1.449325047543793543e+00
1.540600148523725510e+00
1.476513405991097594e+00
1.353126404208743860e+00
1.479823065604781274e+00
1.480558071737273051e+00
1.493216971199911036e+00
1.352298304964623332e+00
1.466949063653767649e+00
1.406516359305044039e+00
1.440197898250091146e+00
1.483856415797272232e+00
1.288479392995617534e+00
1.538937660877816471e+00
1.410066769860793379e+00
1.379392680958344330e+00
1.523949269165159270e+00
1.335243597219230249e+00
1.388508764729216027e+00
1.358073367092331507e+00
1.349646336292156912e+00
1.405420384605477135e+00
1.438596969172998730e+00
1.554013100012559434e+00
1.596587621568334336e+00
1.480076002125718437e+00
1.448556769490975560e+00
1.348695510391954011e+00
1.552790892007718249e+00
1.307518953531700445e+00
1.488224215078854051e+00
1.448723516247486076e+00
1.532439060437500000e+00
1.370437440280747543e+00
1.375651409421466242e+00
1.400604343913452343e+00
1.527368253995419423e+00
1.375579379255278178e+00
1.414966041539403196e+00
1.340151852087666740e+00
1.456420134180539394e+00
1.419952518526093943e+00
1.535085626331408548e+00
1.538420474268505034e+00
1.442877737105052516e+00
1.302890927922854658e+00
1.435560541702628035e+00
1.479919023366989439e+00
1.401816284143496461e+00
1.363518598303376628e+00
1.389191292077118334e+00
1.374365664944298349e+00
1.370628121202090766e+00
1.454031427888887062e+00
1.300924198028428513e+00
1.283245422257748514e+00
1.502370657263555342e+00
1.503458885491581576e+00
1.483095809864688697e+00
1.476930411128988707e+00
1.524221497529677283e+00
1.358217656487000768e+00
1.370938169850200117e+00
1.471999727295430160e+00
1.515910102926317560e+00
1.434424481315055733e+00
1.371709507942429740e+00
1.498454882490811935e+00
1.465246835992660479e+00
1.496383317778893440e+00
1.406693744110932176e+00
1.454870254943324781e+00
1.433442202961646927e+00
1.337258708749149871e+00
1.548430939274732632e+00
1.327507472757800455e+00
1.403332703363344702e+00
1.377807150267953640e+00
1.409320777465504770e+00
1.279218945210370162e+00
1.419931875868222670e+00
1.343873469523622077e+00
1.436650811436886110e+00
1.318002117563051190e+00
1.488336188108559721e+00
1.452299711136534999e+00
1.487072259250928452e+00
1.410849739065336728e+00
1.337621767186475408e+00
1.422732822933122421e+00
1.416116334149726930e+00
1.489093309578310764e+00
1.336027769634057005e+00
1.411674684350247899e+00
1.330380556771404654e+00
1.455637944480111079e+00
1.518918651253423402e+00
1.440376675029418685e+00
1.487828053015288088e+00
1.543132705196513355e+00
1.343408884241483525e+00
1.324016593392096874e+00
1.413478006526948549e+00
1.581902944363811292e+00
1.407434717795683632e+00
1.435169981276089191e+00
1.414988324036314582e+00
1.414398956660796847e+00
1.289441791111676672e+00
1.506830434934192331e+00
1.304308966030706562e+00
1.409643474825115206e+00
1.403379030389687587e+00
1.311215512095099234e+00
1.304340050313452348e+00
1.302957769793515297e+00
1.283821266816705275e+00
1.405225394568686337e+00
1.505880776578201408e+00
1.449862393476543110e+00
1.407051640618196986e+00
1.334113938702927493e+00
1.552616571903185472e+00
1.455423272339118057e+00
1.461939850271028796e+00
1.373280156470552571e+00
1.460047258537824577e+00
1.461822778867928774e+00
1.423225216776563329e+00
1.471629791167210488e+00
1.446465246617521405e+00
1.442629868333950238e+00
1.454842024208732321e+00
1.424468884846490813e+00
1.244350305717638605e+00
1.325760166597313106e+00
1.389107878511799843e+00
1.328755113263345056e+00
1.477751465913495599e+00
1.430210709290341331e+00
1.428800191325189317e+00
1.424165633164674372e+00
1.266542415223143703e+00
1.403621294913365070e+00
1.290635994325001201e+00
1.533049070380571699e+00
1.301753221838758412e+00
1.405394606058995244e+00
1.535860892943410105e+00
1.500578736068860275e+00
1.529202915627335901e+00
1.340875559752565449e+00
1.300690208113838731e+00
1.516631129656629939e+00
1.484550989467456006e+00
1.427260300849802377e+00
1.387844577150812553e+00
1.468177202623606847e+00
1.406374547791095164e+00
1.350868546156968497e+00
1.427354112697128530e+00
1.302071661356252852e+00
1.493436353129484973e+00
1.378217139868104235e+00
1.416011609537113580e+00
1.344678241819259989e+00
1.511677434450827695e+00
1.399341390842680832e+00
1.369915404073855481e+00
1.278028628935924171e+00
1.464939305603839781e+00
1.394001727994172990e+00
1.410085600932759586e+00
1.293944715344268248e+00
1.620372520277776340e+00
1.309835779255902999e+00
1.363409786112093958e+00
1.490375063611126150e+00
1.318863383899551822e+00
1.373455808409741907e+00
1.353090998307417747e+00
1.392125474362987836e+00
1.389106899789803284e+00
1.479189392731274477e+00
1.499958041907988093e+00
1.320308011652160607e+00
1.422225564012238319e+00
1.430560006701689257e+00
1.534240233117096119e+00
1.376357683182004132e+00
1.326567660583934272e+00
1.415643518090137443e+00
1.429993932442217952e+00
1.492091651508148598e+00
1.443622633453054416e+00
1.502254904056294471e+00
1.466267758942104260e+00
1.324600412005295658e+00
1.473075690989836817e+00
1.309577055643099008e+00
1.440358980385063603e+00
1.359043499453737702e+00
1.575087598014019097e+00
1.417843479246450045e+00
1.387720413684147225e+00
1.461962616849593832e+00
1.413159744464404177e+00
1.348369767367730176e+00
1.588843390183270365e+00
1.453785312471409741e+00
1.502789689831816045e+00
1.540285457087423593e+00
1.506917092734570973e+00
1.385061596868808698e+00
1.338118433643613381e+00
1.520088507978558656e+00
1.451668540438521893e+00
1.362409445916827666e+00
1.307731063092897106e+00
1.511179994360251078e+00
1.465256283415823146e+00
1.290680054413454902e+00
1.320053784661631147e+00
1.477600638870477434e+00
1.384655457363252129e+00
1.332926972375538588e+00
1.444718665833941484e+00
1.437206853381512550e+00
1.328080504834030062e+00
1.359739689011417507e+00
1.466406664663784998e+00
1.531565421061221066e+00
1.288419951867286306e+00
1.348546582877326205e+00
1.397181788781855838e+00
1.483627411418102504e+00
1.558887761535063365e+00
1.545735538373987472e+00
1.445432852407578128e+00
1.563317996467714188e+00
1.467292664015580783e+00
1.406598867516362317e+00
1.417385486098854175e+00
1.420950558171486744e+00
1.320887423343127809e+00
1.183559275255072318e+00
1.536708880512115183e+00
1.394422678859172260e+00
1.472102462859084859e+00
1.350683102600900742e+00
1.580718752817858563e+00
1.402234258318628246e+00
1.459102487148323357e+00
1.390458498642260787e+00
1.457622297391628408e+00
1.497092180669203021e+00
1.493019870347340294e+00
1.642661442754059564e+00
1.449832147561071372e+00
1.495607955227616914e+00
1.469187030783551506e+00
1.296565433247885313e+00
1.425753477662766944e+00
1.355024143852529894e+00
1.477811698447757172e+00
1.454418639114124723e+00
1.447588302546688244e+00
1.554347139553585944e+00
1.358170537230087849e+00
1.407284239784746704e+00
1.436927839418780994e+00
1.265736948130962825e+00
1.317675941070614032e+00
1.422147839745026898e+00
1.575943370542716160e+00
1.419807846425469311e+00
1.461414260943078691e+00
1.408440707273119985e+00
1.354591027978240270e+00
1.397119949019766327e+00
1.599103912554137530e+00
1.429409519023409292e+00
1.472749843461687247e+00
1.346539782785665773e+00
1.447533678818537339e+00
1.442593129383382911e+00
1.365464845174243269e+00
1.356864980902121376e+00
1.427112378433760709e+00
1.326409313370183751e+00
1.439357026527111838e+00
1.559763528055527315e+00
1.370983507747509433e+00
1.408744259081682770e+00
1.396857903289568714e+00
1.356339868421845285e+00
1.377989177461431680e+00
1.444698665257125203e+00
1.631221269845076538e+00
1.228837219651880419e+00
1.539794563116144266e+00
1.441571484432226269e+00
1.567975342646328096e+00
1.473720736527049713e+00
1.332424684020219852e+00
1.472268265041387636e+00
1.426513561952461373e+00
1.478106321598877892e+00
1.287764382155773601e+00
1.264711186297502676e+00
1.330796442495380649e+00
1.433655712130978310e+00
1.357331066911681594e+00
1.483767697876014591e+00
1.406995728431228665e+00
1.406230812686876996e+00
1.589529993135006425e+00
1.350227253914015435e+00
1.492956109416152088e+00
1.414941823614508376e+00
1.330968575928144437e+00
1.451129205178046666e+00
1.459704953884537693e+00
1.455316282593252852e+00
1.491183861238069452e+00
1.453061457114329214e+00
1.410739597907563647e+00
1.551532747144861002e+00
1.537382611497218443e+00
1.407342842596504884e+00
1.457113063747701887e+00
1.559510870502959223e+00
1.311751412772896419e+00
1.354317104770382807e+00
1.401648752728919201e+00
1.508077397326964553e+00
1.328826873379193696e+00
1.361755686407756682e+00
1.369337836831535204e+00
1.406098701391447214e+00
1.510858090030304579e+00
1.315219440335549717e+00
1.434930780623415503e+00
1.445059248566445520e+00
1.465213752651356227e+00
1.462263127825986109e+00
1.383196004011417291e+00
1.341664274710479665e+00
1.471229821334453236e+00
1.512291547159660743e+00
1.439474624200287156e+00
1.365265730436839853e+00
1.454548884350958637e+00
1.452817464013429039e+00
1.369874325353764855e+00
1.386582648484313562e+00
1.425110855246526365e+00
1.413713827776804211e+00
1.435349883347940114e+00
1.483031676009722188e+00
1.523968067512237123e+00
1.407373175475894689e+00
1.576724303520362191e+00
1.447995017769803550e+00
1.613571878497127798e+00
1.434861125270583626e+00
1.581101889731689303e+00
1.347719402340169070e+00
1.465532615735330335e+00
1.461749496696034045e+00
1.505047111055037634e+00
1.414984858663229428e+00
1.434147590763731772e+00
1.464529604652650807e+00
1.313631501455982065e+00
1.414155378326475754e+00
1.474803009063590409e+00
1.363108327276861376e+00
1.507263082783164787e+00
1.332897914397483730e+00
1.412318322491560085e+00
1.397917177179556214e+00
1.363481850403726936e+00
1.359715521819628625e+00
1.283850350563642495e+00
1.559291249629217058e+00
1.338021168523794602e+00
1.413147532131815876e+00
1.488621518096062246e+00
1.234435338471642662e+00
1.378890641422698682e+00
1.522523995413557873e+00
1.350061620293781850e+00
1.453363424776333401e+00
1.545772673534638209e+00
1.479412010195012783e+00
1.391662094356482138e+00
1.443042454802288654e+00
1.337751040372630040e+00
1.419922023825553659e+00
1.406196059931584141e+00
1.444248830348799251e+00
1.367999167859899501e+00
1.428997636614074640e+00
1.565483420021730687e+00
1.235609975540312266e+00
1.342692832383163504e+00
1.518074413479751250e+00
1.467916895193416060e+00
1.320744474139945224e+00
1.413855314461919477e+00
1.321660809923126401e+00
1.363946999010174022e+00
1.474609544172379660e+00
1.373245590262191396e+00
1.333677555297458239e+00
1.532174837781400178e+00
1.332602033210826153e+00
1.466549842907595602e+00
1.437457703505239159e+00
1.490898530557796198e+00
1.507101309244013532e+00
1.478562794024154803e+00
1.380373837334111231e+00
1.494001095551789726e+00
1.368905701967779276e+00
1.534296425185684543e+00
1.673851865860007004e+00
1.425088300052608670e+00
1.353395054844150014e+00
1.473811367093774694e+00
1.580953624841920258e+00
1.398022578494522161e+00
1.472647820248702555e+00
1.451528315120067525e+00
1.546726410862427459e+00
1.503669263490704289e+00
1.477436902197292623e+00
1.280231483044962815e+00
1.385860182881835545e+00
1.414204815031317564e+00
1.333253831486369778e+00
1.348796348606425166e+00
1.388583921610336613e+00
1.367604531806246415e+00
