6.126575454410858107e-05
4.103012022833723313e-05
4.143611670053466033e-05
4.083199564859514824e-05
4.205165946488485508e-05
3.983691947347693327e-05
3.986977240438168671e-05
3.991344710370235720e-05
4.017555650034974299e-05
4.121899545249431022e-05
3.973075642193875834e-05
4.105254211400017413e-05
3.971743723643805432e-05
3.975897275707424006e-05
4.075518450642940695e-05
3.973583681981261354e-05
3.924330044662859853e-05
4.012219799328266420e-05
4.032877194991856299e-05
4.078579411407997143e-05
4.043900508626030113e-05
4.303227215303291543e-05
3.987572914387165071e-05
3.995733031847395256e-05
4.119434023100155385e-05
4.031919140283884138e-05
4.190427338358031765e-05
4.165260342508903755e-05
4.014940738674144520e-05
4.271594669669960981e-05
4.357399515546725238e-05
4.183673281184581590e-05
3.965953426802379796e-05
4.198256787384713375e-05
4.010792024733729743e-05
4.003448504032348790e-05
4.010640480601457416e-05
3.956606067880617756e-05
4.081014198206123710e-05
4.141162375852278625e-05
3.987253920021675038e-05
4.030522226176541721e-05
3.973351427597552466e-05
3.965647084214684123e-05
4.110041624622005771e-05
4.033808787882618360e-05
4.233244144296260887e-05
4.172627568806259541e-05
4.052050818508582113e-05
4.156325113096133770e-05
3.996015577854808469e-05
4.093972775670107547e-05
4.205203035973200461e-05
4.057845295483295331e-05
4.587876631357793854e-05
4.079818928862930422e-05
3.925116392661758799e-05
4.105447268533807248e-05
4.121774049901811014e-05
4.074773879986339696e-05
4.037260439319735410e-05
4.310659365897692079e-05
4.050241509494284704e-05
4.039570163403063545e-05
4.161638013415615002e-05
4.168189603934545345e-05
4.305327197556405494e-05
4.122044955545901601e-05
4.277752391167006320e-05
4.034407522145844844e-05
4.071838679779472012e-05
4.074961970292932472e-05
4.001189633189144041e-05
3.959093492252875027e-05
3.967626613786172580e-05
3.956257964803359028e-05
4.013024895350919210e-05
4.087710587124681623e-05
4.102248401329315066e-05
3.956632382289543954e-05
4.069304013668851303e-05
4.010625563381566174e-05
4.038417851166064507e-05
4.031406138540542637e-05
4.136545389478972230e-05
4.046488278078918068e-05
4.007597971694224897e-05
4.173256577012473932e-05
4.342704669485464400e-05
3.962106857765218217e-05
3.972124249305391110e-05
4.319589581487308887e-05
3.976832569008494371e-05
4.137457625506920278e-05
3.896912682034858077e-05
4.179272784807382644e-05
3.952261013648653948e-05
4.044506967328875488e-05
4.119317190789647046e-05
4.330498390529382468e-05
4.092023341820732389e-05
3.988066225196456850e-05
4.094400004384655853e-05
4.025394505798839128e-05
3.978539726404442062e-05
4.066911804319239452e-05
4.330738581784580844e-05
4.053137177819967225e-05
4.020335459144182218e-05
4.058424133973824287e-05
4.190977407879027835e-05
4.093181252895895621e-05
4.052062789562865060e-05
4.215835719539966073e-05
4.329266711017201296e-05
4.075811191858252035e-05
3.940157421875252112e-05
4.228432190162682462e-05
3.933746050921381026e-05
4.116295788231803706e-05
4.040121826916418511e-05
3.974935648015669496e-05
4.388240732276178020e-05
3.920881208064394275e-05
3.986784820710923482e-05
4.080448778746466050e-05
4.127979609296817445e-05
4.036016024397303856e-05
3.999330457169571917e-05
4.011233245924031825e-05
4.015916502575392588e-05
4.114285587067003080e-05
3.992043334520475580e-05
4.413844761649388191e-05
4.155309913199274868e-05
3.931376583424123916e-05
4.056314992449954349e-05
3.992881418565139516e-05
4.064686034427873962e-05
4.062359866266130801e-05
3.948955944124038394e-05
3.966852688645799334e-05
4.218471379771470976e-05
3.926901395894902719e-05
4.054356605247767169e-05
4.364715197422999819e-05
4.005331177261289166e-05
4.081610271907296322e-05
4.344228282686441502e-05
4.096140320365122220e-05
4.039457738844173194e-05
3.931090139492412371e-05
4.290334964762289945e-05
4.014149634975379275e-05
4.001027718726847044e-05
4.176964400220260521e-05
4.033674768945877599e-05
4.394594334162608024e-05
3.921650431900604251e-05
3.988276125932388395e-05
3.984418162278176913e-05
4.080053948248084616e-05
3.967827858810161844e-05
3.935290953906140201e-05
4.315166871900610738e-05
4.013820812745438579e-05
4.217318064152648103e-05
4.046014406903400120e-05
4.021082436427025637e-05
3.992062860139409240e-05
4.247070275572108650e-05
3.981944492226221301e-05
4.032272937995146040e-05
4.068601373628288659e-05
4.125374092315881079e-05
4.332205575125868123e-05
3.988835339372448231e-05
4.363258810219975651e-05
4.148938182440624177e-05
3.998519850615567695e-05
4.417580327983839441e-05
4.186720696671751785e-05
3.983497384360447645e-05
3.990273420232802215e-05
4.050088697402790466e-05
4.049734407053551304e-05
4.136884629972359964e-05
3.962066341032423068e-05
3.990901787233317772e-05
4.098493731762056612e-05
3.963586363556275235e-05
3.994931398415620685e-05
4.066944129049872395e-05
4.084930900507975822e-05
4.021685055924786661e-05
4.360055114014607674e-05
3.963073850080627562e-05
4.146234293184669438e-05
4.047449450154246237e-05
4.005506826578303619e-05
4.190169477569794925e-05
4.039680133130304118e-05
4.003755921861874850e-05
3.952397460491145097e-05
4.309682237867123983e-05
3.933176741583697966e-05
4.032662640524892629e-05
4.253754472828881217e-05
4.260199332652626523e-05
4.315633545410916362e-05
3.995413156636930762e-05
3.938993535526920235e-05
4.237443457768485741e-05
4.176391191796755724e-05
4.026490044623218424e-05
4.005928924444572721e-05
4.048953699741143384e-05
4.124180667602258410e-05
3.945416103105242345e-05
3.967956087479608784e-05
3.965618901610716308e-05
4.051481691299529671e-05
3.966530591831160480e-05
4.003740825832768045e-05
4.414314764956533141e-05
4.049861833773298292e-05
4.503364735540423398e-05
3.983866316470588935e-05
4.128345609611442605e-05
4.133973925589775385e-05
3.979946916873171347e-05
4.239462132246450086e-05
4.257875696458454488e-05
4.205743660292657641e-05
4.030818373843820894e-05
3.933867412204188145e-05
4.112610925248325950e-05
4.150707983175464498e-05
4.231368576862364951e-05
3.987621091228319879e-05
4.033253939853189568e-05
3.956737823236791365e-05
4.153904061979211976e-05
3.937764071330680413e-05
3.933431142946563721e-05
4.096315612649608403e-05
4.001582905868367922e-05
4.054223153044414192e-05
3.970459660161615716e-05
4.083255343616030801e-05
3.954604867845280629e-05
4.252207113777095040e-05
3.957050440484563905e-05
4.284991827823908175e-05
4.033680318493566255e-05
4.183101535032359856e-05
4.034791999972889704e-05
4.409640850476474337e-05
4.019242302349895166e-05
4.165133194429760874e-05
4.326335484611474729e-05
4.031768953736076985e-05
4.429135015564284350e-05
4.031207988829993069e-05
4.132846837202923873e-05
4.144549562693016317e-05
4.015887611734439411e-05
4.037692039309786471e-05
4.034693466517045836e-05
3.947770145209266753e-05
4.024081956276180682e-05
4.010402652706593840e-05
4.039743643602435741e-05
3.988874380802407213e-05
4.123949069911708439e-05
4.215420280455633458e-05
4.118975091107023029e-05
3.977676286091536776e-05
4.216043840453443243e-05
4.139803643027394411e-05
3.933594816056039612e-05
4.174697290896760537e-05
4.257005650653040573e-05
4.043092607812346544e-05
3.987134993061790061e-05
3.967372365842135166e-05
4.219258502458273809e-05
3.975419321889171840e-05
3.985066835846231745e-05
4.221320627289961678e-05
3.936033719412029131e-05
4.242834469250131551e-05
4.143099387203847566e-05
4.321005881494806425e-05
3.997845895183821282e-05
4.016784121366490529e-05
4.354530570899412065e-05
3.977764842042109142e-05
3.995337088509507133e-05
4.477616060188309676e-05
4.098782343447192702e-05
3.961112562236413870e-05
4.330474508898361178e-05
4.386891138108347669e-05
4.140610918811850387e-05
4.093398437907577975e-05
3.912927380561360301e-05
3.973846233261494601e-05
4.301052637927622272e-05
4.286760400886766275e-05
3.983645167594286607e-05
4.011392925569553825e-05
3.998133226995193165e-05
4.176546830906218100e-05
4.272094079158207999e-05
3.952981982466833064e-05
4.257454589729773242e-05
4.295604970560635048e-05
4.103620576140473209e-05
4.261188870255592479e-05
4.075805892653157391e-05
3.992082515422201353e-05
4.126848302489546369e-05
4.123342508520757649e-05
4.117427462428365701e-05
3.969798934541570075e-05
4.197973675199179742e-05
4.227560508577299494e-05
3.971956095200657617e-05
4.002876167772557450e-05
4.180892111877809823e-05
4.013290839482361723e-05
4.072428992561084762e-05
4.071795898037716715e-05
4.054055366043079702e-05
4.082703168281549719e-05
4.460549050310662794e-05
4.554899562587466416e-05
3.944527880874191460e-05
4.075248636469785008e-05
4.085704414004472665e-05
4.228484024506156129e-05
4.003093611488311423e-05
4.017094106423774955e-05
3.947150982897933553e-05
3.984699634688692303e-05
4.041761304313812726e-05
4.101366829311642477e-05
4.091550975947896260e-05
4.074726929251049946e-05
4.291587158480769551e-05
4.004570737703132678e-05
4.031334143143024612e-05
4.210616654921032234e-05
4.144912771002247777e-05
3.942591996136568831e-05
4.033102320777194410e-05
4.080378365989557708e-05
4.123524942736449879e-05
4.118611996792230999e-05
4.018921149602414203e-05
4.052236044577080818e-05
4.014998473567104188e-05
3.985648506185704003e-05
3.974946146792552622e-05
4.147299077766943969e-05
4.067125549958487896e-05
4.024851109348862835e-05
4.288835399522201763e-05
4.150878869790388466e-05
4.290454532114644200e-05
4.333381952452471249e-05
4.140964028984804753e-05
4.068862976857953734e-05
4.220001323324039307e-05
3.999730580913777510e-05
3.983077795729715722e-05
4.095875947625683721e-05
3.998240779648216096e-05
4.112194815135233433e-05
4.040479663425118855e-05
3.938566067557368723e-05
4.048156350746496130e-05
4.015911812869776826e-05
3.984448885930113693e-05
3.977881471746832549e-05
4.074136768864407347e-05
4.205581885355022271e-05
4.048161027931877342e-05
3.949521009732887130e-05
4.045096039347169327e-05
4.244878370239866242e-05
4.185592716246723549e-05
4.160004149235797897e-05
4.030801607719149290e-05
4.017855963215006995e-05
4.479756115762294438e-05
4.022611898808886984e-05
4.007257389717396311e-05
4.349256674561737191e-05
4.045692747607184856e-05
4.108170571619212404e-05
3.965447278753846566e-05
4.127206244634553300e-05
3.956905273689118198e-05
3.914612596551474654e-05
4.177859594818251804e-05
4.498711197430660516e-05
4.080983334976517982e-05
3.924484191648567081e-05
4.165654255858342405e-05
4.193038586945533903e-05
4.045110293847496014e-05
3.963073966828423481e-05
4.337403203307999352e-05
4.086641529846042083e-05
4.164196338640230630e-05
4.056393599455675436e-05
4.226559085569368634e-05
4.441281033177612073e-05
4.286241183167366651e-05
4.101276025713426477e-05
4.247551801146055844e-05
4.090965752491331869e-05
4.115649395458561872e-05
4.375035123229545835e-05
3.997508249122573305e-05
4.070489228276131095e-05
4.291011521253612686e-05
4.103836474035089395e-05
4.073667793665066230e-05
4.006038163718710912e-05
4.057528059635740516e-05
4.093868649655715798e-05
4.180281316065338607e-05
4.044451063154255060e-05
4.280376752545152349e-05
4.231197786014376488e-05
4.035454809468958881e-05
4.020525560672010121e-05
4.000692957392085208e-05
4.332024848031829675e-05
4.122191380757051713e-05
4.139264311032174356e-05
4.236736938975000543e-05
4.241023644236730818e-05
4.204181606685277839e-05
4.315167620198968017e-05
4.258082360994447499e-05
3.957746296186828152e-05
4.050397896196750885e-05
4.033386777716777233e-05
4.026318278357544293e-05
4.077050302779487142e-05
4.166511745261320911e-05
4.018294204053683455e-05
4.280292439011952518e-05
4.009465791165653641e-05
4.011204413501629813e-05
4.101221456415955053e-05
4.141697727743491890e-05
3.988000423971095626e-05
4.231840460412432387e-05
3.966452074660433086e-05
4.212748341213554880e-05
4.165535393504689982e-05
4.002663751433202771e-05
3.873619214970611591e-05
4.217557762891501795e-05
4.134129489588724655e-05
4.036810588830545192e-05
4.062624268841095982e-05
3.946180259113971414e-05
4.001855814756776440e-05
4.130562089325339500e-05
4.096624618195219777e-05
4.123981525743193941e-05
4.091371045694369544e-05
4.095136921719541329e-05
4.100895461915299756e-05
4.155864915445201224e-05
3.934245087601711508e-05
4.013278540045469585e-05
4.102758761265208446e-05
3.914906482115982017e-05
4.179105182860245869e-05
4.007711968147220741e-05
3.972641476185920158e-05
4.127435563908819777e-05
4.022750757994085995e-05
4.193973275581073975e-05
4.118529708173141390e-05
3.976299185935592884e-05
4.065828330059290780e-05
4.059139733852117359e-05
4.249958284862673079e-05
4.088647494066541038e-05
4.153387165054823869e-05
4.020108266854193738e-05
4.174648237687552082e-05
4.166720395678477618e-05
3.970709587108940566e-05
4.374300721806715194e-05
4.124439864686812042e-05
4.082269180821386100e-05
4.003339432421731606e-05
3.970742519165578046e-05
3.941261739415435016e-05
4.080776889793473320e-05
4.008203113945271761e-05
4.127445293988732270e-05
3.985491188525630541e-05
4.085596704769678395e-05
4.151849222968360590e-05
4.070824696244179972e-05
4.179088298035827509e-05
4.275934790261867562e-05
4.131611594359054608e-05
3.902370124532050772e-05
4.159046083199811065e-05
4.342067727935578208e-05
3.983606044464419962e-05
4.015156841287115605e-05
4.000908176472208443e-05
4.157690064713226875e-05
3.942419977236278998e-05
4.199623178008991511e-05
4.184472988615972540e-05
4.019339827007954686e-05
4.395041063926978460e-05
3.947828686809826311e-05
4.342307745795782745e-05
4.041194486750930348e-05
4.126705784600521749e-05
4.052829969553087942e-05
3.903317509032994066e-05
4.015900437404579606e-05
4.107491404592519840e-05
4.101059022550951447e-05
4.132546108912190237e-05
4.016434719488708833e-05
4.006221155223361368e-05
3.994319821711699606e-05
4.093956729939640573e-05
3.908461321016467379e-05
4.027143494715721035e-05
4.075592754485872168e-05
4.077610165485939309e-05
4.075108614552373510e-05
4.384027644500928622e-05
3.951501946820604942e-05
4.072069692284200335e-05
4.089322514182129977e-05
4.054798740582083371e-05
4.069114818142915020e-05
4.003648224527747799e-05
4.070016156888101581e-05
4.057269493557400148e-05
4.365321061374641070e-05
3.971399319460793426e-05
4.024784841630884912e-05
4.051211872781372114e-05
4.010561769960329596e-05
4.098955457530218809e-05
3.986346316241188713e-05
4.161111206913999767e-05
4.016327246165797988e-05
4.138089121570722389e-05
4.058941106959156097e-05
4.179609640378274073e-05
4.009256048038778382e-05
4.386880499550071296e-05
3.938711514265901903e-05
4.087104835779083704e-05
4.012589499431811770e-05
3.961288794714335718e-05
4.026363993304536720e-05
3.977834842898987476e-05
4.184033118239722680e-05
4.104645964935507664e-05
4.076216227427507238e-05
4.101580997339450733e-05
4.029872675070829820e-05
4.096715268750009050e-05
4.022191873998141106e-05
4.024985584776257386e-05
4.671858141690405156e-05
4.217161771543725236e-05
4.048847293409774318e-05
4.139036385135135985e-05
3.992669858118626924e-05
4.208117444114367828e-05
4.117464351777440986e-05
3.956602470325486356e-05
4.022932278297165374e-05
3.998041958803118310e-05
4.229184813211294021e-05
4.117861501530953788e-05
4.188133834310902399e-05
3.964589251917085823e-05
3.957493812683401908e-05
4.281968058421465429e-05
4.249751712326068590e-05
4.238094568686876374e-05
4.055434597804850232e-05
4.000076771168104776e-05
4.078492333311043068e-05
4.325152624834399060e-05
4.078023507694602677e-05
4.400416509724278287e-05
4.034758478629734015e-05
4.023032458954384108e-05
4.218141172677618907e-05
4.262629740068713381e-05
4.171653098895711383e-05
3.959758505279948785e-05
4.301104764886967116e-05
4.068787190660715412e-05
4.002004090252334528e-05
3.999374797897563353e-05
3.971901097945609047e-05
4.200195940374094774e-05
3.948670450715427563e-05
3.978907302311557087e-05
4.048218399786624914e-05
4.060488490731385387e-05
4.118722761382714994e-05
4.151517437692500023e-05
4.025816828666625892e-05
4.258761134774952768e-05
4.334198884324867501e-05
4.006973493960014999e-05
4.235924992631441116e-05
3.965534944303148964e-05
3.965332775727982081e-05
4.057192485629748457e-05
4.035312585175517626e-05
4.343557245087747222e-05
4.125062380452475870e-05
4.125497776134030549e-05
4.530549196816281650e-05
4.062269185413271838e-05
3.990260519270447473e-05
4.097378713821691362e-05
4.437307844677880058e-05
4.199584182726309067e-05
4.051764063668918353e-05
4.215813576726772706e-05
3.948973474361338422e-05
4.021439733402582748e-05
3.998610979892770105e-05
4.092268694574753785e-05
4.040361026064542903e-05
4.121164474766582218e-05
4.030612211079666346e-05
4.047247600637007083e-05
4.328313663269860964e-05
3.982773788570390382e-05
4.196008461379728327e-05
4.081725106207632637e-05
4.093711930522302020e-05
4.314507521393706264e-05
3.964458337712758605e-05
4.361977823429125648e-05
3.984630597798888128e-05
3.995570091567432312e-05
3.974750337475691365e-05
4.062303297907817520e-05
3.967427505267115027e-05
4.069090336811836592e-05
4.090361856885431873e-05
4.015745831310333838e-05
4.216493219905837468e-05
3.938042281007834321e-05
4.045509213830216042e-05
3.976263399377116104e-05
4.066499137508418663e-05
4.228270994484661000e-05
3.995244987377688219e-05
4.155188792317698979e-05
4.039081785226216218e-05
3.982272861966237263e-05
4.006926794852861166e-05
4.066588846589942757e-05
3.988031419995274218e-05
4.001502529705270358e-05
3.960346884711894516e-05
4.410691524031904652e-05
3.945608352848695274e-05
4.279820111108676068e-05
4.075242348565440669e-05
3.961140241362759136e-05
4.367640285066080251e-05
4.182230541428970448e-05
3.979506462542073847e-05
4.078974058031783340e-05
4.381061592193586545e-05
3.966488437186254431e-05
4.072910485155812964e-05
4.115085883348994526e-05
4.061223098156420121e-05
4.216376932855651075e-05
3.977768688195863512e-05
4.138034552178846770e-05
4.025002743827330856e-05
4.172129035103899747e-05
4.011106879290587024e-05
4.007930903016156820e-05
4.154981298874571929e-05
4.399287079158631435e-05
3.958368271600543005e-05
4.010421936306224138e-05
4.128170028313685099e-05
4.056146648565119364e-05
3.968836742194704431e-05
4.171932309985603154e-05
4.190441167217045078e-05
4.080313719005380723e-05
4.259370242461578410e-05
4.060872975165814429e-05
4.254921670858803401e-05
4.041174862975130616e-05
4.401707353501869334e-05
4.336520009468052575e-05
4.285499907739836681e-05
4.093125785879370290e-05
3.968229199563064760e-05
4.094713978937577337e-05
4.049494944071646514e-05
4.208106399349243647e-05
4.002076859183015397e-05
3.971212115552020215e-05
4.290372084868721811e-05
3.998709043348940706e-05
4.187410566905374042e-05
4.464904992687428604e-05
4.097521924986127426e-05
4.003071539829321869e-05
4.015773553040598629e-05
4.224454239797651264e-05
4.085865665806090837e-05
3.908490606270285960e-05
4.080396263995483212e-05
4.227415280120527108e-05
4.143191401220427142e-05
3.946766295246850937e-05
4.285358841032241046e-05
3.981836847182185858e-05
4.342843010713982313e-05
4.380623673063523745e-05
3.960773863162685214e-05
4.098693218979583775e-05
3.974192389044930421e-05
4.021967056260047799e-05
4.016779836142066418e-05
4.014336209581786653e-05
3.978458168641530032e-05
4.084900701645780328e-05
4.088223423831071327e-05
4.009789966268525736e-05
4.213103595451673508e-05
4.033789223270533816e-05
4.070150508292017877e-05
4.057395694924442091e-05
3.960981505121471128e-05
4.120559397844128448e-05
4.169812974376350934e-05
4.033887745667014759e-05
4.040010080515095561e-05
4.078665058989052611e-05
4.089599353184011248e-05
4.068991598569796585e-05
4.009416122842577820e-05
4.174525266093827422e-05
4.147599201773764115e-05
3.920289587126775589e-05
4.027318670333236537e-05
4.267271892493308151e-05
4.278501949392824540e-05
4.433754154509544166e-05
3.958366440842313934e-05
4.177368751794655326e-05
4.013214845829567981e-05
4.026623197682002015e-05
3.987277935822013830e-05
4.092629323692498395e-05
4.369512593294688535e-05
3.975517230200404609e-05
4.029628513551897104e-05
4.308444053207981212e-05
4.214415062847804897e-05
4.005985220822629354e-05
3.994406016174045326e-05
4.174331688963026912e-05
4.356793370852667232e-05
4.076771911379703127e-05
4.068238839467527536e-05
3.994647767452348458e-05
4.040023588489886631e-05
4.053516644138974780e-05
3.993008928849709318e-05
4.300811288341643292e-05
4.036274021899782241e-05
4.075399661424172244e-05
4.092564653645331361e-05
4.076505495900499174e-05
4.004620526659166332e-05
4.027777999748284962e-05
4.109335854986197520e-05
4.077763538418188624e-05
4.434742079268058759e-05
4.046744140082366510e-05
4.038656737375849242e-05
4.096753080348711126e-05
3.969235355211299306e-05
4.053725785717191606e-05
4.059480343135632045e-05
3.991352116144102459e-05
3.963524258238914906e-05
4.152941570509370865e-05
3.946087478255994599e-05
3.999091825602821000e-05
4.014990859822720556e-05
4.023869917930942994e-05
3.963834846566080213e-05
4.019475495912432485e-05
4.012442375108953328e-05
4.270355455931253456e-05
4.005112121356709014e-05
3.992279243259721041e-05
4.019867370161577219e-05
4.009994935382467569e-05
4.191036655173327870e-05
4.015628331527645135e-05
4.090400708467305821e-05
3.941384573144032105e-05
4.181564832035973729e-05
4.308219337984022239e-05
4.189483692487064954e-05
4.021332497642869777e-05
4.002779448290868250e-05
3.956646155259359646e-05
4.093775089601623529e-05
4.082519151798031070e-05
4.013987061420570400e-05
3.974911298202829616e-05
3.963658090340094133e-05
4.088313053117635041e-05
4.070638032020773334e-05
4.230517309353403561e-05
3.972140344127525501e-05
4.058886448095846880e-05
4.157567471691622969e-05
4.042553343062120784e-05
3.924084821604127932e-05
3.947516189103953885e-05
3.971341326569041073e-05
4.445766734663160062e-05
4.021021531323571568e-05
3.986017113711530383e-05
4.098427656489183002e-05
3.973102886974019246e-05
4.158065726958590344e-05
4.037755407174627777e-05
4.167865502708694965e-05
3.997486752767280034e-05
3.966211263738063131e-05
4.044463098008818034e-05
4.389319483913054192e-05
4.040426770847020042e-05
4.016216951105039152e-05
4.125486459574534149e-05
4.188099555007884978e-05
4.124357623330825287e-05
4.175324588698770320e-05
4.076491694360821890e-05
3.955220703090282108e-05
4.154691206498557364e-05
3.985294692379228425e-05
4.032461159786091979e-05
4.061850564650870292e-05
4.053031578383641019e-05
4.152458613111693995e-05
4.035221835204181310e-05
4.108542710719256688e-05
4.098928338174981183e-05
4.039207167108257063e-05
4.110760648540336620e-05
4.366621281992347984e-05
4.006636779592900622e-05
4.066105156093201983e-05
3.994161939357011425e-05
4.135390098296090903e-05
4.213269515398092378e-05
4.043481431593629570e-05
3.976472300779403655e-05
4.004916531040644530e-05
4.081382817920985948e-05
3.927190303381839425e-05
4.034347623302585032e-05
4.035017916258850404e-05
4.222135576982583201e-05
3.988439308525760124e-05
4.175799132014555297e-05
3.966568383963268692e-05
4.075135303789381692e-05
4.038819402588961379e-05
4.010232236841498556e-05
3.984054284115090045e-05
4.019294971893864836e-05
4.150897947015099170e-05
4.108108484418932719e-05
3.939651873976104636e-05
4.061436516042095856e-05
4.138104547595204702e-05
4.061534384507699388e-05
3.947076654979826633e-05
4.278329391082598854e-05
4.227827104717711825e-05
4.038522330762076077e-05
3.985098510267799193e-05
4.068570468868169636e-05
4.005667397498013861e-05
4.015774149355311054e-05
4.268205822913055149e-05
3.957703298309336567e-05
4.512472636561322978e-05
4.051550345634266984e-05
3.967136598650388660e-05
3.928203666832044672e-05
4.107330310048679838e-05
4.031192786945381103e-05
4.106467486313007887e-05
4.052501963199562338e-05
4.363717167152306891e-05
4.207895325557294681e-05
4.033604948134843628e-05
4.329114317507332175e-05
3.960843631463924170e-05
3.956357819394112403e-05
3.958137333869919504e-05
3.946933180734171163e-05
4.126554504584904943e-05
3.976559850138013867e-05
3.999297575146209757e-05
4.041213439727411752e-05
4.090143369173846681e-05
4.165821036179556230e-05
4.103283230934133709e-05
3.968070574392619623e-05
3.984203785801577661e-05
4.182939596795746061e-05
4.131873162150618932e-05
4.021329002910904889e-05
4.008206574772352947e-05
3.980757273297936958e-05
3.945676524676993270e-05
4.041175508110078413e-05
4.197828638445530458e-05
4.136078844041209005e-05
4.198118722743535462e-05
4.024856305909590135e-05
4.105657025993659723e-05
4.595267027749233297e-05
4.257815681214440352e-05
4.039583383706273995e-05
4.039882443841283127e-05
4.143885342826081905e-05
4.325628466307256055e-05
3.909732796376769046e-05
4.094595726722671081e-05
3.951246439608785248e-05
4.152551218844821563e-05
3.971700530427596586e-05
4.176215181315612611e-05
4.060359821209030747e-05
4.013802343811609326e-05
4.091488013488138643e-05
4.208503616421376204e-05
4.091608133175686675e-05
4.015773927085612883e-05
4.063613371361486908e-05
4.009973267738073095e-05
4.311229118797216178e-05
3.999096289886695213e-05
4.122583858319386462e-05
4.337034586184110611e-05
4.062369557808260032e-05
3.993127243123074666e-05
4.252193467168683056e-05
3.992705845029838595e-05
4.072421370351463342e-05
4.120008693147360807e-05
4.451539739837057520e-05
4.394447076927414066e-05
4.098107168128568281e-05
4.069584499475913000e-05
4.407102308843006516e-05
4.134827566696745455e-05
3.942547251465206265e-05
