1.952436128445883101e+00
1.853965066963453312e+00
1.870543480267358394e+00
1.867137358676020709e+00
1.969637623500960721e+00
1.838085896273826902e+00
1.889315600467567080e+00
1.918308072779836948e+00
1.883766496704141646e+00
1.831896665809991109e+00
2.021164739586027714e+00
1.908362713739509164e+00
1.878720354586995711e+00
1.830477832519064707e+00
1.808140070585155579e+00
1.872198811844803856e+00
1.856571862457556454e+00
1.854332414060379852e+00
1.868287264627272570e+00
1.734416276012203273e+00
1.892619181514870519e+00
1.821899582173664101e+00
1.917901497521326659e+00
1.864619332334253698e+00
1.841937805634736192e+00
1.864298821099683368e+00
1.907232704571541371e+00
1.864076052438178754e+00
1.868010823417169952e+00
1.906785647637224912e+00
1.887491044489554737e+00
1.826381960073382160e+00
1.837324502554968486e+00
1.935560974750752283e+00
1.909612926379810283e+00
1.888213846386062045e+00
1.915932531494708435e+00
1.864184128258060014e+00
1.865980835114480207e+00
1.852766353318044068e+00
1.875440315589968820e+00
1.899117704561454234e+00
1.875775076989737888e+00
1.957879706830532696e+00
1.945669459389921974e+00
1.928146265979427509e+00
1.836688656277098319e+00
1.902905755369185936e+00
1.830476984886661995e+00
1.918666133515567251e+00
1.948145378665612215e+00
1.994417283367055926e+00
1.865800562565256060e+00
1.850146596535324317e+00
1.886939795602215586e+00
1.979830381729424049e+00
1.950287227675038482e+00
1.907337568611756407e+00
1.938935949365488520e+00
1.821821106568229709e+00
1.866352449644643530e+00
1.866925215634529289e+00
2.042773738834086306e+00
1.984848708129966388e+00
1.865503587593442036e+00
1.975048238465917372e+00
1.836765589581081048e+00
2.030052841770567440e+00
1.864339077968707903e+00
1.902909653316861016e+00
1.933707739532486869e+00
1.863506400876413727e+00
1.936720241537447817e+00
1.975750673746777375e+00
1.826122135327647111e+00
1.839030713394461447e+00
1.986479383645338270e+00
1.853864837006086619e+00
1.885813817432996808e+00
1.950422991034486353e+00
1.870037384337756681e+00
1.855929575092737371e+00
1.963466824785383702e+00
1.904329890676377035e+00
1.866758170540194994e+00
1.955607038293792899e+00
2.075026019596249771e+00
1.903320037933274422e+00
1.868334262037126159e+00
1.862038134229393682e+00
1.904037101677325428e+00
1.844244227588853979e+00
1.945214198961124685e+00
1.829445579324306514e+00
1.899311790722506554e+00
1.903402335665350886e+00
1.935948162511458737e+00
1.982399798991850703e+00
1.831830074400569108e+00
1.803171064420904246e+00
1.970942245993617670e+00
1.927275459134312863e+00
1.916653716787536155e+00
1.872632192219359615e+00
1.820337429557060460e+00
1.943469677983659771e+00
1.880478147466471794e+00
1.995456992308340727e+00
1.844599580803770067e+00
1.919453588853567982e+00
1.890673439261094879e+00
2.022064480561803101e+00
1.758898223440452657e+00
1.840873944300754239e+00
1.924960111258849471e+00
1.902316222881619279e+00
1.855876262536390930e+00
1.798972387240608928e+00
1.853369393861201919e+00
1.895743755939364172e+00
1.837789460892857329e+00
1.860398863153132298e+00
1.908292548207816575e+00
1.858467840254991676e+00
1.930188156831702084e+00
1.812011757192002692e+00
1.750509014132280772e+00
1.844871585450751805e+00
1.849374451064521363e+00
1.859736300231590977e+00
1.913751976884864092e+00
1.841520189947779773e+00
1.879907755398516844e+00
1.840872434258570278e+00
1.814615320358551109e+00
1.930517170993717224e+00
1.834783068484296065e+00
1.845514262243014958e+00
1.816338530485442249e+00
1.954219096660507082e+00
1.992728274993541104e+00
1.885813015590549035e+00
1.855577720907183759e+00
1.913131106924218061e+00
1.805383495255510118e+00
1.960605025116068489e+00
1.893147155673731596e+00
1.877356903053237991e+00
1.925771534534420182e+00
1.787258431240253742e+00
1.844632573744499293e+00
1.844304055378592544e+00
1.861365363107604365e+00
1.956123541598070448e+00
1.887615521395246576e+00
1.944366488582180530e+00
1.932382151787905622e+00
1.850644099195994929e+00
1.978816740061588808e+00
1.884986875800717998e+00
1.940437000689596792e+00
1.907380739994639418e+00
1.850399139320934472e+00
1.878106451746543559e+00
2.061554674262699560e+00
1.820421009702297477e+00
1.859222612400779351e+00
1.977926879772254454e+00
1.860199990986536767e+00
1.851855066829991570e+00
2.041597266255350096e+00
1.800434507074698987e+00
1.824270271735439319e+00
2.049482492067310258e+00
1.816806368820743200e+00
1.920958284669639360e+00
1.844652702616778051e+00
1.866425581433766245e+00
1.854125523876949622e+00
1.890051137296487882e+00
1.878051684217053374e+00
1.871046376925401322e+00
1.845152675606329007e+00
1.901453945226451614e+00
1.979780478376973241e+00
1.903512611602020455e+00
1.843575472991866970e+00
1.915890218928049560e+00
1.806154505624385065e+00
1.933508751826989336e+00
1.915454888329178651e+00
1.909685230993231952e+00
1.908944848692009533e+00
1.884529294749416106e+00
1.882899261836107341e+00
1.788874676071922742e+00
1.980201013706839319e+00
1.765988522058881793e+00
1.949661661011289349e+00
1.823926586482498280e+00
1.908556606879459050e+00
1.864623030561502359e+00
1.876711946139670184e+00
1.863215029658713329e+00
1.834163727977155434e+00
1.848605780906507734e+00
1.821292971809544081e+00
1.877369814055028341e+00
1.859907532202093483e+00
1.910326470870794768e+00
1.839431613639537222e+00
1.968669001351635028e+00
1.817230007652565815e+00
1.900991327079878168e+00
1.744585133599758198e+00
1.953112038424074104e+00
1.888020522004692836e+00
1.898863617774765089e+00
1.765590830383435783e+00
1.798339460810461032e+00
1.838536428245063803e+00
1.875986634333175695e+00
1.886404304552613764e+00
1.960537344850429076e+00
1.954582163399765538e+00
1.852233574157096552e+00
1.828727053803463676e+00
1.771292102496317522e+00
1.781865150502128126e+00
1.912462359759660613e+00
1.965498702637051398e+00
1.905765539645598583e+00
2.034071324396021563e+00
1.976998221135926492e+00
1.944101713733560555e+00
1.863951273770268813e+00
1.820215881736527486e+00
1.877930285693061085e+00
1.889331967843628446e+00
1.887467036659272734e+00
1.905694012516012004e+00
1.904058472037881922e+00
1.986219304354118753e+00
1.856230430865468239e+00
1.934297100183625773e+00
1.970946709032010746e+00
1.881838833295840230e+00
1.882234401106696264e+00
1.857221493289677339e+00
1.834335075626049028e+00
1.760474602086335993e+00
1.951383729325271599e+00
1.928875876782110810e+00
2.060980211531956652e+00
1.953415540829812835e+00
1.916313000955170320e+00
1.927213358810160981e+00
1.885448615734720557e+00
1.873584368540534228e+00
1.858058172377057282e+00
1.962582578408809342e+00
1.932781961060425102e+00
1.928160432367672872e+00
1.798958676744124130e+00
1.771257504260045135e+00
1.855752171828352726e+00
1.977192789923093663e+00
1.848920792555002413e+00
1.861284385575499023e+00
1.851917963869685879e+00
1.891107301523784034e+00
1.878719232486760315e+00
1.908284421529706121e+00
1.952954842638390254e+00
1.842576717864718105e+00
1.913893049312127559e+00
1.876125329828076671e+00
1.799362435894128032e+00
1.972513043013056189e+00
1.960796191468643368e+00
1.833922502345608940e+00
1.917812391931200011e+00
1.891149083220564187e+00
1.955504494465516885e+00
1.993224727522981743e+00
1.956194649192819268e+00
2.040675758219038460e+00
1.846672726756507510e+00
1.952606666910216449e+00
1.980488676105264467e+00
1.898722069919556166e+00
1.826123622369906219e+00
1.932870915014911484e+00
1.973002830830533405e+00
1.879792666071194107e+00
1.969512027783792751e+00
1.813119007126755333e+00
1.937320469507500365e+00
1.869503316576381247e+00
1.771359349599617161e+00
1.938511791100039572e+00
1.839476955673617686e+00
1.911023061426753156e+00
1.868288881695830073e+00
1.900400979594512263e+00
1.958322428869785359e+00
1.911154505091928302e+00
1.814283536054790202e+00
1.952850065681560388e+00
1.810927182463874852e+00
1.855346758605531665e+00
1.878621090119118708e+00
1.830017677083461969e+00
1.934379904642191228e+00
2.048641548372882593e+00
1.751619456341059422e+00
1.904711908300164014e+00
1.905463134153410953e+00
1.875537771601047288e+00
1.970994388250643992e+00
1.814897441257864896e+00
1.842442160551583052e+00
1.907444829653787366e+00
1.806771019328278438e+00
1.862723253966288794e+00
1.823565826921872635e+00
1.808782792682658958e+00
1.887322287299141976e+00
1.890763908348672251e+00
1.878471169557996534e+00
1.879003049521638991e+00
1.996228845983960554e+00
1.798536930817305146e+00
1.844392416138161073e+00
1.911946531930753146e+00
1.922272430437617086e+00
1.843572286691297801e+00
1.829474489784218783e+00
1.918747100498818359e+00
1.979790008338137453e+00
1.932318754954257312e+00
1.854739704217357676e+00
1.837517560070381695e+00
1.932261930563603736e+00
1.813689532779920954e+00
1.911273542145289550e+00
1.931968438335050386e+00
1.919278208882282843e+00
1.910600704274542316e+00
1.900014178713577806e+00
1.844875910098237481e+00
1.797550662377583208e+00
1.859286730259014586e+00
1.965432202648364379e+00
1.807009570093141004e+00
2.004889270240978849e+00
1.891810387090754553e+00
1.759436437185481372e+00
1.904413522120180557e+00
1.830945153016265259e+00
1.887650735286236836e+00
1.888013057972408593e+00
1.900586069749232720e+00
1.946373300155714414e+00
1.988875203299619532e+00
1.893279057974268431e+00
1.870797704856717703e+00
1.838928738578203159e+00
1.947363718023718659e+00
1.849672404945971849e+00
1.953285770863912196e+00
1.957600833370984228e+00
2.031119795756637370e+00
1.946016410287122467e+00
1.859318254215167165e+00
1.924365082444834618e+00
2.015702134642258780e+00
1.903142508234995756e+00
1.906688551461708681e+00
1.880735961044539106e+00
1.862499125254349686e+00
1.831998139822922145e+00
1.974916325192006772e+00
1.927334368563902611e+00
1.876295896362262683e+00
1.834963552008249899e+00
1.884129749742488258e+00
1.914494602852897520e+00
1.892165424853467837e+00
1.873251087900550838e+00
1.822981738356139747e+00
1.899360938689909073e+00
1.898296977907284688e+00
1.845583101019925509e+00
1.845491948543282801e+00
2.053407105602123917e+00
1.848638299132374208e+00
1.849280124391116109e+00
1.790806005079231822e+00
1.876356229000948561e+00
1.788260223490920842e+00
1.868922283941804263e+00
1.912210970959942857e+00
1.961561804604262438e+00
2.070366012343608730e+00
1.800681771250148833e+00
1.945087077285936994e+00
1.869044547970848180e+00
2.024297636814676782e+00
1.875944411482380669e+00
1.808032397361265309e+00
1.880177547497654977e+00
1.857844779348306385e+00
1.843877296141372524e+00
1.944938834985087794e+00
1.962600257268929838e+00
1.768877612964997903e+00
1.855238775922634309e+00
1.999330606413290967e+00
1.971601547756358652e+00
1.890617433689282922e+00
1.969280479932057348e+00
1.814545372230117470e+00
1.880114439600466314e+00
1.844028491223206334e+00
1.937116186034784082e+00
1.923870848471869621e+00
1.853970243064759993e+00
1.910394253327848624e+00
2.030052736983074979e+00
1.873922311287289810e+00
1.895037372427507805e+00
2.002407509250160533e+00
1.932796319847135402e+00
1.828980488508144875e+00
1.937930770343484266e+00
1.882956154547037464e+00
1.872679644241646901e+00
1.838907760220519938e+00
1.949558057474774175e+00
1.900422377805432328e+00
2.020014772455717367e+00
1.980822664307934966e+00
1.896648704884367431e+00
1.933575842746461770e+00
1.886889486032907959e+00
1.828329895197659205e+00
1.932669591611904547e+00
1.825370550553536253e+00
1.836311287938370507e+00
1.855464750010767050e+00
1.980314213755205000e+00
1.915709982692077817e+00
1.943879872586879554e+00
1.993414162661026223e+00
1.863971925922236705e+00
1.850878760378815491e+00
1.803884292525166133e+00
1.894339643294739028e+00
1.993309753794514139e+00
1.810577100902794667e+00
1.942964771331653351e+00
1.938529654269560476e+00
1.929813619195664076e+00
1.972466893048614445e+00
1.851484247457627408e+00
1.982708942281961706e+00
2.004770434830622783e+00
2.020901759395303365e+00
1.835374551040336755e+00
1.964851043102717743e+00
1.859104877028188385e+00
1.896968603390431607e+00
1.850407238586886383e+00
1.840791476787146053e+00
1.871321509075165146e+00
1.909902182852307728e+00
1.960870428533285192e+00
1.995377366798606777e+00
1.929077258765273362e+00
1.870723888349542285e+00
1.926168369552730297e+00
1.921773260783981252e+00
1.891335568030471981e+00
1.955577320038277334e+00
1.929678647444396988e+00
1.860711994073820597e+00
1.966242421368298965e+00
1.902611125115313273e+00
1.879002298142795846e+00
1.859488492519583591e+00
1.845941064236852558e+00
1.925713295902879540e+00
1.908447135427905561e+00
1.883165484182053095e+00
1.870262914074103389e+00
1.786955189394699994e+00
1.851467766655256808e+00
1.875249825696825745e+00
1.963957334479867978e+00
1.806071060893474689e+00
1.806263169396914225e+00
1.926065221493224122e+00
1.929833286031729767e+00
1.876652256055096002e+00
1.811560913147159280e+00
1.827265922418094490e+00
1.905233622164285157e+00
1.918111418004351254e+00
1.889698635386593439e+00
1.799297374993725107e+00
1.922960022615570752e+00
1.887056879674915644e+00
1.909127591690499504e+00
1.841790428347672925e+00
1.831746332887558948e+00
1.891490545422288339e+00
1.986996116563672699e+00
1.939999034483295359e+00
1.827110995244952241e+00
1.900174319615214102e+00
1.800811718649615090e+00
1.846149716568618704e+00
1.787377060162039788e+00
1.904109411806355956e+00
1.847897481608007597e+00
1.858625885846494574e+00
1.988317751450333182e+00
1.844263245609676805e+00
1.924880201244429268e+00
1.934039527144687298e+00
1.856484560699486419e+00
1.892763296198199052e+00
1.952071709596636007e+00
1.927625016076348841e+00
1.781204394241134192e+00
1.800706015331805743e+00
1.880628416855133711e+00
1.902180139804488856e+00
1.995471587342632747e+00
1.829472394684326320e+00
1.902916628252080411e+00
1.939676113705489646e+00
1.951430862968820845e+00
1.941078341255995987e+00
1.904527215308727373e+00
1.908729966054994343e+00
1.970880902574390081e+00
1.828409902612281979e+00
1.847417000131061249e+00
1.895764373270240943e+00
1.934729612224200590e+00
1.865756244303735212e+00
1.866928026699245624e+00
1.864083793765690000e+00
1.806673712782955743e+00
1.967798200326095426e+00
1.872693361310725946e+00
1.873973150957749079e+00
1.771773273638764357e+00
1.888522269610648729e+00
1.967552805080256872e+00
1.848716853938413340e+00
1.915724739353153572e+00
1.919831020681029843e+00
1.847666492798519355e+00
1.889280645829045424e+00
1.917184618910508176e+00
1.898058277223194867e+00
1.963505280877715808e+00
1.851137958980650700e+00
1.902981686767861946e+00
1.983539605434871733e+00
1.862587334915734028e+00
1.915314058844788780e+00
1.936413344272681414e+00
1.775332551759352340e+00
1.912550716413393026e+00
1.987997988725333176e+00
1.831214875486692595e+00
1.841794932774907689e+00
1.814668351313570627e+00
1.842645206704887517e+00
1.898809539951272995e+00
1.942434635783951480e+00
1.879348003888565710e+00
1.953301480692417824e+00
1.866029216261554602e+00
1.897880409282814762e+00
1.957754802482751355e+00
1.900023037769078771e+00
1.919224512980857167e+00
1.814953134870017415e+00
1.803730300455392843e+00
1.826646941769701549e+00
1.877331537299539388e+00
1.856613757968717193e+00
1.843356966637373917e+00
1.869918276224322495e+00
1.854234991539893906e+00
1.851348542594759561e+00
1.861575575178870734e+00
1.820116311316532620e+00
1.906255642327024047e+00
1.884938201370348398e+00
1.976154483786723315e+00
1.823987445727833334e+00
1.878046382367343448e+00
1.829467532884402337e+00
2.021668468970472254e+00
1.815859617962014783e+00
1.884873340036918199e+00
1.801264393190840307e+00
1.812950397418616966e+00
1.838453988255326577e+00
1.778881485703122101e+00
1.840080113313534715e+00
1.867158770708475357e+00
1.813026366427566538e+00
1.877186508171128976e+00
1.884886089356815564e+00
1.940627419768288675e+00
1.871946633833456275e+00
1.883279356632561408e+00
1.975622625162045454e+00
1.797905911176933325e+00
1.962737117967711775e+00
1.891729734420893871e+00
1.908833594165963099e+00
2.044174558786332696e+00
1.941936007430964395e+00
1.894818389655042790e+00
1.855355790805965466e+00
1.889856828671250044e+00
2.018993647590672236e+00
1.863561262287229292e+00
1.960654033013024655e+00
1.923082560273995156e+00
1.978921387370560447e+00
1.858942133706106281e+00
1.910190353083081494e+00
1.913388528729197180e+00
1.957872748087999160e+00
1.943612201032562270e+00
1.934752708035966107e+00
1.820192931447146556e+00
1.832485987737085376e+00
1.831417132589504337e+00
1.826798167208305790e+00
1.923822402438281509e+00
1.834416598590711267e+00
1.976435046319167110e+00
2.030665371662557117e+00
1.872159766860086227e+00
1.890400542774229420e+00
1.823865046477205043e+00
1.988622141689733169e+00
1.951199543004540349e+00
1.842346635444336300e+00
1.846150655546837882e+00
1.789719798936154849e+00
1.991570530592475352e+00
1.931045068221169503e+00
1.797291038867083524e+00
1.946059655228513652e+00
1.955268310794104236e+00
1.859690782641819862e+00
1.935888154109881354e+00
1.808567971323026713e+00
1.965404388783276612e+00
1.854756268476193126e+00
1.907151596528539494e+00
1.795465601853094562e+00
1.866664485339216029e+00
1.899687347576358709e+00
1.936453098073359635e+00
1.919590016624328266e+00
1.766938395931912043e+00
1.804553615418047041e+00
1.895302062673946075e+00
1.847310163114266324e+00
1.845726383393275105e+00
1.928401323016198932e+00
1.874261126073270445e+00
1.874151390290357044e+00
2.046361518624506548e+00
1.849847585875169509e+00
1.904539710277868947e+00
1.924351858546331284e+00
1.835969732640775565e+00
1.886867852649064980e+00
1.849580628429400964e+00
1.889601646358521236e+00
1.892767691336666669e+00
1.842381554817795752e+00
1.903420437597996173e+00
1.879868402239795344e+00
1.958082557811901880e+00
1.899096915271411889e+00
1.863673408086673478e+00
1.805421554449516908e+00
1.812971635397663261e+00
1.781885813317656719e+00
1.850147743036856252e+00
1.879487788427189443e+00
1.909757624707225432e+00
1.869489683190177276e+00
1.765249101911048557e+00
1.812478167429362852e+00
1.927606635396346579e+00
1.841972152211465152e+00
1.912372045552902300e+00
1.912340811723758360e+00
1.893471869083836800e+00
1.939689190051973711e+00
1.896458385981439232e+00
1.931663891592722004e+00
2.007922787492758321e+00
1.864764921095865668e+00
1.906916057851254953e+00
1.854091814507397240e+00
1.930007702775434986e+00
1.997289211136115350e+00
1.904432701292449792e+00
1.999925548934022634e+00
1.851927138133059758e+00
1.931471474606587080e+00
1.927188681102269374e+00
1.912366725268578982e+00
1.896424652755360096e+00
1.990446305627349588e+00
1.960623374182885348e+00
1.855186361494357117e+00
1.905234189848681980e+00
1.802347426964144628e+00
1.863656833675485736e+00
2.033104097995551918e+00
2.002593655002685935e+00
1.949401644504352715e+00
1.856653130574955401e+00
1.804806778940966527e+00
1.886460360478833254e+00
2.018939064360198099e+00
1.802746764804864510e+00
1.874406616665447389e+00
2.003697686692370361e+00
1.835509160282552177e+00
1.978943362463197575e+00
1.874948906108108826e+00
1.816778550887668597e+00
1.839146171437141986e+00
2.006722916981053206e+00
1.853185347013684092e+00
1.993687994309320644e+00
2.017585080411985921e+00
1.786871654383498376e+00
1.884139899636405380e+00
1.863767909037950865e+00
1.950028333235003242e+00
1.885859693717090169e+00
1.822049498340592821e+00
1.930413552760360529e+00
1.855126728118332347e+00
1.924190239085401766e+00
1.826903283311149151e+00
1.858574803972637079e+00
1.849037585728315669e+00
1.872544590413820931e+00
1.981693757384645371e+00
1.911775898337352064e+00
1.925559553824054415e+00
1.868180221482128811e+00
1.859121567051763346e+00
1.939372641386097662e+00
1.858406085939953600e+00
1.925587713431214043e+00
1.897857204626578698e+00
1.943593317374171736e+00
1.879364198614336123e+00
2.076490215418037799e+00
1.865192480156186994e+00
1.968830067809967277e+00
1.858989833383570600e+00
1.990265036873537730e+00
1.894045708035444031e+00
1.869224914214109079e+00
1.897113893839347032e+00
1.985195191577196816e+00
1.805813550035359594e+00
1.844104750040140628e+00
1.858368022232348649e+00
1.937994508153050299e+00
1.773507119366668272e+00
1.947420653061809226e+00
1.902037926372568410e+00
1.947728400319012732e+00
1.816205846660633227e+00
1.916372957817688238e+00
1.824766812085161671e+00
1.960412842093308239e+00
1.835372590780955715e+00
1.917447242573268262e+00
1.902518969584602537e+00
1.874635964254818932e+00
1.909852216071245889e+00
1.960399648760424052e+00
1.902066562979653819e+00
1.943731343956558888e+00
1.942289300945825081e+00
1.949025300885818046e+00
1.943262917835725689e+00
1.908800059254671222e+00
1.880112015406396608e+00
1.914437257463930120e+00
2.031145931731058063e+00
1.983684990860004493e+00
1.805345838823210425e+00
1.859416708247327188e+00
1.827762504493561035e+00
1.925079607244749358e+00
2.055704041704745855e+00
1.965786916530449124e+00
1.951246710510418314e+00
1.905480058329396709e+00
1.920766007510137596e+00
1.962275956490927120e+00
1.779926665224749849e+00
1.863347610390648557e+00
1.906240274110261979e+00
1.746466065573899051e+00
1.882960731905580998e+00
1.869770174047913125e+00
1.873101346190843897e+00
1.889681132514777318e+00
1.874813346286084981e+00
1.907692401486721812e+00
1.855667155942018365e+00
1.911297898812009954e+00
1.871836798087245457e+00
1.882254925718674032e+00
1.971743332172390728e+00
1.876739674831205962e+00
1.879255000889771710e+00
1.849989520123796805e+00
1.933110398102861227e+00
1.869923641553730143e+00
1.845811026142409439e+00
1.833140504495324175e+00
1.960524381917387648e+00
1.846018124722285547e+00
1.853265144455399138e+00
1.808316468116887732e+00
1.854378871904106107e+00
1.877402845563565847e+00
1.867961421330610161e+00
1.818753940458043727e+00
1.911420201974376232e+00
1.828747423176614539e+00
1.911876217820587254e+00
1.870685829986762805e+00
1.982483719516549003e+00
1.994066703315914735e+00
1.969248680536398011e+00
1.889962348908375223e+00
1.855406779819122720e+00
2.003314298431238871e+00
1.897047629562682580e+00
1.915585796719675216e+00
1.941317831680853478e+00
1.784234768799125570e+00
1.870183065579713366e+00
1.820826906790682598e+00
1.862803066044207645e+00
1.885691693153665360e+00
1.888217374901311585e+00
1.881859561111045354e+00
1.933049006800303671e+00
1.929099777673288107e+00
2.011186681085054495e+00
1.957250659360974199e+00
1.870214435035460143e+00
1.788663978596955140e+00
1.896383658223375290e+00
1.877322296578474381e+00
1.960238454275076592e+00
1.920988571407719725e+00
1.840320743349525001e+00
1.832895518337361640e+00
1.859205039399461024e+00
1.861288012372220635e+00
1.823571928703004774e+00
1.916270073379022332e+00
1.988674600737201814e+00
1.940086805500786271e+00
1.932463952859457823e+00
1.830907093692844434e+00
1.846913786845933769e+00
1.785146456286358818e+00
1.874317482189818307e+00
1.896633831607839049e+00
1.928109825858162152e+00
1.844755928974229020e+00
1.849564968513227603e+00
1.848750309780354373e+00
1.837467045221625739e+00
1.949805927948161655e+00
1.924648421687533029e+00
2.026462393244586213e+00
1.886838789651294146e+00
1.946804297331669931e+00
1.833841697116994185e+00
1.975376872169565479e+00
1.870567096763793513e+00
1.861821278242747457e+00
1.879451277646520646e+00
1.803170221436857235e+00
2.021456176617523415e+00
1.858651679116867683e+00
1.948766702403059714e+00
1.833329638586944421e+00
1.868888097258214254e+00
1.869300130266888127e+00
1.870482931837538887e+00
1.907720325761472768e+00
1.862317680648519769e+00
1.952335806855126865e+00
1.809564180414674261e+00
1.872308171544738942e+00
1.865044081550167210e+00
1.872376518572529625e+00
1.880920823241728046e+00
1.837565077048660456e+00
1.943663836922690846e+00
1.908746722635321635e+00
1.967148308366173604e+00
1.929950832708864361e+00
1.803402809760475733e+00
1.805856711601658615e+00
1.979749677676103659e+00
1.825095958729143097e+00
1.749772530495610878e+00
1.891451117996905129e+00
1.942373589114782639e+00
1.926209780611897626e+00
1.849761938610411827e+00
1.879801234133364973e+00
1.783909207787968798e+00
1.860512211134544680e+00
1.917934748421441959e+00
1.930394734055639105e+00
2.005025865459614476e+00
1.853413729477914718e+00
1.975910074419724660e+00
1.968189532533140662e+00
1.827341798428993025e+00
1.980600987915305478e+00
1.774098689174501198e+00
1.881180958412502324e+00
1.843507156833916749e+00
1.864090951443655886e+00
1.846032936757444842e+00
1.861493158809800486e+00
1.841180006314061757e+00
1.833665690289240091e+00
1.857270401412127070e+00
1.826798833253269860e+00
1.929884511287527360e+00
1.957284983306746051e+00
1.860949107574800809e+00
1.938795894068332304e+00
1.858211357704922628e+00
1.833480678674770381e+00
1.814307991249817009e+00
2.031079088428267454e+00
1.873847604599295114e+00
1.843058500004737033e+00
1.893244318406433813e+00
1.940357694392853771e+00
1.835681113161848899e+00
1.950368165921344765e+00
1.874320868033689802e+00
1.962744720319781200e+00
1.831197315616760468e+00
1.824386463379357171e+00
1.840714984402226584e+00
2.026199416130458619e+00
1.952736009084033109e+00
1.982471385113564466e+00
1.900900638847016655e+00
1.803866100596834166e+00
1.876932927055948275e+00
1.884783829639983921e+00
1.778939933525482298e+00
1.879329469704251743e+00
1.923228194943761515e+00
1.888618828851762022e+00
1.811301671908310595e+00
1.872129734373010557e+00
1.760664805736670724e+00
1.797628624522640939e+00
