9.707395195381804953e-01
4.006131639074187456e-01
2.188542114921310233e-01
1.914383851440409068e-01
2.075350783413602018e-01
1.893703809671734295e-01
1.938338920319304381e-01
2.013898404318382462e-01
1.748391236055087672e-01
2.221227140644330411e-01
1.827475123070464724e-01
1.717697618946526505e-01
1.978732213116779215e-01
2.436542560761888465e-01
1.903305972120927225e-01
1.710044848689550312e-01
1.661814477006430812e-01
1.857744180894556063e-01
1.704991055723375504e-01
2.137531548686061600e-01
2.070192827794902213e-01
2.165901705009722900e-01
2.468749839355341702e-01
2.021731511210470289e-01
2.220474877316148121e-01
2.106960678353246297e-01
1.944574365857853759e-01
2.012619107987531353e-01
2.105969846153905034e-01
1.712563083690239463e-01
2.047921532492146535e-01
2.169521563996616997e-01
1.956048389939334664e-01
2.041667347232331842e-01
2.138272157162161569e-01
2.194549474649546972e-01
2.171918834520178421e-01
1.646392427123369862e-01
2.162867352558172918e-01
2.253637277928773330e-01
2.137436065717427947e-01
2.335724000028250036e-01
2.047526961116339639e-01
2.502101906345621796e-01
2.261596875801345219e-01
2.163652082892337236e-01
1.743746577616434867e-01
2.249377687302803186e-01
2.122759452997311502e-01
2.179574004526324549e-01
2.458159836681710897e-01
2.062396934192785580e-01
1.939337247009204346e-01
2.334621483504097372e-01
2.044723545951366295e-01
1.883936045673310911e-01
1.894568514976676388e-01
1.869557075180439953e-01
1.956138266587651997e-01
2.288535032273650849e-01
2.224155342481452802e-01
2.202898230857504580e-01
1.902591928581426894e-01
1.982596115172461093e-01
2.135848928070252228e-01
2.551246720591419104e-01
2.383014650420426372e-01
2.120483084164488108e-01
1.747334892424751152e-01
1.962372531927870090e-01
2.199536443944218045e-01
2.119261983093406188e-01
2.022906641721546050e-01
1.979318194264747810e-01
2.280136254627400660e-01
2.342781447492271463e-01
1.736882577311338605e-01
1.854179901828806876e-01
2.171201142375818183e-01
2.013096597445451774e-01
2.131998834503453233e-01
2.216520201610924501e-01
1.756221981477839311e-01
1.924302144881847865e-01
2.259699021763253435e-01
2.175317529094801805e-01
2.353314838058120362e-01
2.293805456352591976e-01
1.760438368251527053e-01
1.943276516247150476e-01
2.359960719114493899e-01
1.807970283526942057e-01
1.806387441192511545e-01
2.085841608822759652e-01
2.299705267480613990e-01
2.393721077549149368e-01
1.892586085756241543e-01
2.192965725460320203e-01
1.977295469448385745e-01
2.079700826413311832e-01
2.132669601170470997e-01
2.157901503544182586e-01
2.122236094413215701e-01
1.750455839646216649e-01
1.864598781905288383e-01
2.245657370623295457e-01
1.981585461272670490e-01
1.814284514390780700e-01
2.196947678929349890e-01
2.198461306748886734e-01
1.753173386483513896e-01
1.990830901988205059e-01
1.819595696578545918e-01
2.088329454366643356e-01
2.048849128815143084e-01
2.205667270743135178e-01
2.110472117436311690e-01
2.087053327891818522e-01
1.969090887782644073e-01
2.287430187914944457e-01
2.298514577033312356e-01
2.162479564997793202e-01
1.822671398671142362e-01
1.695845421375409279e-01
2.072736678799471377e-01
1.977049161293841228e-01
1.898049473925005337e-01
2.116303956762133065e-01
2.144707509725348737e-01
1.765200836268900064e-01
1.994777640482483794e-01
2.111652183091061175e-01
2.164615800838979032e-01
2.426565370497031637e-01
2.143336499879754942e-01
1.840426538699685144e-01
2.438415878153547267e-01
1.727953244114213416e-01
1.973368725362663889e-01
2.112509006788157728e-01
2.223744399213350709e-01
1.797253873091651799e-01
2.188442496350961053e-01
1.978656765094360392e-01
2.518596631168806277e-01
1.981983420682231212e-01
2.520038810836861543e-01
2.189028224151966517e-01
2.381965215853789619e-01
2.141121877758619119e-01
2.013367067354735473e-01
2.094766615349838712e-01
1.951142513591970218e-01
2.374413800297740240e-01
2.599257058929935194e-01
2.292351842018233443e-01
2.142336178644337896e-01
1.963414426900731147e-01
2.444109122185111893e-01
2.036940327552210217e-01
1.974794313133231838e-01
1.916679532138496622e-01
2.617211288525493340e-01
1.648615817415437501e-01
2.212510395117067152e-01
1.785892700261734189e-01
1.910189198590357684e-01
2.111595839423763277e-01
1.875613502463037707e-01
2.035000680283727270e-01
1.981686078617757585e-01
2.270703021728963378e-01
1.745756344679613714e-01
2.277139038472491828e-01
2.097291915466082124e-01
2.187360712151391051e-01
1.722784993820547228e-01
2.306574409766021794e-01
2.113367777975085349e-01
2.224616335775819742e-01
2.010149095813622278e-01
2.316203541857536352e-01
2.073242979344637471e-01
2.007258918337046505e-01
1.916443940232225862e-01
2.011151990842874326e-01
2.181529824701105014e-01
1.808485614685546583e-01
1.763535022983828693e-01
1.775682620171218362e-01
2.064769557310844605e-01
2.105967737953951535e-01
2.511037263089599958e-01
2.196422390455672891e-01
2.200128987180426376e-01
1.923923596650114198e-01
2.253988345309385632e-01
2.632094666336364241e-01
2.090132638717167868e-01
1.880389535176909543e-01
2.261404221395862391e-01
2.100121213982446555e-01
1.709279735242812959e-01
2.175416333028063198e-01
1.741529482430004827e-01
2.077025500283424253e-01
1.850549772982078844e-01
2.343559977172725017e-01
2.109388044565995435e-01
2.082403068890598119e-01
2.184289170036975147e-01
1.956778601842659171e-01
2.217179914258253504e-01
2.277108110651468176e-01
1.947826201088606324e-01
2.038209943551017311e-01
1.977530836486582622e-01
2.139539365574760210e-01
1.915590649977637061e-01
2.190600238772281438e-01
1.945308776424878316e-01
2.063996760821919796e-01
2.101099094536273415e-01
2.202783459761989970e-01
2.093334731004388716e-01
1.793907081189703712e-01
1.845191704986501591e-01
2.121459189505382481e-01
2.379249604536239349e-01
2.469167330423513163e-01
1.987617086601018157e-01
1.968151868224612688e-01
1.996044904278768128e-01
2.058341587465871425e-01
1.777448278091237344e-01
1.954447336651156109e-01
2.097482979276898973e-01
1.979310211280228826e-01
2.062128117849333364e-01
1.972424393353631733e-01
2.097620024885744894e-01
2.080747845198026857e-01
2.168677528605707783e-01
1.820266637904313090e-01
2.232950738803243795e-01
2.293702092464832143e-01
1.848974345977950628e-01
2.316684442426872603e-01
1.930422686212738548e-01
1.891374581016056211e-01
1.923933981209437483e-01
2.511788431908170693e-01
1.760431465974763021e-01
2.173075649625885730e-01
1.998126739753554593e-01
1.970812127941467540e-01
1.942243759852319562e-01
1.868607633374078647e-01
1.988998661255713396e-01
1.868311113549078750e-01
1.818779660948191268e-01
2.214459757405045359e-01
1.943113002975655756e-01
2.259273695982573216e-01
2.230550510866156910e-01
2.189992472559624259e-01
2.389506138050708495e-01
2.775340197704231904e-01
2.364489614982449306e-01
1.894666614256007575e-01
2.217825247511282793e-01
1.702681272624135544e-01
2.318373285064848910e-01
2.053608332168682937e-01
2.422053875884829788e-01
2.000069877057685519e-01
1.807591058771112480e-01
1.812978125164267929e-01
1.818429271936713443e-01
1.970914385688124493e-01
2.049442309751060287e-01
1.905318072203464330e-01
2.264279584189013983e-01
1.970845084777985146e-01
1.969931084362814833e-01
1.797343929763152992e-01
1.847780619259010437e-01
2.213049516132910288e-01
2.230823597166013139e-01
1.734411468013839219e-01
2.155350021749393719e-01
1.901383867851300369e-01
1.937912637307334374e-01
2.002941932908617884e-01
1.833444981524389172e-01
2.206919203373712834e-01
2.116040476852285301e-01
2.145363291733064781e-01
2.306212892441988904e-01
2.062558112829547263e-01
2.299293511516649902e-01
2.322346809737951545e-01
2.156323093727114948e-01
2.229641204609900118e-01
2.034344680746251188e-01
2.116008798632877941e-01
2.005714491231438690e-01
2.208043151588338360e-01
2.319649544070270797e-01
2.261469247923924009e-01
1.714652836701389405e-01
2.146842971634186081e-01
2.405747160497660186e-01
2.037851277286151785e-01
2.026382586299068644e-01
2.177574770882252930e-01
1.769402226434176884e-01
2.241188765085241064e-01
1.958975825610565213e-01
2.142784984849013807e-01
2.200254364099481774e-01
2.291639372379861150e-01
2.131595980542761448e-01
2.106961862403520791e-01
2.266454054720348776e-01
2.356762389428884719e-01
1.848258858376461145e-01
2.457702760820250909e-01
2.127236641584825116e-01
1.870464443281754652e-01
1.718964815187440931e-01
2.170271442401675022e-01
2.237440739515128563e-01
2.046597532528031671e-01
2.167216263732786030e-01
2.077547279581321849e-01
2.149314492849747349e-01
2.114660327382217320e-01
2.204599878679948111e-01
2.088845429252622343e-01
2.051280499067581753e-01
2.104946134475296771e-01
2.275861138692006347e-01
2.364744498033078679e-01
2.083724505944250793e-01
2.128932309009801405e-01
2.244218495817555392e-01
1.974785197313873308e-01
2.129550512418910690e-01
2.347261279952325697e-01
2.033800195395697730e-01
2.377530622380906178e-01
1.936760041215904449e-01
1.880554230603070087e-01
2.197415064867449530e-01
1.573917166641488341e-01
2.129455168369194518e-01
1.828103269699619671e-01
2.066594175551930979e-01
1.896795271937107841e-01
2.335420120081747319e-01
1.905282509274675851e-01
2.304700576723895389e-01
2.276366951839830510e-01
2.116653289741863009e-01
2.350826758726562160e-01
2.002204185485162991e-01
2.052656863533582898e-01
2.464203216841879818e-01
1.793588169013630440e-01
1.807484207488601058e-01
2.021473680909485204e-01
1.976451301314779141e-01
1.951945018932348952e-01
2.223870664688735732e-01
2.558531624553641026e-01
2.134542130772310031e-01
2.085765990640150169e-01
2.308265793159109125e-01
1.787704688039249146e-01
2.361302965299441614e-01
2.192694079270184893e-01
1.975552944634680896e-01
2.187467361420298295e-01
2.340419370663172904e-01
2.156655642860614841e-01
2.511626172059771012e-01
2.210969860676011423e-01
1.845137989832929537e-01
2.250499098855924807e-01
2.289431222631273244e-01
2.350303305615937532e-01
2.161207444382324538e-01
2.404770208655215569e-01
1.906023897702132652e-01
2.031340181856464977e-01
1.735441003657830772e-01
1.977058975360622695e-01
2.170945610754358435e-01
2.233530144648143145e-01
2.087051349777404030e-01
2.414121053534855899e-01
2.125760932413522375e-01
2.211788714329532002e-01
2.396532208451859491e-01
2.176314891694117459e-01
1.933586231391576926e-01
1.922622983588595236e-01
1.878898202117454952e-01
2.076239100551336980e-01
2.158593756782503925e-01
1.698304430456262226e-01
1.882306099241419506e-01
2.343917150374243141e-01
2.207208068042145199e-01
2.131989091482398291e-01
1.982909695620900525e-01
1.905359073176541573e-01
2.032577899462660875e-01
1.854857708542167194e-01
1.948014112272129505e-01
2.120138121827519206e-01
2.215138367866842095e-01
1.982174469076619094e-01
2.154005867604159852e-01
2.252762556813280581e-01
2.335350122424851571e-01
2.200537288535090175e-01
2.127138343087181804e-01
2.188711805732648230e-01
2.140220706616473845e-01
2.259751511118469058e-01
2.260769997804475684e-01
2.136924208114943380e-01
2.318033286285372530e-01
2.190712101991317273e-01
2.480408024661992228e-01
2.276646606790474203e-01
2.090235672316699544e-01
2.135648496200517055e-01
2.048799631630527640e-01
1.960141694013429470e-01
1.888525006111983207e-01
1.941629773167977135e-01
2.184983201451422552e-01
2.128790613123138498e-01
2.324659973476041197e-01
2.477231700710683104e-01
1.949632230399363786e-01
2.428325087617143052e-01
2.450910362522535912e-01
2.130859078446606936e-01
2.567499530126590157e-01
2.291164725136901059e-01
2.274483557516042143e-01
2.323589453508270453e-01
2.313696116133556191e-01
2.028076730806896433e-01
2.060589114235081565e-01
2.234391245079892785e-01
1.895822306014812442e-01
2.689702014575218181e-01
2.253950395125922102e-01
2.014424096334053449e-01
2.024029226441046991e-01
2.195215841647208954e-01
2.299980806554226820e-01
2.298760388518613917e-01
2.124518840566013700e-01
2.073227740649113970e-01
2.400688877500480323e-01
2.318954229750602447e-01
2.054913571727639277e-01
2.211202612730104045e-01
2.210154923871441857e-01
1.952941978352878694e-01
1.828515592744916762e-01
2.573143789652815316e-01
1.805004708162522009e-01
2.062622200968979858e-01
2.438488076702998164e-01
2.381081010086338878e-01
2.308851557408056476e-01
2.188584575474890048e-01
2.137558908897125021e-01
2.154772645493145400e-01
2.281091162921379811e-01
2.319627686713864878e-01
2.408360674633400200e-01
2.014607684168285007e-01
2.420277999189198725e-01
2.440149031309797600e-01
2.494886272801316585e-01
2.164479292847771019e-01
3.034670493854342843e-01
2.484699282109079921e-01
2.022657148411964034e-01
2.377713475744785976e-01
2.003703599873929986e-01
2.357840809005427862e-01
2.135225491653620911e-01
1.738160465183306858e-01
1.925118029220217186e-01
2.189494763033438540e-01
2.449542941725073586e-01
2.293004804631498805e-01
1.874680751670317613e-01
2.166608161202441818e-01
2.109114559956722923e-01
2.256587064630389550e-01
1.894520560844657753e-01
2.541933380507968576e-01
2.301415979851586247e-01
2.235294736089694090e-01
1.769422413783654502e-01
2.305297622499600518e-01
2.237694190971234731e-01
2.219087873230781438e-01
2.007035701569621633e-01
1.937327551875513698e-01
2.430715436641912308e-01
2.498344211553626959e-01
1.943198412114154339e-01
2.025775001245002649e-01
2.118312469725723013e-01
2.345229274975254297e-01
1.795859763591428626e-01
2.115867373007635777e-01
2.127099142383156727e-01
2.103761898930987528e-01
1.961647797035873386e-01
2.425879208442378032e-01
2.617145471766302856e-01
2.352382721043972391e-01
2.456585116316439832e-01
2.143353312414960077e-01
1.694091939608749486e-01
2.316110931918264615e-01
2.466680128201445832e-01
2.053568651718265525e-01
2.338599851949157704e-01
2.190383574549329138e-01
2.055049834870062986e-01
2.083671387230500993e-01
2.225586954073951185e-01
2.370275896299572083e-01
2.162650459547131865e-01
2.345199965276335285e-01
2.231443664295231777e-01
2.099697373671144951e-01
1.847959834012783409e-01
2.294837482864664768e-01
2.683610710479265027e-01
2.021419510410149833e-01
1.925819187410000022e-01
2.478656019804190425e-01
1.970108348921509323e-01
2.063581033940416476e-01
2.450394471838922839e-01
1.997356280455994115e-01
1.998371319952162162e-01
2.349094553210523406e-01
2.159263081658069072e-01
2.797302125974509557e-01
2.195347411736235932e-01
2.213474922992816618e-01
1.506544475558423135e-01
2.102622758606433329e-01
1.944915447145870446e-01
2.142251883225227693e-01
2.108658651849840415e-01
2.102928626729650696e-01
2.290029427428289244e-01
2.601903215876609776e-01
2.066169253138861184e-01
2.393072442597098948e-01
2.436797995589842503e-01
2.258456581265024521e-01
2.178938830318725151e-01
2.069611069710257378e-01
1.782465673821781449e-01
2.241150019658957881e-01
1.985172982400162656e-01
1.648537641323162273e-01
2.599121302553739632e-01
2.395410161799266802e-01
1.984997944405629822e-01
2.125738239748871661e-01
2.176308837381326633e-01
2.209864633215594398e-01
2.534104993357692570e-01
2.178549085058844592e-01
1.687535247088441381e-01
2.503756318313936080e-01
2.079774558426571163e-01
1.910008083027603110e-01
2.200324859367420172e-01
2.610427243026810507e-01
2.273169457626220136e-01
2.598888019209609213e-01
1.731035574939671362e-01
2.132405624535128608e-01
2.450149737726367294e-01
2.258722350812257529e-01
2.283331174006924535e-01
2.184537014313139291e-01
2.273443577903997981e-01
1.636594783160845445e-01
2.112756245751595541e-01
2.373329253836720387e-01
2.044397102611784367e-01
2.589695302248233300e-01
2.293795323484393578e-01
2.182054078989851820e-01
2.047032626070135475e-01
2.175386118735891383e-01
1.958780258286605402e-01
1.917837486549183734e-01
2.249886963082388946e-01
2.382288425479191785e-01
2.336104507010965947e-01
2.098267778779861481e-01
2.207245514655508667e-01
2.462809955661878214e-01
2.254696986688014271e-01
2.284034775093603253e-01
2.585068165918352756e-01
2.425518436292477265e-01
2.077414689636252476e-01
2.130193190737084130e-01
2.117600204683210419e-01
2.274647560524251100e-01
2.059301491979739218e-01
2.015833442460824299e-01
2.115916871816864164e-01
1.911768788059166335e-01
2.171247106879489741e-01
2.129141169954287260e-01
2.347963181972710645e-01
2.072541948412357227e-01
1.896011315532286912e-01
2.392439000166038110e-01
2.433019970213909922e-01
2.148414228248275992e-01
2.529761159175057950e-01
1.675608459339070766e-01
1.984059087225898133e-01
1.747738795752866447e-01
2.447769021020122782e-01
1.990668274683849992e-01
2.070079709241418597e-01
2.525691569663230940e-01
2.337185774557995199e-01
1.979403676760393693e-01
1.977720037883294035e-01
2.529411003808724190e-01
1.958770801673858919e-01
2.183114140650261326e-01
2.408124727286968525e-01
2.023131260659735975e-01
2.003679032867320686e-01
1.837504932684140280e-01
1.830379923914152718e-01
2.173271784766117043e-01
2.110533711162637660e-01
2.286393731881170011e-01
1.929887070335893351e-01
2.211851993769914093e-01
2.416258808698673322e-01
1.996926192643392051e-01
2.634817635143925085e-01
2.007358821859785702e-01
2.188269030277417704e-01
1.910517323693239622e-01
2.111680057730992710e-01
2.389082745469395530e-01
2.180544598056736172e-01
2.070245527030860067e-01
2.161454212691951704e-01
2.281681727115102976e-01
2.232994312431744177e-01
2.544816203728311743e-01
2.330945418364645805e-01
2.330070398924166397e-01
2.493596174128172305e-01
2.407746615506500543e-01
2.020079410101596473e-01
1.743047251479726278e-01
2.576536810448606385e-01
2.179163486548353068e-01
2.240419664849133408e-01
2.404851027423147991e-01
1.952929185545187185e-01
2.047354681400909426e-01
2.343925471405487460e-01
2.296552926997378619e-01
1.981429213094136610e-01
2.028035456231090106e-01
2.180951190660973815e-01
2.092379171213880340e-01
2.535367025762331750e-01
2.124038005925181216e-01
2.431590127560517012e-01
1.876109041637976649e-01
2.301171332440598016e-01
1.965812580946535715e-01
2.507189985097003637e-01
2.467741611994298534e-01
2.099473816202153398e-01
2.023609537993905361e-01
2.152031214445829510e-01
2.326129825201409540e-01
1.717672281171665483e-01
2.441301126469556104e-01
2.565146114721161275e-01
1.917220202487279479e-01
2.432431881560057074e-01
2.033074008557396728e-01
2.610773042724131021e-01
2.266811256095759841e-01
1.927605719254454342e-01
2.470560324026417620e-01
2.117292258102921876e-01
2.379082703180443181e-01
2.010485334732992346e-01
2.150116946962347675e-01
2.840274045211619858e-01
1.998189874485901962e-01
2.407168538748606090e-01
2.747513994417956629e-01
1.954614491801613119e-01
2.185602999481394138e-01
2.206900176646593714e-01
2.454090372085948601e-01
2.178568029527468697e-01
2.069857569904158534e-01
1.990833844086561666e-01
2.130637689497053011e-01
2.225763463616569626e-01
1.895289619011673865e-01
2.244061026136644765e-01
2.017742235641271920e-01
2.260741960162045427e-01
2.238477984112392793e-01
2.257529455667825480e-01
2.182415364173851957e-01
2.039383636631314500e-01
2.423144184927499556e-01
2.240948083211344588e-01
2.037248170502391209e-01
2.264500988641402202e-01
2.254459648192245758e-01
2.116975932723334508e-01
2.082580109319591699e-01
1.971213610414125905e-01
1.879618513558621029e-01
2.169594106489300400e-01
2.204258372159180190e-01
2.380191387256544722e-01
2.151089824335890854e-01
2.189562704104547897e-01
2.074346347048746098e-01
2.301413346820869177e-01
2.075445058068904058e-01
2.160951680663637242e-01
1.945325759979449620e-01
2.292758062753280923e-01
2.028997729766000846e-01
2.207116177042009464e-01
1.783221124269464275e-01
2.043238625784535301e-01
1.651827925315494383e-01
1.836233232401181803e-01
2.028619348022289992e-01
2.111757107109900333e-01
2.107307972569666121e-01
2.278768779351692531e-01
2.838487551535734954e-01
2.157786323798320804e-01
2.156092603855830625e-01
2.022616897753274912e-01
1.990280477246194613e-01
2.346548848422893574e-01
2.197813867524276710e-01
1.919963836709964178e-01
2.442119558894972897e-01
1.798825005537377231e-01
2.146245079702775171e-01
2.036196480943229525e-01
2.074913738374593586e-01
2.385938761650356066e-01
2.336649353835288934e-01
2.460730250499628957e-01
2.282664021240939645e-01
2.055663283987776702e-01
2.266247354549471849e-01
2.192681185218677553e-01
1.855169817404262733e-01
2.338652732138643275e-01
2.642511987101223148e-01
2.403706711249523897e-01
2.134153849764069966e-01
2.450215850419786290e-01
2.395533992968630621e-01
1.956729251101174683e-01
2.325313958976256701e-01
1.838710846759296635e-01
2.480776903680329271e-01
1.913745872823435779e-01
1.977489112716228625e-01
2.120022452936325130e-01
1.895088100703061773e-01
2.113009753314800954e-01
2.146040413166156458e-01
2.359574152246211864e-01
2.253528609348714185e-01
1.918443454158051398e-01
1.992265184557237001e-01
2.303429515765398616e-01
2.383810410411844882e-01
1.915649518679605479e-01
2.402054136803964401e-01
1.899300503065565471e-01
1.975074723119494280e-01
2.497721936657245623e-01
2.453544457886707442e-01
2.200978602150641117e-01
2.555965699433817573e-01
2.035438246567451981e-01
2.221580222657642267e-01
1.966509388104377420e-01
2.416344798333914801e-01
2.095929789530502907e-01
2.465332616110219865e-01
1.833083124967865574e-01
2.282317701851157288e-01
2.087173152155843703e-01
1.843939364108060641e-01
2.334634571134971692e-01
2.310912257622663446e-01
1.934966375244704939e-01
2.238079675537493485e-01
2.534545866346070153e-01
2.385004737973542843e-01
1.944161003985443448e-01
2.473746836140049143e-01
2.409610620649172974e-01
2.208883142752816608e-01
2.265776595548622541e-01
2.296882775277891697e-01
2.305350057632709893e-01
2.631833340475077110e-01
2.302547122315680983e-01
2.493566159406633564e-01
2.178859368223651782e-01
2.160405193019115933e-01
2.121187169560882768e-01
1.909807410206031952e-01
1.704952508173334935e-01
2.334567974487783970e-01
1.985775721641748481e-01
2.316540696653423548e-01
2.287395973131363947e-01
2.016233322223622837e-01
2.183283629214379795e-01
2.143645966887564036e-01
2.103712488194844910e-01
1.762990940216358215e-01
2.100934182261457173e-01
2.021774820257246918e-01
1.962402299013311091e-01
2.586420505815777982e-01
2.236532804367630800e-01
1.910239437376980154e-01
2.134146357978216890e-01
2.372673847556204807e-01
2.327538889742048200e-01
1.929288723852219112e-01
2.889732603862644744e-01
2.128609221938993767e-01
2.502703732819145932e-01
2.206219515398290809e-01
1.886635343051017433e-01
2.071221229141037290e-01
2.265428913741583949e-01
2.129719921163538421e-01
1.995486545799972089e-01
2.479777733412850127e-01
1.822383089569653836e-01
2.177825683319062622e-01
1.950830429436007651e-01
2.071902450783499050e-01
1.890147690499260624e-01
2.064812510520234179e-01
1.976565237013133414e-01
2.136057051736502399e-01
1.839192388341580331e-01
2.178083313093196471e-01
2.412664365381298193e-01
1.894126289134270558e-01
2.392293924500302760e-01
1.928319961344965028e-01
1.910367774023034593e-01
2.295310486839406416e-01
2.185340374653149398e-01
1.811137096924912426e-01
2.268242066844716187e-01
1.986444364508263838e-01
1.864979952487543224e-01
2.297335118507023710e-01
1.934626637335561949e-01
2.443897479787738303e-01
2.244619427603015693e-01
2.178993435581703386e-01
2.076422813946602608e-01
2.400445047282993294e-01
2.289195412626222059e-01
2.370503408339248996e-01
2.198473544219691489e-01
1.998130669430674689e-01
2.123122114053184184e-01
2.093675926708173929e-01
1.967417055363124279e-01
2.166858011106911064e-01
1.859768507788732150e-01
2.106181989060789683e-01
1.927961147346544390e-01
2.266567868940508601e-01
2.309660115844279771e-01
2.188103950649722129e-01
2.235469209426208248e-01
2.302872561305015220e-01
2.195457977871672905e-01
2.124342543008683470e-01
1.821549609586535223e-01
2.274600211415865325e-01
2.147202677688490047e-01
2.334369797225532561e-01
2.220717252496412497e-01
2.323974778880936454e-01
1.780496730499196711e-01
1.720119663472176319e-01
2.317022422951895144e-01
2.105916749411040623e-01
2.306519918198207675e-01
2.287366204702556138e-01
2.149711893411969110e-01
2.120604458254786717e-01
1.877976860612447507e-01
1.930210551012642162e-01
2.255863362475892808e-01
1.774120043792501156e-01
2.066147578039108923e-01
2.007941125059584109e-01
2.310423745409014018e-01
2.286314314595319364e-01
1.802788750341856594e-01
2.129734724542710345e-01
2.113169124143435829e-01
2.026930184120012968e-01
1.987085510456373660e-01
2.140758247390165958e-01
1.905472991439507990e-01
2.158873173698347692e-01
2.109814170855642823e-01
2.221318855868499864e-01
2.212604187958645552e-01
2.282294510455762648e-01
2.592500967391967448e-01
2.412787245196590380e-01
2.444616387663949286e-01
1.809565339289205821e-01
1.923073892250923289e-01
2.315319071421383379e-01
2.299449421864646625e-01
1.964789115683673870e-01
2.433437668394497488e-01
2.217700972095590084e-01
2.742747625706784542e-01
1.883408891646822236e-01
1.913454388260633354e-01
2.116437350714385768e-01
2.133493608693384225e-01
2.497045098248276140e-01
2.171900708505693500e-01
2.198324289505806384e-01
1.620438280751579918e-01
2.048624028292572452e-01
1.771475662212255719e-01
1.976665351461344144e-01
1.979975248301619195e-01
1.809914571291488805e-01
1.936972625421592709e-01
2.293239770649398990e-01
1.976803297504007018e-01
2.236042017132625070e-01
2.420568135764162576e-01
1.929875458253713094e-01
1.997766245907064142e-01
2.143525969750362803e-01
