2.932108917809417847e-01
2.994161133295603627e-01
2.865310798661711011e-01
2.949331686671800012e-01
2.985726478274904339e-01
2.967347859969686752e-01
2.984501641235406399e-01
3.043070177077778493e-01
2.862444070461063195e-01
2.739934183512997556e-01
2.867761941278555993e-01
2.825404660232742615e-01
2.930728849078915177e-01
2.832847576211579566e-01
2.978122635198479085e-01
2.921303214049006947e-01
2.936246118945290418e-01
2.859601364798412537e-01
2.867626278111099491e-01
3.004353927378868305e-01
3.000824445424779552e-01
2.960112358930742649e-01
3.070408923449455263e-01
2.877567663233366879e-01
2.909219035002176268e-01
3.027715933169508045e-01
2.986820154879480937e-01
2.930079681851432416e-01
2.732388960773042275e-01
2.973970330813154317e-01
2.946080325100305375e-01
2.935851862066518048e-01
2.881315536994464299e-01
2.906260312015473413e-01
2.946029027277868306e-01
2.822918730914401597e-01
2.849690065602067390e-01
2.926899935211711434e-01
2.975217837371467722e-01
2.967420597477398170e-01
2.887866458566753503e-01
2.924100090044162714e-01
2.933877611119767304e-01
2.982315907180048131e-01
3.005772858132245706e-01
3.041546286690477996e-01
2.825344668523352976e-01
2.928689422934996900e-01
2.916046897414196204e-01
2.848846959923549416e-01
2.919240182389848948e-01
3.046720217728744462e-01
3.037415907797589298e-01
2.832705305749490532e-01
2.889399264919291777e-01
2.906852183979645732e-01
3.075298403005342074e-01
2.983529931562159954e-01
2.835798098579342397e-01
2.921076428290669269e-01
2.925481471324030691e-01
2.906422861282467740e-01
3.006325613042100109e-01
2.930855927026753127e-01
3.010112441898743496e-01
2.933716217984639330e-01
2.823227094478186205e-01
2.963542415203441194e-01
2.978701292229072872e-01
2.828639775429781511e-01
2.863296300618908830e-01
2.795177984890675482e-01
3.027599535736389957e-01
3.023404261570276641e-01
2.868209662680858418e-01
2.912612178010675623e-01
2.887324738686981584e-01
2.916006990705103386e-01
2.919166646249630737e-01
2.845400587733125652e-01
3.006299487189326158e-01
2.919695470958713623e-01
3.011657468935089454e-01
2.936664832901328404e-01
2.875827956624762427e-01
2.926019652604602284e-01
2.931172756641039490e-01
3.063585410049243229e-01
2.838749174206328107e-01
2.890103723231940425e-01
2.876220354504935850e-01
2.900018448244781610e-01
3.017370988986221025e-01
2.851349383085715061e-01
2.899510397199815959e-01
2.983966002152765307e-01
2.974206937876296974e-01
2.893754471305149401e-01
2.935371352550087964e-01
2.788767547662620583e-01
2.947173055436797529e-01
3.044446712303780500e-01
2.916279665930124887e-01
2.929133544311694481e-01
2.950950721243175146e-01
2.958825891788093854e-01
2.972650907937816056e-01
2.815406876947674220e-01
2.982854986597818225e-01
3.013132123827991227e-01
2.879638844291602107e-01
2.907870533054113249e-01
3.044044752536531617e-01
2.987717285616249829e-01
2.836617132835150268e-01
2.924452531828851676e-01
2.902525705452921878e-01
2.930320693045888603e-01
2.992275059442110474e-01
2.912621665404679927e-01
2.871096413871079833e-01
2.887890949646740868e-01
3.081300212830382357e-01
2.879105294631367218e-01
2.927997184840151479e-01
2.899143964320554656e-01
3.053172370048078954e-01
2.870247725953358753e-01
2.954904337068800513e-01
2.837598686670448900e-01
2.962085113777325751e-01
2.869470144733092809e-01
2.863885066982277405e-01
2.969735408785244557e-01
2.870020385722109046e-01
3.030188722549342351e-01
2.873826360059061336e-01
2.903346095588737463e-01
2.932022409928685125e-01
2.894748736730632932e-01
2.993850131389170777e-01
2.951692357302701519e-01
2.859269021468562322e-01
2.868832988589020694e-01
3.027071133448375750e-01
2.838393140244951929e-01
2.997663438559226567e-01
2.953270058358057337e-01
2.858811622989829715e-01
2.870040239106978475e-01
2.899876045921501722e-01
2.913951254286540338e-01
2.887093851922952759e-01
2.977854188175149686e-01
2.932134372588500182e-01
2.780598508896802157e-01
2.934546901067636160e-01
2.908577145636964123e-01
2.941702065240339725e-01
2.832445130310533576e-01
3.032216823089847746e-01
2.928497445149736422e-01
2.946925162991268499e-01
2.948941552828351909e-01
2.983076522162080857e-01
2.855001637337499787e-01
2.960180558465317358e-01
2.962369786505447133e-01
2.837794612399336946e-01
2.871856921124071316e-01
2.968698459561228686e-01
2.889693508404020950e-01
2.978691746039858201e-01
2.796688896497788734e-01
2.875491820150901656e-01
3.018813689429681868e-01
2.874376265548579945e-01
2.968785474235197119e-01
2.898317052635108748e-01
3.007381300266276924e-01
2.998378123638126835e-01
3.083384352775768167e-01
3.018332421825474787e-01
2.839747604132046299e-01
3.088224861688895206e-01
2.923659952719275812e-01
2.797724807892053023e-01
2.821288016190249270e-01
2.948154709633217796e-01
2.874829849122186864e-01
2.951902022331682196e-01
2.886909341676854313e-01
2.913684038208088634e-01
2.913707827429038999e-01
3.109837109510859565e-01
2.901352437144467111e-01
3.088751772292039899e-01
2.917522555666995920e-01
2.848385857809997979e-01
2.989008816816464131e-01
2.997194345295461360e-01
2.809489987518474785e-01
2.931788172812254678e-01
2.879989426451531331e-01
2.919815743602280911e-01
3.020769294609985112e-01
3.054342395581846059e-01
3.028499196620272893e-01
2.906196659501015245e-01
2.926315540408964688e-01
2.921520220525468114e-01
2.871995354511027165e-01
2.909028327670364344e-01
3.062982997147915554e-01
2.854345237740357200e-01
2.977312086440564443e-01
3.082434627298176189e-01
2.759998469436024671e-01
2.903086282403540830e-01
3.035985203444691582e-01
2.902987175919694574e-01
2.923907712056986741e-01
2.938224696549476822e-01
2.953915657282833451e-01
2.967601454514435244e-01
2.856968044600807777e-01
2.992539408644467325e-01
2.809539654317404489e-01
2.850038792552976874e-01
2.883736854787862236e-01
2.902635210955963885e-01
2.932719430658538018e-01
2.970125960180902691e-01
2.875474242635285282e-01
2.880317798431440979e-01
2.902718815933126306e-01
2.908503285546598094e-01
3.020008441760680395e-01
2.910774979274694529e-01
2.931580431377423523e-01
2.880694363413376924e-01
2.863596518250330902e-01
2.801456574420537748e-01
2.971728242200569747e-01
2.829057189016317975e-01
2.846031968701580039e-01
2.812884920024484869e-01
2.845136394719965378e-01
2.845292976288216757e-01
2.788586460168664960e-01
2.865718061387262927e-01
2.951488386343241732e-01
2.870615222976120040e-01
2.810864805111449316e-01
2.921319917095006047e-01
2.895947683981748288e-01
3.026156153879516753e-01
2.851602893917750126e-01
2.884151449802754286e-01
3.009239560296201876e-01
2.887380911690121121e-01
2.915095310002835949e-01
2.907474666415135189e-01
2.934384290733197398e-01
2.997269568203946299e-01
2.839149526854153338e-01
2.898400043835051565e-01
3.103721431217922322e-01
2.999565564195227907e-01
2.907116790478679325e-01
3.056495355499272981e-01
2.971139595300549274e-01
2.877576221937305223e-01
2.880168136584628225e-01
2.865756428202378414e-01
2.867867804355122008e-01
2.898905317611227273e-01
2.927433968218974281e-01
2.823774457768151169e-01
2.968211370434907237e-01
2.892218408764755666e-01
2.866926883589908104e-01
2.829415896553482135e-01
2.787426883606846650e-01
2.955123957978008642e-01
2.961981050822549699e-01
2.968877493510628796e-01
2.899199424791001900e-01
2.920371647409445992e-01
2.894051115863698342e-01
2.919761835250616056e-01
2.910004481518818076e-01
3.063079976372482527e-01
3.027291959718839132e-01
2.872475252569061666e-01
2.863210693630841019e-01
2.941052067211811782e-01
3.152305401031651466e-01
3.060245291771668263e-01
2.804617179782366576e-01
2.950816118241158525e-01
2.901931491664951901e-01
3.086777850101764531e-01
3.008664168837481001e-01
2.941850892507434923e-01
2.916508581821209978e-01
3.113945260572954510e-01
2.987382380099492529e-01
3.006803371300520444e-01
2.872155392828221188e-01
2.955521311612230861e-01
2.851301150539375939e-01
2.897835729232333679e-01
2.802994374302046898e-01
2.849427769454007109e-01
3.119877789386087397e-01
2.992150121853397460e-01
2.873783650067080475e-01
2.906446101245583891e-01
2.811163962700087282e-01
2.994646263725905255e-01
3.113915308190333131e-01
2.956134266898294838e-01
2.784847582376066000e-01
2.834176286123966659e-01
3.015787341943962918e-01
2.941980437381150337e-01
2.892693083143411115e-01
2.909189020806812187e-01
2.929844910296944827e-01
3.022305400178136314e-01
2.993994806313666213e-01
2.990633646732991924e-01
2.899024588061600571e-01
3.057737722978157158e-01
2.946362158548127552e-01
2.903249894021737165e-01
2.924356211633979963e-01
3.020243627284867061e-01
2.880699550358767347e-01
3.214030527141097937e-01
3.056264922611217072e-01
2.932659706443732639e-01
2.889663015940376334e-01
2.812708544758162343e-01
2.845677600074395519e-01
2.998211762526446500e-01
2.890432330582967668e-01
2.947952554529815750e-01
3.074886369553120891e-01
2.997646683571665860e-01
2.866461515374786329e-01
2.891769359165154429e-01
3.028125506200023964e-01
2.896699578319467672e-01
2.933301971815086562e-01
2.917616208914650677e-01
2.872674148489902102e-01
3.015164281847319550e-01
2.971813329100735368e-01
2.976063754230568459e-01
2.790369979730840111e-01
2.777474951537985959e-01
2.883280173961065840e-01
2.828382137549779740e-01
2.789682270137322506e-01
2.993092175770513674e-01
2.954528614420940946e-01
2.929298243032245064e-01
2.933820020836211406e-01
3.033388742262789206e-01
2.887244986551221748e-01
2.864970653028545144e-01
2.917990532047393670e-01
3.142942818968089136e-01
2.977553531054172309e-01
2.997176297522510802e-01
2.957187403136197767e-01
3.016179244373601298e-01
2.996373646981122518e-01
3.036999003730394553e-01
2.853082881505131230e-01
2.976927146001461244e-01
2.909324493211711826e-01
3.088496452829727623e-01
2.880761976422986925e-01
2.996362021736588832e-01
2.894679852479545845e-01
2.833877502895271183e-01
2.851393519007837107e-01
2.786886862058962633e-01
2.882103717056462289e-01
3.088003930970248945e-01
2.841096025863725227e-01
2.897018081110367960e-01
2.858698763373457852e-01
2.952696508156575361e-01
2.873575092561798661e-01
2.927303689697326461e-01
3.155628041308628506e-01
2.895817713734256671e-01
2.898878650835147175e-01
2.909363589807177353e-01
2.916382557645097462e-01
2.938460444208539912e-01
2.916720273409780795e-01
2.917281761106394478e-01
2.894371929860961590e-01
2.975422909490552104e-01
2.876650144294107814e-01
3.063132181120800102e-01
2.915379176778390424e-01
2.848138865516027241e-01
2.864844116111288086e-01
3.008118751339535213e-01
2.816209873204758019e-01
2.867639488874603737e-01
3.062320192222938720e-01
2.972241926289653224e-01
2.818710848100444144e-01
2.964237461958403319e-01
2.826005353504277284e-01
2.894929745436370938e-01
3.048826417385039345e-01
2.950868817991379456e-01
2.887494212327353926e-01
2.879720827905688507e-01
2.922227564108550446e-01
2.886756100935523595e-01
3.075771600683779861e-01
2.983592107274492533e-01
2.920499686406036743e-01
3.032208435514952005e-01
3.023492103930543462e-01
2.856064927818737220e-01
2.976897314475841494e-01
2.961466474186182918e-01
2.973413458239878016e-01
2.772572346611596461e-01
2.897140047176519073e-01
2.941610274780229739e-01
2.828473883750854401e-01
2.785956076877192933e-01
2.925772198692402903e-01
3.122743191595934720e-01
2.953399556935139003e-01
2.907959869857522639e-01
2.884481555811200804e-01
2.955484774226000977e-01
2.800050085785942278e-01
2.972851997590837958e-01
2.802023920761962938e-01
2.870599941244262876e-01
2.921651802855049773e-01
2.881019973396439782e-01
2.877699933528879983e-01
2.907080722124961158e-01
3.013208979633502649e-01
2.849016741753497284e-01
2.908429502678052114e-01
2.916507865498452756e-01
2.955336140424995039e-01
2.914969797563538578e-01
2.797163462974238124e-01
2.853396702914076655e-01
2.848294955963047714e-01
2.843634025257694709e-01
2.828494528826485110e-01
2.900751852558445254e-01
3.201774421230201839e-01
2.832170136319628884e-01
2.932815765590607859e-01
2.762892837659878809e-01
2.944439773081621303e-01
2.902457247092597448e-01
3.004961812619579842e-01
3.012302140053345623e-01
2.840214653868750605e-01
2.867027582030566291e-01
2.784543903431056511e-01
2.887807425559414387e-01
2.949068018238280020e-01
2.957268794171340476e-01
2.927423877426135745e-01
2.899836878066368584e-01
2.966924025040292845e-01
2.850478329366515351e-01
3.058627239532092368e-01
2.937780531022484709e-01
2.936784155147023068e-01
2.937576974884283931e-01
2.987744346988017163e-01
2.973955109847566392e-01
3.047059644563263614e-01
3.019128437662558229e-01
2.943985504760096572e-01
2.968248397834983288e-01
2.974308315855617169e-01
2.996754813972912213e-01
2.909878034828451976e-01
2.943886542546196861e-01
2.865743156892999188e-01
2.943036413807659235e-01
2.844152409889779687e-01
3.083242219890231506e-01
3.063129243336752405e-01
3.023705357735767540e-01
2.955307880712183533e-01
3.030742338797201008e-01
2.779452946431157923e-01
2.815774642653150472e-01
3.063274987937338323e-01
3.079587975459943117e-01
2.832637828670458990e-01
2.920688166457786616e-01
2.807797507966460215e-01
2.980379207084867255e-01
3.019765857238758677e-01
2.911328112181383876e-01
2.755472552079727411e-01
2.953248087355694329e-01
2.909776314503010330e-01
2.987146933533158522e-01
2.840748693169760641e-01
3.028436852976456595e-01
3.044702545356037793e-01
2.982335248309191389e-01
2.928976864744777253e-01
2.939156985750466800e-01
2.941757826028257861e-01
3.152435666535832737e-01
2.882878977893187367e-01
2.903397806943032733e-01
2.916404311179892628e-01
2.906710211232974572e-01
2.858278512616094780e-01
2.852849135866215580e-01
2.814312342689201940e-01
2.929654296232465094e-01
2.913391496632329880e-01
2.941175200059198414e-01
2.900067141304865648e-01
2.833059458398773933e-01
2.889584785250688959e-01
3.024580365960297113e-01
2.949275493731737807e-01
2.957701952622093788e-01
2.812375938581780921e-01
3.022621402799135493e-01
3.029778778030558506e-01
2.997776866762913994e-01
2.849411358933102156e-01
2.925423342089245593e-01
2.998167057150908921e-01
2.905601883817274800e-01
2.919927032082751395e-01
2.828447522617676957e-01
2.867916798135249357e-01
2.945061077316046272e-01
2.867140690620161303e-01
2.873663997069291209e-01
2.844396936252743258e-01
3.012037092260834159e-01
2.894492094041299368e-01
2.930460163734896484e-01
2.886483764245106332e-01
2.885483372085903553e-01
3.024650049269613228e-01
2.816138897448066114e-01
2.920943891596418651e-01
2.931448031095734708e-01
2.815126036040179747e-01
3.036641018760767863e-01
2.942033189112812086e-01
2.984333614669951174e-01
2.962988617537438141e-01
2.915007177168468244e-01
2.899379689982473085e-01
2.788311661486881921e-01
2.745703047266573882e-01
2.874063211593634315e-01
2.922740324976048631e-01
3.004784956663216766e-01
2.795485542147487235e-01
3.063319721564345954e-01
2.848658690393226500e-01
2.916092901424804373e-01
2.868531683999873683e-01
2.978918511196777530e-01
2.925471092681344865e-01
2.965887307624426872e-01
2.833214858314924145e-01
2.986397945551469979e-01
2.885765483318651903e-01
3.025124808855878533e-01
2.867444654494760159e-01
2.936818338518657479e-01
2.826975209199446559e-01
2.852675221208978429e-01
2.907708809962323837e-01
3.022531023184957810e-01
2.913523374275143185e-01
2.875429674732040142e-01
2.984577693245771268e-01
3.041054306401314022e-01
2.912408584282022428e-01
2.990697835017450679e-01
2.975676389250713205e-01
2.879270504532219777e-01
3.002135538090067723e-01
3.048744980471863597e-01
2.883825769429593233e-01
2.846971524141420629e-01
2.846610714380602980e-01
2.890844716824318983e-01
2.828079933935451207e-01
2.982000040696369259e-01
2.965271396149562477e-01
2.912537580127471104e-01
2.807202947705625951e-01
2.934858964076542120e-01
2.968833873918163002e-01
2.857124755131345006e-01
2.863669669790707140e-01
2.838648542195240099e-01
2.993712846783503356e-01
2.860092253828984687e-01
2.897049863961639882e-01
3.029367249306242904e-01
2.884332333635822310e-01
3.059986743479524152e-01
2.943928901998163483e-01
2.917131268938263355e-01
2.895309383288265370e-01
3.054227781895498817e-01
2.912893578767022928e-01
3.026315475792422660e-01
2.906933708327487653e-01
3.044539556306970485e-01
2.895946683074159811e-01
2.887210458608821528e-01
2.825326186636676340e-01
2.925869449620647211e-01
2.996620992892682911e-01
2.916540345781500343e-01
2.918737346720511883e-01
2.884550341169091481e-01
3.027244311701072776e-01
2.921271147888684361e-01
2.993035057345523331e-01
2.911339004746626991e-01
2.838058552997122508e-01
2.930178425388643704e-01
2.879488164873524880e-01
2.845168877541758845e-01
2.977376016452648599e-01
3.009233500469680189e-01
2.949517946735584206e-01
2.781819468046015653e-01
2.905189671197815904e-01
2.882665087642189428e-01
2.930010974354684272e-01
2.908589886378550871e-01
3.039988907833892640e-01
2.797677035060349149e-01
3.008649784700302976e-01
2.973118299155211863e-01
2.925923344782190849e-01
3.035140971083921113e-01
3.047780741357427048e-01
3.045088974569321594e-01
3.122051865072237864e-01
2.925202880896914381e-01
2.841213251846279042e-01
2.890536107298403712e-01
2.964282825442922653e-01
3.029183191038593015e-01
2.814072129411161471e-01
2.914986814576876473e-01
2.879767429451290384e-01
2.970643063823488195e-01
2.897372295183235913e-01
2.881323972329609684e-01
2.864093302695576160e-01
2.848515657637445964e-01
2.875369917738999637e-01
2.884871234492145664e-01
2.859309424609127737e-01
2.980103398942807180e-01
3.121054686495756125e-01
3.027867215204179119e-01
2.951333758977723876e-01
3.011192816700120622e-01
2.903831275056633077e-01
2.927122173062451371e-01
2.903581699031497210e-01
2.928336576948278869e-01
3.121264234102663071e-01
2.934914410994635681e-01
3.054814482427388178e-01
2.825841212311877571e-01
3.033452047526832840e-01
2.965452581522903253e-01
2.792821689788005379e-01
2.828979506663589216e-01
2.833785404769119665e-01
3.015586586350995080e-01
3.037501723232990392e-01
2.838617551927806182e-01
2.873573035035089096e-01
2.927040437696627473e-01
2.970959810877281115e-01
2.906691472552018207e-01
2.925448004619507492e-01
2.980846705849493072e-01
2.902150829166659785e-01
3.065426787176927514e-01
2.855215233104451134e-01
2.969427699022023637e-01
2.986561143582193711e-01
2.992050764704456411e-01
2.837475905768265250e-01
2.982660040840159343e-01
2.964928295524415502e-01
3.081087894116471548e-01
2.846672983845698335e-01
2.941786954326425230e-01
3.003319874110264576e-01
3.032469559978856477e-01
2.737940945620878641e-01
3.064923861379355019e-01
2.987089322368340349e-01
2.868017563591886976e-01
3.043406689406785715e-01
2.963692204762055082e-01
2.976632520117987180e-01
2.953349901164917801e-01
2.977920600412615748e-01
2.877145789807190601e-01
2.859029538461219100e-01
3.013525813165589540e-01
2.928304123356809674e-01
2.913431071254377058e-01
2.820386715732997041e-01
2.962192353533451006e-01
3.020118076841971644e-01
2.951724792559409227e-01
2.907719994495428506e-01
2.855682923898737458e-01
2.879598610028266115e-01
2.896849320848308706e-01
2.854159879775544639e-01
3.018894756988564909e-01
2.907010375223530452e-01
3.010040386260183221e-01
2.947479237103335370e-01
2.959663426007772546e-01
2.815055370635815568e-01
2.940969797716427303e-01
2.912180092347841920e-01
2.853541298108719371e-01
2.940045252611163118e-01
3.002789185558471519e-01
2.763443809738097556e-01
2.893258801065918262e-01
2.868497716439085687e-01
2.831546520754217311e-01
2.844934016957268441e-01
2.942274931226052659e-01
3.003089393630559156e-01
2.855664906248748802e-01
2.888885384340259543e-01
2.999484283600626355e-01
3.062351516409912433e-01
2.873785703786455037e-01
2.872837905353014532e-01
3.070962341773520454e-01
3.043979432073468105e-01
2.863896431593779268e-01
2.978588001193359647e-01
2.993099774042191630e-01
2.912010440997908067e-01
2.898373963529554675e-01
2.991937248785244141e-01
3.016170986929013198e-01
2.897096616268445834e-01
2.822603313305648287e-01
3.049114416284144924e-01
3.034202029153023061e-01
2.901831997258351725e-01
2.863926127551777445e-01
2.870947922926903040e-01
2.826561881742975513e-01
2.862158057327821026e-01
2.811293362858715561e-01
2.901438638211044641e-01
2.917920744530479449e-01
2.932816038089472999e-01
2.907932276966617158e-01
3.037155420684101159e-01
3.186956967781446326e-01
2.777121426731199438e-01
2.904081316294194748e-01
2.874987111443682020e-01
2.967898673256527120e-01
2.732687044295546985e-01
2.975002799447991064e-01
2.891325692818455528e-01
2.933433374618944489e-01
2.892276820944198468e-01
2.863471398355230124e-01
2.850030593833548509e-01
2.799462461505003441e-01
2.886246107872950661e-01
2.896409965191462099e-01
2.907468606092546981e-01
3.056787522499261889e-01
2.900351887474158508e-01
3.055782915769436059e-01
2.830780730654401944e-01
2.903664929564767072e-01
2.881941910155016995e-01
2.792563060809073461e-01
3.000090786738257576e-01
2.967091821499387438e-01
2.914142747352623242e-01
3.108744991473018082e-01
3.050583141547537069e-01
2.961600785981291506e-01
2.834885410395672767e-01
2.925622290250605162e-01
2.869361497422051044e-01
2.932326059493175485e-01
2.963652041751184130e-01
2.965145620010939398e-01
2.740371091002966053e-01
2.884528046022381553e-01
2.903927078176491428e-01
2.982400723216542260e-01
2.883852506011869155e-01
2.878691384054153923e-01
2.957663445373333033e-01
2.979360615934834033e-01
2.888252866013832909e-01
3.000918871002786759e-01
2.872248752582842735e-01
2.799672974892086219e-01
2.943689613594206445e-01
2.936166289081370562e-01
2.907674978693173262e-01
3.019223719352385205e-01
2.989485208566069474e-01
2.867087800751196847e-01
2.721672502022619566e-01
3.152822095193370533e-01
2.837482287606364895e-01
2.934950743310402177e-01
2.778637526066575214e-01
2.844803626176791722e-01
3.071753596177015377e-01
2.897335844882734657e-01
2.947224681357608067e-01
2.907362618828197021e-01
3.044542793416635806e-01
3.128134783107989758e-01
2.978242063218407010e-01
2.919757661940107774e-01
2.974147453008815223e-01
2.899202092109970375e-01
2.916133616217140290e-01
2.940707672089314939e-01
2.774577810539070044e-01
3.020559883601144913e-01
2.854286884570295113e-01
2.915455073200688974e-01
2.992761980867006399e-01
2.864505200811644503e-01
2.856149156525041310e-01
2.911779146772512927e-01
2.839858598560728309e-01
2.892017786727444362e-01
2.949743743026286835e-01
2.816608875888257368e-01
2.817954290240729520e-01
2.914534100081858647e-01
2.871355755814004040e-01
2.776738387328437363e-01
3.033005617033296963e-01
2.967181161468983031e-01
2.916810637301861520e-01
2.819758631107014968e-01
3.033795744709879005e-01
2.975864148651890528e-01
2.956854929393636922e-01
2.912270473526605841e-01
2.864072173133355159e-01
2.995737928203426881e-01
2.950813309386451366e-01
2.895860105660966743e-01
2.865685004198827435e-01
2.891970914572318252e-01
2.953464092347809489e-01
3.024047275547870894e-01
2.904309457322450383e-01
2.852771212840657933e-01
2.956321554325224144e-01
2.967653344853396491e-01
2.902638597095424933e-01
2.925559037463271173e-01
2.967539574907026023e-01
2.971673829023322999e-01
2.970269250900299252e-01
2.897985969783123394e-01
2.924246558057028156e-01
2.842668944649038298e-01
2.820664908517905856e-01
2.919656965063177068e-01
2.832834799989971120e-01
2.877677107515445587e-01
2.762933544572564459e-01
2.947767775101061694e-01
2.773475020042868722e-01
2.975875284208416294e-01
2.861544922597192842e-01
2.854526874909908973e-01
2.871971210673560093e-01
2.955908976227071272e-01
2.923385239517595213e-01
2.914955372878911266e-01
3.069563829232006547e-01
2.929570698773422133e-01
2.890644440356037181e-01
2.979852326108092253e-01
2.840433966725983139e-01
3.063342163654697581e-01
2.941843520830126346e-01
2.976990809192687770e-01
2.972282794271962070e-01
2.993248545936655347e-01
3.072624577212059171e-01
2.793939636068712429e-01
2.971794724807046428e-01
2.934494737393766872e-01
2.829311267439595934e-01
3.128375770394931643e-01
2.998660997607129342e-01
2.840608744876954583e-01
3.014244500682964900e-01
2.886329689003327981e-01
2.813182311393833679e-01
2.871778983330415258e-01
2.929233853968892243e-01
2.877368032847842372e-01
2.998306890078623610e-01
2.933118215689329289e-01
2.931500580983725235e-01
2.872859711630001978e-01
3.003403408920464202e-01
2.903641308754750794e-01
2.789079953647569110e-01
3.159912053791041342e-01
2.977752597296802750e-01
2.873641906088460485e-01
2.872063707714741509e-01
3.010678431817768730e-01
2.938669182460952878e-01
3.022922185952492402e-01
2.957393973703644763e-01
2.868143174032393161e-01
2.995975297321331055e-01
3.014778956687469980e-01
2.793221606675500568e-01
3.008029163228907454e-01
2.888553638132328460e-01
2.914701552960282105e-01
2.855322671871278750e-01
2.838641439351727858e-01
2.863368346877814830e-01
2.971420397596905572e-01
2.843940365478374033e-01
2.961392443799991669e-01
2.805513947902755767e-01
2.736590097599476135e-01
2.902189852934805581e-01
3.024510888409888132e-01
2.887147756167878221e-01
2.755878324118890554e-01
2.962171770895725142e-01
2.874145057177798779e-01
2.861412555321439788e-01
2.809738865160079091e-01
2.838128832636625520e-01
2.855297256064922018e-01
3.081389323640851829e-01
2.939461250471324671e-01
2.924282963151838000e-01
3.054679147407660111e-01
2.984117884188339231e-01
2.963117484374767630e-01
2.966137531442267772e-01
