6.811413239115911900e+00
2.577129270351112833e+00
2.212425442728968239e+00
2.262125255119072698e+00
2.270958385375699606e+00
2.255224672425680144e+00
2.292365436131315715e+00
2.319794380174409199e+00
2.312045191182833470e+00
2.270064397718011495e+00
2.280975423442028305e+00
2.271189156367014572e+00
2.315570726123527212e+00
2.300909661265869488e+00
2.313305682807269559e+00
2.318434397884342246e+00
2.369432983345043819e+00
2.339403968034138970e+00
2.307496299021369879e+00
2.264255559869323253e+00
2.309224731305770995e+00
2.294229288186279359e+00
2.290721376714011548e+00
2.313939860677906246e+00
2.368773647318608067e+00
2.339417719607522539e+00
2.317364321509650438e+00
2.337445357868358720e+00
2.316205457234718157e+00
2.277986474364037672e+00
2.348045903766711628e+00
2.316953230444876333e+00
2.287427972123996511e+00
2.287480791102907585e+00
2.327949464645378885e+00
2.327031897323922571e+00
2.299550104757797531e+00
2.229854942988721334e+00
2.303002628034568122e+00
2.326917094092295191e+00
2.351725895512946085e+00
2.347771998790035397e+00
2.352199208279500908e+00
2.306379955758352640e+00
2.343205189375162423e+00
2.295793106729651534e+00
2.322352885705089687e+00
2.332590940839376348e+00
2.284363273242232317e+00
2.353241998816715697e+00
2.365307307495277733e+00
2.385704163580613102e+00
2.349785335422510890e+00
2.299351055774150332e+00
2.345540401610556103e+00
2.304243959939943132e+00
2.351878048510016583e+00
2.288360311277332748e+00
2.336382359985055057e+00
2.305107254742865486e+00
2.370973902413791023e+00
2.324435802535191886e+00
2.277968369679734817e+00
2.326557795501351222e+00
2.254803912093581442e+00
2.320528833514854838e+00
2.323026110020202317e+00
2.394407677970604276e+00
2.306045706660386330e+00
2.300818180466357443e+00
2.326065025140242604e+00
2.346913349295312479e+00
2.317821737409180738e+00
2.303284398204973993e+00
2.329581527253778539e+00
2.351152561643474748e+00
2.328177992275813679e+00
2.373866621318912351e+00
2.297120022736275580e+00
2.285596183055329522e+00
2.327517753231784781e+00
2.245707681485197948e+00
2.310604046911485909e+00
2.315341015337860853e+00
2.327043034315956938e+00
2.335346151822214278e+00
2.288043740110330404e+00
2.294452505325754732e+00
2.366729948711843168e+00
2.309340170894652378e+00
2.335560338754954390e+00
2.339184691593745313e+00
2.283839061003242410e+00
2.323995793209332028e+00
2.298271137552612586e+00
2.348743713802132760e+00
2.366692769130165352e+00
2.297652365073612923e+00
2.313776823550519168e+00
2.271489727030731487e+00
2.272902255598928001e+00
2.335198081997220676e+00
2.246199362928545717e+00
2.307615850331508067e+00
2.310753280278100341e+00
2.335818920127263887e+00
2.405992701625089047e+00
2.327245651813937055e+00
2.334912537821575818e+00
2.292049792630913796e+00
2.400974024645956106e+00
2.251824537882635813e+00
2.344456796800250320e+00
2.332805007336160585e+00
2.319919995818824798e+00
2.328807082838110887e+00
2.256747900756342684e+00
2.309244672650876851e+00
2.248897501580008118e+00
2.294239243569939912e+00
2.329470825960548108e+00
2.363519872817545942e+00
2.362140431487109726e+00
2.324022711063009172e+00
2.280047077551379253e+00
2.308930694774729453e+00
2.290685041857675408e+00
2.311020940263906809e+00
2.297550710057910006e+00
2.342057168842812231e+00
2.340073753952394142e+00
2.329931330914310372e+00
2.294242501968335457e+00
2.326839651167800227e+00
2.324738636881964915e+00
2.340453837242489676e+00
2.355811267587892832e+00
2.292019564130762799e+00
2.353034046307999727e+00
2.294708463769309148e+00
2.343645842133048163e+00
2.255188859623092679e+00
2.306671265731476073e+00
2.318873194702256502e+00
2.305631673168619056e+00
2.370271951719826742e+00
2.329325808402353370e+00
2.363797673068228189e+00
2.301681171680157068e+00
2.282416616615357441e+00
2.282630367336216271e+00
2.309854373466218469e+00
2.310783972567131084e+00
2.304776480040775510e+00
2.283726434130671556e+00
2.272305015232199299e+00
2.335989630701093667e+00
2.379642784007596656e+00
2.302199342403172366e+00
2.410663043125086613e+00
2.327534293292210510e+00
2.307050627827480938e+00
2.319381600308815905e+00
2.322243932017250323e+00
2.292361526777858316e+00
2.305632701508863125e+00
2.271504753579655311e+00
2.266725650448960572e+00
2.313749131217130550e+00
2.342279964662817626e+00
2.323286116875724616e+00
2.340993412216099134e+00
2.328641030505329113e+00
2.284906322114592214e+00
2.340723330579474570e+00
2.311873804387919673e+00
2.333765384005671795e+00
2.250009824399836766e+00
2.374156220519236804e+00
2.296479051220867706e+00
2.322778052646029323e+00
2.298563993042634923e+00
2.248317304091416613e+00
2.357024430633852141e+00
2.326739660884336480e+00
2.239464710571384298e+00
2.347471251022359873e+00
2.298157084327010047e+00
2.351342271890232372e+00
2.312474941311198240e+00
2.308345822784161339e+00
2.378411972348808856e+00
2.369689406688898714e+00
2.344060014554392168e+00
2.273294964189374490e+00
2.322007757583658183e+00
2.375760592099451785e+00
2.301609895809303197e+00
2.278337272909190858e+00
2.302430338229049855e+00
2.232559972174817720e+00
2.300915915068669992e+00
2.371039525272114368e+00
2.314858984270190323e+00
2.325879228918314112e+00
2.338257612168994193e+00
2.329971394026645992e+00
2.348972824515930924e+00
2.314706886796637164e+00
2.379415937829118644e+00
2.335123483688148038e+00
2.292875532007912387e+00
2.345336357281523121e+00
2.320281728917283459e+00
2.329299379348464871e+00
2.296331195836185834e+00
2.288403788680831052e+00
2.330046275523376398e+00
2.305279059664733676e+00
2.335759929255743828e+00
2.248315272456016700e+00
2.292030483073431046e+00
2.251891626431834048e+00
2.330380773372978442e+00
2.266677341463980255e+00
2.299898814288812599e+00
2.339820273986107146e+00
2.317142740773936449e+00
2.328100261421897077e+00
2.330853976115772053e+00
2.253574483608660639e+00
2.266376256767864472e+00
2.313966690593606046e+00
2.268837870483745078e+00
2.339472515555666821e+00
2.287792259097740200e+00
2.297303072110020494e+00
2.313479156625477096e+00
2.354774225690792644e+00
2.316449378055195574e+00
2.324261915925183608e+00
2.338622107162461550e+00
2.337233964923347784e+00
2.315746387705763798e+00
2.329725254010208690e+00
2.329296033660078979e+00
2.332127753190158082e+00
2.269442783609451730e+00
2.334914434053013466e+00
2.303382889107830511e+00
2.360517874542421790e+00
2.284554072145926984e+00
2.318123378248293953e+00
2.304586316171418847e+00
2.293139574059799290e+00
2.280525763040064380e+00
2.292992298322222844e+00
2.324221034587673707e+00
2.306000516401769840e+00
2.300465009626467605e+00
2.363685564093611191e+00
2.410912131101502265e+00
2.349341364055032688e+00
2.334711817936174327e+00
2.311954104781840158e+00
2.287099223721089203e+00
2.346599692398161796e+00
2.328881245807397082e+00
2.312090817616116567e+00
2.292502740479025469e+00
2.288405693764032467e+00
2.308092437020553334e+00
2.295692550022457201e+00
2.329413723758051891e+00
2.334352198365709619e+00
2.264058746103251529e+00
2.351226097601543330e+00
2.325703794002357050e+00
2.285185503607887192e+00
2.289396985667948137e+00
2.303869776391267887e+00
2.309880571558825757e+00
2.333963354902160336e+00
2.324197746363863448e+00
2.298626541787703648e+00
2.348782470625648600e+00
2.353791167006868079e+00
2.299728646928995257e+00
2.362847680351175317e+00
2.289178301176929775e+00
2.321194642048538537e+00
2.320900272768075201e+00
2.341433352028632342e+00
2.315311688540577340e+00
2.270869222773343132e+00
2.295177119157008505e+00
2.315426819113978851e+00
2.284632224219707020e+00
2.345621754820055305e+00
2.264406180749003461e+00
2.350415095724348813e+00
2.353855705334198412e+00
2.297459102169171707e+00
2.283847697535474897e+00
2.332817789821013399e+00
2.289380378746531441e+00
2.308003740976833473e+00
2.367599935714993720e+00
2.292812500649908714e+00
2.291029254151673022e+00
2.300640464955659326e+00
2.345231010664432514e+00
2.363237527823355055e+00
2.283259830970268744e+00
2.351749794742758137e+00
2.326492513392904193e+00
2.270496854418308175e+00
2.298459372961232816e+00
2.316305354225559388e+00
2.302689510758637148e+00
2.339107762070088636e+00
2.279902733131126791e+00
2.386924603193037342e+00
2.360700874306476127e+00
2.301546720287396042e+00
2.331140345300961148e+00
2.297966247383512517e+00
2.319437265349504784e+00
2.306098861395678323e+00
2.345089051282732040e+00
2.326881930019924827e+00
2.256251703487706539e+00
2.265812319205358527e+00
2.332815106918822767e+00
2.356321566973741177e+00
2.332558812035842699e+00
2.363057794587974048e+00
2.314877796092459139e+00
2.356292932888830904e+00
2.295097487057784047e+00
2.332842923516824207e+00
2.301597198800878541e+00
2.305545976624869375e+00
2.317850630760980302e+00
2.329187004937729455e+00
2.313525640098836877e+00
2.302679070327384725e+00
2.282425797650597055e+00
2.314369333345460689e+00
2.303500384248753363e+00
2.270011091980237872e+00
2.363947413774405426e+00
2.303484833512452479e+00
2.297133146093162548e+00
2.310640121358814802e+00
2.265733064608773883e+00
2.335312073687117795e+00
2.342394796293797654e+00
2.278273373283091097e+00
2.338143792494773443e+00
2.300005154942932339e+00
2.333476105059173467e+00
2.287842942406702385e+00
2.319294842443157201e+00
2.353921843608402842e+00
2.378672875791126184e+00
2.320713269705350523e+00
2.231677069875945829e+00
2.333802350032505579e+00
2.312316723950764707e+00
2.346480807213540132e+00
2.312535515478171266e+00
2.278958617061801473e+00
2.297655111343882339e+00
2.308773460552012935e+00
2.336828093423218622e+00
2.320823619357985201e+00
2.312759121695545872e+00
2.291139425239701932e+00
2.355492024769744841e+00
2.326404243438045860e+00
2.302095533165500196e+00
2.336786229375762414e+00
2.332470129506849066e+00
2.349707782660560351e+00
2.300320292288864810e+00
2.285051510824275933e+00
2.285260043909531191e+00
2.319408467639564098e+00
2.294896383168862020e+00
2.344033371855031689e+00
2.362615180241033119e+00
2.301010561282978539e+00
2.314268669344188289e+00
2.383785450552921237e+00
2.319968920855227434e+00
2.315771177336220621e+00
2.314609601218490020e+00
2.337641572667438883e+00
2.343064537839510297e+00
2.309263832689757212e+00
2.319031953777522581e+00
2.344697538713394369e+00
2.308976393579112774e+00
2.337915808662455852e+00
2.273204514806696164e+00
2.334645671232423059e+00
2.340588350693330710e+00
2.372449911473772044e+00
2.328488072202112846e+00
2.339801078028725723e+00
2.321892656433154567e+00
2.351920465686893724e+00
2.296819791911682174e+00
2.357182469045272732e+00
2.281842138657626862e+00
2.291150467467845786e+00
2.315008929946764216e+00
2.351253157612945621e+00
2.347707056714662066e+00
2.326637381429595752e+00
2.360942877044366561e+00
2.332362163605319783e+00
2.289506692468779914e+00
2.348603323621873074e+00
2.305699381581467478e+00
2.381408394110480220e+00
2.295005799314161266e+00
2.320024399819120120e+00
2.278166180453159662e+00
2.343582190752711014e+00
2.286366259926212230e+00
2.272278450957027740e+00
2.321108524501191983e+00
2.274096742131810345e+00
2.290009705111023308e+00
2.379868134214861097e+00
2.355694702132960838e+00
2.306467661503752264e+00
2.345967885190417324e+00
2.299665734552715612e+00
2.325132901182324741e+00
2.303418942003532699e+00
2.266686104721263195e+00
2.258062682422573353e+00
2.303742408515174755e+00
2.333736840709794258e+00
2.357126455572404744e+00
2.325874651621901545e+00
2.315267138917209255e+00
2.349012970451545890e+00
2.310911291653934718e+00
2.372945409847293963e+00
2.318945774114919978e+00
2.299755252351449286e+00
2.252543080012020305e+00
2.343370831529119069e+00
2.294116214004918941e+00
2.268448570777686246e+00
2.289073727858487839e+00
2.315246445941641529e+00
2.311290329767052398e+00
2.360198741550025403e+00
2.303161226958172492e+00
2.353382927267865465e+00
2.290598871736036823e+00
2.358424373241958971e+00
2.304450483655859028e+00
2.289953702611210673e+00
2.307193803064850890e+00
2.356117674051174227e+00
2.311302448492508876e+00
2.303111568215258753e+00
2.292811850061992285e+00
2.345035093965270434e+00
2.307756110266243610e+00
2.253462582577510531e+00
2.364160073274460316e+00
2.313907615519568139e+00
2.310392073706602378e+00
2.280072598441631460e+00
2.282643962263385173e+00
2.332839544270580490e+00
2.320068942518408228e+00
2.334041254298694579e+00
2.349747000083250992e+00
2.265317490863402838e+00
2.306569180090305426e+00
2.300649672787968836e+00
2.301095786238227969e+00
2.272324779435632269e+00
2.343402833058296775e+00
2.311889158964929969e+00
2.338798468207913039e+00
2.330086258185016135e+00
2.346759676428399111e+00
2.335014209449473022e+00
2.278188458039570374e+00
2.311811500436089517e+00
2.297929036225279997e+00
2.300753003371907468e+00
2.338444375565697619e+00
2.354104620510750756e+00
2.311908760796239637e+00
2.241893903478957562e+00
2.319156548217416791e+00
2.299571440974082392e+00
2.329039220210006977e+00
2.305095245589174890e+00
2.310759329415779106e+00
2.282871539124057048e+00
2.259240632342689459e+00
2.281249874422378365e+00
2.300833938850863625e+00
2.340219539048435493e+00
2.315853561144766815e+00
2.326973211962803934e+00
2.285390602646476310e+00
2.262005814417144656e+00
2.301641997694360509e+00
2.390253013696841844e+00
2.301358094498910933e+00
2.260059181327247479e+00
2.370759823945640221e+00
2.348359098715423254e+00
2.334136073988752003e+00
2.342662919716658632e+00
2.318124959466418833e+00
2.298007797194337343e+00
2.353354575888072286e+00
2.342473077648767887e+00
2.373970376446021380e+00
2.339406294733895830e+00
2.319554448537509472e+00
2.312899759399103861e+00
2.334826925691062982e+00
2.360675803416727003e+00
2.337927883856643518e+00
2.343890579063563795e+00
2.287544754494323485e+00
2.281884949866184620e+00
2.324357830946552017e+00
2.312139448134000297e+00
2.333427596608331545e+00
2.315854127169810539e+00
2.358312862619730499e+00
2.310074359377404019e+00
2.301226245200686193e+00
2.307293454680622968e+00
2.336673922105403367e+00
2.378602662869645279e+00
2.322818256725468711e+00
2.294488201407392403e+00
2.312830971161084825e+00
2.364435293993451648e+00
2.267365314133209520e+00
2.310372610308420338e+00
2.314468948227624168e+00
2.293412968667876584e+00
2.290351145233633368e+00
2.325563119133225776e+00
2.353924823802610256e+00
2.317011614166389233e+00
2.323813688280719436e+00
2.337309867160291876e+00
2.318811798302126359e+00
2.340633196155451401e+00
2.299396914510539514e+00
2.363807091230875734e+00
2.274029307708473446e+00
2.296784708349550286e+00
2.373394605955390091e+00
2.340418253922401881e+00
2.273459957960219047e+00
2.334014691293772259e+00
2.304765408716341391e+00
2.333615867724703197e+00
2.292845738079167361e+00
2.358156717677852843e+00
2.302642119334464610e+00
2.273727353112209748e+00
2.321340334423518392e+00
2.255480615935177457e+00
2.381726327415440547e+00
2.366577797292302332e+00
2.288524053912798895e+00
2.317654815562228965e+00
2.311756618157741361e+00
2.330159325469297826e+00
2.345219037755993163e+00
2.331483227745180464e+00
2.316432875679480308e+00
2.356821121428775090e+00
2.303479331819262121e+00
2.277805419987361635e+00
2.350278046999142667e+00
2.334120636585979458e+00
2.351761221328957596e+00
2.309747246221782735e+00
2.296782300908509544e+00
2.360132772622350217e+00
2.310889928094693957e+00
2.277589106492993842e+00
2.331851673704943284e+00
2.315219979044582210e+00
2.318744112210744390e+00
2.355080048305275398e+00
2.272130201469669153e+00
2.314338709769392821e+00
2.316395704609552464e+00
2.312335172443434228e+00
2.378069334655207978e+00
2.325214418219483381e+00
2.307344881163096328e+00
2.366577518240985611e+00
2.303323403167958805e+00
2.283984580193068492e+00
2.323947020698372334e+00
2.342484362707812018e+00
2.259485796613076136e+00
2.304891160453292898e+00
2.296152610207524702e+00
2.330301668451678410e+00
2.253699915309757884e+00
2.290383842338022280e+00
2.341450749006236176e+00
2.375126075224852418e+00
2.310735506748436308e+00
2.289889280097430646e+00
2.265120847378675251e+00
2.327732883255373419e+00
2.311862976508630041e+00
2.323822599773890829e+00
2.221046607493315506e+00
2.341621995655566391e+00
2.239812247683400592e+00
2.331847511490123370e+00
2.312996976014248141e+00
2.321513805839459099e+00
2.292034448743261787e+00
2.304871263302097351e+00
2.337671571719088348e+00
2.314008903925786953e+00
2.362605241690115765e+00
2.360970979947186521e+00
2.322208854044708559e+00
2.290673945579253079e+00
2.340006689705603993e+00
2.327019133151830843e+00
2.315381182308816399e+00
2.278730156557426945e+00
2.370369858752940484e+00
2.289788960014469854e+00
2.332906690856835219e+00
2.364516425236903086e+00
2.298277940692163401e+00
2.313143470463869811e+00
2.300708023287333148e+00
2.325242944309058313e+00
2.325450738229181802e+00
2.336042370059897344e+00
2.289525656265508413e+00
2.317743539698501554e+00
2.399781214277732388e+00
2.370417402744500635e+00
2.339523377823640171e+00
2.344406272105909128e+00
2.301834159583682204e+00
2.246597391850367220e+00
2.369521913534693436e+00
2.343252144093275646e+00
2.314911701704902125e+00
2.300795154432631495e+00
2.290004101750970911e+00
2.354010085043147793e+00
2.447451324640167236e+00
2.315419266646208118e+00
2.308002358367507334e+00
2.326305595286484618e+00
2.283146311796075523e+00
2.251644197775314993e+00
2.340017496935018482e+00
2.373954804936774465e+00
2.292105503281791634e+00
2.365406298297967780e+00
2.283225884721791665e+00
2.338233805943002341e+00
2.313321307244860403e+00
2.291266754619364132e+00
2.266219564881772897e+00
2.344978134990764129e+00
2.293760140338625853e+00
2.316230688077374644e+00
2.335540965551679893e+00
2.318972249396043850e+00
2.391159829350239630e+00
2.369142289929787371e+00
2.307649113050622258e+00
2.259457090875360397e+00
2.304441499670658366e+00
2.267780671374149737e+00
2.288645209506306344e+00
2.339365365418673903e+00
2.287116673150711321e+00
2.291668806539372216e+00
2.279865248869309635e+00
2.347311357833516521e+00
2.314821147262029477e+00
2.285226997201623700e+00
2.376549687686511536e+00
2.272787085030534726e+00
2.318765259970096082e+00
2.251436180275764976e+00
2.270432463366995446e+00
2.340448027833890610e+00
2.285807629642762517e+00
2.250196202115883004e+00
2.377032025532032744e+00
2.353260809775479689e+00
2.303609521301615004e+00
2.270127371757190371e+00
2.353220680659329211e+00
2.325233693326910434e+00
2.335478845729490605e+00
2.331248454516537283e+00
2.299223166186493472e+00
2.314767287379105642e+00
2.310675433061043282e+00
2.299714770071072945e+00
2.372148264383786120e+00
2.326464285817801070e+00
2.300927906405758172e+00
2.307683852722859807e+00
2.290793755007502153e+00
2.329254035350828644e+00
2.284770787014587690e+00
2.273194635017160792e+00
2.300916789869117629e+00
2.319247767190832032e+00
2.307785072011932392e+00
2.316847329833079172e+00
2.304442195318305409e+00
2.290194025321432125e+00
2.339003199008674372e+00
2.300424920777657700e+00
2.334939685806938670e+00
2.253404680525632919e+00
2.352108892054071365e+00
2.310510547758052091e+00
2.299887709834331329e+00
2.342326053740830805e+00
2.355201392292012308e+00
2.322941783777685565e+00
2.340200973221848280e+00
2.339625906484525064e+00
2.304211112770125691e+00
2.364766272169116945e+00
2.344112763335474803e+00
2.356548777458279176e+00
2.317100159313268737e+00
2.333166879656984882e+00
2.284324151154670801e+00
2.293271826098300270e+00
2.304959644419876330e+00
2.307201564171451835e+00
2.382919768366488444e+00
2.366402917137529371e+00
2.343037736245405789e+00
2.358115130841091922e+00
2.274279542509427099e+00
2.275732655042784547e+00
2.302152300541797647e+00
2.277290895066582443e+00
2.248767036673973152e+00
2.320279126479056320e+00
2.308298853828993025e+00
2.308396817390867106e+00
2.295436084850460468e+00
2.367800774250365503e+00
2.305731797040006192e+00
2.310954058984579618e+00
2.312965593475801995e+00
2.340851420213570400e+00
2.259490904474438899e+00
2.355471095792445180e+00
2.280237180054403012e+00
2.309787595309444441e+00
2.223214076990407850e+00
2.269061791338866207e+00
2.339798626371086598e+00
2.237827304157888442e+00
2.298549798728704907e+00
2.293045513199484464e+00
2.324959880076073127e+00
2.363511033112680959e+00
2.362150008396247891e+00
2.363874704749368671e+00
2.266005471836822771e+00
2.330502310559950718e+00
2.388316238072936581e+00
2.361963166194965158e+00
2.317783564231766125e+00
2.300873712455557829e+00
2.337669685189028623e+00
2.318783921411446958e+00
2.240419826013170912e+00
2.330168132624534039e+00
2.264832209262562568e+00
2.325419538877036452e+00
2.263521260983299754e+00
2.260913003284891865e+00
2.328182723172389945e+00
2.373897849399624338e+00
2.288531503229788822e+00
2.325124724536050902e+00
2.315551070808661294e+00
2.339561426484325413e+00
2.345354677774208252e+00
2.299068272441533445e+00
2.353828159476012427e+00
2.337136991387258167e+00
2.352324987261698475e+00
2.320032405686839105e+00
2.327638315241581157e+00
2.309755456083105507e+00
2.282236580711089147e+00
2.317280003198480376e+00
2.315052732735834784e+00
2.334450559735509412e+00
2.297113872209715968e+00
2.319850365261479475e+00
2.342982322096537118e+00
2.269579888318066008e+00
2.338018279698411916e+00
2.295869392163379707e+00
2.335514423954508700e+00
2.324509392880227399e+00
2.285472280778914289e+00
2.350091093222722360e+00
2.291022517344121656e+00
2.341117212383971413e+00
2.312629245226576646e+00
2.317889902280792391e+00
2.283223711713244786e+00
2.340622826717845051e+00
2.321760231134691654e+00
2.244404996088067872e+00
2.347585222510871539e+00
2.372665383730718336e+00
2.346239213350814978e+00
2.309200285719434920e+00
2.300519128706503214e+00
2.337652021221431564e+00
2.344636214658384343e+00
2.277951016122807371e+00
2.352408104734767136e+00
2.283347821457958116e+00
2.306105070331367024e+00
2.312480593641165871e+00
2.328695505238925989e+00
2.327586359927612314e+00
2.312328420301225318e+00
2.336772516913285358e+00
2.389419026981446148e+00
2.346751097787878049e+00
2.296808832279584323e+00
2.314427999930580349e+00
2.303857887347148026e+00
2.289047096371580992e+00
2.301604538000446176e+00
2.317163731707709839e+00
2.299415663252511788e+00
2.282432115282360119e+00
2.301028305325643064e+00
2.222580102161586968e+00
2.301655896860722361e+00
2.294366632952756113e+00
2.303709418437625889e+00
2.295761918846714433e+00
2.287588044115147046e+00
2.342982188073776229e+00
2.302123205764921021e+00
2.334727857845742438e+00
2.363314703735534206e+00
2.287053150568651549e+00
2.294389054562871344e+00
2.344058847932954492e+00
2.298211671419742252e+00
2.360648650574319607e+00
2.317751509333988214e+00
2.360412721173960726e+00
2.288994925592168883e+00
2.377632013227835461e+00
2.293812397144675774e+00
2.382443551063861520e+00
2.360808657521392906e+00
2.338462965068653698e+00
2.305034900670642095e+00
2.343224774923223563e+00
2.274832267672604047e+00
2.318582146998669380e+00
2.281903695959668799e+00
2.372891424808794003e+00
2.336390665602174899e+00
2.326139943642788310e+00
2.335557721259772013e+00
2.315751722818024660e+00
2.347730666391352194e+00
2.284110454965334380e+00
2.300833135871987789e+00
2.346090564170644654e+00
2.379620511054478804e+00
2.344509702235858306e+00
2.276695413840028603e+00
2.395256190158151277e+00
2.346276235833764989e+00
2.244601276518448874e+00
2.344510250789544337e+00
2.365940504595160920e+00
2.291249457222781505e+00
2.319854108236206081e+00
2.359039523974238772e+00
2.309579133275699192e+00
2.313314625803737812e+00
2.342152286320074328e+00
2.337743768330045491e+00
2.337772101151677884e+00
2.318692831140706900e+00
2.296722551058047568e+00
2.287753730924489304e+00
2.304066550258839996e+00
2.312339932223269390e+00
2.343553917560446287e+00
2.330481345013546424e+00
2.401309845499527196e+00
2.307579342915156317e+00
2.301762946945808075e+00
2.355571799076396911e+00
2.406912090643106961e+00
2.326292277722275426e+00
2.345956793914229621e+00
2.305772793875504156e+00
2.312352238567731089e+00
2.302676444752540075e+00
2.342212321923385687e+00
2.332141432855439511e+00
2.301316568195212575e+00
2.285682327441100892e+00
2.290482533283893840e+00
2.304617994350325549e+00
2.344003318503903088e+00
2.298445432867785243e+00
2.332186615083982062e+00
2.308698953401456144e+00
2.313863771564388827e+00
2.281683552448338759e+00
2.287538725892428459e+00
2.285417417509127525e+00
2.320056857970913544e+00
2.325656268922598358e+00
2.304123582315788621e+00
2.310675420098695199e+00
2.285899051341063082e+00
2.320509819320626388e+00
2.360637265341180679e+00
2.314486887329613385e+00
2.312209707970807937e+00
2.344252534184957604e+00
2.310476546300218814e+00
2.327438084950804509e+00
2.301488142064862519e+00
2.318167368319265176e+00
2.315397945871763064e+00
2.316525067943310479e+00
2.285058834612304413e+00
2.313472098014872635e+00
2.267061663084203982e+00
2.338014284151611388e+00
2.285373045388054081e+00
2.292264945162354461e+00
2.302357188824910583e+00
2.267588337925174002e+00
2.345426472179267030e+00
2.273553182072768131e+00
2.320524880954173863e+00
2.351846909185375090e+00
2.282571994273656202e+00
2.336478325212048457e+00
2.273448405929692662e+00
2.310781882454000513e+00
2.344394337676334761e+00
2.316485049408787411e+00
2.314248093564342579e+00
2.279162219105399068e+00
2.275041575059566501e+00
2.346448939884518747e+00
2.228179588128121225e+00
2.342826041737267939e+00
2.319072902044454043e+00
2.261574363757726580e+00
