1.006031048965787544e+00
1.005885801366169119e+00
1.005734453232365988e+00
1.005889675145687834e+00
1.006057514053668056e+00
1.005991759604147440e+00
1.005821176253555604e+00
1.005738163153019116e+00
1.005920395670346634e+00
1.006052429282442651e+00
1.005962697872658129e+00
1.005784798188086304e+00
1.005751807614451820e+00
1.005950924309585437e+00
1.006055224544301741e+00
1.005943868172954003e+00
1.005776337167566314e+00
1.005767024307822721e+00
1.005990581924762983e+00
1.006051809431183441e+00
1.005927927608913253e+00
1.005764128203302743e+00
1.005777832685795126e+00
1.005994546342759088e+00
1.006045212870740668e+00
1.005916908272162846e+00
1.005757560435981635e+00
1.005809332833140557e+00
1.006008689561635139e+00
1.006046561814796236e+00
1.005899054001390791e+00
1.005742030295690537e+00
1.005808092076879046e+00
1.006027830097480535e+00
1.006035528465416329e+00
1.005901990814471292e+00
1.005753831630974426e+00
1.005821443707911378e+00
1.006036331073976609e+00
1.006039540770845342e+00
1.005889188912845622e+00
1.005746847129886712e+00
1.005836074059634822e+00
1.006038601235716978e+00
1.006029480547929955e+00
1.005866461528341915e+00
1.005738648564404869e+00
1.005849755850273919e+00
1.006060472584857646e+00
1.006018471320479168e+00
1.005863215862610849e+00
1.005732210243898805e+00
1.005899168883549466e+00
1.006055722656152174e+00
1.005994147990212806e+00
1.005823760660987665e+00
1.005729410731999174e+00
1.005904334884964335e+00
1.006062477928831411e+00
1.005997200097680899e+00
1.005817998093629040e+00
1.005738065138239934e+00
1.005931335374437685e+00
1.005859942450972211e+00
1.006046918998178663e+00
1.005467385022059013e+00
1.005787527412397742e+00
1.006314442787021202e+00
1.005542133499595092e+00
1.005881037582881721e+00
1.006297457114040839e+00
1.005507731300193441e+00
1.005948266062694385e+00
1.006248213106183176e+00
1.005494469033184179e+00
1.006041926212295712e+00
1.006157964280297135e+00
1.005474571618070412e+00
1.006135116130201235e+00
1.006099138606687537e+00
1.005461430584139615e+00
1.006175097659076645e+00
1.006035483888430671e+00
1.005478885495915797e+00
1.006236698958972164e+00
1.005968027151162403e+00
1.005495974352682120e+00
1.006269278506077391e+00
1.005918438636967949e+00
1.005511806319189017e+00
1.006309028022953411e+00
1.005857429383866020e+00
1.005537099975773119e+00
1.006318668556938301e+00
1.005859349716258011e+00
1.005542735447652047e+00
1.006317735439781647e+00
1.005845965624154292e+00
1.005542102329400445e+00
1.006319338806239028e+00
1.005868440105158967e+00
1.005523872406903996e+00
1.006307275527943634e+00
1.005911965961802768e+00
1.005496734615233922e+00
1.006260659967205040e+00
1.005974560265419759e+00
1.005479037225583738e+00
1.006212204343340577e+00
1.006026831874643701e+00
1.005464763729442712e+00
1.006176310227628434e+00
1.006105307125282788e+00
1.005447549455947831e+00
1.006103394075684943e+00
1.006168187524609126e+00
1.005463503745074760e+00
1.006013915532241620e+00
1.006246103622323362e+00
1.005494181301493484e+00
1.005939064504619562e+00
1.006289744115746787e+00
1.005517094147902135e+00
1.005868125822133585e+00
1.006324139799025241e+00
1.005548288883322039e+00
1.005809001225251631e+00
1.006339000064175870e+00
1.005580628538339738e+00
1.005729856800757327e+00
1.006350181150091450e+00
1.005648586516038723e+00
1.005660942949978987e+00
1.006361322680846548e+00
1.005724813319293087e+00
1.005603518513235040e+00
1.006330408238331975e+00
1.005808216643622854e+00
1.005554931502061766e+00
1.006307127106098820e+00
1.005902810336645192e+00
1.005502462306562927e+00
1.006263323912822916e+00
1.005986491371926750e+00
1.005463915491138449e+00
1.006166057616277421e+00
1.006119358874473457e+00
1.005461195291679211e+00
1.006053336998667724e+00
1.006200305729695321e+00
1.005480753974653529e+00
1.005956616270615056e+00
1.006278385209855575e+00
1.005516590139694966e+00
1.005840225274550637e+00
1.006327319778040463e+00
1.005598448336212813e+00
1.005713807185891984e+00
1.006357001662975481e+00
1.005729054026149427e+00
1.005577403385119251e+00
1.006326563375268712e+00
1.005878290919265172e+00
1.005487961223141546e+00
1.006243938748672129e+00
1.006025764163876346e+00
1.005466377939123968e+00
1.006130877853842698e+00
1.006154527995520187e+00
1.005470162868715711e+00
1.005987773857080603e+00
1.006270508879663073e+00
1.005513344617265492e+00
1.005863518994480454e+00
1.006335929659684103e+00
1.005595818915016926e+00
1.005711711598211489e+00
1.006360928288017265e+00
1.005724428072140464e+00
1.005574534294215727e+00
1.006333627856962787e+00
1.005894334592631889e+00
1.005475319309391935e+00
1.006219710749692409e+00
1.006083072045612425e+00
1.005449569699659040e+00
1.006056799203660423e+00
1.006253460761554752e+00
1.005497194094064906e+00
1.005853456494936182e+00
1.006354213140834730e+00
1.005614820719972435e+00
1.005681659939443584e+00
1.006365269406060525e+00
1.005774405089292278e+00
1.005553529233133014e+00
1.006293425968693311e+00
1.005951106686855390e+00
1.005464607119227693e+00
1.006163702769165225e+00
1.006122741024340517e+00
1.005726737524128112e+00
1.006015782504412481e+00
1.006175274793683405e+00
1.005820637310268051e+00
1.005723562280114614e+00
1.005816973954571925e+00
1.006016502654515365e+00
1.006055705696508484e+00
1.005949843956380985e+00
1.005790253385297151e+00
1.005730251648155660e+00
1.005920504460497300e+00
1.006066171406639231e+00
1.006012608153941557e+00
1.005846392881093232e+00
1.005728888222446216e+00
1.005827052999389348e+00
1.006024962718780724e+00
1.006055887731258869e+00
1.005907751865946720e+00
1.005750294231912978e+00
1.005754220833340984e+00
1.005975415057611011e+00
1.006069828331412452e+00
1.005984076852660003e+00
1.005808796139544770e+00
1.005724696935095697e+00
1.005901058851939478e+00
1.006064472538825028e+00
1.006018375308800339e+00
1.005865437407933438e+00
1.005723399835356968e+00
1.005802877712951959e+00
1.006012390984535099e+00
1.006063439114609048e+00
1.005924546692215316e+00
1.005757801989106248e+00
1.005739979771628212e+00
1.005951962658261589e+00
1.006064839839882152e+00
1.005996224067637890e+00
1.005841822124656781e+00
1.005724050196829422e+00
1.005848145927537685e+00
1.006062277963046370e+00
1.006039152030905770e+00
1.005890355334164488e+00
1.005737991191687497e+00
1.005782720677458553e+00
1.006002207186396102e+00
1.006067830036388999e+00
1.005941452235979972e+00
1.005774285663186829e+00
1.005742488017353109e+00
1.005946229081443821e+00
1.006074410548287723e+00
1.005986975385933180e+00
1.005824000029760912e+00
1.005724103915747403e+00
1.005904902982618587e+00
1.006076499257117174e+00
1.005997942651142063e+00
1.005842560310963085e+00
1.005724967927116298e+00
1.005856705123172601e+00
1.006050627073982184e+00
1.006037580272151954e+00
1.005859838962238184e+00
1.005725142646475501e+00
1.005813483705702227e+00
1.006036596093540014e+00
1.006037750096639538e+00
1.005900710388365482e+00
1.005748659255117250e+00
1.005797626795147837e+00
1.006035032809996288e+00
1.006054685435287643e+00
1.005921588980996262e+00
1.005746163811852112e+00
1.005790952484678868e+00
1.006011142643488121e+00
1.006063248336629634e+00
1.005928549585355825e+00
1.005757574046883596e+00
1.005767438290757987e+00
1.005985941967870501e+00
1.006071612038580865e+00
1.005935614305298653e+00
1.005764322597714200e+00
1.005751342415214467e+00
1.005973842702959420e+00
1.006066297246303476e+00
1.005963170784070826e+00
1.005800093241848492e+00
1.005742106355810073e+00
1.005955150522337860e+00
1.006062927323623013e+00
1.005965115787718300e+00
1.005779071929198576e+00
1.005764124285370098e+00
1.005962828483772720e+00
1.006074003083471169e+00
1.005938549665685411e+00
1.005762957872820662e+00
1.005782467684564141e+00
1.005993969192672921e+00
1.006055755308086885e+00
1.005896699484415402e+00
1.005737458336034340e+00
1.005834338121539551e+00
1.006054629337259643e+00
1.006018056935135352e+00
1.005866112708470039e+00
1.005728771714913039e+00
1.005888328965895084e+00
1.006065836845066119e+00
1.005982603731268021e+00
1.005797309183476651e+00
1.005754951679137088e+00
1.005964088983764215e+00
1.006059128062793073e+00
1.005921663380766162e+00
1.005752905400199237e+00
1.005812683276326780e+00
1.006036706380750045e+00
1.006032258059412099e+00
1.005867080093637123e+00
1.005731537720828017e+00
1.005915136417626421e+00
1.006070001779824530e+00
1.005969817805312694e+00
1.005784828437296330e+00
1.005772707912555353e+00
1.005987263935968379e+00
1.006047117745587194e+00
1.005877878421485239e+00
1.005740100818851568e+00
1.005877424651333341e+00
1.006056999262739726e+00
1.005965781939249792e+00
1.005798139063641017e+00
1.005746067640418850e+00
1.005983209752751240e+00
1.006058382282782215e+00
1.005910950841428786e+00
1.005751011051942756e+00
1.005826535410557554e+00
1.006040667481197914e+00
1.006005282814443014e+00
1.005812803691251256e+00
1.005750723795892032e+00
1.005952572892801156e+00
1.006064025146043761e+00
1.005908826409510626e+00
1.005746625051308074e+00
1.005815757573436997e+00
1.006049044880956922e+00
1.006009119157634801e+00
1.005841519287871577e+00
1.005725321931412175e+00
1.005921477280784515e+00
1.006063577641299833e+00
1.005961018652330674e+00
1.005779044114020415e+00
1.005762505801701900e+00
1.006005142783014561e+00
1.006049679775651962e+00
1.005883013310164387e+00
1.005740656902310848e+00
1.005857413129640499e+00
1.006056714943869723e+00
1.005986768350653815e+00
1.005798799787617215e+00
1.005755114669448558e+00
1.005976362879060559e+00
1.006043944787386124e+00
1.005899620400908523e+00
1.005735479467352089e+00
1.005859091810922035e+00
1.006062032406786821e+00
1.005976128088342580e+00
1.005802824303212883e+00
1.005757307286364810e+00
1.005971573046479106e+00
1.006056968357322834e+00
1.005891350162409825e+00
1.005740466644100106e+00
1.005851984219592987e+00
1.006054830135683531e+00
1.005987015122202122e+00
1.005806934270203179e+00
1.005750571821696138e+00
1.005988747255734062e+00
1.006046202085451924e+00
1.005900665608291167e+00
1.005747082506426970e+00
1.005866300694468141e+00
1.006063050068682685e+00
1.005979594519774922e+00
1.005794096120630643e+00
1.005777693055394550e+00
1.006007796524183817e+00
1.006026930279787290e+00
1.005841674619652570e+00
1.005755340712571666e+00
1.005922977130434770e+00
1.006062508341427852e+00
1.005932479215663644e+00
1.005757792614605961e+00
1.005815462258443871e+00
1.006043508256876384e+00
1.005998409709359498e+00
1.005846634986417687e+00
1.005746689933794125e+00
1.005966858184919044e+00
1.006055874615194190e+00
1.005908848658840338e+00
1.005741373405616645e+00
1.005842641176656338e+00
1.006045838607243725e+00
1.006002758425201371e+00
1.005815348556315714e+00
1.005750926123692990e+00
1.005973605717382036e+00
1.006056781421442281e+00
1.005901661837334649e+00
1.005754585419220470e+00
1.005846941827092333e+00
1.006057104966622040e+00
1.006008478531774220e+00
1.005843408522820948e+00
1.005739419805532275e+00
1.005945587141119146e+00
1.006057657122600757e+00
1.005935583148439560e+00
1.005774171691137475e+00
1.005792562647253474e+00
1.006015039289680946e+00
1.006037248339224144e+00
1.005867670031938665e+00
1.005742108902901943e+00
1.005862451464617058e+00
1.006061913504174843e+00
1.005988636331577535e+00
1.005825439394523846e+00
1.005746234275254558e+00
1.005966382086825428e+00
1.006054300018045300e+00
1.005938688112021806e+00
1.005760728300180595e+00
1.005799056800963376e+00
1.006026436468791641e+00
1.006031886397160013e+00
1.005848144019087176e+00
1.005736252535102349e+00
1.005891085714087696e+00
1.006066733727334794e+00
1.005953759518550816e+00
1.005776619945190964e+00
1.005792955361189955e+00
1.006033240481897462e+00
1.006008454230290505e+00
1.005847172955071533e+00
1.005747832205391212e+00
1.005964585455852101e+00
1.006046157174319999e+00
1.005893269147319025e+00
1.005743664373156321e+00
1.005889122299060245e+00
1.006056201829188090e+00
1.005936244020325443e+00
1.005761509530668008e+00
1.005829939461871714e+00
1.006044600945039669e+00
1.005975825034749693e+00
1.005794259237027699e+00
1.005793117038630058e+00
1.006039141586764885e+00
1.005990565629630851e+00
1.005836112137566740e+00
1.005774121037306790e+00
1.006006206792059876e+00
1.006020287669377122e+00
1.005852817536178945e+00
1.005745098717241381e+00
1.005967221613259355e+00
1.006033006842642408e+00
1.005865193300654603e+00
1.005758183727970989e+00
1.005947101706138769e+00
1.006046401090505027e+00
1.005882151237813549e+00
1.005746599130356245e+00
1.005931818788716736e+00
1.006049968127054939e+00
1.005911606996469754e+00
1.005748786468134037e+00
1.005918198104085226e+00
1.006053822302811485e+00
1.005900859150689941e+00
1.005732825444322520e+00
1.005916686321040698e+00
1.006048350154294280e+00
1.005907629772221146e+00
1.005757086796962740e+00
1.005910071906763514e+00
1.006048097578332357e+00
1.005906578862199696e+00
1.005747073916023027e+00
1.005894508450191127e+00
1.006058530840540532e+00
1.005919349651327455e+00
1.005766159974357032e+00
1.005898951272339747e+00
1.006049594371906331e+00
1.005915667814797354e+00
1.005762970464753048e+00
1.005899898882592680e+00
1.006046830690922711e+00
1.005912163123264147e+00
1.005762078913567059e+00
1.005892032885591814e+00
1.006057989725207102e+00
1.005908732784702275e+00
1.005749572149575277e+00
1.005909454528658431e+00
1.006050747834951409e+00
1.005909749403452347e+00
1.005748305473035842e+00
1.005905714624425240e+00
1.006049357531240807e+00
1.005904173520433265e+00
1.005749890263424984e+00
1.005899423573970664e+00
1.006047055828625858e+00
1.005918047368116630e+00
1.005756935378514738e+00
1.005884113962299597e+00
1.006051154227108668e+00
1.005922267567594064e+00
1.005755829489288322e+00
1.005881343011709506e+00
1.006050333171392364e+00
1.005932864642784752e+00
1.005758742393703109e+00
1.005880837856655940e+00
1.006050468452858837e+00
1.005932607618804431e+00
1.005766439506811105e+00
1.005877836632793176e+00
1.006049007751926405e+00
1.005923856672493288e+00
1.005758097848056476e+00
1.005883648647162731e+00
1.006056775989802254e+00
1.005920833100488743e+00
1.005764574368360531e+00
1.005892057234325287e+00
1.006053714143910982e+00
1.005913974228259455e+00
1.005754587525476973e+00
1.005890574999648290e+00
1.006057896258059969e+00
1.005916854112802961e+00
1.005765611179582075e+00
1.005889536021755903e+00
1.006048762406848374e+00
1.005930359034749699e+00
1.005755039075610480e+00
1.006050091005202818e+00
1.005653679554924018e+00
1.006174754570496432e+00
1.005671503081865259e+00
1.005745745503427102e+00
1.006280569320529228e+00
1.005501061899260584e+00
1.006089612834749181e+00
1.006011064850684589e+00
1.005524189116222544e+00
1.006310774186586210e+00
1.005675390728254293e+00
1.005789582032257767e+00
1.006270625846793276e+00
1.005502403942257317e+00
1.006115492185763349e+00
1.006009696713447976e+00
1.005532171066856995e+00
1.006314244923231405e+00
1.005705191355495298e+00
1.005767690589739249e+00
1.006293604432503264e+00
1.005494700855269485e+00
1.006079789160546634e+00
1.006026012147713367e+00
1.005523131951204352e+00
1.006303197881742717e+00
1.005699163310838973e+00
1.005765783068940378e+00
1.006269379967229316e+00
1.005505843738895067e+00
1.006108254483695452e+00
1.005997552764049008e+00
1.005536528069094659e+00
1.006321570571066193e+00
1.005674369668514867e+00
1.005795903194842689e+00
1.006258946191583403e+00
1.005492879019185049e+00
1.006135683875509335e+00
1.005981500927713546e+00
1.005542294162657724e+00
1.006324782976734111e+00
1.005649617274910090e+00
1.005825385261045035e+00
1.006254781551494393e+00
1.005480926561872268e+00
1.006148862365632946e+00
1.005960859151821651e+00
1.005557943949410005e+00
1.006320076050383650e+00
1.005676306609804005e+00
1.005784135515972011e+00
1.006262211262799244e+00
1.005504274512662777e+00
1.006089647304044821e+00
1.006019718278829966e+00
1.005529884727377254e+00
1.006319232490710425e+00
1.005690429166296695e+00
1.005796770489607361e+00
1.006255782063746551e+00
1.005484568364638731e+00
1.006142557658969316e+00
1.005959841990881065e+00
1.005569890767191499e+00
1.006328687836079760e+00
1.005624130122988458e+00
1.005866850408647650e+00
1.006204710263577384e+00
1.005484309692324718e+00
1.006207006491737888e+00
1.005849745074520518e+00
1.005638547919789128e+00
1.006322026885796639e+00
1.005561413340823274e+00
1.005964491809346439e+00
1.006141344953187078e+00
1.005489359807936633e+00
1.006250934391161644e+00
1.005818629213943716e+00
1.005637565909824005e+00
1.006326516474850941e+00
1.005559981705993033e+00
1.005951440058523882e+00
1.006160490196079449e+00
1.005488380883316157e+00
1.006243022068011195e+00
1.005836494451328500e+00
1.005643026610420376e+00
1.006327873927267413e+00
1.005564021268203989e+00
1.005954715783802911e+00
1.006153926604614890e+00
1.005496180825554919e+00
1.006244148008274664e+00
1.005823816998532516e+00
1.005655523483037994e+00
1.006325365178653453e+00
1.005554055001192770e+00
1.005972789913719190e+00
1.006119633915876665e+00
1.005495573707508861e+00
1.006275742244189253e+00
1.005778844406815642e+00
1.005711967060785916e+00
1.006299123992318467e+00
1.005509981743726300e+00
1.006063250910052220e+00
1.006059381856254875e+00
1.005521566715904092e+00
1.006300194593611197e+00
1.005736920672367862e+00
1.005731321298306558e+00
1.006298761706589939e+00
1.005502187783781753e+00
1.006047647719616966e+00
1.006062631493308102e+00
1.005509710789360911e+00
1.006292443731598540e+00
1.005748844163792510e+00
1.005702917264943430e+00
1.006304269440868815e+00
1.005538357194475818e+00
1.006016263218481033e+00
1.006106922667884263e+00
1.005485677821290835e+00
1.006267566334623886e+00
1.005796336887772480e+00
1.005680360752023050e+00
1.006326558963178242e+00
1.005543947718556597e+00
1.005988301772953175e+00
1.006128548252061883e+00
1.005498053427211325e+00
1.006253319906534660e+00
1.005812472634330268e+00
1.005657404352492179e+00
1.006333580649297454e+00
1.005561646426323952e+00
1.005957781756569469e+00
1.006155316583728476e+00
1.005484399212337010e+00
1.006219237479018869e+00
1.005878255295234780e+00
1.005606367494958020e+00
1.006317948726278111e+00
1.005600407935249407e+00
1.005886955481597678e+00
1.006215753893691334e+00
1.005470736548161215e+00
1.006165091018619728e+00
1.005964167953610211e+00
1.005555205395590956e+00
1.006310745861600742e+00
1.005664146064574105e+00
1.005798991840023637e+00
1.006280237406301792e+00
1.005507576781183188e+00
1.006126728523745184e+00
1.005982079473931590e+00
1.005549844264646220e+00
1.006331677309103112e+00
1.005661603047478314e+00
1.005814674867841818e+00
1.006234606835914702e+00
1.005492339136091706e+00
1.006169146956149785e+00
1.005916393472318315e+00
1.005588493023803931e+00
1.006314908462987878e+00
1.005589857930842657e+00
1.005944137107551706e+00
1.006147437996909089e+00
1.005500343096761506e+00
1.006261939809565575e+00
1.005738313761845193e+00
1.005762866891339868e+00
1.006264070504907737e+00
1.005498776951566198e+00
1.006169897746408637e+00
1.005890820769660632e+00
1.005635116896677950e+00
1.006315033164963513e+00
1.005731690186521643e+00
1.005843466315438528e+00
1.006195619057870694e+00
1.005910112448545002e+00
1.005745651607437896e+00
1.005898084674940129e+00
1.006044574918395718e+00
1.005901502984502205e+00
1.005764744546085998e+00
1.005938815455357238e+00
1.006031841993700882e+00
1.005875808340755295e+00
1.005754975737027657e+00
1.005988794280472831e+00
1.006007516784330313e+00
1.005851028852331908e+00
1.005770388558409500e+00
1.006007150398337657e+00
1.005989945111774642e+00
1.005804122367490283e+00
1.005811329137662247e+00
1.006035586855509090e+00
1.005967077037773771e+00
1.005781827416967644e+00
1.005852387167783801e+00
1.006041308135369183e+00
1.005938601807588872e+00
1.005773589889068509e+00
1.005881618527337817e+00
1.006052365733788756e+00
1.005925041503165751e+00
1.005758767606933501e+00
1.005922071307402854e+00
1.006039626623130179e+00
1.005889440305079763e+00
1.005758637511849019e+00
1.005934033733874911e+00
1.006039134996660422e+00
1.005881644254389862e+00
1.005755216000467245e+00
1.005940593121978699e+00
1.006023637098522050e+00
1.005860467115583523e+00
1.005755327093815987e+00
1.005972475502348917e+00
1.006029941397302174e+00
1.005869208111461965e+00
1.005755402151166544e+00
1.005998319706492117e+00
1.006025961043994332e+00
1.005857361822577456e+00
1.005763798782287166e+00
1.005982684979781494e+00
1.006025656780020761e+00
1.005854561083072474e+00
1.005762778129824841e+00
1.005963601596106427e+00
1.006049123990344629e+00
1.005869922368781255e+00
1.005748986675501166e+00
1.005943119868262681e+00
1.006052503351324789e+00
1.005900371986741426e+00
1.005752277753694912e+00
1.005892972411851938e+00
1.006055106082799799e+00
1.005936291833038787e+00
1.005757413263600686e+00
1.005848051110668218e+00
1.006058155371608809e+00
1.005955026098170446e+00
1.005774788711413903e+00
1.005812970208296964e+00
1.006034990912738181e+00
1.005995352815032495e+00
1.005826153012635338e+00
1.005759053811554837e+00
1.005978374037363121e+00
1.006039783974123747e+00
1.005880335019320837e+00
1.005740286186886490e+00
1.005904424395677177e+00
1.006056903544489511e+00
1.005961260241134747e+00
1.005776984806473040e+00
1.005801678851775405e+00
1.006022062683151308e+00
1.006019566106482355e+00
1.005829973743307626e+00
1.005756178772076792e+00
1.005949476987166857e+00
1.006048438589467464e+00
1.005899968143307399e+00
1.005747338770909494e+00
1.005845727117869570e+00
1.006060157553374301e+00
1.005984125838313537e+00
1.005814176600672072e+00
1.005768359112540145e+00
1.006017465678780587e+00
1.006031689403555029e+00
1.005877048584526756e+00
1.005743584437677862e+00
1.005926035215694236e+00
1.006056470114074619e+00
1.005929374836160850e+00
1.005768997706151913e+00
1.005815878801768148e+00
1.006033894165876630e+00
1.006002627784668979e+00
1.005824774074106864e+00
1.005744650256000794e+00
1.005969328204591617e+00
1.006049764882491981e+00
1.005919430861501818e+00
1.005753003683881763e+00
1.005853400642664042e+00
1.006052272161400474e+00
1.005979330954603679e+00
1.005815472472342043e+00
1.005762050429232612e+00
1.005985878026924851e+00
1.006046359502679399e+00
1.005872210975046643e+00
1.005744665249053371e+00
1.005887000156298727e+00
1.006052799916176133e+00
1.005944548204933620e+00
1.005768608065195524e+00
1.005829416584736125e+00
1.006041046739935663e+00
1.005969533096114921e+00
1.005810367470824973e+00
1.005785553178222713e+00
1.006024043277680136e+00
1.006001417944800913e+00
1.005832340877380826e+00
1.005767696436792979e+00
1.005991171562543585e+00
1.006009991452183394e+00
1.005826501249037719e+00
1.005772434823787753e+00
1.005974748961232956e+00
1.006012556394320079e+00
1.005856744757759991e+00
1.005756695918533339e+00
1.005984275897377822e+00
1.006012742982146158e+00
1.005862532882996208e+00
1.005756261165025034e+00
1.005991378056674490e+00
1.006007418458139790e+00
1.005837828343704388e+00
1.005776255110156781e+00
1.006001259972373330e+00
1.006000642754246499e+00
1.005806352942143267e+00
1.005808324485248706e+00
1.006019069583877767e+00
1.005960716143095235e+00
1.005782456218528687e+00
1.005832347686786976e+00
1.006041059572310825e+00
1.005925404513749788e+00
1.005779788818960352e+00
1.005877896891458567e+00
1.006046305100906091e+00
1.005916270744022567e+00
1.005762659125368552e+00
1.005921474938842319e+00
1.006034522506358053e+00
1.005880704544388271e+00
1.005762812771325176e+00
1.005920519116531242e+00
1.006041577129647591e+00
1.005874614889054497e+00
1.005753580222060517e+00
1.005936778976525448e+00
1.006035172802524746e+00
1.005866956296048498e+00
1.005748284699972572e+00
1.005968606938452581e+00
1.006031497725311308e+00
1.005871030009897860e+00
1.005750993653518721e+00
1.006085796129420729e+00
1.005829010401924961e+00
1.006188732661287499e+00
1.005472807132133495e+00
1.006134465014571822e+00
1.005911917967803326e+00
1.005601546117177447e+00
1.006319229422521166e+00
1.005569595434764318e+00
1.005961954132789549e+00
1.006127181195709985e+00
1.005506908420330969e+00
1.006286548652406188e+00
1.005732495686178618e+00
1.005770702750244272e+00
1.006241345963198253e+00
1.005494929792010161e+00
1.006196798795251590e+00
1.005855017302856425e+00
1.005654875133926485e+00
1.006316141586542257e+00
1.005527333997801032e+00
1.006105078229827532e+00
1.005978154601166796e+00
1.005579528283873092e+00
1.006319114646933022e+00
1.005566034033520628e+00
1.006001763801141147e+00
1.006075463794260605e+00
1.005535886533127865e+00
1.006299441768380820e+00
1.005638447716469930e+00
1.005908573255285932e+00
1.006145166323760387e+00
1.005506860309613337e+00
1.006283072664964973e+00
1.005662600281788777e+00
1.005868432683646452e+00
1.006187589582729691e+00
1.005499966984164217e+00
1.006265398954426571e+00
1.005705289859798235e+00
1.005809957220858974e+00
1.006219079466152744e+00
1.005506896604938305e+00
1.006265853429671564e+00
1.005794680517549722e+00
1.006077244882853883e+00
1.006031217662774147e+00
1.005884501239690199e+00
1.005763371001429096e+00
1.005875455735903978e+00
1.006042503470036431e+00
1.005890144656541141e+00
1.005762589202364943e+00
1.005929285304366205e+00
1.006031434619557574e+00
1.005874971097904025e+00
1.005761096825022793e+00
1.005989551156562856e+00
1.006002779678659032e+00
