2.559122192736506651e+00
1.689048151905422346e+00
1.661202688621572054e+00
1.699128167419691193e+00
1.686275754257670734e+00
1.704497454935179901e+00
1.617169086016951862e+00
1.677188894009767006e+00
1.679179390702018715e+00
1.685729001544761685e+00
1.728584601499882911e+00
1.558020828808375446e+00
1.646341376648214005e+00
1.613196015838137098e+00
1.705427752775747097e+00
1.768317623530254679e+00
1.622509140917784309e+00
1.708001110339672612e+00
1.610859873327289415e+00
1.756638233048443798e+00
1.634255240202459936e+00
1.572670030779790507e+00
1.638442966387973376e+00
1.597747128415248463e+00
1.654479777445971411e+00
1.614665381850953763e+00
1.720258909734924346e+00
1.597284331707764515e+00
1.557099586546510483e+00
1.688129054550242314e+00
1.696246197538934686e+00
1.538583058903528755e+00
1.565385017991554273e+00
1.542132846508569965e+00
1.702754470115169116e+00
1.688179058728825677e+00
1.773046749339203254e+00
1.681137696877058607e+00
1.653518242623626122e+00
1.639491895749327188e+00
1.715561471935099114e+00
1.685509382410517620e+00
1.572922862104993991e+00
1.671218854514607166e+00
1.686490960681702678e+00
1.729117848370385957e+00
1.600250535129382090e+00
1.542037780341393827e+00
1.649641348275771691e+00
1.647539244527974844e+00
1.640146501662761214e+00
1.586128768818019674e+00
1.587260882919050875e+00
1.641906297050663710e+00
1.683166520053253956e+00
1.541174703606132956e+00
1.646714474372745762e+00
1.582662400058197250e+00
1.653902973189531389e+00
1.660657743487474525e+00
1.708119662117028037e+00
1.533847125463083882e+00
1.588107004839842906e+00
1.762196958417298065e+00
1.644633955312101437e+00
1.569273626983190395e+00
1.634266804091344838e+00
1.654100413896081312e+00
1.678807567184076976e+00
1.703155610891580407e+00
1.594086383156640085e+00
1.640265363176195423e+00
1.655346356488781812e+00
1.668873072800739710e+00
1.725433879425330108e+00
1.695649025618634509e+00
1.615789116876271914e+00
1.672648536760558802e+00
1.670999389807691360e+00
1.568153083172444173e+00
1.648495605518897289e+00
1.622105399913020163e+00
1.692800114521284982e+00
1.674873586573668804e+00
1.780739066781003910e+00
1.651114297089768979e+00
1.737901687820741614e+00
1.643339013530817905e+00
1.625684577806073561e+00
1.681567235617217326e+00
1.620282825989266318e+00
1.629342105434867127e+00
1.662403281241803477e+00
1.548718098318906833e+00
1.685039178431787077e+00
1.570120809482632884e+00
1.591791977885455900e+00
1.680485741882374651e+00
1.687577569119534493e+00
1.620770298621533323e+00
1.724848853146458527e+00
1.630561611157484103e+00
1.596252403825085375e+00
1.544129619130243825e+00
1.689769392136481807e+00
1.562066829090020148e+00
1.665696753791405582e+00
1.619537824252597735e+00
1.596374336100218283e+00
1.755046607476872467e+00
1.611040140333093840e+00
1.649212395013490040e+00
1.656955833559630165e+00
1.680716516840865093e+00
1.673122039703620390e+00
1.608998000364817660e+00
1.619213017342870709e+00
1.623417520400212366e+00
1.692858850938544490e+00
1.647383089943891710e+00
1.694065727636921759e+00
1.676225161506826433e+00
1.704204435612794777e+00
1.663934345899635403e+00
1.612145737976427240e+00
1.574259537091668992e+00
1.634879632848979414e+00
1.624729982321421629e+00
1.626553600660894716e+00
1.628036823243565578e+00
1.788651484701752725e+00
1.587954452996039878e+00
1.611588288386028855e+00
1.628148607992368602e+00
1.609367923809118528e+00
1.684788566334025850e+00
1.528363943665664859e+00
1.691127878780485538e+00
1.596404726727409962e+00
1.645845173829091568e+00
1.661553980005626707e+00
1.620129649725739363e+00
1.623315388688376659e+00
1.633386035878262810e+00
1.646766858472359374e+00
1.610016940480694103e+00
1.667916503475070256e+00
1.642441425602456428e+00
1.647519254629047580e+00
1.655180930033568032e+00
1.624769882639378826e+00
1.605124796518404562e+00
1.624482943757552755e+00
1.805670781943127468e+00
1.657244272749588410e+00
1.699277787221081359e+00
1.653636154632908806e+00
1.662743421956167866e+00
1.597764762528299132e+00
1.676387343408319630e+00
1.608724071936100897e+00
1.580841410180173989e+00
1.662182453199782861e+00
1.672568197048086125e+00
1.718153539196786150e+00
1.656805167967784653e+00
1.709676975691380107e+00
1.687249371523015906e+00
1.680875797044243170e+00
1.621812400061483750e+00
1.701472886143422736e+00
1.631336866078460623e+00
1.806477711035756162e+00
1.562066025294305716e+00
1.718993970310367825e+00
1.611059987889498446e+00
1.580696497687611890e+00
1.553931339874107254e+00
1.594629486567623822e+00
1.595487252669794298e+00
1.628535024121999797e+00
1.579464672511649903e+00
1.688291720097595983e+00
1.685332108948881968e+00
1.677739645844945837e+00
1.624447170504703664e+00
1.609202636909660145e+00
1.573357787555414999e+00
1.646691534232933130e+00
1.567033562827975235e+00
1.724849409008973655e+00
1.624860654941711502e+00
1.664445700253460059e+00
1.583365807850293905e+00
1.629343493489372907e+00
1.720053617274698743e+00
1.655381716863813635e+00
1.634831130908698693e+00
1.608098788408452329e+00
1.570036535038634717e+00
1.679300665767838208e+00
1.644088461003409218e+00
1.727230839394091166e+00
1.659303965113592572e+00
1.605434219148309305e+00
1.639044580643100435e+00
1.588144334320037654e+00
1.591931866397332307e+00
1.614017484870599928e+00
1.671035937530424009e+00
1.672712133082034924e+00
1.714969973144595983e+00
1.595559070656000777e+00
1.675758771401847369e+00
1.594773180458478823e+00
1.748797756052414387e+00
1.686940522681645849e+00
1.600907690148675400e+00
1.636544189816845130e+00
1.638953697078609162e+00
1.598424855517782461e+00
1.598914656716936777e+00
1.716851853145126450e+00
1.568377962434495343e+00
1.613197937948514404e+00
1.545526429343984098e+00
1.675362266932926669e+00
1.641310081933356813e+00
1.708279160008714825e+00
1.540158944602205704e+00
1.630450848773213890e+00
1.678670495989390332e+00
1.684658080580588413e+00
1.745441078484814224e+00
1.615434411055259867e+00
1.651643543595077146e+00
1.654174063777916093e+00
1.543987701388287670e+00
1.654460946786435960e+00
1.581220558343228388e+00
1.604025470544977683e+00
1.640218137467763126e+00
1.558659474487159136e+00
1.642752199290715254e+00
1.583257031010312677e+00
1.622183029665662524e+00
1.660556825577030438e+00
1.650702890265910217e+00
1.643891723617325384e+00
1.627852964256955026e+00
1.689975719770856033e+00
1.600944445514157932e+00
1.632553769926156972e+00
1.656455017263225082e+00
1.698236945905031936e+00
1.697084908660710711e+00
1.692419455682363072e+00
1.610953364828038969e+00
1.663325438475424134e+00
1.698832382355283110e+00
1.586528941706849549e+00
1.539153723889413072e+00
1.611255591605786019e+00
1.711964982527244050e+00
1.689105494823329723e+00
1.612993117610798777e+00
1.657838837944987098e+00
1.648501829481128667e+00
1.712163543299622281e+00
1.633872561902783849e+00
1.632583631819962466e+00
1.563058944505917758e+00
1.656061279184061430e+00
1.631891686398339480e+00
1.597178040649917863e+00
1.623548407941539429e+00
1.662150735062616569e+00
1.618320593339743763e+00
1.656424320593283150e+00
1.574347415850924525e+00
1.688802602822128796e+00
1.529486291434266176e+00
1.589057500524060584e+00
1.669819604826881410e+00
1.734279758020344619e+00
1.581523953780837211e+00
1.644168279673770439e+00
1.683078463445817130e+00
1.678082493710336909e+00
1.778514255778473441e+00
1.625788771621718087e+00
1.665160231623718401e+00
1.627608966086831366e+00
1.582918494316277291e+00
1.707080224235459021e+00
1.750939706211734226e+00
1.611758722094963847e+00
1.675129152887989248e+00
1.616855144740106498e+00
1.603357345411669188e+00
1.618522894971181625e+00
1.677635666660674874e+00
1.680879654283676139e+00
1.733783386127015991e+00
1.671702348084681988e+00
1.600691918869221686e+00
1.532868200883644727e+00
1.590015369318139804e+00
1.576308004366526072e+00
1.710461447201010232e+00
1.556225083481624916e+00
1.629495369925915149e+00
1.525725955477299056e+00
1.706558090530992278e+00
1.620560451262157420e+00
1.702022679614940470e+00
1.625031240991331449e+00
1.664936317182886372e+00
1.594845958398668717e+00
1.602226031520923133e+00
1.649038557613293099e+00
1.656959962356503890e+00
1.647876776972969637e+00
1.583189489263338467e+00
1.556100131362673666e+00
1.613588276606066962e+00
1.578824332821861187e+00
1.689195009258629865e+00
1.622679976349150621e+00
1.619523020744785047e+00
1.687433159425525853e+00
1.646219223617726435e+00
1.674519726865730807e+00
1.572238100281858619e+00
1.589443003846101821e+00
1.636620392374404265e+00
1.577813974891425719e+00
1.614299570319249533e+00
1.609690822926733933e+00
1.564327253575163779e+00
1.671225615168336232e+00
1.682195431559773580e+00
1.752263453888433409e+00
1.632512862489563954e+00
1.626990159048558482e+00
1.562216826295631078e+00
1.600627902884238951e+00
1.628650565641749370e+00
1.599325852172185147e+00
1.560749936671006921e+00
1.752243984519802344e+00
1.693420535856251297e+00
1.659674871763360482e+00
1.553069539247313724e+00
1.560196847823768218e+00
1.625559905676964734e+00
1.633615532866329989e+00
1.734745006450033378e+00
1.704740720818162414e+00
1.526245700245703496e+00
1.649365599924535575e+00
1.741820213208505663e+00
1.640009997623448124e+00
1.554282878352495123e+00
1.617411166493063046e+00
1.603699468568098085e+00
1.624739055785470399e+00
1.681629597318695213e+00
1.618079362387901288e+00
1.589454002661538912e+00
1.611201523973673888e+00
1.674064295835929528e+00
1.649771705974452551e+00
1.662449473898862884e+00
1.602575900068624826e+00
1.556613749506433830e+00
1.675548694123755844e+00
1.653122157962638061e+00
1.626267766316680685e+00
1.666068712486416636e+00
1.617088973091166615e+00
1.595814061876589252e+00
1.665480082922480509e+00
1.670531151632899558e+00
1.740743160573324788e+00
1.612122566763500409e+00
1.611209532985142578e+00
1.669449139823780515e+00
1.569660823743065148e+00
1.591651895046368503e+00
1.646958383060798781e+00
1.703838903046571929e+00
1.577386224105022272e+00
1.643228902621046927e+00
1.611269123138795889e+00
1.701474260579459941e+00
1.683530873623779067e+00
1.578343190454972511e+00
1.547014416152472149e+00
1.612440088802630234e+00
1.613264825060905627e+00
1.554804779888978805e+00
1.673600193092817046e+00
1.658795344550111350e+00
1.639006376598680648e+00
1.694943238677257602e+00
1.628856627738031415e+00
1.559250091973491292e+00
1.594103953715112265e+00
1.666686626813776773e+00
1.624397066929212485e+00
1.646898634127908601e+00
1.624856165970014255e+00
1.586530332334187499e+00
1.687128928327330080e+00
1.636817123931789020e+00
1.673747629048076613e+00
1.625019957686058891e+00
1.589581426577317158e+00
1.591768998737934426e+00
1.711539978014275265e+00
1.664643990543279273e+00
1.566611984944269897e+00
1.597345033075264320e+00
1.693087136498858225e+00
1.629589048066956369e+00
1.644615471223688452e+00
1.600087464993567021e+00
1.679440887604483512e+00
1.773023108869417497e+00
1.716720809884146659e+00
1.673285305167259818e+00
1.651827778998761875e+00
1.631318598248401974e+00
1.650622249763620930e+00
1.782508328374646789e+00
1.669122901895691902e+00
1.571713240749552432e+00
1.700210456621177979e+00
1.729817233383983632e+00
1.725729212230401322e+00
1.674917172239709595e+00
1.657806742948114032e+00
1.705865984541498515e+00
1.588290713546570920e+00
1.653037486351123242e+00
1.639547692767519660e+00
1.575774852877719567e+00
1.622203208107763528e+00
1.713609508609452714e+00
1.553241632024517482e+00
1.626809845419987521e+00
1.578960233741622199e+00
1.561367669567780947e+00
1.597115595786966491e+00
1.573864294485621818e+00
1.673898252437886480e+00
1.594070705543129796e+00
1.592639642975488989e+00
1.738819628002692186e+00
1.728667017214488677e+00
1.811424718987878935e+00
1.627602444351671673e+00
1.653746758035690601e+00
1.576639060611600529e+00
1.601793458363291345e+00
1.584707077784156981e+00
1.654913318417564394e+00
1.661274682799039670e+00
1.690119748430675140e+00
1.553042843655543681e+00
1.628215668914655856e+00
1.583240200400436004e+00
1.610495364658928175e+00
1.579827338280957783e+00
1.595275851448631599e+00
1.609928538334798764e+00
1.574003909706523929e+00
1.667713845708772791e+00
1.723238989530895271e+00
1.620369083466322691e+00
1.639198775888941695e+00
1.770446814625180609e+00
1.670292457646438633e+00
1.641508901550237098e+00
1.583853921813663579e+00
1.695534254957096199e+00
1.717742859548289314e+00
1.667924666072964524e+00
1.722228653415723620e+00
1.607508646881644854e+00
1.688703720566863797e+00
1.616737704643426587e+00
1.580802911594358928e+00
1.660917719530309311e+00
1.600839664552996977e+00
1.717842581559144488e+00
1.630131634001913854e+00
1.567839671535360413e+00
1.602776309006412436e+00
1.589363722156994285e+00
1.796062859302806070e+00
1.585933689123555368e+00
1.602465211184182614e+00
1.602363758483992706e+00
1.624254821193217513e+00
1.638052478520067856e+00
1.630127322286948566e+00
1.615100037486104423e+00
1.578906081101646430e+00
1.626177767637531302e+00
1.625618872017641214e+00
1.608611557138197368e+00
1.671623249827961954e+00
1.566088240875142867e+00
1.622472196596294047e+00
1.577386398055148353e+00
1.754512917740453481e+00
1.595648909053407394e+00
1.591966376997213439e+00
1.589706011316812884e+00
1.554372256337265501e+00
1.700720609472959444e+00
1.625616550118297532e+00
1.538814097102726430e+00
1.574847883977856799e+00
1.641019738533904704e+00
1.578089158156051441e+00
1.738436785940056017e+00
1.636994157407840378e+00
1.597147871569663202e+00
1.714953398998016798e+00
1.566543564094402097e+00
1.605777555412885471e+00
1.682967565546323874e+00
1.686897782696803016e+00
1.601271560382887982e+00
1.636110017350153045e+00
1.647233715332338200e+00
1.719594541984572178e+00
1.675024089129157678e+00
1.643913314340613718e+00
1.726027984100123369e+00
1.705061876845078261e+00
1.562405312893047959e+00
1.705575911884119167e+00
1.565707814098568962e+00
1.591058497092511459e+00
1.611286491816684041e+00
1.665209662720289252e+00
1.695400187292786409e+00
1.573852668553012313e+00
1.578859936395940800e+00
1.756341423137924629e+00
1.608702140540326564e+00
1.571276557429986953e+00
1.649423864364789161e+00
1.732844083046545913e+00
1.670648800395530431e+00
1.614659412751152878e+00
1.653800402189190333e+00
1.622240928166218676e+00
1.628686917072972751e+00
1.621786312963278354e+00
1.654252922447531304e+00
1.662774684663669733e+00
1.689553646373243012e+00
1.672314497370922082e+00
1.698876622781881451e+00
1.576739096256774220e+00
1.662105008616762802e+00
1.714767272320735225e+00
1.672516051364422607e+00
1.726660124862287926e+00
1.615967286469830011e+00
1.530721292582975623e+00
1.634738446502712828e+00
1.602622251451781166e+00
1.586330831407872344e+00
1.729793029702645590e+00
1.571899060713671359e+00
1.696977207379717134e+00
1.648046835193739401e+00
1.632165759575387343e+00
1.733667656548749214e+00
1.604131851626034555e+00
1.547283840512907238e+00
1.644373593182516302e+00
1.576329552876598816e+00
1.567755502126080502e+00
1.663359135883973661e+00
1.580802745055727820e+00
1.682830234012616000e+00
1.646173402052280466e+00
1.656553271144193040e+00
1.629119616176011087e+00
1.558283445786562860e+00
1.630687865801455638e+00
1.795637530401192228e+00
1.632183852930290779e+00
1.699647073614497073e+00
1.871642210549580687e+00
1.680245120094437050e+00
1.597805399431015960e+00
1.619653254843627987e+00
1.622547406893437572e+00
1.678311017190406318e+00
1.672029532778939842e+00
1.581530686008332465e+00
1.623014815600902994e+00
1.783697684539767403e+00
1.681984748764867588e+00
1.626402096368600336e+00
1.675793143745011982e+00
1.594497860769392261e+00
1.728440972184901003e+00
1.601939017040042712e+00
1.726668651391662257e+00
1.505889299886197463e+00
1.663753141904379396e+00
1.563684638569490248e+00
1.606891712647909642e+00
1.593342642687838540e+00
1.603573743765783766e+00
1.659406007735889643e+00
1.625301855926557293e+00
1.608862904288501205e+00
1.587278625109372454e+00
1.752456093561018280e+00
1.621553129703990237e+00
1.547520221490839898e+00
1.648421976456837523e+00
1.616818911393773872e+00
1.567874891495256717e+00
1.663892810525169574e+00
1.537656000721456140e+00
1.585810630601621529e+00
1.571188491367994544e+00
1.598190699618208699e+00
1.650226403644346584e+00
1.598610970763379102e+00
1.699676697877458009e+00
1.557553438642427235e+00
1.707782790710427046e+00
1.705705077741275222e+00
1.619732162017700094e+00
1.625689409257219609e+00
1.538803152223400694e+00
1.681974620123018127e+00
1.659770396632750167e+00
1.679745828657700502e+00
1.561833804523156344e+00
1.607638930142313294e+00
1.624460138126247788e+00
1.604859448805852518e+00
1.556095236219747546e+00
1.581261722985959572e+00
1.635248418134357618e+00
1.627892779842813775e+00
1.557514367291702007e+00
1.641549058873199796e+00
1.605808429112721036e+00
1.653955782561446375e+00
1.536985508355240393e+00
1.539299980939315304e+00
1.649687053841464301e+00
1.659028038910195235e+00
1.657488346375626032e+00
1.697343753399227717e+00
1.756236258748264500e+00
1.535915840384574960e+00
1.705044667362634492e+00
1.582559931988782420e+00
1.632331159289347022e+00
1.586338510099137400e+00
1.727222694559425786e+00
1.651827316421027314e+00
1.774014179205902320e+00
1.641273194703581240e+00
1.646410629199467124e+00
1.604432383787445016e+00
1.640736732620086125e+00
1.675595722481622030e+00
1.627869898506242086e+00
1.638665608152272357e+00
1.606936364193413347e+00
1.612612230875150932e+00
1.552691967130483297e+00
1.594214321575758042e+00
1.628724158368230812e+00
1.570119829620153062e+00
1.625264627894754232e+00
1.737639397443474731e+00
1.669332520043239620e+00
1.558656495526016039e+00
1.727718490242341476e+00
1.878204865531368783e+00
1.664194055778259962e+00
1.627534299344912005e+00
1.638487254266982607e+00
1.648657595871315884e+00
1.651704632069966872e+00
1.663859020969922886e+00
1.707294806148354160e+00
1.542162835378520835e+00
1.664610060032480909e+00
1.682412536877571974e+00
1.577757461894360169e+00
1.640255454149160741e+00
1.714783216107304442e+00
1.687240455184652266e+00
1.660565502203313670e+00
1.632015589068085859e+00
1.648582711447669658e+00
1.668128069844879047e+00
1.736594593779364537e+00
1.589230438340477392e+00
1.641176353568173818e+00
1.633131689257822483e+00
1.578629948682761297e+00
1.728753496263363276e+00
1.708599787590718844e+00
1.576552257148890357e+00
1.664710266314121778e+00
1.656363725213011451e+00
1.607137823891601869e+00
1.676205348717224819e+00
1.632647483701956670e+00
1.584614704103691318e+00
1.647346178642264958e+00
1.604922906823046391e+00
1.578959848949732514e+00
1.597587609452803870e+00
1.692866267202241648e+00
1.566225319058548449e+00
1.589117048467308058e+00
1.699654297338585307e+00
1.702364444309212299e+00
1.607593480340493652e+00
1.533140618320687487e+00
1.817218667783509378e+00
1.600943137305415931e+00
1.729315044833705350e+00
1.614274551886017983e+00
1.646177727820153258e+00
1.626236401360807049e+00
1.633789337101430261e+00
1.622874779969886383e+00
1.618296893300968264e+00
1.617622155875216183e+00
1.608781251482258590e+00
1.635538393816059699e+00
1.610551555523889400e+00
1.590481682072586000e+00
1.601912791524955137e+00
1.600809364467306484e+00
1.575880117818599047e+00
1.605158364616788624e+00
1.618863527954883086e+00
1.598320415171615494e+00
1.637482086982549934e+00
1.631995562989439597e+00
1.631579819370623907e+00
1.692521826120460871e+00
1.656696610097230682e+00
1.703157130867565039e+00
1.710572576906106201e+00
1.604678776543807972e+00
1.684821078246822257e+00
1.563278432481003843e+00
1.600987082169885500e+00
1.578129044859801100e+00
1.645847310213369052e+00
1.631902345166680757e+00
1.644588021586640414e+00
1.619909289838930899e+00
1.705375483829846717e+00
1.589312241787561364e+00
1.548125997657220365e+00
1.617054953679355700e+00
1.671006015323489580e+00
1.590123681973626191e+00
1.601070014049291057e+00
1.615206746900137880e+00
1.642710309392779289e+00
1.645215053585372678e+00
1.630022975374534111e+00
1.555612622504106035e+00
1.680135188110702948e+00
1.651928291938910887e+00
1.669270722546314145e+00
1.716443763591057214e+00
1.667754185377690046e+00
1.677048976795773028e+00
1.626352684315468977e+00
1.654438901984135901e+00
1.585443166557195083e+00
1.664359664859880628e+00
1.705755527219253054e+00
1.643073109452072966e+00
1.599820436155862780e+00
1.609303700069985910e+00
1.625883560005884743e+00
1.628401741576752437e+00
1.616788580800873953e+00
1.596716869913344272e+00
1.625968654054722240e+00
1.658423253127464747e+00
1.651933237698028689e+00
1.757632376637750626e+00
1.631096092988741253e+00
1.645409074136359395e+00
1.559596030385909771e+00
1.599617607479308701e+00
1.628302381576400171e+00
1.551150158962873338e+00
1.574560452260845844e+00
1.647197084989148186e+00
1.706773659110915942e+00
1.665850403160078264e+00
1.708176434229817353e+00
1.654699000356402161e+00
1.577643823290722391e+00
1.635529738367765828e+00
1.634926549712149457e+00
1.756829130830140029e+00
1.567097856164817893e+00
1.554209698331042944e+00
1.668905837487939303e+00
1.640775488213628064e+00
1.604598414472145462e+00
1.617360879357609971e+00
1.570698835590714326e+00
1.652957127683094551e+00
1.693263245849253584e+00
1.693509627921222060e+00
1.755012172243673563e+00
1.618403016957906448e+00
1.630852198031296663e+00
1.671242775907587408e+00
1.672761470921026339e+00
1.646803019558843451e+00
1.662754003589788976e+00
1.659705689082824787e+00
1.589786899661361330e+00
1.663728500717864156e+00
1.733402318572009992e+00
1.616176959253722956e+00
1.604014467797798549e+00
1.635309524285374572e+00
1.612516741111324370e+00
1.698364763039745817e+00
1.633284102663274728e+00
1.676016308938190091e+00
1.579297210118870254e+00
1.569158190167899258e+00
1.625789959296867204e+00
1.683685719802651803e+00
1.643456191182104620e+00
1.725270458623291869e+00
1.630428077379604490e+00
1.598272223501199241e+00
1.503709684525649237e+00
1.618734100273716781e+00
1.753560180255559375e+00
1.642200663295340979e+00
1.571520823551265211e+00
1.649128834785347220e+00
1.591733957621235707e+00
1.591421215733962446e+00
1.673741434975521747e+00
1.636336489669517613e+00
1.702243421117997757e+00
1.668977939036141223e+00
1.613711893719558921e+00
1.589879999673064592e+00
1.640330971392006010e+00
1.689235781528411362e+00
1.663798346232766567e+00
1.664935583144798725e+00
1.634969942967406720e+00
1.630035366203881120e+00
1.648087797370678897e+00
1.665088023986294630e+00
1.723661618174734400e+00
1.516999556340808075e+00
1.669715568060129884e+00
1.600990489795566463e+00
1.626964364502776483e+00
1.586996400523611239e+00
1.612543461370841591e+00
1.608591921893144150e+00
1.655638116988136233e+00
1.723189735327437466e+00
1.632651853729989222e+00
1.644918137540311243e+00
1.682884549079221470e+00
1.612834137477820118e+00
1.701836215354253667e+00
1.630340521752408511e+00
1.661634427272325354e+00
1.681535684300705880e+00
1.694723348589392664e+00
1.635232580863001495e+00
1.570605025664302712e+00
1.558382892713222390e+00
1.705209766421192041e+00
1.571554242793782752e+00
1.677912580246919472e+00
1.721422665245163852e+00
1.605760154212379387e+00
1.663479167794129632e+00
1.602539814884414104e+00
1.641605228513037806e+00
1.677679513326389316e+00
1.572889225196713037e+00
1.639948545842973671e+00
1.630061926265567562e+00
1.705472705484076368e+00
1.666225166552384840e+00
1.593888933492409565e+00
1.699581944363682595e+00
1.556903212539248127e+00
1.643183568556153773e+00
1.620747079603207519e+00
1.650761484685357550e+00
1.650667457417686057e+00
1.623525666755395003e+00
1.620094622157380648e+00
1.688801801151258886e+00
1.688454287186475167e+00
1.620563230399018062e+00
1.702819784847578788e+00
1.642106038983071947e+00
1.644336722987352672e+00
1.592719534206316956e+00
1.631028250604424690e+00
1.704706881712016786e+00
1.668631623564069910e+00
1.547221630996874930e+00
1.619829319690990532e+00
1.619414584104959642e+00
1.583697008702507070e+00
1.597302562679462579e+00
1.655370806446315513e+00
1.650469804919283190e+00
1.720174439065765393e+00
1.688708988956486134e+00
1.638983796915911784e+00
1.715985908671410654e+00
1.540933670133889599e+00
1.603113680852496392e+00
1.626818058478902485e+00
1.645276303407332552e+00
1.648826883761364659e+00
1.596123342359917263e+00
1.580880493090170757e+00
1.614464172499731287e+00
1.769090576063274245e+00
1.620571302241239797e+00
1.677858513418901243e+00
1.673223363861927826e+00
1.577223307378252004e+00
1.631789488375560593e+00
1.793930105826378352e+00
1.639046018376827174e+00
1.659239453611817350e+00
1.777197463579803793e+00
1.651385282723126124e+00
1.718380884141672116e+00
1.706460324490759906e+00
1.555029738944283313e+00
1.601017492240411677e+00
1.656405691361552801e+00
1.706708839892972840e+00
1.662503149787025514e+00
1.664355402664750683e+00
1.721058154960392050e+00
1.677022731318828619e+00
1.704756271284227687e+00
1.656396177405355941e+00
1.524823661200931602e+00
1.545185640828130147e+00
1.609355171053718614e+00
1.675778609507123651e+00
1.625567628377443397e+00
1.560514039159769828e+00
1.607709246729951191e+00
1.644948387405079870e+00
1.756524699747607388e+00
1.565442093842566162e+00
1.666618372940566140e+00
1.637512528105592668e+00
1.650938665125948779e+00
1.522454262055798591e+00
1.606231899210203817e+00
1.629142448660869658e+00
1.616489125779503544e+00
1.645721548299672543e+00
1.654506237655899659e+00
