4.704137390297951060e+04
4.448048211692213954e+04
4.341386366764092963e+04
4.275439690203812643e+04
4.739856213377638051e+04
4.482306112520734314e+04
4.847976227712179389e+04
4.766085223563089676e+04
4.717014413206458994e+04
4.509586866716705117e+04
4.634715942416882172e+04
4.707487638537451130e+04
4.580908001802260696e+04
4.571392158253048547e+04
4.538939455614714825e+04
4.421663934897942090e+04
4.546826841014728416e+04
4.520786906033554260e+04
4.721537315323726943e+04
4.337286477150335850e+04
4.542178657236467552e+04
4.311296064311928785e+04
4.650939739888195618e+04
4.613695139005926467e+04
4.452880171701774816e+04
4.424298783219538018e+04
4.683696345886403287e+04
4.780167720181114419e+04
4.663102327613942907e+04
4.677017741388588183e+04
4.382527792139633675e+04
4.504632481495300453e+04
4.529548751056155015e+04
4.389341075424040901e+04
4.487923937812692748e+04
4.510106580480487901e+04
4.494630855997338949e+04
4.518107878614075889e+04
4.408204747815518203e+04
4.624444904589562066e+04
4.692220656544255326e+04
4.381029198639030801e+04
4.615185489368237177e+04
4.593542921318081790e+04
4.559583855049713020e+04
4.405057159604385379e+04
4.353262262343973271e+04
4.594998663395886251e+04
4.380616287808576453e+04
4.710880139337780565e+04
4.398335074131777947e+04
4.579007707102719723e+04
4.597891248061955412e+04
4.295210394682245533e+04
4.588308407555572194e+04
4.482313438030831458e+04
4.475669850550613046e+04
4.483191055398063327e+04
4.764203580797263567e+04
4.409856778885861422e+04
4.508972444278804323e+04
4.517611283776271739e+04
4.420592613766065188e+04
4.477648464926063753e+04
4.570329421691186872e+04
4.397897957417728321e+04
4.428759218243975920e+04
4.588924449266806187e+04
4.359324880571136600e+04
4.546557897550234338e+04
4.369025380170908466e+04
4.189099499378028122e+04
4.530189310132263927e+04
4.468548301010194700e+04
4.520205389216369076e+04
4.255523283913343039e+04
4.431005570070161775e+04
4.252036898698389996e+04
4.194059447702307079e+04
4.674032279924103932e+04
4.437390465853310889e+04
4.339489716343998589e+04
4.493145009534304700e+04
4.551819019862369896e+04
4.639779009673838300e+04
4.444967091296468425e+04
4.525592562175761122e+04
4.551449324238677218e+04
4.569702584804502112e+04
4.640233668276554090e+04
4.695095363959724637e+04
4.486881446646904806e+04
4.764589863430083642e+04
4.515538112756628834e+04
4.540813948945074662e+04
4.323700584013338812e+04
4.502572184244127129e+04
4.762085525423883519e+04
4.443655028311711794e+04
4.488851559282714879e+04
4.758895107142053166e+04
4.348399665044259018e+04
4.614715104612985306e+04
4.511254852577443671e+04
4.758238374099179782e+04
4.349214035392134974e+04
4.279284569241754798e+04
4.833114502030771837e+04
4.311449397275780939e+04
4.401505542265574331e+04
4.724599614371315693e+04
4.723418369068587344e+04
4.453474278667116596e+04
4.745385805884016008e+04
4.486142682673299714e+04
4.467175160178101214e+04
4.617299112325973692e+04
4.416866392482123774e+04
4.732894145464243775e+04
4.624707299981280812e+04
4.528494745994197729e+04
4.697149770063511824e+04
4.257180081258671999e+04
4.435088455236925802e+04
4.517188977162143419e+04
4.668412596181151457e+04
4.440581934629702300e+04
4.377107166363352007e+04
4.856619685261536506e+04
4.604499295555145363e+04
4.765050943048467889e+04
4.467465986330726446e+04
4.568072737942032109e+04
4.289645296308904653e+04
4.515729700951081759e+04
4.593485586302576849e+04
4.563427339081680839e+04
4.727771445504014991e+04
4.237140864376626996e+04
4.772902168075169175e+04
4.514628307807337114e+04
4.555153646092056442e+04
4.623087121292087977e+04
4.634502946948802855e+04
4.508800804425510432e+04
4.815066506794044108e+04
4.274352235928262235e+04
4.515090155716481240e+04
4.348142011391703272e+04
4.475504492692763597e+04
4.261442567023369338e+04
4.371379698563665443e+04
4.259663543268175999e+04
4.531967539089648926e+04
4.437388619327850029e+04
4.598321376804905594e+04
4.535285814044017025e+04
4.555272854181575531e+04
4.722134408544559847e+04
4.624674679670244223e+04
4.382518624892525258e+04
4.539911742214446713e+04
4.127501471504861547e+04
4.656374633226891456e+04
4.517642996991149266e+04
4.582920028348295455e+04
4.604394984101225418e+04
4.291093562686323276e+04
4.160406314600858605e+04
4.280165277890602010e+04
4.347741081340602250e+04
4.408679621295003744e+04
4.489229555167364015e+04
4.380230659254585044e+04
4.185106945718766656e+04
4.473030594382172421e+04
4.553378662141038512e+04
4.421755577474575693e+04
4.553781591689027846e+04
4.402095693737757392e+04
4.410479680091608316e+04
4.599484143336270063e+04
4.502533572686707339e+04
4.593862157717585796e+04
4.822711999152151111e+04
4.504902503466420603e+04
4.675592357327373611e+04
4.590587657854344434e+04
4.536450738279960206e+04
4.519703404579460766e+04
4.666420517201863549e+04
4.420528449376911158e+04
4.565651410270276392e+04
4.537199992923109676e+04
4.495510240087615966e+04
4.528214703665162233e+04
4.802374710459958442e+04
4.654236234368544683e+04
4.410007700283393933e+04
4.446985899140410038e+04
4.703430754348974006e+04
4.202772962412423658e+04
4.655287830592699902e+04
4.135266417947876471e+04
4.334477398064918088e+04
4.472772606526759773e+04
4.512675317813350557e+04
4.735907185227646551e+04
4.528037143532658229e+04
4.527489872960507637e+04
4.497753508589121338e+04
4.266254271766780585e+04
4.852298300828454376e+04
4.626408544797196373e+04
4.436435252744022728e+04
4.511246938898604276e+04
4.554471340277322452e+04
4.257775106673117989e+04
4.434445584988844348e+04
4.415877701526164310e+04
4.854570253146497271e+04
4.762837533220021578e+04
4.314623766572989553e+04
4.707606335183952615e+04
4.615754885113140335e+04
4.291772567523446924e+04
4.687996192078653257e+04
4.510405120536156755e+04
4.442857235018313804e+04
4.509707348967243888e+04
4.735011258135791286e+04
4.667736192440179002e+04
4.454034199631527736e+04
4.369415387045709940e+04
4.506689687156063155e+04
4.452593567097571213e+04
4.308264606518623623e+04
4.540672090401258902e+04
4.454713330852850777e+04
4.516398569487601344e+04
4.669969306632245571e+04
4.457320558851685928e+04
4.492171729550115560e+04
4.401985152317512984e+04
4.337912122451455798e+04
4.380424135894131177e+04
4.480731268864516460e+04
4.694359962645749329e+04
4.408304300432791206e+04
4.489329679724541347e+04
4.277428318566326197e+04
4.373457601018736023e+04
4.445080020595534006e+04
4.383467787465208676e+04
4.894481026935438422e+04
4.330477566672961257e+04
4.165681977351945534e+04
4.595021078986414068e+04
4.483213540302213369e+04
4.268493452478667314e+04
4.623553383224116988e+04
4.538846680824652867e+04
4.604022476557806658e+04
4.814479503683097573e+04
4.611971068556944374e+04
4.464884086205194762e+04
4.488226882779229345e+04
4.334475896240706788e+04
4.469397120030109363e+04
4.126029253900719050e+04
4.439899831082370656e+04
4.500163780580882303e+04
4.606900523181482276e+04
4.392837811019775836e+04
4.327928291038321186e+04
4.265594992034789902e+04
4.345448767923256673e+04
4.920509717127175099e+04
4.477499132727998222e+04
4.798274563082511304e+04
4.759804259344751335e+04
4.556725990340417047e+04
4.259836831327328400e+04
4.806524977668351494e+04
4.470626572812855738e+04
4.406770369528054289e+04
4.554989467624530516e+04
4.423207705982544576e+04
4.486438492360243254e+04
4.614046194835950155e+04
4.452810031758258992e+04
4.725563061433225812e+04
4.607139652573644707e+04
4.738141527117000805e+04
4.529562943199370056e+04
4.801291481447647675e+04
4.486894230775248434e+04
4.794060516508881119e+04
4.690977361476386432e+04
4.841461526307409804e+04
4.712976079937988106e+04
4.446981324708944157e+04
4.470088270248854678e+04
4.363826151610060333e+04
4.235474053215677850e+04
4.311611064993154287e+04
4.596633340425825736e+04
4.487995824063446344e+04
4.495172636690794025e+04
4.577383300077015883e+04
4.398699082668298797e+04
4.513343544470036431e+04
4.860069768227155146e+04
4.607267590999458480e+04
4.679704180484379322e+04
4.593387441211888654e+04
4.667630904166795517e+04
4.730450229180466704e+04
4.663460632089379942e+04
4.474974147797482146e+04
4.518478309455676208e+04
4.537535539425809111e+04
4.493050712618856778e+04
4.402036898193627712e+04
4.873693101126787951e+04
4.539118773779307230e+04
4.860256939262170636e+04
4.432097906643676106e+04
4.519232468229965889e+04
4.367939735529689642e+04
4.311076452050579974e+04
4.517008471638774790e+04
4.396374642047314410e+04
4.535907694104177790e+04
4.580048171964810899e+04
4.728377535332933621e+04
4.630992565922304493e+04
4.640471711143043649e+04
4.448907122161678853e+04
4.736563089878096071e+04
4.769125276466805371e+04
4.559585954272979870e+04
4.458281900448255328e+04
4.362876802110186691e+04
4.487331823009403161e+04
4.356315493522477482e+04
4.627601047375512280e+04
4.683150447239206551e+04
4.487141953871517762e+04
4.609539081295696087e+04
4.175303477467792982e+04
4.532076366881516151e+04
4.414788118964521709e+04
4.253850403603834275e+04
4.696212369836628204e+04
4.413842245395731152e+04
4.488218490859315352e+04
4.159070161441712844e+04
4.421774375203577802e+04
4.486942555225505930e+04
4.569326614816844085e+04
4.461000800738828548e+04
4.535048122971060366e+04
4.326099018668547797e+04
4.358544454298879282e+04
4.522981355625023571e+04
4.407275381350437965e+04
4.600604431848422246e+04
4.973646895523470448e+04
4.356629792234957858e+04
4.289955177663050563e+04
4.644589824899274390e+04
4.405321037587158935e+04
4.395210841342192725e+04
4.484419211582675780e+04
4.549755180199013557e+04
4.280449138759049674e+04
4.397572137423276581e+04
4.407666551939626515e+04
4.721722742916947027e+04
4.262900074857829168e+04
4.916387085347343964e+04
4.378621229478832538e+04
4.287319520171087061e+04
4.519701146384825552e+04
4.386094676343112951e+04
4.753513617365962273e+04
4.512374142433300585e+04
4.480158718834892352e+04
4.621384222596334439e+04
4.466052518283485551e+04
4.424080815150596027e+04
4.756909396643359651e+04
4.822705775293335319e+04
4.518158268158181454e+04
4.364819069881707401e+04
4.360844916518082755e+04
4.435306287667242577e+04
4.361065398045690381e+04
4.462544539490112220e+04
4.439548388638598408e+04
4.603623292930462048e+04
4.597260720559953916e+04
4.592024000104200968e+04
4.395241268272651359e+04
4.535361123122963909e+04
4.746677669132942538e+04
4.586150264424923080e+04
4.760293609327469312e+04
4.549327406555974449e+04
4.398849279020271206e+04
4.452543283234827686e+04
4.714121523732967034e+04
4.497816695335590339e+04
4.746564426731577259e+04
4.580442923098984465e+04
4.613211170331873291e+04
4.550451962213974184e+04
4.333429159737643204e+04
4.554519207656428625e+04
4.608653631960479834e+04
4.522645219249589718e+04
4.870921491174634866e+04
4.305426892357709585e+04
4.641947724647586438e+04
4.782293573717943218e+04
4.578007321029739978e+04
4.789691858941967075e+04
4.640762033879892988e+04
4.606377337880122650e+04
4.698892171398250503e+04
4.524086901496550126e+04
4.642877608910870185e+04
4.376858416570559348e+04
4.616001248738157301e+04
4.531091166896811046e+04
4.611226581818304840e+04
4.580397309096519894e+04
4.604004641259562050e+04
4.441037778232539131e+04
4.614634238060045027e+04
4.345220075325585640e+04
4.385223542136752076e+04
4.503449727668983542e+04
4.417149776355401991e+04
4.493308661809031764e+04
4.386934610171205713e+04
4.432179960586478410e+04
4.532279189620574471e+04
4.423890575397572684e+04
4.441233552313924156e+04
4.307652235696065327e+04
4.519974196059942915e+04
4.729180177741569787e+04
4.665939806180059531e+04
4.670487534654377669e+04
4.591011104416925809e+04
4.585022655164897878e+04
4.446269066562387161e+04
4.193860091636957804e+04
4.529038873626625718e+04
4.536321592190694355e+04
4.533606624724682479e+04
4.370087112729751243e+04
4.558884081865921326e+04
4.531527188204436970e+04
4.309915520526090404e+04
4.578987627733725094e+04
4.494897710041695245e+04
4.668281058161901456e+04
4.437297379774170986e+04
4.488446293486429204e+04
4.250139708336869808e+04
4.384883967527200730e+04
4.416502379943063715e+04
4.754130023134691146e+04
4.568851005498308950e+04
4.456828694710822310e+04
4.329831784548875294e+04
4.741331698282466823e+04
4.447736003458411869e+04
4.525753982216568693e+04
4.528277010245362180e+04
4.457209189717590925e+04
4.354544383481742261e+04
4.634285352678978961e+04
4.347616196094767656e+04
4.779503831674735557e+04
4.747226794154370145e+04
4.395891065872068430e+04
4.456165372355368163e+04
4.458853012438697624e+04
4.582907249446755304e+04
4.410902241322521877e+04
4.521198999027306127e+04
4.470336263503201917e+04
4.506915361461869907e+04
4.429102854658911383e+04
4.658965011874590709e+04
4.640738524368735671e+04
4.416358688181929756e+04
4.301257599293949897e+04
4.661922500199115166e+04
4.636239997058048175e+04
4.683227257295249728e+04
4.579453366703118081e+04
4.352908242806833005e+04
4.491346539106819546e+04
4.722625086314483633e+04
4.544939318201146671e+04
4.515438753119530884e+04
4.460720726719336380e+04
4.450421571465955640e+04
4.750073436660381412e+04
4.368627351638529944e+04
4.765376887312684994e+04
4.426287905133921595e+04
4.402833360121808801e+04
4.834142531065372168e+04
4.406491002048656810e+04
4.534422526978574024e+04
4.467310490117087465e+04
4.733660553422296653e+04
4.529116071826032567e+04
4.292467600098244293e+04
4.542128435584172985e+04
4.548243120608421304e+04
4.832941634887032706e+04
4.685998225373072637e+04
4.681868441601536324e+04
4.532698007110251638e+04
4.272011645354058419e+04
4.599279918409306993e+04
4.573584135198256990e+04
4.939839439468357887e+04
4.634744767598526232e+04
4.301483785035197070e+04
4.335995167976809898e+04
4.120341803531964979e+04
4.461530811392396572e+04
4.494950547215250117e+04
4.380120988757405576e+04
4.609030861630275467e+04
4.669240342528951442e+04
4.215047262252774817e+04
4.564754093185900274e+04
4.418247531885108765e+04
4.552560763850987860e+04
4.519207116101050633e+04
4.496661802099643683e+04
4.739596419212155160e+04
4.634106485084537417e+04
4.207897966851395904e+04
4.398198088408545300e+04
4.545540887818808551e+04
4.176450734377204935e+04
4.487236911697975302e+04
4.482077036215450789e+04
4.398213613372422697e+04
4.018555942647384654e+04
4.799415882262579544e+04
4.527831583412963664e+04
4.524396580842501135e+04
4.465663935004924861e+04
4.365882948361543095e+04
4.321651759197236970e+04
4.548263667512585380e+04
4.643411337730852392e+04
4.398823934625533002e+04
4.451523012026794459e+04
4.462029654436074634e+04
4.438123192809419561e+04
4.450227258316701773e+04
4.492110700317339797e+04
4.577837735397696088e+04
4.498079781701024331e+04
4.390385521971228445e+04
4.555968022997544176e+04
4.826112668410319020e+04
4.407911104960874945e+04
4.394874322348828719e+04
4.672690547341979982e+04
4.475780208976174617e+04
4.584257658741701016e+04
4.702456489187782427e+04
4.325560469338623079e+04
4.271735542140114558e+04
4.764666005875349947e+04
4.377160123967239633e+04
4.796208152431198687e+04
4.681481154695383884e+04
4.447697127753993846e+04
4.399746598126785830e+04
4.548914407142889831e+04
4.447032049701760116e+04
4.482850103471179318e+04
4.482518631778399867e+04
4.563448160793501302e+04
4.452597749517532793e+04
4.413759160476981197e+04
4.616132499929227197e+04
4.708973401223548717e+04
4.628926196449809504e+04
4.357227569995413069e+04
4.487987237204580742e+04
4.395976619802393543e+04
4.698921012707326736e+04
4.469641619537134102e+04
4.612852690456970595e+04
4.763318075245866203e+04
4.635425034712725028e+04
4.658578741959761828e+04
4.340838897867867490e+04
4.535842529225521866e+04
4.868749376054725144e+04
4.356699176445427292e+04
4.593014746376130643e+04
4.459004027528323786e+04
4.761753587067651097e+04
4.782641515948588494e+04
4.583801092736991995e+04
4.669780209748674679e+04
4.368251509013617033e+04
4.532152015706554084e+04
4.350113669075514917e+04
4.680472766505105392e+04
4.831961260558248614e+04
4.546320771857231011e+04
4.468449674292293639e+04
4.385951416976280598e+04
4.422954368547675404e+04
4.103159516077843728e+04
4.703404259059253673e+04
4.514961756462977792e+04
4.818476417958477396e+04
4.315919761658976495e+04
4.561809889415941871e+04
4.374747027288730897e+04
4.709447620503798680e+04
4.544960065428417147e+04
4.638800123599225481e+04
4.454230188253337110e+04
4.663277351513873145e+04
4.824510408751010982e+04
4.682696453197982191e+04
4.640620644389777590e+04
4.283059426453022752e+04
4.594006251405186777e+04
4.467361813843058189e+04
4.155951393608994840e+04
4.689045709925862320e+04
4.406826160722155328e+04
4.714595965257087664e+04
4.738993812172444450e+04
4.505582987404971209e+04
4.367588926394555892e+04
4.571521747496074386e+04
4.443269661656701646e+04
4.536495088036610105e+04
4.456001619360128825e+04
4.304377993745326239e+04
4.439476866082759807e+04
4.703937777861662471e+04
4.307699559224579571e+04
4.580718050419171050e+04
4.382614380488200550e+04
4.441073615286775021e+04
4.749618252020661021e+04
4.272075461467396963e+04
4.529415322665132408e+04
4.258434161083871004e+04
4.452135683755189530e+04
4.483988955840052222e+04
4.552046099955818499e+04
4.511052720235216111e+04
4.537308042814052897e+04
4.458693115692902938e+04
4.715610020346321835e+04
4.323444590466192312e+04
4.380729715462235617e+04
4.607166477850615047e+04
4.478495088477485842e+04
4.704089395534092910e+04
4.381089376268511842e+04
4.309600642773252912e+04
4.636467660369824443e+04
4.348279029436718702e+04
4.374219183671804785e+04
4.453979967470629344e+04
4.437995872086731106e+04
4.511379195426629303e+04
4.907326008250421000e+04
4.674332207297733839e+04
4.673264402517364215e+04
4.976279909460157069e+04
4.393094202004102408e+04
4.616923497212446819e+04
4.516575242684011755e+04
4.531731719075731235e+04
4.479779708310975548e+04
4.630319982532871654e+04
4.455023811780196411e+04
4.901667515438863484e+04
4.365096479994078982e+04
4.553096221993765357e+04
4.633416568808814918e+04
4.430186431844028994e+04
4.405507136595388147e+04
4.589935498273437406e+04
4.385893910067759134e+04
4.518328083893101575e+04
4.389035936707056680e+04
4.530887176992182503e+04
4.726342475226391252e+04
4.724114263975750509e+04
4.594804927058042813e+04
4.538974318381450576e+04
4.773636918713738851e+04
4.658892062525317306e+04
4.539119110744160571e+04
4.359598816518053354e+04
4.570654098245480418e+04
4.504150000683268445e+04
4.579443012823393656e+04
4.656379953028012096e+04
4.444376766973562189e+04
4.564879772414404579e+04
4.276059579775558086e+04
4.739446851328325283e+04
4.504190031556023314e+04
4.790061224925461283e+04
4.543591385881862516e+04
4.640162771969457390e+04
4.606733888291140465e+04
4.792088450313064095e+04
4.339867827918153489e+04
4.455578263510770921e+04
4.320919574166343227e+04
4.496314993818003859e+04
4.402145349991395778e+04
4.457339031852969492e+04
4.488003415428780136e+04
4.336508588639739173e+04
4.135798513640360761e+04
4.701840528521814122e+04
4.258580536578432657e+04
4.328946856284666137e+04
4.478787596226917958e+04
4.312467065213695605e+04
4.391364124069596437e+04
4.665588237868725264e+04
4.497603604658516269e+04
4.162741413319729327e+04
4.572553180566559604e+04
4.510393889449592098e+04
4.207519588343239593e+04
4.913570072460921801e+04
4.330745834749021014e+04
4.635413743489829358e+04
4.618712817199351412e+04
4.481859648963195650e+04
4.516637747559270792e+04
4.472026558046331047e+04
4.467052468303807836e+04
4.388898890526592731e+04
4.352463809105781547e+04
4.394554637820967037e+04
4.543802847568358993e+04
4.682349964725692553e+04
4.569736362691222166e+04
4.437386836119187501e+04
4.275138399172492791e+04
4.518171254795262939e+04
4.352422968377736106e+04
4.560464423249629908e+04
4.299443386302552972e+04
4.632008707755705109e+04
4.583182896576191706e+04
4.505293403527542978e+04
4.408667959868130856e+04
4.509779831006859604e+04
4.673884588481244282e+04
4.357521308954330743e+04
4.532785507829373819e+04
4.633281596728350996e+04
4.354228091238458001e+04
4.442115465793373733e+04
4.500400136719540751e+04
4.278333384068774467e+04
4.700946534327226254e+04
4.512889007623049838e+04
4.470059753048730636e+04
4.357424836107611918e+04
4.481639351012004045e+04
4.810991201724629354e+04
4.535653702726879419e+04
4.900820433734794642e+04
4.779967107758231577e+04
4.528236263171488827e+04
4.553823321174504963e+04
4.457576911443574500e+04
4.714107455736967677e+04
4.627482976990269526e+04
4.348438486269769055e+04
4.469593985702733335e+04
4.763875914652290521e+04
4.615907560052258486e+04
4.959258518913432636e+04
4.762402293924168043e+04
4.779177348043105303e+04
4.696088000748072955e+04
4.636463230181316612e+04
4.413426530431076390e+04
4.572886605305279227e+04
4.839896590430702054e+04
4.790267767690861365e+04
4.726399741324315983e+04
4.326353988052000932e+04
4.643404306464140973e+04
4.454869596085511876e+04
4.841378175772914983e+04
4.493138604082143866e+04
4.626525219409805868e+04
4.352275391706237860e+04
4.618326353596555418e+04
4.366295456766606367e+04
4.384662035285351158e+04
4.482222292424306943e+04
4.364789542350354895e+04
4.623253444052972918e+04
4.543148497377065360e+04
4.628447060904045065e+04
4.786903492539504805e+04
4.879889391896801681e+04
4.450707574539749476e+04
4.706804571600231429e+04
4.615827686468105094e+04
4.388554547684351564e+04
4.532091773508283950e+04
4.283730778283924155e+04
4.412039930168985302e+04
4.658205416865521693e+04
4.418418640850074007e+04
4.181378208026957873e+04
4.501974576192873064e+04
4.455762771660138242e+04
4.400065705921714107e+04
4.536704215394824132e+04
4.347362061291757709e+04
4.628871747932198923e+04
4.312387726298956841e+04
4.208901893354266940e+04
4.534560855536816234e+04
4.428072009386969148e+04
4.399658345200710755e+04
4.599382109601570846e+04
4.332834956410103041e+04
4.436923927358644141e+04
4.379937331650908163e+04
4.469443232369114412e+04
4.445565050047227123e+04
4.514185567278452800e+04
4.618266322276458959e+04
4.289639888375249575e+04
4.483962864016809181e+04
4.353419340662099421e+04
4.270605622256278730e+04
4.309886078498206189e+04
4.272877267523689807e+04
4.277183564911675057e+04
4.661453231528772449e+04
4.499404812578191923e+04
4.439569194829588378e+04
4.430166976700435771e+04
4.707137284082281258e+04
4.507511725274637865e+04
4.370201999752510892e+04
4.485324373233058577e+04
4.460436239381076302e+04
4.394981781685916212e+04
4.076967467357635906e+04
4.344052322586697119e+04
4.295184880991389218e+04
4.374996365388785489e+04
4.801096089405063685e+04
4.813974007014284143e+04
4.403434199174328387e+04
4.559017751619296178e+04
4.575355070295960468e+04
4.415618194804371160e+04
4.273586535478141013e+04
4.334606274069814390e+04
4.539031846634137037e+04
4.596475293880118988e+04
4.670687349999078288e+04
4.503488423473849252e+04
4.634883686468968517e+04
4.335205125191737170e+04
4.304145247009097511e+04
4.764116809719888261e+04
4.427225795319618192e+04
4.612062178977279109e+04
4.657945183354687470e+04
4.461694626968827652e+04
4.477768736901951343e+04
4.537406098695455876e+04
4.740523908064232091e+04
4.664627330000366783e+04
4.725825563760313526e+04
4.464650140135462425e+04
4.412603912063583266e+04
4.894424170073129062e+04
4.666553154556653317e+04
4.556220252098357741e+04
4.489231096589089429e+04
4.753332168760136119e+04
4.592026588227016327e+04
4.867514162893124012e+04
4.670900790369485185e+04
4.347163761079154210e+04
4.622325257577665616e+04
4.869031613301630568e+04
4.421025818274287303e+04
4.339852805502823321e+04
4.652852692406407004e+04
4.646320186864370044e+04
4.613487237680327962e+04
4.456833241344030102e+04
4.808394266922143288e+04
4.608827629286516458e+04
4.487871890841402637e+04
4.256662901525005873e+04
4.449680160712418729e+04
4.382992158214647498e+04
4.186687219730745710e+04
4.643845530577561294e+04
4.466359013608254463e+04
4.404760058596133604e+04
4.475386330040524626e+04
4.385507898936273705e+04
4.706036298405984417e+04
4.699207607985930372e+04
4.401227543325264560e+04
4.377656819349917350e+04
4.376311303037191828e+04
4.523475647741866123e+04
4.451154739867797616e+04
4.643815967636006826e+04
4.762807100532377081e+04
4.337741281781277939e+04
4.706284671717719175e+04
4.443418853011792817e+04
4.543653081581605511e+04
4.579835471971959487e+04
4.542143135218439420e+04
4.525497441811238241e+04
4.483366963299145573e+04
4.410150218448804662e+04
4.444545030994967237e+04
4.734177483232534723e+04
4.574576003795207362e+04
4.459414251036989299e+04
4.441611976177903125e+04
4.817159003848663269e+04
4.496111083381871867e+04
4.294039512128188653e+04
4.604159050141584885e+04
4.332261980864322686e+04
4.404971294083311659e+04
4.517393453358698753e+04
4.743182561188190448e+04
4.547715489770528802e+04
4.541221546099039551e+04
4.363540546872231789e+04
4.492602861872247013e+04
4.533400542139475874e+04
4.211851571076479013e+04
4.319049254887713323e+04
4.607252439830360527e+04
4.191853990771041572e+04
4.741116534210979444e+04
4.628494777415443968e+04
4.258042092330873857e+04
4.994822726632713602e+04
4.591480900682042557e+04
4.695139106917025492e+04
4.420571398055418103e+04
4.339858812351608503e+04
4.977775496413387009e+04
4.360646173290642764e+04
4.341063018706701405e+04
4.324689047251268494e+04
4.681358295141298004e+04
4.421330947321379790e+04
4.500145110423894221e+04
4.314461356801047077e+04
4.385435181225270208e+04
4.452712637518586416e+04
4.429320553671804373e+04
4.864331850035313255e+04
