2.860242423733661887e+00
2.906537811639529512e+00
2.860778974267555341e+00
3.168689403251595316e+00
2.844918021805920016e+00
2.895487666859300813e+00
2.748501020986978460e+00
2.672097272327075501e+00
3.340588678315518756e+00
2.936766455067029824e+00
3.214053188447771880e+00
3.363541238853203552e+00
2.819181954208757279e+00
3.269786296859936492e+00
2.973769407556708710e+00
3.280751088887252642e+00
2.718213088497651864e+00
2.828408205186449642e+00
2.934321525129713226e+00
2.658425083129394295e+00
2.996549939325149126e+00
2.833576988072656899e+00
3.203615821212488335e+00
3.000220298899901827e+00
2.978936054321485116e+00
2.938359492972680176e+00
2.737173542861151887e+00
2.755180150956615392e+00
2.827777702285509509e+00
2.825685245012328206e+00
2.946509014462222353e+00
2.981417905167492499e+00
2.728479940552709149e+00
2.968953659234967457e+00
2.869390074919393463e+00
2.864080498937730646e+00
2.947483691066136391e+00
2.780866855265495374e+00
3.097024155577595916e+00
2.688663918124546193e+00
2.987020447641078214e+00
2.963192732953921826e+00
2.965178511719313459e+00
3.295827489985251990e+00
3.040206264951079707e+00
2.990391994908190298e+00
3.162778280885053750e+00
3.005131083072727360e+00
3.031104061203483635e+00
2.885805497425652177e+00
2.939788459206397864e+00
2.981217648973715661e+00
3.127418362647929495e+00
2.788189699334842064e+00
2.831721566183539540e+00
2.878439409447625330e+00
2.763915378696416791e+00
2.803945252877506622e+00
2.919639317852012805e+00
3.000076137457379222e+00
2.949196293910252731e+00
3.290203345872167340e+00
3.009886254461912269e+00
2.893599513469419016e+00
2.731048366694973417e+00
3.053627019775965845e+00
2.924043146155047790e+00
2.959108339862301484e+00
2.671209819620555592e+00
3.035285315349566915e+00
2.903886413996485061e+00
2.565657745616810370e+00
2.769119503149998440e+00
3.378171726432490640e+00
3.036219494595465918e+00
2.741117455982951423e+00
2.952642670445828621e+00
2.777232558020675146e+00
2.708408926651946658e+00
2.889822369934909041e+00
3.075890110106133779e+00
3.117756980815319601e+00
3.005044780114462188e+00
3.074954698163201883e+00
2.691958039133069303e+00
3.315273412709135226e+00
2.998771638869275780e+00
2.944477622261584049e+00
3.196481483423989189e+00
2.766739345719932963e+00
2.817651111298387079e+00
2.910432970109709583e+00
3.115695830313475412e+00
2.850782670601122781e+00
3.097443957377503221e+00
2.976393182611632326e+00
2.895161939864017597e+00
2.991073834581634117e+00
2.834343855668339351e+00
2.726496159999459046e+00
2.738013404495237335e+00
2.972530462539341389e+00
2.803325016776118783e+00
2.744728149266016715e+00
3.104240792412970684e+00
3.008219533203385421e+00
2.708369176941360035e+00
3.103194448441088049e+00
3.087063701882965638e+00
2.730360265967005429e+00
2.775703270224640917e+00
2.949510692168006987e+00
2.994869817347141083e+00
3.315044320392586563e+00
2.722807065245149705e+00
2.912099766197378425e+00
2.828874662172449206e+00
2.960891292281975673e+00
2.884413523077329344e+00
2.882511779237671323e+00
3.067365678205770774e+00
2.980477173863491647e+00
3.057815659783319262e+00
2.794234058903546813e+00
3.038736833889641442e+00
2.872616732428606046e+00
2.863384731048605580e+00
2.789597852258696609e+00
2.922488095010823628e+00
2.811003842166419631e+00
3.034199442188366902e+00
2.577517232524757951e+00
3.066054247922122222e+00
3.102353941483750432e+00
2.972507323963723636e+00
2.660497355963339139e+00
3.058684488688923064e+00
2.873018934893282417e+00
3.019982131287284322e+00
3.086405164857933148e+00
2.851359192038408708e+00
2.615272661846144153e+00
2.837538974698096350e+00
2.914214895797546223e+00
2.993431294986016233e+00
3.093676587307230719e+00
3.258063682174306752e+00
2.754702038414009735e+00
2.959061345714698366e+00
2.607802717330736098e+00
2.964706230178622892e+00
2.890807002261360559e+00
2.914902866211421362e+00
2.835449956730749843e+00
2.968233355097099402e+00
3.303216076151475278e+00
2.980232916429176093e+00
3.055415610898430945e+00
2.994413619083740485e+00
2.847415251425368776e+00
3.097608447750693106e+00
3.283791039386811494e+00
2.886091493719815215e+00
2.852635533635456966e+00
3.077753932864968789e+00
2.664272345251765373e+00
2.957725364121012834e+00
2.956660007877403906e+00
2.832107033503350912e+00
2.638556395969369639e+00
2.833179314374752789e+00
3.054874261534577862e+00
2.684279850934645051e+00
3.013284184300453639e+00
2.792585547989366201e+00
2.846537451220063186e+00
3.038825498897057997e+00
2.936860836292362276e+00
3.026515216410250453e+00
2.845426038464274665e+00
2.843955641918260113e+00
2.963712555719013153e+00
2.847954511127192223e+00
2.793716742601831893e+00
2.817942218663916698e+00
3.052189920054118932e+00
2.804831953834298730e+00
2.794598055706166928e+00
3.035126352501766434e+00
2.871486400074811929e+00
3.229204660258271353e+00
2.919716559148575641e+00
2.798302433918501642e+00
2.697521020261447244e+00
2.776877102228982874e+00
3.001363449309274678e+00
2.877736905924834776e+00
2.924199530608718955e+00
2.988822131292349304e+00
2.816666298366808263e+00
3.069615544964086951e+00
2.805523248162719252e+00
3.060877107874422354e+00
3.115871476247482619e+00
2.875650608788510976e+00
3.112637606840658488e+00
2.805560265723633595e+00
2.882908552706545002e+00
3.028508333964155863e+00
2.849007456769989677e+00
2.878283192604285556e+00
2.795134329042339605e+00
2.708691256449749396e+00
2.940246711022991288e+00
2.884531504070074526e+00
3.189280339603198566e+00
2.855221057988253097e+00
3.174737062124711073e+00
3.100030821573318995e+00
2.662476595750050912e+00
3.041086728768054304e+00
2.915341673538510481e+00
2.983331414439572171e+00
3.053192092732065266e+00
3.098338549485001980e+00
2.809706826244307454e+00
3.046655447866946531e+00
2.737524199415961590e+00
2.956071987056009931e+00
3.156813793813619817e+00
3.037615505466237931e+00
3.257360639604617081e+00
2.828611106588794666e+00
2.766318442562820223e+00
3.085446091435208871e+00
3.056096125599734314e+00
2.888942520992211271e+00
3.197449282734714071e+00
2.851927848817855882e+00
2.995588008259377766e+00
3.089761147450509782e+00
2.673246185853814350e+00
3.152828826142398899e+00
2.999063493092111177e+00
3.009698322770772094e+00
2.759992523076829851e+00
3.190656653048582037e+00
2.770923959345180876e+00
3.114032153891946209e+00
3.015356303366413027e+00
3.172396952186453234e+00
3.144653176451422283e+00
2.903756320570765936e+00
2.859701705384833925e+00
2.955594051249136989e+00
2.617056352250492157e+00
2.920152350417547726e+00
2.727216385350643257e+00
3.122497629649022777e+00
2.753957984144100202e+00
3.273682641644470870e+00
3.269543058953317427e+00
2.859652461562300463e+00
2.813635095660173668e+00
3.261860356537960026e+00
2.942057711939209508e+00
3.050290673690619681e+00
2.572715043187368433e+00
3.101720271334777124e+00
3.216527002796276236e+00
3.114336086823425997e+00
2.964002232017771910e+00
2.688075493896187051e+00
2.767048076799074607e+00
2.878273156999151539e+00
2.774849069855802153e+00
3.010693275758016263e+00
3.147324909124694425e+00
2.705658327707124222e+00
2.963193356271531353e+00
3.122341598055661915e+00
2.702789518064716567e+00
2.904268205979656958e+00
2.680915571711947720e+00
2.814725006470181867e+00
2.755760900180694861e+00
2.878570975470683635e+00
2.865076884561185810e+00
2.875143431228379232e+00
2.893432716536457061e+00
2.932644234606123224e+00
3.002062320761228253e+00
3.170870701323855734e+00
2.940325445470404198e+00
2.973557743498805195e+00
2.940342999401997393e+00
2.782097644337053310e+00
2.929103518532121697e+00
2.845902975823273895e+00
2.721989955099873182e+00
2.712139804683716182e+00
2.897813687350347056e+00
2.736314614828829761e+00
3.072274479871943687e+00
3.013605663078957164e+00
3.128930878474889710e+00
3.237158499185181171e+00
2.913397913365787684e+00
3.132833873543721115e+00
2.902583874591880608e+00
3.087829564747477384e+00
2.965213895142011502e+00
2.861454726038128893e+00
2.654354134055222136e+00
2.867686158015636977e+00
2.973708381886085661e+00
2.838556814685047058e+00
3.095877580967523635e+00
3.027833173767055630e+00
2.896170927792967476e+00
3.237654509656481050e+00
2.817114644372288534e+00
2.954698428840659030e+00
3.136836331730084027e+00
2.899246676865872008e+00
2.803973850565035342e+00
2.802565402418890184e+00
3.354322326089217210e+00
2.756029899218931156e+00
3.085017890396350548e+00
2.828275595647052221e+00
2.920879552513949484e+00
2.750117438043313101e+00
2.822536951785362014e+00
2.883541450028105579e+00
2.682774073012772931e+00
3.193839461447594452e+00
3.006910444196545740e+00
3.142780364681383443e+00
3.174821616575088878e+00
2.999576072710712804e+00
2.909259016850350044e+00
2.957056756383440010e+00
2.903380671524264933e+00
2.933232877509690528e+00
3.156602493497958850e+00
2.723861019211400336e+00
2.870187025956375759e+00
2.831921027016539139e+00
2.773059573084501572e+00
2.915277409173191892e+00
3.196096910618952958e+00
3.157359055978800288e+00
2.631226978493178326e+00
2.706569393077549179e+00
2.867156908519289171e+00
3.194062044212023999e+00
2.841727470671017830e+00
3.067635852111706196e+00
3.100205374517554624e+00
2.755710315517846620e+00
3.077094131747692973e+00
3.028906491743080576e+00
2.896538015547149847e+00
3.097641424514644193e+00
3.033733971089791925e+00
2.663661506235708298e+00
2.819163247722723309e+00
3.206613086829364079e+00
2.665585725627544367e+00
2.949925162861192440e+00
3.073401469009707121e+00
3.024384837472664511e+00
2.920638078691670803e+00
2.766803337566888121e+00
2.841799820567750157e+00
2.728065653546261071e+00
2.913825047830143511e+00
3.303014498930017862e+00
2.713643240618067054e+00
2.944228280558852440e+00
2.962626447858105472e+00
3.085286997824943533e+00
2.894212462170647093e+00
2.996665234028204061e+00
3.029433294593237846e+00
2.882176982724322656e+00
2.891208935615698472e+00
2.886870782230538612e+00
2.745968997571354819e+00
2.757193553617488746e+00
2.611064755565375428e+00
2.829631319845795634e+00
3.053603261571102845e+00
3.126347213699895100e+00
3.072546451525061784e+00
2.824585542978164110e+00
2.920180857886529591e+00
2.706373419380181389e+00
2.580597196133029847e+00
2.834328595024859343e+00
2.698642900000864486e+00
2.943913131349873868e+00
3.347381903521565949e+00
2.962631545950644263e+00
2.879500349720170771e+00
2.551589909199465378e+00
3.031661969760635067e+00
2.973492579181441275e+00
2.959102126645116293e+00
3.112542165008101325e+00
2.900935005367308417e+00
2.979986474879192215e+00
3.133305245963806662e+00
3.021538528697254478e+00
3.113765965657059098e+00
3.243800509502566598e+00
2.795264457034484007e+00
3.037002366295940003e+00
3.095640484378137547e+00
2.913055090013879855e+00
3.019554801770497843e+00
3.054254220626103855e+00
3.273775737296407140e+00
3.297352186995739398e+00
3.009499111221665135e+00
2.903389353015752850e+00
2.961950854731916660e+00
3.002610900982573217e+00
2.885502561605495675e+00
3.098347868332281152e+00
2.669691033450006135e+00
2.787440530198259658e+00
2.997659338369531579e+00
3.168832423362674344e+00
2.708305383049891102e+00
3.023004943406340406e+00
2.869453602728832653e+00
3.179653221586246303e+00
2.944588157315444654e+00
2.921832602156624770e+00
3.316097451559587572e+00
3.331901274585229444e+00
2.912231282319848180e+00
2.900492086223988686e+00
2.956905431055882882e+00
2.755206868496746786e+00
2.754605554612100882e+00
3.240454094717033495e+00
3.178562638494210724e+00
2.948580915930950841e+00
2.878965412039843130e+00
3.135348073034961658e+00
2.927597199374677217e+00
3.004139661179357379e+00
3.135515345055298386e+00
2.926572753342836730e+00
3.323016166245334357e+00
2.752034061447586666e+00
2.790287813290245555e+00
2.949546077083190720e+00
2.851051521057398119e+00
3.266526971392281542e+00
2.639550749696922161e+00
3.038760757706188365e+00
2.945708576749508367e+00
2.906337923228780706e+00
2.875413650888769546e+00
2.777470944423745536e+00
3.147043875288570547e+00
2.771276162662488218e+00
2.698190046053563051e+00
3.025901312106771712e+00
2.795406064503874966e+00
2.609528599496767409e+00
3.029410093589480546e+00
3.227413611985714414e+00
2.924057135405153218e+00
3.112234894736051416e+00
2.658234084948763343e+00
3.090873174591952655e+00
3.061014921574143788e+00
2.899583592090854811e+00
3.106944888619377121e+00
2.685496283978254350e+00
2.902926094926125966e+00
2.870548143885214287e+00
2.923414020112809375e+00
2.763479430194958564e+00
2.690614240368260912e+00
2.823390097998248915e+00
2.877681496627621183e+00
3.016925575211639288e+00
3.080684390440484144e+00
2.913674605883517899e+00
2.654525439414809451e+00
2.639530521228034665e+00
2.494450678757475170e+00
3.234681946770279204e+00
3.042128534275936325e+00
2.850418838937192056e+00
2.677078050065625270e+00
2.909926275599379331e+00
2.651641470376742138e+00
2.850069947826869399e+00
2.985654758494805883e+00
3.045025840053032340e+00
2.761759326980312235e+00
2.895717019189206098e+00
2.984743570395683054e+00
3.215058501179845596e+00
2.962165426267387769e+00
2.924695248588339513e+00
2.678016736027431843e+00
3.002690757822084056e+00
2.932320191864874914e+00
2.637502911324893784e+00
2.965105029307139706e+00
2.787423561037055020e+00
2.974032722250111060e+00
2.713790867813393959e+00
3.026293139441191382e+00
3.267501309143510113e+00
2.938538089178632795e+00
2.784575241086850728e+00
3.275097638995489113e+00
3.340299925107165890e+00
2.712422805884467270e+00
3.181054083213792794e+00
2.855331724987727693e+00
3.057919567388220905e+00
3.107796329788806489e+00
2.776395916685314269e+00
2.881891735201249638e+00
2.984346550521889352e+00
3.180700296709567443e+00
3.140903975683034144e+00
2.835230801986786897e+00
2.871887465365898784e+00
2.822402688242127144e+00
3.122666181810168862e+00
2.814313735025740559e+00
2.925852352524193289e+00
3.028745377245157577e+00
3.073579378876798884e+00
2.882556073200329472e+00
3.279371830404551602e+00
2.931771695893845120e+00
3.046516368138766584e+00
2.874954176762143820e+00
2.910252714868300838e+00
2.839951801275127696e+00
2.951820451678598634e+00
3.035135960688382095e+00
2.901971034627367718e+00
2.863863126346724020e+00
3.107463024036833943e+00
3.021638623148905189e+00
2.669765704716370092e+00
2.808013316924346636e+00
2.846467446907976484e+00
2.882267934750750715e+00
2.698425356243105977e+00
3.092412533185350920e+00
2.808321478294471429e+00
2.636263402766320763e+00
2.811720219881152616e+00
2.902190149570998301e+00
3.135110934061520194e+00
2.858749704257614432e+00
2.958571393039824748e+00
2.767723463151894325e+00
2.728703614347273376e+00
2.839439264825538878e+00
3.442062408932308859e+00
3.086441275511924598e+00
2.798761046899019611e+00
2.887186330151167546e+00
2.788362389167575728e+00
3.154579977551055237e+00
3.080692038496443796e+00
2.884126537099311438e+00
3.002408755468500612e+00
2.854588331791181766e+00
2.745863661294589697e+00
2.839127129439252162e+00
2.861436457335962302e+00
2.995616411861516504e+00
3.447809154377441843e+00
3.216564672493213983e+00
3.236104139773712696e+00
3.105878535865399748e+00
3.054925838616444622e+00
2.844988707542595918e+00
3.000495112775411588e+00
2.929963096670949785e+00
3.013435642319264751e+00
2.761284375704516236e+00
3.049095983731036963e+00
3.062925733219946878e+00
3.162483619155728398e+00
3.143703467763899528e+00
3.025343047352871739e+00
3.428619371101602198e+00
2.839408269410125030e+00
2.582787131356977905e+00
3.227903474313609689e+00
2.838232121549455478e+00
2.716282113806408827e+00
2.870739927147095027e+00
2.997025224176819602e+00
3.065196700478215686e+00
3.101214103257207366e+00
2.725507066813108725e+00
3.052530358685767720e+00
3.045102312638327646e+00
2.783322160075274443e+00
2.893317322695031280e+00
2.846465639411818405e+00
2.911448960892810245e+00
2.919315220494743457e+00
2.837622694038037352e+00
2.817818168042941274e+00
2.782913998730094818e+00
3.106276259340559509e+00
2.761622178506879077e+00
2.882755142434014761e+00
2.977357580618701594e+00
2.911333261379779103e+00
2.933027933923182839e+00
3.065389698790099260e+00
3.034341961408586030e+00
3.062771221251345377e+00
2.969885530385329542e+00
2.926203408472289436e+00
2.763294954160238071e+00
3.216729152914479695e+00
3.049112139206790140e+00
2.901140884852266844e+00
3.106066023731032022e+00
3.088603719544972037e+00
2.907273387620741278e+00
3.077618372084828025e+00
2.855184329577341806e+00
2.696796752142467835e+00
3.082431349596720160e+00
2.801053338988995112e+00
2.687438650673739993e+00
3.070026696136543887e+00
3.018416049789088174e+00
2.767753851178145208e+00
3.043617683622464209e+00
2.973861581089176642e+00
2.874606559140419737e+00
2.935736501798300591e+00
2.711122195650383038e+00
3.142304623011070053e+00
2.959735145107554644e+00
3.171118509236676264e+00
2.878714999085596471e+00
2.753123959451122094e+00
2.850118544946047994e+00
3.053997867545408695e+00
2.909338731418559032e+00
3.050757940736865681e+00
2.932184272045385232e+00
3.065596468507363337e+00
2.969501287975444548e+00
2.822110126044843792e+00
3.090455849037341274e+00
2.773566138122712577e+00
2.736091895635234028e+00
3.043392791772529637e+00
3.068782417352022840e+00
2.731559365188312771e+00
2.814552592022855126e+00
2.732709659274346947e+00
2.925805438008352244e+00
3.132256344556850092e+00
3.273875939239246691e+00
2.996756570938967634e+00
3.028893374884693568e+00
2.720843569276646168e+00
2.726012040459886432e+00
2.904118583401643860e+00
2.851578592876109042e+00
2.818666026147353953e+00
3.167195697769199292e+00
2.915693296670747170e+00
2.694571352446039736e+00
3.428309553785627628e+00
2.932736497241271501e+00
3.076147932261368290e+00
2.771408757558585734e+00
2.911140898333108407e+00
2.852635383705485861e+00
3.112334844669862655e+00
3.312474597332274673e+00
3.149383514730438094e+00
2.762110385560519354e+00
2.845731370520636627e+00
2.867114803960355562e+00
2.851047873550608625e+00
2.865620585556967193e+00
2.654481360878761187e+00
2.840441450769106702e+00
3.163141535974034912e+00
2.670932417624951594e+00
2.875489132725604691e+00
2.849824165713270574e+00
3.190799618783306979e+00
2.980308390594589074e+00
2.857522899437584751e+00
3.041509815764110058e+00
2.793688040353514257e+00
2.807156853962165410e+00
3.248746091057306273e+00
2.812766697823139150e+00
3.187779061570287897e+00
3.443215064640059442e+00
3.112920750450261842e+00
3.062836915890250644e+00
3.189651081960807488e+00
2.819169504809214466e+00
3.187138207345992402e+00
3.111495196117099571e+00
2.872274228988502376e+00
3.052953763736601989e+00
2.730366947813192002e+00
2.778953786983080487e+00
2.803584290399049550e+00
3.041326901375851488e+00
2.917451177274478891e+00
2.830649236609922070e+00
2.910712584813387238e+00
2.946814538002034745e+00
3.118456022386850712e+00
2.811594375127586698e+00
2.981002643053767720e+00
2.690550320178326071e+00
2.997653370196305289e+00
2.828787535484560411e+00
2.712552849380923004e+00
2.990959542546528294e+00
2.817867355426873388e+00
2.784642645242787040e+00
2.705700714692035103e+00
2.855129995601403348e+00
2.989578167562152888e+00
2.640295535640750035e+00
2.776218451341809335e+00
3.119092517762087180e+00
2.819779097925776412e+00
2.601863023862970525e+00
2.728162500889235620e+00
2.743290721407988908e+00
2.914337539753815598e+00
2.847293593363990016e+00
2.692304785699713321e+00
2.590500795215835872e+00
2.737411607528440260e+00
2.947713937666208484e+00
2.969898880178369005e+00
2.652399889062443172e+00
3.084464338526674343e+00
2.765329429663885286e+00
2.791007039874582762e+00
2.960843805335068524e+00
3.076295096712456267e+00
2.819805474622662178e+00
2.769375520480445552e+00
2.889006971811091784e+00
3.073535670929691932e+00
2.779235552084996730e+00
2.778756582195540226e+00
3.026655717172717086e+00
3.080789618929409279e+00
2.846623751390244372e+00
2.882123185070080140e+00
2.919561428457637664e+00
2.721495843135899761e+00
2.575834125217670412e+00
2.747573852700026631e+00
3.083584255986951295e+00
2.773266282613564115e+00
3.022744968350398409e+00
2.888867443174021332e+00
2.876504851016083997e+00
2.937607269251078179e+00
3.250127780877913430e+00
3.088903563120948714e+00
2.927314396940168706e+00
3.034360887732943102e+00
2.750820119849449963e+00
3.188442131771065391e+00
3.068526676361430283e+00
2.824961140860907882e+00
3.066939400054209397e+00
3.162841864095818245e+00
2.973046757923293093e+00
2.979049668027064168e+00
2.874232063413027394e+00
2.834277261459650976e+00
3.011344128348316662e+00
2.829508375477372883e+00
2.982707487679171265e+00
2.830058549021728709e+00
3.159740476299677692e+00
3.215739399047312208e+00
3.097519505744494417e+00
2.709304167471605851e+00
2.807047424460904939e+00
3.066581779663469121e+00
2.874097013009757173e+00
2.810357955029328281e+00
2.881026234646690387e+00
3.328323977291700597e+00
2.981932618179169658e+00
2.861335242000984991e+00
2.895418188076391175e+00
3.132294756456909024e+00
3.088296445764879383e+00
2.923603426621097068e+00
2.961192905404252951e+00
3.161150919204668508e+00
3.011839827756892962e+00
3.261540840617143999e+00
2.704341271034305105e+00
2.780019924284573563e+00
2.846729260072678791e+00
2.811913407593433778e+00
2.560358760529255040e+00
3.117112749299341345e+00
2.836564423477431429e+00
2.886264750454958339e+00
2.646871152246451420e+00
2.963754303696822134e+00
2.806133782187568038e+00
3.006806257995882525e+00
2.835024682053015166e+00
2.895980156826301499e+00
2.757912371022031905e+00
3.088191641572656465e+00
2.862664925843928287e+00
2.808065700765140615e+00
2.852932427986554664e+00
3.246296224465073710e+00
2.947848011630142651e+00
2.850310357077028733e+00
2.642268563073613574e+00
2.983579435642168765e+00
3.016084358122345321e+00
3.062924292446399299e+00
3.092237871874854438e+00
3.025969333231761649e+00
2.728028662566381435e+00
3.215365689083283574e+00
3.017059436892963298e+00
2.768390093742562730e+00
2.887682345362176051e+00
2.989061622024699716e+00
2.817232156810346222e+00
2.918003693614479754e+00
2.799241743434831786e+00
3.115894776448768777e+00
2.957778774318394532e+00
2.742125351178986925e+00
2.865518286736371323e+00
2.726336270698362263e+00
2.943466190853503583e+00
2.972314445403718697e+00
3.136907343422182581e+00
3.062216151296591082e+00
2.630950049390749612e+00
2.653659035127239996e+00
3.060823839923996204e+00
2.960793403247772293e+00
2.705153179890407156e+00
3.181847889517739780e+00
3.068285812345917574e+00
2.858233893334423570e+00
3.098902371155499047e+00
2.677118198719018682e+00
3.025808262589134934e+00
2.904843205394905148e+00
3.233843136348800940e+00
3.120393833475326950e+00
3.275869460801822175e+00
3.196762340700816996e+00
3.063537129239485068e+00
3.108363283987312542e+00
2.863845683741105930e+00
2.835407613435316776e+00
2.971428009492596889e+00
3.082181890026086446e+00
2.903110903707111667e+00
2.750481328276994208e+00
2.773274465290538782e+00
2.883501152536644518e+00
2.810761107997528541e+00
2.832772513172859608e+00
3.275086691568731112e+00
2.743817385447929080e+00
2.872765861687481603e+00
2.652540640589152510e+00
2.948023144872641499e+00
3.276510587783322048e+00
3.139017957338874787e+00
2.812086848164835118e+00
2.756585062856446555e+00
2.944056824074805068e+00
2.785683280636833015e+00
2.836185818405398518e+00
2.925397391470679231e+00
2.853436673249308608e+00
2.951327849851265839e+00
2.936664947647752211e+00
2.641493397335794580e+00
3.056780820207985805e+00
2.950605813941265421e+00
2.842597799177307039e+00
2.923774362373014135e+00
2.824829434692161634e+00
2.707391195999780731e+00
2.789356691434676794e+00
2.831894410093040992e+00
3.040801029495973307e+00
2.893110006841248971e+00
3.020432851669925700e+00
2.844255240580376931e+00
2.776726742006618842e+00
2.955119400373478644e+00
3.069163534199577992e+00
3.180341699826488178e+00
2.920634180799699386e+00
3.146165899559978829e+00
2.924592513928805815e+00
2.706266857261085068e+00
2.680150830074440993e+00
2.838618693598519815e+00
2.687991457658190253e+00
2.792759674794410341e+00
3.175807042922925039e+00
2.824840432297325066e+00
2.884134604340233832e+00
2.906088470422450332e+00
3.253591158211571077e+00
2.633060447823481365e+00
2.717709597667938404e+00
2.643107702726565478e+00
3.056895541194984300e+00
2.878986156726929924e+00
2.928968664321559778e+00
3.104723090793617413e+00
2.870132635849194980e+00
2.810284425624044236e+00
2.948455460332202183e+00
3.074871097823151267e+00
2.807594907627834591e+00
3.140431741292467827e+00
2.921881256863369192e+00
2.746713740890889710e+00
2.666183761521483397e+00
2.806339177460716261e+00
2.969975232928026898e+00
2.930482300695458342e+00
3.233520594846383212e+00
2.940520692107467138e+00
3.185867890742415387e+00
2.767865200501421707e+00
3.085752209247315303e+00
2.835542122263442266e+00
2.817429131680965870e+00
2.894170132775526039e+00
2.914660855585046839e+00
3.061854566193662919e+00
2.961461257942722192e+00
2.933198193618042904e+00
3.335575791278589275e+00
2.915752689921004670e+00
2.975106097094363911e+00
2.767326885106592194e+00
3.220248316697056801e+00
3.246959555031557976e+00
2.789037243049926396e+00
2.814922948353431931e+00
3.029154537220834609e+00
3.189156496895476867e+00
3.277196995560664572e+00
2.664827360174571336e+00
3.061883241736777617e+00
2.968734742727656251e+00
2.824362725968912802e+00
3.097409907495585646e+00
2.854672492589181765e+00
2.896318215132684060e+00
2.887447841469117371e+00
3.070260210827597369e+00
3.009106035262452128e+00
2.767782721331543794e+00
