4.037049039916680848e-01
4.160159119292608509e-01
4.169569491060994282e-01
4.186040573081745153e-01
4.214172649337626364e-01
4.109803981316403343e-01
4.277007007645166614e-01
4.132190184439649694e-01
4.160570491075292199e-01
4.156167359177065923e-01
4.278002428568794535e-01
4.174398740177935885e-01
4.201923482058543824e-01
4.330294329191756164e-01
4.150010351057642488e-01
4.270809187409143060e-01
4.234831521975117030e-01
4.223960865854193836e-01
4.223792322892030993e-01
4.090814362395725490e-01
4.148806297706364443e-01
4.245455337891553826e-01
4.341397353121115854e-01
4.370370151647886559e-01
4.201509983910828860e-01
4.307491486767256461e-01
4.182251617376376851e-01
4.114856245563534576e-01
4.203299445863453720e-01
4.233671161705763186e-01
4.134449875081431247e-01
4.250418481402014614e-01
4.317208653847006139e-01
4.203889313320209320e-01
4.238353325027369167e-01
4.327041161323053609e-01
4.187750002975110242e-01
4.263436384227299314e-01
4.230851893562486699e-01
4.308545146182784502e-01
4.133535569892887729e-01
4.201497509686231702e-01
4.296783171781858313e-01
4.333290457696790110e-01
4.345032902426618215e-01
4.278505910082438524e-01
4.156445557775779176e-01
4.179587671803215443e-01
4.317579000644519160e-01
4.059477917186335438e-01
4.369975786468298651e-01
4.063285768753731597e-01
4.132594386025665867e-01
4.196397280852511846e-01
4.231730119194144768e-01
4.369912285270626251e-01
4.287177247738774843e-01
4.242137720315974914e-01
4.196436083396436478e-01
4.090703993035118557e-01
4.091454837629988628e-01
4.178513864458674454e-01
4.163577350387104858e-01
4.237305749540631328e-01
4.197167598030130398e-01
4.150570981820340122e-01
4.402554420086483011e-01
4.129317136755995543e-01
4.296904174586465563e-01
4.187021620319939519e-01
4.147248348339900859e-01
4.227767668905034748e-01
4.200521330932575625e-01
4.194487990543449007e-01
4.130709825497667076e-01
4.173144443903523682e-01
4.049075374918587600e-01
4.004508080350659416e-01
4.179074548122715949e-01
4.123897984647445503e-01
4.214401206028168811e-01
4.232445922040084518e-01
4.222847236970018181e-01
4.229231019193943619e-01
4.070291066118502665e-01
4.156515158755992312e-01
4.213308993150916004e-01
4.247875563418561651e-01
4.067599646536547153e-01
4.207146296550651199e-01
4.148116779859650216e-01
4.299380892738569604e-01
4.444928156395464569e-01
4.083193827954301192e-01
4.244801350265771100e-01
4.216623527751761080e-01
4.095741745659683408e-01
4.215828851598375504e-01
4.170442170060473797e-01
4.239994918932102896e-01
4.257912326658453428e-01
4.233869539491987299e-01
4.282245507411144292e-01
4.137140366362787591e-01
4.235148202142210438e-01
4.194533465102783243e-01
4.257823212776497002e-01
4.060090609663390970e-01
4.264737891164350758e-01
4.302192865575695246e-01
4.166057415487009474e-01
4.219733447948913474e-01
4.217967649541816688e-01
4.209259720862450482e-01
4.216993544184082787e-01
4.221761974199281231e-01
4.154551988467860002e-01
4.084143167247426542e-01
4.192852912783348041e-01
4.208628283811249871e-01
4.196104482055462159e-01
4.097262255282465016e-01
4.344546755609035582e-01
4.179961800337849143e-01
4.098113223925923809e-01
4.181763898222483067e-01
4.147570549144249386e-01
4.205786158915249540e-01
4.197125504301062460e-01
4.255993002418879678e-01
4.231324991981006978e-01
4.237339970151652868e-01
4.367339782047643948e-01
4.181922873703620147e-01
4.370331508739746518e-01
4.269833596883216287e-01
4.203965010719710738e-01
4.207992307502146923e-01
4.230818565606483950e-01
4.221960719240064885e-01
4.230775133323521064e-01
4.152887075662289873e-01
4.155230513927540281e-01
4.088296167125829994e-01
4.189861810479881821e-01
4.322773676772022067e-01
4.143943272429610469e-01
4.260742569521575041e-01
4.344649113784035954e-01
4.210445080664415585e-01
4.126590433931858204e-01
4.107182550693888601e-01
4.083448755789415019e-01
4.305962515626217679e-01
4.147152408904437038e-01
4.130305140573361511e-01
4.240129814348850834e-01
4.173722036794941803e-01
4.351127620669758000e-01
4.089065548451899512e-01
3.982783764396930493e-01
4.347558485188295907e-01
4.191773747624657487e-01
4.206428390626897329e-01
4.179237926489497990e-01
4.250446233426914411e-01
4.161728130270943016e-01
4.246733393897834663e-01
4.210451339831692841e-01
4.228872697097214028e-01
4.153288100955935258e-01
4.138496305900517536e-01
4.083353693193997325e-01
4.202326167965819148e-01
4.232079718169439730e-01
4.111880051103377065e-01
4.266303134920943485e-01
4.272470414225081892e-01
4.312274130534582972e-01
4.142989041449786081e-01
4.345951986648818877e-01
4.208184529057412693e-01
4.178961548205190057e-01
4.227529379032016199e-01
4.313729533710992103e-01
4.175567742722829934e-01
4.186668458671065074e-01
4.181966342213490617e-01
4.309522189777619250e-01
4.304971626157191866e-01
4.295437670962902188e-01
4.371954955230910600e-01
4.142419112273312831e-01
4.139387139256825998e-01
4.133274749620565736e-01
4.162712895190818219e-01
4.202758257115677409e-01
4.288057151293775404e-01
4.077296425566322990e-01
4.181566242255517207e-01
4.053566697414109909e-01
4.122328992325794417e-01
4.123959020058083347e-01
4.168307457259362581e-01
4.066303896393085870e-01
4.290677454793490053e-01
4.096853607097207806e-01
4.219366573391610808e-01
4.147444618359071855e-01
4.264941968917552728e-01
4.209631145656339002e-01
4.296340493011602257e-01
4.050386570073744030e-01
4.024164550948078900e-01
4.251876132420363552e-01
4.111970059100796271e-01
4.062954049447275451e-01
4.288846323090921286e-01
4.145160184648509216e-01
4.188149067133346559e-01
4.217726045930789147e-01
4.243899425599049757e-01
4.146861137449245893e-01
4.172578937543998667e-01
4.311875203585646132e-01
4.337494066946752103e-01
4.130980723321254211e-01
4.291950546852867920e-01
4.171957072428070790e-01
4.184118119381756706e-01
4.185329697822865458e-01
4.200139852887466163e-01
4.172350080087359192e-01
4.234961059751796153e-01
4.238016410779271159e-01
4.212013065381806642e-01
4.004233808221759339e-01
4.189481610725415139e-01
4.234485283539392575e-01
4.265641136256319021e-01
4.092834248725646384e-01
4.129088430193274539e-01
4.173730536924261658e-01
4.150370568679460082e-01
4.275084067973727309e-01
4.239988833769867127e-01
4.171333051898429289e-01
4.212318676160967112e-01
4.230182602721022644e-01
4.204662183809721454e-01
4.180907733522281622e-01
4.133828199469248843e-01
4.250835122775741826e-01
4.116469036866109987e-01
4.262721412551384592e-01
4.351469609589719845e-01
4.305929811760354498e-01
4.145162452194165459e-01
4.019364183120297529e-01
4.229676007193795551e-01
4.298790375019467258e-01
4.333958277218696309e-01
4.331919038970031832e-01
4.336191867141913625e-01
4.163486267328155299e-01
4.256285989404353098e-01
4.094405415261932468e-01
4.279353981429644960e-01
4.187380415349879481e-01
4.373330216941844206e-01
4.174783579168270253e-01
4.129724656798918203e-01
4.281841330085915387e-01
4.230305693559552327e-01
4.296183997230444973e-01
4.200622232487881691e-01
4.171211542778465731e-01
4.254501658969059852e-01
4.142874061997360302e-01
4.250887909970988421e-01
4.229313625441424862e-01
4.102549903628317507e-01
4.361507887288972873e-01
4.238396823493343901e-01
4.164580279193418888e-01
4.297943119747746343e-01
4.211918579728168854e-01
4.223313205990704700e-01
4.236183374915230004e-01
4.114055455323583077e-01
4.267198237136862193e-01
4.318011788979878585e-01
4.220920303190190959e-01
4.143101907331522837e-01
4.114486954813354469e-01
4.234874617808311315e-01
4.143774977938141091e-01
4.234251269238836768e-01
4.304510302904305252e-01
4.181149894462377614e-01
4.204808159584617067e-01
4.134906402500579947e-01
4.189012758573317230e-01
4.165504451702725097e-01
4.236863875546514890e-01
4.133160658345017557e-01
4.229773374670339203e-01
4.166987689607108414e-01
4.103852177003141088e-01
4.339111687421582375e-01
4.087975633842825807e-01
4.150099664329068294e-01
4.304127552702100012e-01
4.151909705430002484e-01
4.119748138920546476e-01
4.270296830246834707e-01
4.272696879745810916e-01
4.279576781404426100e-01
4.177346583617080888e-01
4.344867765730457410e-01
4.056097390104230760e-01
4.189493738375463239e-01
4.235824815333312232e-01
4.257501515650031765e-01
4.209443413604708750e-01
4.351158842315282493e-01
4.254393236060233230e-01
4.154300613294422684e-01
4.265674347492301455e-01
4.133602798285185287e-01
4.220244453545776708e-01
4.128935187878720048e-01
4.360405728696907235e-01
4.257612071341494997e-01
4.108627593310321680e-01
4.168725291758391682e-01
4.263560115040614384e-01
4.127286249428939735e-01
4.236582049285866347e-01
4.169089518041726450e-01
4.139443163801200809e-01
4.313286928780681873e-01
4.291446554750492637e-01
4.249603730424558190e-01
4.142198136555597654e-01
4.277920318213926931e-01
4.159664904163404286e-01
4.200841941810529168e-01
4.090422694060373288e-01
4.299275673957591026e-01
4.273471984692709946e-01
4.176237074784673320e-01
4.226555680424361472e-01
4.032774920650543660e-01
4.154392598207664045e-01
4.171645823365694450e-01
4.396547673776519116e-01
4.298889692964563691e-01
4.172121209310766243e-01
4.304516932140402541e-01
4.069912994284823893e-01
4.204250115429530865e-01
4.112077335289709423e-01
4.211074490051388008e-01
4.343618864160281867e-01
4.324560808377445609e-01
4.158196789270187654e-01
4.021188918901902332e-01
4.421421913079911503e-01
4.147834336363226959e-01
4.239048754155659848e-01
4.190314445140616018e-01
4.244587498996935104e-01
4.237730899403753804e-01
4.290750161688283160e-01
4.218146799607913056e-01
4.202543519193913113e-01
4.384220767326776902e-01
4.199264846825873088e-01
4.301545424348212077e-01
4.245335581274188308e-01
4.183163242670793758e-01
4.203421105622503484e-01
4.258059168900048541e-01
4.159665576264402476e-01
4.317245181419984701e-01
4.353848236792912108e-01
4.296524039748774726e-01
4.169600315180324035e-01
4.194012541477912803e-01
4.198403790643956968e-01
4.295161263600861257e-01
4.103180239100526205e-01
4.171171634477247592e-01
4.210670782924094691e-01
4.157870518343959043e-01
4.199684601574723009e-01
4.038082339324647330e-01
4.199611971534851218e-01
4.217919150859620880e-01
4.182019843043017771e-01
4.150214457092069043e-01
4.199928573004548804e-01
4.229612823680981015e-01
4.204030429504980737e-01
4.300928731367537616e-01
4.247441822365040087e-01
4.181495389086893888e-01
4.336934635859900355e-01
4.253473856827648669e-01
4.317972083587295895e-01
4.253238039411591509e-01
4.104038112176648379e-01
4.059820227717658714e-01
4.128332788792800079e-01
4.209492871647395607e-01
4.176398304701829933e-01
4.159281905359994980e-01
4.138131435932861923e-01
4.139409631871128203e-01
4.245517848684403073e-01
4.259111311714657289e-01
4.276161588073743580e-01
4.046500355174956765e-01
4.274987211360704586e-01
4.234031666277815464e-01
4.385155839329524241e-01
3.999971802955982758e-01
4.204468686899895946e-01
4.320750680079137873e-01
4.074975705547791427e-01
4.122222811973811907e-01
4.192369741788942727e-01
4.152834246406261198e-01
4.318633217438049843e-01
4.264521457390022530e-01
4.309141019658861427e-01
4.352625843659285176e-01
4.233928610701534478e-01
4.232160926316517191e-01
4.269813337873809012e-01
4.166605479192660999e-01
4.191783635318120926e-01
4.271902310077432263e-01
4.320720233888877271e-01
4.239807452856895198e-01
4.228240661978152071e-01
4.123796606291731948e-01
4.193216427679553049e-01
4.214665036294119038e-01
4.119131327535666687e-01
4.287217133393764756e-01
4.276832268415952099e-01
4.139104270155277709e-01
4.232968285719997392e-01
4.193701788584826007e-01
4.245352501653257837e-01
4.072270215027389284e-01
4.234144919718051403e-01
4.207496771547460934e-01
4.313804895382183924e-01
4.113471387995271678e-01
4.299067856499664830e-01
4.320180948120183051e-01
4.141350066751212089e-01
4.271145865841680656e-01
4.353233722404566408e-01
4.311157742716698604e-01
4.223788478446602879e-01
4.267412517620289281e-01
4.117057705791895006e-01
4.157018740559373371e-01
4.186869648122986121e-01
4.241069841865355849e-01
4.284609601340704232e-01
4.141291602024070873e-01
4.215145760978094569e-01
4.140643574386180803e-01
4.321317124010943256e-01
4.271294202099540915e-01
4.067035726781865201e-01
4.264912944784185478e-01
4.230809272710917557e-01
4.155061884022971941e-01
4.205419662910199752e-01
4.191527503467871174e-01
4.053581875186469952e-01
4.256936952335992896e-01
4.333084289524664623e-01
4.066101793090093341e-01
4.263755796449553159e-01
4.112898114727641663e-01
4.201865034959728074e-01
4.258920043580719517e-01
4.152689235849001403e-01
4.286607410405589569e-01
4.235411526279283523e-01
4.231796608390066550e-01
4.029265295149448978e-01
4.319248785643926003e-01
4.260213924224868220e-01
4.254173796219048453e-01
4.211588699313467687e-01
4.232514165544088436e-01
4.139886837003855513e-01
4.235510638192612198e-01
4.188339908863366046e-01
4.278474297735610499e-01
4.137668591529916062e-01
4.227241369805984639e-01
4.311544958364747493e-01
4.263891612960402644e-01
4.085703416313403724e-01
4.150736604834628363e-01
4.239959449197654995e-01
4.170274389310044127e-01
4.242637866487581899e-01
4.192331863021629967e-01
4.374818600476104713e-01
4.205218269638947848e-01
4.194839300637067669e-01
4.162702768508810824e-01
4.356757016801320881e-01
4.244497615422167525e-01
4.206802698940534380e-01
4.169754893534400320e-01
4.301420127149287453e-01
4.182591918223923511e-01
4.091683732054427480e-01
4.109610108998421052e-01
4.250794441163857074e-01
4.041297400803484652e-01
4.148953464008026670e-01
4.125804296782678016e-01
4.185795537167276703e-01
4.270927191782839527e-01
4.174580876591848511e-01
4.267998118818044362e-01
4.305192884416504384e-01
4.307303346099518038e-01
4.341203240934274343e-01
4.100333731410548133e-01
4.228976000531275981e-01
4.326114703643602066e-01
4.232092688226027355e-01
4.123711062676635453e-01
4.121820366793653712e-01
4.144931884906506436e-01
4.183350480454421372e-01
4.191261140297892207e-01
4.197821176957389211e-01
4.172208174787322421e-01
4.273295320122635355e-01
4.224997526860153618e-01
4.174777453749586864e-01
4.138982225484800215e-01
4.273329666471726851e-01
4.180622142669357943e-01
4.275468809863094410e-01
4.226261949894150050e-01
4.214251658742912410e-01
4.162404555146873020e-01
4.192570408321798503e-01
4.263920289873451286e-01
4.140322725391230585e-01
4.208187061787301286e-01
4.172770794990471876e-01
4.024749689415350606e-01
4.345438981093718289e-01
4.261177867010216280e-01
4.135584539927135150e-01
4.370875051532559508e-01
4.250364897790372409e-01
4.142136422706809151e-01
4.226792789197896250e-01
4.183188604073377337e-01
4.199068346552743969e-01
4.282091172647232713e-01
4.245550957240360468e-01
4.248751973022153461e-01
4.162597176904305196e-01
4.203504474025249182e-01
4.069151521488661438e-01
4.108269629729581762e-01
4.360536405687735484e-01
4.208452618291517178e-01
4.365665730283894153e-01
4.244538251336612000e-01
4.302563208938467443e-01
4.236473280747430903e-01
4.097080049546485414e-01
4.131150667612659699e-01
4.066321293126649028e-01
4.245345433558460613e-01
4.187752398710431478e-01
4.195486990567925401e-01
4.249932499528064622e-01
4.221731961735352145e-01
4.079226907568109795e-01
4.130173870904945144e-01
4.122886488391990234e-01
4.214308861028295272e-01
4.253985412244743469e-01
4.204260030511215995e-01
4.224481677546156888e-01
4.319466900161954559e-01
4.307373508664984474e-01
4.239304886336621725e-01
4.220176932014083615e-01
4.125214904996047927e-01
4.295230958283575706e-01
4.277668055255509083e-01
4.172671922300783542e-01
4.156562709727142368e-01
4.249930820855582492e-01
4.108496285250653468e-01
4.290870188269664820e-01
4.188089727609028423e-01
4.224968869761794865e-01
4.248580160122644167e-01
4.328652767472417340e-01
4.037432145179011278e-01
4.255197328772648557e-01
4.110216333339600792e-01
4.115209729637547276e-01
4.118586144847571906e-01
4.193214492262559712e-01
4.230175291980967645e-01
4.266234814692399513e-01
4.235284827124130569e-01
4.240107086172325568e-01
4.210795418109941068e-01
4.170463022794316243e-01
4.341068297756982552e-01
4.220174717359460037e-01
4.216938383557697900e-01
4.361563995461895660e-01
4.339279840693679446e-01
4.154605968563724883e-01
4.257513978110513131e-01
4.177349767103661349e-01
4.103447046136202148e-01
4.096145426648279964e-01
4.214168666134850971e-01
4.349193152601458778e-01
4.201201335662095859e-01
4.139281165279793950e-01
4.272862036983586242e-01
4.263913434754035281e-01
4.169763299498674969e-01
4.275707932733754935e-01
4.204685762782659486e-01
4.221670054584458764e-01
4.279488796043858789e-01
4.283644623747648317e-01
4.179581434601011836e-01
4.227247426057233470e-01
4.097554403846629389e-01
4.196645164388514426e-01
4.212358038333629540e-01
4.077524771598953768e-01
4.230371940941981546e-01
4.246881268009011223e-01
4.137912932460671156e-01
4.204352202849866993e-01
4.234394125746318571e-01
4.241036635002021771e-01
4.129931935898206175e-01
4.096183439236141255e-01
4.122859597468238047e-01
4.195595528602443225e-01
4.131247716389644942e-01
4.140755697658844436e-01
4.158321466306335035e-01
4.180010320787668210e-01
4.215223164169319414e-01
4.068741949051557505e-01
4.374334768206769031e-01
4.165522424929909984e-01
4.147671294864682667e-01
4.289924331923079537e-01
4.119424022057245338e-01
4.230171975529282702e-01
4.103560538612548991e-01
4.169759103899541297e-01
4.007210940240292230e-01
4.249162794065937110e-01
4.274065668392276196e-01
4.150136843173610202e-01
4.280759285198157404e-01
4.126016825299355095e-01
4.302797196442926242e-01
4.157724042409439713e-01
4.312830571631289245e-01
4.303403863842852894e-01
4.202684543463514055e-01
4.217434143174981220e-01
4.133759899977418328e-01
4.250909222962984124e-01
4.205784674079623420e-01
4.184166290880064198e-01
4.147573699204004094e-01
4.098497452086017900e-01
4.356574941755025354e-01
4.143967102973616923e-01
4.238391034212741215e-01
4.181204170101041617e-01
4.326466985238861529e-01
4.156714350007389425e-01
4.174967109875984406e-01
4.117621845714424800e-01
4.238235171754068942e-01
4.164635282207932998e-01
4.176630304369279290e-01
4.115927167074900361e-01
4.156872574326202496e-01
4.147649378389078323e-01
4.291194358569425660e-01
4.046325567777255827e-01
4.329216564784829080e-01
4.075702720896632325e-01
4.253662745159233483e-01
4.348757346845628646e-01
4.200320970056328207e-01
4.159809106346694096e-01
4.221126137920451771e-01
4.144052038396778825e-01
4.074475667448113625e-01
4.148041346636506255e-01
4.178107856598398118e-01
4.163679111647199949e-01
4.224785208613175413e-01
4.070277623432472236e-01
4.135634306796051041e-01
4.171275906382255760e-01
4.144075881946015505e-01
4.142642602537797702e-01
4.103884783240633882e-01
4.124187361584017442e-01
4.193855259258606472e-01
4.087253831938538196e-01
4.046049665974977838e-01
4.145013336351732192e-01
4.145941439838296549e-01
4.109231669911441731e-01
4.113164721141649438e-01
4.115534352737452162e-01
4.233067835913043031e-01
4.163240387707082824e-01
4.173474165756679288e-01
4.274254956372210423e-01
4.182240945478056249e-01
4.191829410322788774e-01
4.258455963896223273e-01
4.044623394934991900e-01
4.177745986877217099e-01
4.203165071152034638e-01
4.188588294316117344e-01
4.224852887520309519e-01
4.200167405210655791e-01
4.185452538625783481e-01
4.199979452201659247e-01
4.135971506141759568e-01
4.411686454720453177e-01
4.142126450419533201e-01
4.174597927863066826e-01
4.159899858745075285e-01
4.330365297516529655e-01
4.213223650526141673e-01
4.327642960906703529e-01
4.078402677173748603e-01
4.213721181455040710e-01
4.054901929503336722e-01
4.126029665009559588e-01
4.201600912849551839e-01
4.245386018056366284e-01
4.248025555063608127e-01
4.168410035975546046e-01
4.269415157724727461e-01
4.168857373524070820e-01
4.367598336135403159e-01
4.208615756740948788e-01
4.229977388959855200e-01
4.138652651182152531e-01
4.316858336029561483e-01
4.236213679856314918e-01
4.352702502096497672e-01
4.140486855905378127e-01
4.270931329909809504e-01
4.310542245276308138e-01
4.272856729323597502e-01
4.142726809134295030e-01
4.234644921687506502e-01
4.172223542606122160e-01
4.239785362914592071e-01
4.224751802196755057e-01
4.209867937957010864e-01
4.135209809379761792e-01
4.123178313313055066e-01
4.144666354720029644e-01
4.208431824593401593e-01
4.197787992759264841e-01
4.251726790306048498e-01
4.183115178581405802e-01
4.205382494828675544e-01
4.288894403853014681e-01
4.336881051199333870e-01
4.281393243094288592e-01
4.240584884786909869e-01
4.101523474539328640e-01
4.373900039573243026e-01
4.266803538096605730e-01
4.155358161834720176e-01
3.982004833035920344e-01
4.256601322335630266e-01
4.140634285068616749e-01
4.153929060726628819e-01
4.161233723484171754e-01
4.022829855653110576e-01
4.173472514230545660e-01
4.184902884232326592e-01
4.303176798903597389e-01
4.218838195657666490e-01
4.294903826997066854e-01
4.122700118207104913e-01
4.220554058031081301e-01
4.068800334097098514e-01
4.231613872077846228e-01
4.224884330917005326e-01
4.251266665822866497e-01
4.259412353178761990e-01
4.134285892704496201e-01
4.256614301122102484e-01
4.079514206919833685e-01
4.233216091455286323e-01
4.137886332526542477e-01
4.125193160243729174e-01
4.175495383634780233e-01
4.169459504521341731e-01
4.396730003486004623e-01
4.171642066479149258e-01
4.293722696163033148e-01
4.167747197146161042e-01
4.184567843648062113e-01
4.161715131732911521e-01
4.245643827639980494e-01
4.277441621500668867e-01
4.262294373096035538e-01
4.196848952955439804e-01
4.114980534420422109e-01
4.303353323116725360e-01
4.391230421816094687e-01
4.202726074454091743e-01
4.337591235450076188e-01
4.083209606535024294e-01
4.165162811555398470e-01
4.145064363769877525e-01
4.308618193827240539e-01
4.153095646013833520e-01
4.036269386461152076e-01
4.318224048547086302e-01
4.163347019907142621e-01
4.276972444647465510e-01
4.144288202824972234e-01
4.116441026686998850e-01
4.190424424528025882e-01
4.307537788703558190e-01
4.103954760463810469e-01
4.297759785961297596e-01
4.193002635293490155e-01
4.144107507441688876e-01
3.976360535973371135e-01
4.241203523984806711e-01
4.178426024165738939e-01
4.200743943884004405e-01
4.194242611542552956e-01
4.159399582604280110e-01
4.210799479712863391e-01
4.194027517413593253e-01
4.284256947172854768e-01
4.364526997876311265e-01
4.269052513949704308e-01
4.227433422218337400e-01
4.149111779056138261e-01
4.099197237111036340e-01
4.090395337806801979e-01
4.248203712864917492e-01
4.221495870492222857e-01
4.245932322545207249e-01
4.231823312892810107e-01
4.187851420870232766e-01
4.148194818934538008e-01
4.100123829443048651e-01
4.194584933756761447e-01
4.145999245261818844e-01
4.250467589448991834e-01
4.219745469523026871e-01
4.181692446118183693e-01
4.307529894704371087e-01
4.343650000450845483e-01
4.263406051023151400e-01
4.265976937065010799e-01
4.323363334170674532e-01
4.188904970604413469e-01
4.223007210825879265e-01
4.217783621017016094e-01
4.142258615374795894e-01
4.409991746264934620e-01
4.254794944981991622e-01
4.250067721517817865e-01
4.182219532527381989e-01
4.246770874743409641e-01
4.151124364786087373e-01
4.181275741862132689e-01
4.229922122705228049e-01
4.228604452390897772e-01
4.183248752412498939e-01
4.333926950956434321e-01
4.277017274016770565e-01
4.243525483000203380e-01
4.084500391395092245e-01
4.348720015633468217e-01
4.084068838320640271e-01
4.145893297654171805e-01
4.002683580108462591e-01
4.118230724886751681e-01
4.259436173175188411e-01
4.175448197120421034e-01
4.324342186731230386e-01
4.248260172590979100e-01
4.204327978038711056e-01
4.237032814047573814e-01
4.097999772251901263e-01
4.054516754810971180e-01
4.193961180850708792e-01
4.082785212210461867e-01
4.155818519262318156e-01
4.286866369076293704e-01
4.240413926290043101e-01
4.231533420413915447e-01
4.187093927449490049e-01
4.350382160383842178e-01
4.157020908997388076e-01
4.291937016639983393e-01
4.060426303314746410e-01
4.152868353808286117e-01
4.208675680947235875e-01
4.299778390699186548e-01
4.257982926480447516e-01
4.287474736508394835e-01
4.213613736044665159e-01
4.137125739620834408e-01
4.151840933675366996e-01
4.395274087874289082e-01
4.242367832985704523e-01
4.331327860197977109e-01
4.183312161884949476e-01
4.142619627398261839e-01
4.155614386607640043e-01
4.225113735598153286e-01
4.275477079917304746e-01
4.061238464077750465e-01
4.291326420211109549e-01
4.194601163817945344e-01
4.188671086759575557e-01
4.162713097985896171e-01
4.075675948336480170e-01
4.271412530815632547e-01
4.228638435848757204e-01
4.052752586975438831e-01
4.159755493100719681e-01
4.021323355650545661e-01
4.207787680539311070e-01
4.174141282747466652e-01
4.137582134759686392e-01
4.227164399684167351e-01
4.263664264796268033e-01
4.284395211775872681e-01
4.415982203874005974e-01
4.254830562575681596e-01
4.109232938513293076e-01
4.146977469315227816e-01
4.273873454513473225e-01
4.254603408045344870e-01
4.220703592987496977e-01
4.255307173713614444e-01
4.271680051184486016e-01
4.032628399494957994e-01
4.149248613218404769e-01
4.189278947195807512e-01
4.129396796671556125e-01
4.340391620985972199e-01
4.153303077853038316e-01
4.317279700319452962e-01
4.230266322816474411e-01
4.291603834812910412e-01
4.151321794640720486e-01
4.176600480724510511e-01
4.158707484072575178e-01
4.127986003724421482e-01
