1.247564211757308694e+00
1.001673840681593264e+00
1.011560815735721430e+00
1.005557910804935728e+00
1.006251832296564341e+00
1.013267826383517978e+00
1.006656187307850336e+00
1.023753840811536531e+00
1.011401363769255379e+00
1.009284407792766070e+00
1.012489384854715624e+00
1.006015192622693233e+00
1.008079177173255792e+00
1.005497378700723310e+00
1.008117940252237776e+00
1.015115068061033021e+00
1.011494063082044370e+00
1.003168801172385383e+00
1.009584954992341688e+00
1.011482970971725237e+00
1.011583820502046649e+00
1.008719044280687704e+00
1.012484951653421339e+00
1.011931871607322009e+00
1.012194012135274379e+00
1.002632227259607545e+00
1.006636753233583814e+00
1.011765403362475446e+00
1.005070920953564650e+00
1.014140511346466100e+00
1.008739853622819371e+00
1.018534152657339042e+00
1.013805586324955099e+00
1.011676872405159244e+00
1.012726184061110812e+00
1.010715998904797353e+00
1.010359735266708636e+00
1.011540608295409038e+00
1.013711985748645406e+00
1.011282291057076899e+00
1.005332521262375156e+00
1.004088305325807617e+00
1.014680422443564822e+00
1.009647047451607493e+00
1.007811162900986712e+00
1.016327937495023814e+00
1.019404222017895156e+00
1.005724726938760583e+00
1.010127895297893597e+00
1.006840788386534458e+00
1.009153569941018791e+00
1.008433899371691034e+00
1.015744323802967308e+00
1.003221727738953017e+00
1.014299665685789664e+00
1.003008302646126060e+00
1.014778710906004910e+00
1.013053778777347036e+00
1.006586035186853856e+00
1.007866848189166165e+00
1.005036605552015017e+00
1.009493196045488261e+00
1.004196859826450794e+00
9.999268222159417574e-01
1.011532648537855961e+00
1.015363320259369262e+00
1.014211303848730372e+00
1.012752111691583856e+00
1.012368903722228763e+00
1.009475967670568686e+00
1.010134153870992701e+00
1.011079212649732328e+00
1.007495076766858677e+00
1.009056423086542642e+00
1.015510392650917249e+00
1.009030135233406122e+00
1.008712716329362102e+00
1.007298978772335429e+00
1.006479638009027511e+00
1.010106923487873232e+00
1.011635639521407448e+00
1.013605010538799922e+00
1.009569226775723694e+00
1.011975918154631282e+00
1.007393336699762054e+00
1.009559159815764051e+00
1.015285703943648699e+00
1.009654480533171306e+00
1.009420023592840998e+00
1.009572832971292744e+00
1.009263720545003906e+00
1.006386155941028759e+00
1.013408674185510394e+00
1.002892700395574321e+00
1.007048091024052017e+00
1.008760494265077190e+00
1.005009485962250926e+00
1.010308756554358922e+00
1.008671704730057961e+00
1.012840093984992418e+00
1.012175197687078754e+00
1.009332866997017186e+00
1.008200699457384664e+00
1.010901007891813030e+00
1.008060554259800012e+00
1.004163086286509632e+00
1.014769578678209605e+00
1.015480858719087998e+00
1.011012520174087825e+00
1.003814377870742902e+00
1.009439704880080946e+00
1.004393571901974092e+00
1.007838355777618267e+00
1.008137465689519674e+00
1.010410012681769221e+00
1.012078731675433163e+00
1.008967876160895338e+00
1.006493031839738261e+00
1.005588151565619759e+00
1.006162393961273827e+00
1.012862686545803692e+00
1.017483839715328742e+00
1.009589889106746519e+00
1.009839150679616715e+00
1.016057429833698400e+00
1.006769587503557162e+00
1.011551248553110627e+00
1.011823729054053933e+00
1.008427814839132131e+00
1.009566350747207242e+00
1.012311894289337211e+00
1.012063008273319520e+00
1.011795271383146622e+00
1.014301865641958900e+00
1.006830978785168806e+00
1.006542689523358680e+00
1.005555051953368473e+00
1.010629997721746776e+00
1.001441071552385376e+00
1.011936142896641355e+00
1.007181392893082617e+00
1.007090345344154203e+00
1.014292700954406490e+00
1.006494853566828551e+00
1.004577975085803043e+00
1.011373179750465034e+00
1.009715956338706144e+00
1.011649651491330903e+00
1.009993860987134395e+00
1.010752177744030922e+00
1.005232029887056733e+00
1.008579908135504022e+00
1.010585250278614122e+00
1.010692410705540834e+00
1.017944446594509333e+00
1.013108261766382689e+00
1.005011744790134776e+00
1.013155056314675617e+00
1.008692811383084864e+00
1.014953957372023430e+00
1.008666756676621867e+00
1.007748309900062367e+00
1.014842157191814476e+00
1.001397341828857090e+00
1.008734445631484844e+00
1.012402020585007723e+00
1.013632118262841164e+00
1.015792316398682171e+00
1.002726566681041431e+00
1.008538589244296624e+00
1.005823263372999099e+00
1.009668012426703454e+00
1.007367119007567702e+00
1.006413363556822205e+00
1.006461782177854758e+00
1.014935800607551508e+00
1.009172086650657718e+00
1.007545430054575419e+00
1.009028485942419007e+00
1.005332562060866630e+00
1.010627377631941659e+00
1.016932385008315842e+00
1.011065427161544905e+00
1.013258638378606635e+00
1.016654898017794073e+00
1.009755227936393052e+00
1.009328233150283527e+00
1.009532284075400188e+00
1.016274357311040433e+00
1.011221429817672268e+00
1.013427298909368224e+00
1.014916396771166740e+00
1.004092164686789301e+00
1.003405493032231144e+00
1.019784872505315798e+00
1.011746857309438363e+00
1.015849887844231914e+00
1.012705834312034758e+00
1.011430103497480637e+00
1.010568076766421131e+00
1.011872694950682439e+00
1.017174962901546742e+00
1.017746667955082840e+00
1.015180515807274420e+00
1.009792198139385366e+00
1.008248697817674788e+00
1.003332397309652180e+00
1.010665063871324376e+00
1.010397279255558667e+00
1.018437831261042037e+00
1.011131309522322885e+00
1.013691281579194081e+00
1.010911533250848482e+00
1.011815293061056220e+00
1.009742538086080943e+00
1.010872229653619891e+00
1.006885267379266091e+00
1.013284669204705946e+00
1.009806769405869442e+00
1.012815223156671385e+00
1.005188197757554525e+00
1.013112933818376860e+00
1.005940091063415087e+00
1.011209543043201542e+00
1.010540847935391451e+00
1.009527979177832435e+00
1.009293769703037968e+00
1.002968164734905132e+00
1.010530822376805915e+00
1.011312457893964734e+00
1.014804541795195636e+00
1.013353649394315381e+00
1.011590161219051209e+00
1.010143862144648574e+00
1.005007702266494940e+00
1.013074556457502329e+00
1.010739295648767300e+00
1.010053167988833822e+00
1.008861689515244908e+00
1.012652047029594105e+00
1.007007441312282925e+00
1.006596900803664374e+00
1.004738259818534818e+00
1.009688243975989330e+00
1.008641668264444569e+00
1.004089948664205867e+00
1.015011065627440257e+00
1.008629154664153260e+00
1.009600636523789507e+00
1.017478352840224254e+00
1.011247651214071785e+00
1.013456752193324206e+00
1.004071088709212134e+00
1.006543701109323896e+00
1.012205446025616684e+00
1.010568464249537168e+00
1.010299593604911061e+00
1.014853052202012940e+00
1.008494536474568992e+00
1.005124497455911481e+00
1.013295767905556977e+00
1.019031063052268093e+00
1.013812739597333978e+00
1.008953989953524477e+00
1.008882982507127046e+00
1.015229613829513378e+00
1.008127229067696362e+00
1.002125714268162104e+00
1.012082361507728789e+00
1.006079542653805392e+00
1.009166061015294158e+00
1.010025680481890564e+00
1.013425700741193536e+00
1.013777946648017902e+00
1.010830647908868452e+00
1.012505068674401931e+00
1.007816262376320715e+00
1.016148439685361060e+00
1.010804353921923582e+00
1.003555500238788811e+00
1.008071666318151482e+00
1.012820544041389104e+00
1.014615188254447631e+00
1.013039213760084101e+00
1.008290201193785762e+00
1.011093892135050520e+00
1.013570659754794878e+00
1.006533675924277116e+00
1.010290311880166048e+00
1.015541467277383703e+00
1.014802736246174453e+00
1.009169520029571609e+00
1.009250886478991083e+00
1.008041292403316191e+00
1.015861961866312058e+00
1.015101432665289849e+00
1.014276636797480036e+00
1.014597654112570746e+00
1.011444539836167777e+00
1.010029263802636690e+00
1.011196404820963624e+00
1.014188708283674023e+00
1.010455359836518907e+00
1.006285012251252775e+00
1.011055339598283309e+00
1.009499505528623775e+00
1.004785182391918719e+00
1.010356208291308011e+00
1.014970295781286058e+00
1.011334332435002592e+00
1.005108063517576866e+00
1.019035111182309938e+00
1.015619227009256775e+00
1.004193831079877253e+00
1.015595861083762097e+00
1.010741453361419184e+00
1.015110440677305048e+00
1.009373902911334664e+00
1.007911301455447939e+00
1.015913983593463632e+00
1.003989127603767129e+00
1.004706340331950720e+00
1.014459630496076459e+00
1.016409975306899360e+00
1.009621021143671360e+00
1.007533844959499936e+00
1.009971133279646605e+00
1.011008628636570261e+00
1.006810551360671102e+00
1.013737778304824255e+00
1.013698548524500698e+00
1.011650634433578055e+00
1.011217782538818000e+00
1.007705994577624553e+00
1.017230644008732421e+00
1.014247141758287674e+00
1.010253148220403130e+00
1.010459122738632809e+00
1.014660117202559553e+00
1.011158725398963565e+00
1.006067586693782046e+00
1.011039261634334885e+00
1.013590724937364573e+00
1.005260232746858051e+00
1.016675450160001271e+00
1.010834810744962065e+00
1.006223289116380926e+00
1.010889239562674735e+00
1.006098087957659093e+00
1.010628280957613478e+00
1.006178817409626225e+00
1.007881389122470495e+00
1.005703989825609268e+00
1.000724357014581622e+00
1.008894318727635353e+00
1.013520014370778322e+00
1.014409244537386678e+00
1.006049221333054300e+00
1.010630195004460496e+00
1.006573715091511945e+00
1.009714479543197374e+00
1.006820950902977962e+00
1.008977922927940973e+00
1.006901955253610703e+00
1.017451270982397959e+00
1.010281213177103954e+00
1.012150357777688026e+00
1.006866798214197667e+00
1.012043933820441000e+00
1.013089068807175197e+00
1.015251821321316639e+00
1.010813709929815341e+00
1.012742594605841484e+00
1.007570814180899443e+00
1.006389453820158097e+00
1.011343367251708258e+00
1.014431363543666365e+00
1.008825884947384122e+00
1.009802863649727600e+00
1.008601267633768117e+00
1.017302015964059558e+00
1.002820864534261780e+00
1.011275223917040611e+00
1.006401263202480356e+00
1.014499976238870893e+00
1.015882882129548026e+00
1.010799812904672690e+00
1.014508614158275313e+00
1.006414123524186133e+00
1.005332712471263878e+00
1.011438461497274233e+00
1.013721116121055310e+00
1.016072085981453599e+00
1.006548353435398280e+00
1.008081542937159014e+00
1.008225970898246837e+00
1.003979495719574011e+00
1.004744316171040097e+00
1.009004592364740160e+00
1.013593478052375874e+00
1.012179525693716942e+00
1.010559087192414607e+00
1.013615218299640741e+00
1.014781939649270770e+00
1.012594948233341396e+00
1.009651533630886222e+00
1.015480703411471897e+00
1.006706194037765956e+00
1.014038847741516092e+00
1.014458412107726692e+00
1.015033833439564548e+00
1.013645339157576375e+00
1.009105450113644276e+00
1.012617522843203277e+00
1.008542133536190155e+00
1.011044882135702760e+00
1.009713129418625455e+00
1.013212439992294156e+00
1.011020506617791304e+00
1.004747498371072689e+00
1.009646699869568787e+00
1.014646791563704298e+00
1.015192732236034567e+00
1.011739586070499852e+00
1.004109255351706587e+00
1.012910764572829247e+00
1.008530728164244383e+00
1.013320499367369676e+00
1.011871833713136937e+00
1.015009786577990791e+00
1.010943616355807873e+00
1.013731963998443453e+00
1.008654388786757172e+00
1.018868619269411635e+00
1.010096690857203772e+00
1.012880525664816123e+00
1.013590925701585821e+00
1.015041531974968603e+00
1.007980262980947561e+00
1.009140240717379511e+00
1.009830313031855775e+00
1.010817147033026275e+00
1.007499194041603374e+00
1.016829427489227333e+00
1.011820837717641863e+00
1.015191642288252982e+00
1.008478084498201088e+00
1.008774627314561911e+00
1.016866402914279321e+00
1.006377970831789481e+00
1.010675145829424526e+00
1.007583750427754499e+00
1.010022376509885023e+00
1.004132631575748835e+00
1.015930497527358423e+00
1.009949667409344665e+00
1.015506886737487013e+00
1.012810909755204936e+00
1.007900658186109633e+00
1.014827174160712886e+00
1.013536163691576508e+00
1.010081881589711017e+00
1.009404137514645416e+00
1.010125045590194448e+00
1.008879869620486591e+00
1.011496740898786939e+00
1.014657557113701092e+00
1.003540901006012565e+00
1.000708988770515839e+00
1.016800158579606483e+00
1.006035538184012257e+00
1.003005838312492459e+00
1.012292155160958496e+00
1.002072298206558632e+00
1.005765801866879139e+00
1.009857378323403276e+00
1.008337393901669099e+00
1.011354794551895697e+00
1.010302430463893675e+00
1.013727360214280004e+00
1.010151748357007717e+00
1.013464286854123264e+00
1.005780346317447727e+00
1.009189093244911017e+00
1.009577115752696264e+00
1.003721638560114426e+00
1.010961426308452316e+00
1.010932311381698590e+00
1.013252430932488846e+00
1.015288320390019372e+00
1.010907860277742376e+00
1.011643203826382509e+00
1.009338123576751123e+00
1.001698549876586686e+00
1.017831769545180176e+00
1.005024744854047691e+00
1.012694381369075192e+00
1.008442081204074414e+00
1.012193443914685353e+00
1.011904551714301270e+00
1.022933678501730004e+00
1.010026334519586344e+00
1.012007283296065818e+00
1.007704117209535566e+00
1.013001209802761649e+00
1.014442489324093977e+00
1.008205789622334425e+00
1.017045848665500074e+00
1.012150368529276756e+00
1.001778992912134347e+00
1.010289642954318445e+00
1.013330592738637126e+00
1.006070661249722997e+00
1.014273255566298326e+00
1.012726876771522289e+00
1.014465397386316470e+00
1.003078448881250528e+00
1.006671829730575674e+00
1.008822455945730390e+00
1.016227464754416276e+00
1.013865229002119284e+00
1.014666881297754841e+00
1.010251527111851066e+00
1.017281909764815140e+00
1.019282568027712443e+00
1.011567028012100300e+00
1.008489617775268465e+00
1.012184738525527372e+00
1.004375954140258376e+00
1.008991513563040066e+00
1.009048675445029852e+00
1.010112999953826529e+00
1.008763412404428683e+00
1.008996888584129170e+00
1.008816747157073701e+00
1.007431150747240212e+00
1.008358195234070775e+00
1.012929847979212594e+00
1.014615204792708614e+00
1.004890356813173069e+00
1.008342071046762767e+00
1.010073355114353921e+00
1.012374335071049680e+00
1.008869972242627755e+00
1.014115089403111902e+00
1.009572151092054337e+00
1.009023608188110988e+00
1.017867120593511032e+00
1.012388752018356541e+00
1.014819722307620076e+00
1.006524245371550386e+00
1.005097350645459020e+00
1.008758475043890490e+00
1.007997248307307858e+00
1.006958434871531693e+00
1.007901412272092623e+00
1.006295390925540545e+00
1.014467808357563561e+00
1.013577922413308130e+00
1.012428932844849250e+00
1.008363704574748887e+00
1.013773406558641454e+00
1.011330006190027886e+00
1.011387852491085093e+00
1.016238050098842161e+00
1.012107416450106490e+00
1.013551627105758746e+00
1.005054825965657539e+00
1.008001201364317589e+00
1.003369551360655976e+00
1.009654377446235429e+00
1.006824535125112829e+00
1.005487309324989642e+00
1.009408898875414851e+00
1.004683036936230955e+00
1.019664023785354035e+00
1.005285755854576912e+00
1.014997589086939378e+00
1.004948491789554144e+00
1.013455005247974716e+00
1.008410587378832268e+00
1.007594651129193331e+00
1.015168435954422188e+00
1.006904155112700039e+00
1.006861391967200037e+00
1.011911781637974128e+00
1.012484896108395649e+00
1.005821562213643494e+00
1.007321114886969404e+00
1.011196772732825711e+00
1.010097685576555993e+00
1.011816072104947173e+00
1.013027616853609647e+00
1.010611780548172023e+00
1.009827305728078217e+00
1.008611447765854763e+00
1.013596737655899638e+00
1.011595624257639159e+00
1.001274876104553568e+00
1.012155058488154014e+00
1.014681448370439165e+00
1.009612907582473351e+00
1.010250483620753315e+00
1.009790246950164061e+00
1.009365105078707137e+00
1.006165542451232131e+00
1.011830813875019830e+00
1.016135069591386886e+00
1.008464326210663842e+00
1.013530521355516578e+00
1.008238641931057611e+00
1.006945852279953479e+00
1.005398728436561528e+00
1.009029506563543288e+00
1.018708334950461092e+00
1.012928131446899638e+00
1.008683566416780808e+00
1.010398404575159947e+00
1.002774810096618729e+00
1.011474776523634489e+00
1.004626995958030511e+00
1.005828914178992672e+00
1.008486537829538232e+00
1.012874495827655430e+00
1.014208692933155076e+00
1.005430527676161478e+00
1.012038099005373004e+00
1.008702802646572971e+00
1.013033363445112522e+00
1.002507517873347798e+00
1.009040782739754061e+00
1.007786588881592671e+00
1.009021191936758211e+00
1.010220790736348517e+00
1.008235290665258299e+00
1.014124573258849749e+00
1.014478886886029274e+00
1.011437618646496617e+00
1.007676639959860010e+00
1.012002298294925495e+00
1.011623514811231805e+00
1.010457973110800101e+00
1.006135543829788759e+00
1.014106936569763917e+00
1.007031016462576201e+00
1.011370198497303363e+00
1.006485649061441112e+00
1.006287038256078459e+00
1.006334908983439469e+00
1.002589736922580466e+00
1.015394789022032729e+00
1.008340673655031994e+00
1.005877825990632246e+00
1.008466058098834939e+00
1.007384703666062586e+00
1.006911814738482347e+00
1.004973335778463817e+00
1.008417062262012998e+00
1.013144051469915263e+00
1.007942622132970589e+00
1.010284060642163473e+00
1.008233288776723136e+00
1.014796512878107348e+00
1.007569066300780802e+00
1.008228609639527873e+00
1.009969878814631183e+00
1.015226704704818239e+00
1.005251011693301777e+00
1.005006698741133242e+00
1.007312594784841586e+00
1.009281367370539195e+00
1.006015644660030572e+00
1.008502265592873481e+00
1.009978557442100744e+00
1.001434726415929344e+00
1.009981788203164532e+00
1.006098616484418784e+00
1.011018023500040997e+00
1.014981923372040074e+00
1.012019648347424639e+00
1.005748464742734383e+00
1.012148061580305791e+00
1.006994895258112033e+00
1.015493586557886241e+00
1.007904038820738979e+00
1.010981043070781071e+00
1.005834760150144058e+00
1.011526466084483156e+00
1.010922799617570922e+00
1.008272696697007476e+00
1.007485252061473213e+00
1.005626518925534674e+00
1.014115775140147502e+00
1.010114275021227526e+00
1.013091376254416254e+00
1.005663376867627967e+00
1.012794313586923067e+00
1.012136248013909778e+00
1.017541016367854212e+00
1.004966384016086733e+00
1.010097600052942690e+00
1.011275613679250451e+00
1.014778738041117290e+00
1.009921652268199965e+00
1.000025268307175308e+00
1.005974783874598044e+00
1.009797002716090741e+00
1.008841236002573583e+00
1.006022851297234899e+00
1.008555757123363428e+00
1.018409084745795168e+00
1.005794442406455103e+00
1.006501140676746564e+00
1.021901922134024421e+00
1.011840053589188493e+00
1.010808170743553891e+00
1.004752609727528334e+00
1.006107986632565510e+00
1.007636496670847315e+00
1.011440187079154285e+00
1.009364211442011383e+00
1.011439476506776014e+00
1.004199740375531169e+00
1.008389202755299197e+00
1.020844184382141417e+00
1.010695918514369573e+00
1.011814738772315980e+00
1.009495710967522886e+00
1.007710291408372871e+00
1.002501268104251997e+00
1.011221207263091504e+00
1.020185744133165873e+00
1.008443730923405113e+00
1.018085394097584473e+00
1.013178630114611067e+00
1.012421855504959112e+00
1.011255598367670316e+00
1.010484020001110261e+00
1.000641841338546056e+00
1.010527891611949558e+00
1.007626826115322949e+00
1.011384619614767555e+00
1.003706615612003139e+00
1.004216769950686983e+00
1.010812177307320647e+00
1.011875102448726249e+00
1.010209310206545252e+00
1.010260026216119211e+00
1.011035652298077236e+00
1.010462542601832103e+00
1.012942764036502297e+00
1.009260583402949107e+00
1.006272165257409368e+00
1.008356828941031402e+00
1.003440742777573336e+00
1.013927164638479761e+00
1.012814248563399300e+00
1.016383170535614777e+00
1.008532758900346549e+00
1.008244108998462840e+00
1.007795084698178023e+00
1.006780407397761978e+00
1.006954551609003046e+00
1.010057064941241256e+00
1.008901945631052177e+00
1.010957307821269024e+00
1.009455484905804168e+00
1.008188109151778145e+00
1.011414529920249050e+00
1.013475516712441182e+00
1.014884948812803334e+00
1.006416276738497428e+00
1.007922072129957547e+00
1.012533101625338938e+00
1.006123462208049490e+00
1.010907128303428548e+00
1.010966280126236239e+00
1.014503826282258769e+00
1.006710463113280829e+00
1.013314589605784022e+00
1.011892137573896511e+00
1.004599657921674272e+00
1.003909174147153305e+00
1.010488566371843033e+00
1.012733502807747987e+00
1.010859250130391018e+00
1.011982877725256413e+00
1.006793997596254542e+00
1.006362272098537680e+00
1.005613447680802519e+00
1.014497794579084733e+00
1.004400659984326705e+00
1.013621879832877770e+00
1.013614277697495236e+00
1.008915345789610507e+00
1.010005821518633828e+00
1.016422807391632821e+00
1.012755187253748579e+00
1.016915556736800674e+00
1.010482028444076752e+00
1.007666774840956236e+00
1.013593183855959978e+00
1.012757640380093971e+00
1.015146033713721030e+00
1.003664891572267903e+00
1.007844141833349916e+00
1.006333181220116613e+00
1.013959189612345213e+00
1.006820011299791817e+00
1.011693632484060634e+00
1.015106535539375798e+00
1.007644417112354418e+00
1.006408282750853145e+00
1.010502449696996985e+00
1.010737692730987902e+00
1.009783519685262032e+00
1.012552748841947237e+00
1.005488985299714644e+00
1.009874410039816706e+00
1.004886063773402505e+00
1.008060651074464076e+00
1.011894445064960513e+00
1.006875617845902848e+00
1.008972972995250350e+00
1.008928197690408313e+00
1.011152804633683511e+00
1.007827478137685917e+00
1.008609551855441433e+00
1.010298887018627356e+00
1.010080379051200072e+00
1.008010858100532703e+00
1.008513274197733844e+00
1.009506552782013511e+00
1.010915233399241941e+00
1.012476992854394409e+00
1.011407755102996520e+00
1.003822212075267339e+00
1.003514838037818269e+00
9.991173032973729162e-01
1.010571596891246537e+00
1.008884047357795355e+00
1.010313605828754513e+00
1.004101992944559596e+00
1.005716786575602928e+00
1.007191473225895306e+00
1.016074929229262125e+00
1.000786063639546697e+00
1.019424060450695446e+00
1.002017950338816910e+00
1.010067839231683751e+00
1.005555102348514307e+00
1.004789941442371326e+00
1.007194374454740471e+00
1.007622497796401451e+00
1.001891326054427545e+00
1.006156831434303012e+00
1.012022284760216051e+00
1.011654265422577748e+00
1.007325686279519017e+00
1.008999949568045951e+00
1.012861055694910473e+00
1.013637866948077226e+00
1.009850895998002374e+00
1.008913221156044537e+00
1.015752516894922186e+00
1.006893639028691334e+00
1.011392855653693301e+00
1.015100207207060734e+00
1.019542453299874918e+00
1.008414511632609756e+00
1.009366189506111011e+00
1.004741183921833203e+00
1.013032694145225676e+00
1.013721905720269101e+00
1.012742235422815940e+00
1.008504624681324291e+00
1.012564026919475779e+00
1.010431958638618344e+00
1.011648832633668560e+00
1.006782101248894667e+00
1.011425591810842572e+00
1.008930463670806965e+00
1.015469594683382937e+00
1.007757277476297952e+00
1.010373651446115906e+00
1.011209296290215498e+00
1.011226127378908268e+00
1.013565453984966336e+00
1.005919149218138742e+00
1.012421984976845657e+00
1.007355931269631855e+00
1.016147421899350034e+00
1.008057168159894212e+00
1.011844382425287847e+00
1.011960361609441028e+00
1.009143417158601341e+00
1.003499410962545024e+00
1.006002895518763873e+00
1.017432263061673448e+00
1.015248247417480876e+00
1.009158835028811652e+00
1.006658539404722053e+00
1.011642560029399451e+00
1.010085886373479180e+00
9.979252571644551262e-01
1.006983227968361039e+00
1.008919392334007403e+00
1.003811770417899485e+00
1.011850622150309853e+00
1.015346809814225315e+00
1.002755107909669707e+00
1.011802535702750250e+00
1.013775618842631454e+00
1.011003955170042712e+00
1.010589804382093115e+00
1.010750170356308653e+00
1.005389249050510969e+00
1.006571908628455692e+00
1.006218285403691626e+00
1.014579714212060724e+00
1.011275010075708192e+00
1.010406620991434856e+00
1.010007018228090914e+00
1.009355932748658091e+00
1.003891925534488250e+00
1.008518991328599235e+00
1.010945033620189726e+00
1.014245063755312204e+00
1.004128318728543690e+00
1.013482956163292981e+00
1.018728003623831535e+00
1.013671573918869084e+00
1.007535459202057782e+00
1.009606218105737918e+00
1.009037412384005350e+00
1.013017451327009155e+00
1.011584309820515504e+00
1.011929319619427670e+00
1.016685512460716811e+00
1.011279377525588385e+00
1.013845233971497395e+00
1.012017316088346774e+00
1.010465464813605108e+00
1.006307604483245743e+00
1.010401094490945839e+00
1.008373496783120382e+00
1.009080049358258346e+00
1.009641013514527952e+00
1.010926366786051522e+00
1.008293980740528673e+00
1.005656680622450061e+00
1.010218132651707901e+00
1.004711932385837780e+00
1.002725674589717064e+00
1.012144253516931380e+00
1.007586182509715433e+00
1.010592762129737476e+00
1.007813885859382363e+00
1.009985947051741384e+00
1.019644725700944443e+00
1.011967341762405326e+00
1.009996611852193249e+00
1.004680714471969383e+00
1.009288377443708917e+00
1.008184404802627609e+00
1.009451059971891773e+00
1.005800077132462222e+00
1.014551984988097955e+00
1.012434247219748285e+00
1.000575236360843112e+00
1.018377362842699085e+00
1.008325099832783289e+00
1.018011804233163398e+00
1.013113919260937523e+00
1.010693892717197118e+00
1.004565348814231873e+00
1.011181907300447991e+00
1.011867899358205980e+00
1.009605841349645150e+00
1.011759238979964115e+00
1.005248588565593071e+00
1.015690477658807822e+00
1.013973401160920940e+00
1.014383996468709581e+00
1.011327127382953162e+00
1.008185006410082130e+00
1.011098912379811976e+00
1.005628073474594375e+00
1.012407828648625552e+00
1.012858028753688799e+00
1.011786219005256005e+00
1.008672816565760799e+00
1.009849707834258092e+00
1.007908462120511883e+00
1.015183619324913078e+00
1.010418315051849980e+00
1.013130211951990267e+00
1.009302533973149840e+00
1.008530556214508822e+00
1.021390127462106889e+00
