1.168567092271043828e+00
1.133976452619709141e+00
1.182406895493716137e+00
1.177647089995117691e+00
1.146950556874372529e+00
1.116448459761975265e+00
1.292140878730851483e+00
1.191373923875277629e+00
1.165691171095124323e+00
1.251665083249976274e+00
1.159731763336846022e+00
1.285342317832668391e+00
1.139330203761063087e+00
1.162362723900807193e+00
1.348158719066753886e+00
1.119367701921500702e+00
1.169948857023201283e+00
1.220516144208617204e+00
1.185461639703133674e+00
1.286478636014059873e+00
1.161358139574613757e+00
1.157725889175789336e+00
1.161716620819550627e+00
1.164420007690879943e+00
1.104373445815731047e+00
1.151530732817501290e+00
1.135425959000367691e+00
1.175585263527521240e+00
1.183311352088217916e+00
1.132911396270947391e+00
1.190715176725961832e+00
1.121586721388734942e+00
1.136546124375749534e+00
1.215790075339876264e+00
1.146037745177719946e+00
1.160559592835764375e+00
1.163585739268136354e+00
1.136015567368970469e+00
1.151585763722635214e+00
1.134539827559336800e+00
1.172665110068539907e+00
1.371789390618999960e+00
1.169093712365951054e+00
1.164212752021511754e+00
1.121960067049640575e+00
1.260414792215566404e+00
1.169862027624001488e+00
1.165435066864982216e+00
1.153969848908489304e+00
1.230808250372995349e+00
1.147971848675964468e+00
1.145618764496065589e+00
1.174059451817823785e+00
1.156602727104453665e+00
1.138913345919072784e+00
1.230460791726716518e+00
1.108022646872492967e+00
1.195693170803419525e+00
1.099054813029938460e+00
1.171912150996516688e+00
1.152648850854306461e+00
1.147279397206341311e+00
1.156045764298360590e+00
1.176976097658357201e+00
1.164631900266333231e+00
1.195530251129151234e+00
1.167807400076616542e+00
1.181412049971330758e+00
1.131402538704062266e+00
1.195817568527913100e+00
1.241350696602198100e+00
1.214314898720454172e+00
1.186856572679544808e+00
1.221046018627275354e+00
1.218689047071589426e+00
1.332853763504615596e+00
1.194186002384860945e+00
1.136437951116135103e+00
1.237838230023754038e+00
1.262524199813454429e+00
1.230307601789880412e+00
1.126043545614282992e+00
1.128858785059710712e+00
1.141458383137854860e+00
1.226794186427326627e+00
1.156565088346221293e+00
1.111338382475158149e+00
1.123058166938262659e+00
1.191642177019998527e+00
1.215965695535228708e+00
1.192785184465712245e+00
1.142734795333564035e+00
1.263607386935206911e+00
1.147850278952213809e+00
1.230842955719190002e+00
1.157130785899461944e+00
1.120015511595095603e+00
1.265069278201487846e+00
1.111997701771970659e+00
1.101939614074003426e+00
1.149906276658710258e+00
1.121525580769863417e+00
1.231828132224090711e+00
1.118365789690951795e+00
1.183404222735524591e+00
1.300199645163576889e+00
1.145980687700051570e+00
1.293324363603307603e+00
1.266663712012043419e+00
1.272082726965609423e+00
1.161460477441003780e+00
1.222472279406167095e+00
1.218590525776108269e+00
1.280097923831205797e+00
1.148079031194694455e+00
1.096390247820762553e+00
1.244889927700221888e+00
1.230690620332921537e+00
1.159131887005288020e+00
1.158952287516685997e+00
1.109075807597516228e+00
1.151595878447360111e+00
1.136806340157756168e+00
1.140934420500917756e+00
1.210899903400169952e+00
1.204620823149439746e+00
1.151436023054337898e+00
1.137682090532767143e+00
1.146229403257471136e+00
1.145860939932074274e+00
1.165798129856024712e+00
1.113154034583631269e+00
1.187727313996964407e+00
1.150497873422975159e+00
1.129719021682026980e+00
1.133420294155154773e+00
1.303887671873632526e+00
1.194554191896191053e+00
1.164481489620085020e+00
1.145763466893253479e+00
1.255820957685091610e+00
1.121979881267069157e+00
1.190300751567960891e+00
1.248906500372026773e+00
1.202117975906749958e+00
1.199685719432918019e+00
1.157151976428264728e+00
1.306145334051729945e+00
1.189314240196108985e+00
1.108110982521664178e+00
1.178682159052034883e+00
1.144608138350366122e+00
1.220793591332530736e+00
1.284301719284175913e+00
1.145518630026731488e+00
1.297254916908044953e+00
1.142525314010611748e+00
1.272853100921346403e+00
1.227862686230548839e+00
1.206971069765803817e+00
1.263625314627518259e+00
1.115164276690149281e+00
1.136943794655709050e+00
1.153959053940017965e+00
1.131988319527316822e+00
1.184798551754025375e+00
1.192067079338808400e+00
1.285366373497802472e+00
1.147979594627994482e+00
1.113268210572581518e+00
1.144017125036605798e+00
1.102182015300035012e+00
1.227632200166120180e+00
1.176417087380549509e+00
1.140757752173481077e+00
1.182231753900799820e+00
1.106152344261318587e+00
1.294431034176865447e+00
1.218494640503589244e+00
1.135861600584612274e+00
1.263603052814988636e+00
1.148859965959457829e+00
1.169953210430166868e+00
1.173102693478492498e+00
1.115908369209817730e+00
1.192961198527022981e+00
1.118466730789382080e+00
1.161178733910533278e+00
1.172371875181481116e+00
1.153040902265843881e+00
1.171386835898924783e+00
1.110968749535967248e+00
1.274104329581462913e+00
1.139630076805566050e+00
1.131078682965512394e+00
1.174451873033414140e+00
1.245140513796684223e+00
1.288284641427882571e+00
1.150253451583584052e+00
1.416083183499334153e+00
1.186815923262662720e+00
1.183716331504905517e+00
1.373317334357063046e+00
1.142236599652404427e+00
1.150123108142163231e+00
1.114290741452521161e+00
1.240116003590282068e+00
1.172436132771486061e+00
1.107359211959194178e+00
1.130580825237443854e+00
1.195007901253480220e+00
1.142411114938247207e+00
1.152006980536205871e+00
1.254487720862159428e+00
1.391562268335713393e+00
1.197844770997346764e+00
1.174779639578366064e+00
1.171720229099681099e+00
1.158909145670091512e+00
1.104068852308731863e+00
1.172794979912726854e+00
1.110616913448206677e+00
1.171465630084472798e+00
1.159970747404031721e+00
1.196853507044725262e+00
1.189163015473014617e+00
1.189157938075875665e+00
1.238919072399145005e+00
1.228752459241293726e+00
1.120305271033537275e+00
1.192292067827258606e+00
1.198692861847977520e+00
1.176511316663537920e+00
1.124618738083884573e+00
1.220923902399472905e+00
1.131675339995069640e+00
1.192144161945039027e+00
1.416946306155439039e+00
1.176014561930802449e+00
1.343725385833696162e+00
1.196848401836634324e+00
1.229295694016643514e+00
1.137208106133655638e+00
1.221293032488917962e+00
1.186705936402720818e+00
1.181014499111092686e+00
1.105725315962075017e+00
1.205179849927653590e+00
1.208233741950995421e+00
1.266621285687717924e+00
1.141172651100402780e+00
1.108270265201172000e+00
1.120119305021137102e+00
1.235445071553705976e+00
1.169467362557038426e+00
1.105591383280632334e+00
1.236676184226908726e+00
1.165922834391853291e+00
1.204283478154557052e+00
1.166585308408493837e+00
1.189367567233712952e+00
1.146971850857557929e+00
1.203948658666628813e+00
1.140026860063252823e+00
1.227363829714739785e+00
1.162656134484815196e+00
1.175408946000383814e+00
1.161186312684833633e+00
1.162425945178264142e+00
1.135753748044770806e+00
1.146921758360560872e+00
1.150394406424727123e+00
1.230954797498394759e+00
1.142389110232034044e+00
1.238702735064582283e+00
1.248970419324197278e+00
1.256430002218877240e+00
1.187114562184630628e+00
1.410027075342525693e+00
1.190038363173005598e+00
1.196932360547611873e+00
1.160855610029216889e+00
1.114189059162704609e+00
1.117599820481342654e+00
1.126320062861312810e+00
1.314431885629370633e+00
1.193670377293169160e+00
1.190299804462303879e+00
1.274825762605867219e+00
1.271705166853214442e+00
1.134125152733703734e+00
1.187226945057858307e+00
1.137096511367506224e+00
1.162320234367267391e+00
1.135399128826528159e+00
1.155512229344170638e+00
1.144346215365728225e+00
1.120237181117424541e+00
1.207201271587968305e+00
1.166010633568390409e+00
1.314657371561166688e+00
1.145588909352515783e+00
1.136506199199541767e+00
1.159066053231083249e+00
1.229221857264611417e+00
1.124626092596075599e+00
1.159012731279538633e+00
1.153492925963151672e+00
1.194010665642152524e+00
1.176955775532042114e+00
1.119285367125294250e+00
1.163935821889293898e+00
1.193142741030779996e+00
1.209612213917776069e+00
1.287897230702338636e+00
1.238584316537163943e+00
1.186113613626385233e+00
1.184118608021833108e+00
1.164297397060338080e+00
1.215633598523762293e+00
1.188817890566972846e+00
1.276362937096471528e+00
1.229109870945197747e+00
1.119858682496811975e+00
1.117553930453568212e+00
1.184139244452275141e+00
1.134998431479850911e+00
1.228798114589800816e+00
1.204196895392005029e+00
1.233381484503021319e+00
1.197137538902469434e+00
1.168297471897384199e+00
1.164530728914530133e+00
1.187768595835877461e+00
1.127869902671448710e+00
1.175141568265775538e+00
1.198224779992329347e+00
1.155909890614559954e+00
1.150914289673414359e+00
1.225188280434275079e+00
1.226549210958495895e+00
1.150096860504421725e+00
1.128282471518962105e+00
1.223256263684354028e+00
1.178691019132996898e+00
1.095155249069101666e+00
1.213367599678626618e+00
1.174717490299020950e+00
1.238890177686156502e+00
1.166232674718079343e+00
1.200493613751280497e+00
1.111628996568065908e+00
1.178687665167786225e+00
1.127308548372080832e+00
1.229765852438005957e+00
1.165980593827529166e+00
1.152087846463010434e+00
1.156696643881032438e+00
1.183081927766482577e+00
1.154236349965500397e+00
1.111432572580205669e+00
1.179671032726659741e+00
1.108461686921291323e+00
1.168630050412610366e+00
1.146150992949920955e+00
1.168467119442289759e+00
1.299528766345887210e+00
1.169534769062709589e+00
1.314458281458598332e+00
1.238864001709788498e+00
1.152569678695110511e+00
1.151911745237767182e+00
1.140714577896333015e+00
1.178192369137255557e+00
1.133503408276055779e+00
1.140616077432043962e+00
1.112059122350388174e+00
1.269028797957253651e+00
1.190792922885240523e+00
1.243203931211294133e+00
1.259365116147162622e+00
1.231228560022836316e+00
1.129135518377467395e+00
1.155216148315138858e+00
1.179482078791301403e+00
1.139872178159241134e+00
1.228106137311797630e+00
1.173910493356763229e+00
1.192015082351749022e+00
1.210731137653328293e+00
1.250271562009918291e+00
1.134260007569634521e+00
1.167814445900149378e+00
1.208702149559790273e+00
1.164201332146853840e+00
1.174178073946539946e+00
1.193952495547266679e+00
1.126798732662267488e+00
1.161185524554599446e+00
1.159597327890978802e+00
1.144273827900424312e+00
1.128676970951850267e+00
1.140611808027587104e+00
1.268680964936590660e+00
1.120462862206077270e+00
1.129806602303006002e+00
1.142773214243979263e+00
1.167643657663439472e+00
1.142863371106327408e+00
1.319068178875755448e+00
1.153921444928313944e+00
1.349898836581279848e+00
1.181652109495105796e+00
1.164392634901069146e+00
1.234367416570383513e+00
1.277219016333425827e+00
1.140898712098202372e+00
1.117086186797674019e+00
1.177569199347768381e+00
1.125306862746282333e+00
1.134053991526828842e+00
1.192763181188737365e+00
1.282187857187202740e+00
1.149524443679891927e+00
1.224420039215932343e+00
1.160629242325619925e+00
1.133865885577232335e+00
1.167274453021070579e+00
1.145753773423793920e+00
1.161667928356357349e+00
1.121452338086883271e+00
1.166905862362962676e+00
1.176917980742678393e+00
1.151139124601356922e+00
1.207078218227923605e+00
1.152114807837588240e+00
1.153968571890850336e+00
1.177825924557563519e+00
1.194395154276464366e+00
1.155236008240258405e+00
1.164089428883018140e+00
1.331695926109655481e+00
1.264581754124766810e+00
1.156488380797071613e+00
1.336712837970393863e+00
1.186007085484653167e+00
1.382462647471664807e+00
1.299560565617621011e+00
1.148468120303461681e+00
1.200606281754427851e+00
1.269244502586397205e+00
1.178607465977403956e+00
1.185688471449616532e+00
1.331223552051046699e+00
1.248543864704114270e+00
1.133891774630943816e+00
1.164717430443310553e+00
1.182494010745513524e+00
1.313940238367036883e+00
1.208594190446516281e+00
1.159642516789553657e+00
1.169587414448937990e+00
1.209122817839114017e+00
1.124316410669811805e+00
1.193721843754170786e+00
1.152803537841721182e+00
1.284229817831848308e+00
1.219423281021404071e+00
1.383323234667253265e+00
1.154870804476640478e+00
1.211436605861821114e+00
1.187091086652170890e+00
1.122658874145187280e+00
1.203347432272694029e+00
1.241960079755330737e+00
1.290951776383777450e+00
1.298158406620717242e+00
1.129332144811678429e+00
1.158071262586215067e+00
1.143683487675185129e+00
1.232633880904219437e+00
1.364049967131757635e+00
1.138811802806785733e+00
1.116146727112867554e+00
1.176303506373627572e+00
1.236599261033669350e+00
1.249632288982438943e+00
1.164299546460365598e+00
1.187735143832395757e+00
1.209334590306679447e+00
1.129281102983590523e+00
1.196733609865183290e+00
1.234338744740045346e+00
1.179491959796945544e+00
1.177381847480121868e+00
1.138730712231584175e+00
1.103142053378089349e+00
1.127724705220374934e+00
1.171219726695670982e+00
1.122871386646627778e+00
1.315965829276188437e+00
1.253059263088654784e+00
1.419874848121121191e+00
1.129199730894519860e+00
1.170001310184531462e+00
1.138486841561979990e+00
1.176433750933918443e+00
1.193690538887769659e+00
1.198508149442313098e+00
1.173523226068216907e+00
1.278616763525212141e+00
1.101031212026805761e+00
1.276120295641475444e+00
1.167621351584219980e+00
1.112848162440852606e+00
1.100367800880927893e+00
1.193851226790554332e+00
1.205609975371241704e+00
1.103541896496270880e+00
1.177927035050330362e+00
1.134296252528823823e+00
1.146201694797741810e+00
1.166222695096424955e+00
1.173734021169326125e+00
1.201322808158597599e+00
1.178975812692365066e+00
1.192700093889203838e+00
1.164412874981338053e+00
1.141264504393405765e+00
1.129776483550767985e+00
1.191717547653688980e+00
1.216902561643696812e+00
1.178941627191157249e+00
1.246244083541132586e+00
1.189375360603888154e+00
1.192249884382871938e+00
1.138281568015293344e+00
1.246693566194379876e+00
1.195408645441882856e+00
1.119350574399215814e+00
1.136299910459575235e+00
1.155078948408956752e+00
1.217061739632912643e+00
1.200154922040733485e+00
1.316931636282239415e+00
1.194800821062064644e+00
1.140492093461829004e+00
1.195007701789925880e+00
1.140469357166943754e+00
1.206101781186904143e+00
1.207290381031450810e+00
1.165377965562440554e+00
1.115511125850418006e+00
1.134192381082171019e+00
1.309742910963464624e+00
1.131342353005773793e+00
1.203544470629653418e+00
1.390017835250757727e+00
1.242118474880405499e+00
1.237586271234151880e+00
1.277357150686510456e+00
1.162910997778817679e+00
1.134735865938596433e+00
1.336717340391309961e+00
1.140391628867359453e+00
1.167958690036401403e+00
1.189818637065894080e+00
1.134740360541096837e+00
1.211118391736720090e+00
1.338497607339962148e+00
1.216286640994090673e+00
1.130827242261140286e+00
1.122584049119949912e+00
1.156226218890403779e+00
1.303916473390694053e+00
1.359646995257728364e+00
1.203935477934609199e+00
1.155889832488577795e+00
1.142466952165639649e+00
1.337974362355076385e+00
1.138563340815053060e+00
1.122532496080371978e+00
1.233350133085485911e+00
1.195096690095978742e+00
1.324681444261408103e+00
1.088029863896430305e+00
1.144470613988347152e+00
1.202623527287360883e+00
1.189540461248597580e+00
1.144705810746310171e+00
1.249602675814975639e+00
1.144840667244774846e+00
1.152477248745195970e+00
1.112121931259357988e+00
1.193877597895126152e+00
1.139205268630096635e+00
1.348107462803270318e+00
1.109252504782688664e+00
1.233369756222860714e+00
1.139893625834142110e+00
1.095452046504375554e+00
1.146795441352138845e+00
1.227846695040133440e+00
1.338835724580127451e+00
1.240793956064634385e+00
1.104763504383191819e+00
1.155939286805815147e+00
1.222519901945648524e+00
1.186460981066982168e+00
1.130556754521378160e+00
1.228278044245257217e+00
1.132157875648658552e+00
1.269554508369781454e+00
1.128157093884505136e+00
1.102484931252815770e+00
1.104830502230314426e+00
1.311999826558425397e+00
1.134424218907243320e+00
1.289824932902569277e+00
1.165201271260785765e+00
1.150787719299508183e+00
1.208098186022273923e+00
1.168473987937673986e+00
1.312848338895556077e+00
1.170573797640348523e+00
1.179701891932716018e+00
1.172881660954169458e+00
1.173471206764266306e+00
1.130427767708719111e+00
1.227014245811931525e+00
1.143665035212260594e+00
1.201391416673039725e+00
1.282316718880906592e+00
1.251602443545787535e+00
1.176636208998229183e+00
1.128430326783336213e+00
1.172700691925706140e+00
1.215508704968945475e+00
1.221496534642187548e+00
1.155591067654497595e+00
1.161456981839332325e+00
1.215334612284229898e+00
1.117352945827396526e+00
1.132799398239421551e+00
1.370867540354345548e+00
1.147822195479945240e+00
1.169217346477878783e+00
1.199837138395158487e+00
1.174449727216111850e+00
1.146697407592737195e+00
1.184884938125562837e+00
1.259608168536881401e+00
1.159239535972571122e+00
1.180497860974115687e+00
1.199948408182295978e+00
1.095095971257215695e+00
1.172442549176586413e+00
1.138862791274094288e+00
1.148412713574466171e+00
1.232559962611358140e+00
1.287533839237536837e+00
1.189314931731448421e+00
1.188973937606185416e+00
1.130753884097317030e+00
1.208276420204321910e+00
1.145091179472855547e+00
1.285809582256949524e+00
1.265922917293949679e+00
1.147601118976422363e+00
1.320247435886594101e+00
1.202514326692498914e+00
1.191518581629959384e+00
1.178067244412034809e+00
1.174693211351382383e+00
1.241627073778373669e+00
1.135912165821497011e+00
1.181511214092617168e+00
1.327510758172351091e+00
1.281929638976883945e+00
1.105030065614867496e+00
1.220976453607303558e+00
1.139744624598309386e+00
1.156867452600012003e+00
1.139937926841726901e+00
1.305123444188759363e+00
1.202898835034583502e+00
1.199362541491994172e+00
1.138868916279006438e+00
1.238318135638306394e+00
1.222317428124877647e+00
1.125891763422494529e+00
1.211148377795447928e+00
1.149286653370789502e+00
1.245477129125438065e+00
1.136604869661228312e+00
1.180845481073866221e+00
1.366656548328793130e+00
1.141800686013576538e+00
1.162640681479688132e+00
1.082561914155522498e+00
1.178299853542954745e+00
1.157691912918428212e+00
1.141945876365225265e+00
1.113990993639692118e+00
1.138870793767592815e+00
1.129772513822770774e+00
1.203907824876631505e+00
1.170880909902559441e+00
1.242409252403068765e+00
1.112320861397155802e+00
1.148311049696532748e+00
1.131271044496121148e+00
1.153129285982484875e+00
1.145430386137962886e+00
1.130145245222366146e+00
1.122380914057897972e+00
1.229181841619876536e+00
1.207762384826452484e+00
1.125614197035850417e+00
1.232772145299514621e+00
1.163548049107433258e+00
1.212358584405619499e+00
1.150961786579672852e+00
1.173501980048265114e+00
1.162402139972536830e+00
1.110745602556140188e+00
1.176317381589846223e+00
1.254594205073694235e+00
1.171209594822080202e+00
1.216077952689330610e+00
1.148122214094126292e+00
1.179175762363074087e+00
1.165772072131039838e+00
1.141079532883689795e+00
1.198903552153490093e+00
1.186230133762039118e+00
1.143600125149631497e+00
1.209188734179319047e+00
1.160338208632571977e+00
1.140941953944225817e+00
1.127610862268588088e+00
1.298586181902223968e+00
1.215914225401608872e+00
1.183365946684449721e+00
1.148581540536174783e+00
1.182385391703605571e+00
1.129212091681893737e+00
1.179438413741001668e+00
1.218100889152248456e+00
1.230008871267427084e+00
1.153440676801597897e+00
1.196892360716884429e+00
1.146975971758203316e+00
1.221256806168007358e+00
1.217764714630629630e+00
1.196806862764178803e+00
1.160269179292078068e+00
1.276521973432205304e+00
1.183827151583247250e+00
1.291080903484806308e+00
1.178935171865968634e+00
1.126067845033865478e+00
1.106224865798525858e+00
1.144161892276978287e+00
1.153911414369938715e+00
1.325530627404863937e+00
1.182857995161550102e+00
1.183990103962438756e+00
1.124882581589801811e+00
1.177548269111801105e+00
1.176441214445611561e+00
1.155202063014775016e+00
1.207715212588967413e+00
1.338172134160705795e+00
1.250085374571844987e+00
1.282941534009408358e+00
1.153352254569905533e+00
1.177824235499069339e+00
1.201160159372026470e+00
1.141547337647614180e+00
1.126365543716485229e+00
1.155835015617006523e+00
1.168083221195126198e+00
1.186478922756758481e+00
1.138431266807298670e+00
1.148101670912774930e+00
1.190361495058168240e+00
1.306594389793175548e+00
1.362361416531026270e+00
1.134859693566911298e+00
1.227212259372701286e+00
1.197377215771967762e+00
1.190627966883154754e+00
1.263093327184587000e+00
1.162978590988057892e+00
1.138631050696439440e+00
1.283620272896405456e+00
1.192220075998886353e+00
1.098220590366535410e+00
1.161767499102244416e+00
1.122046774623330245e+00
1.150053800152610606e+00
1.136023416120740093e+00
1.147597787467033115e+00
1.147893961471916802e+00
1.103385406010228165e+00
1.231201411876702068e+00
1.170052837838328363e+00
1.154567740363052541e+00
1.096452354656859640e+00
1.169608851677468531e+00
1.268475727369963391e+00
1.316505254757747378e+00
1.186302134074985526e+00
1.167683554113348121e+00
1.145670093035270787e+00
1.146153265243077257e+00
1.163778213856785149e+00
1.147733291589994931e+00
1.096457504246636905e+00
1.184246231718985465e+00
1.095035843307151424e+00
1.128578868791541678e+00
1.272543255825355324e+00
1.202418623772360862e+00
1.151582865095384767e+00
1.224400302335060475e+00
1.139990907079285520e+00
1.116710241785059177e+00
1.140002001602798520e+00
1.069923262746167891e+00
1.132816148186873262e+00
1.316525401783354754e+00
1.243581802738036535e+00
1.202336550305175056e+00
1.134533160723332657e+00
1.183371825210219885e+00
1.124716893369219983e+00
1.194153467079771769e+00
1.199408424107083926e+00
1.234457145286944835e+00
1.111936520189824806e+00
1.236794834864176851e+00
1.207382834934561000e+00
1.260676939134356189e+00
1.307515561595134823e+00
1.208738188015507253e+00
1.204901664419782970e+00
1.135321739527985097e+00
1.166651858354887050e+00
1.183884766862077775e+00
1.128440837300647814e+00
1.164977503303376904e+00
1.159332896528540324e+00
1.186259573165133085e+00
1.230650948572722614e+00
1.275965835858335895e+00
1.164972562042092541e+00
1.171328238165282976e+00
1.217711394302178673e+00
1.125462917056892387e+00
1.214822372190941691e+00
1.163419713011525802e+00
1.232760445551682960e+00
1.384664564682258625e+00
1.147491237058246849e+00
1.104018971575093211e+00
1.127164741365134670e+00
1.146429246661248902e+00
1.153565412662923118e+00
1.212329170529332201e+00
1.156282810404877681e+00
1.134555569204488190e+00
1.135172004378090627e+00
1.137055835761348721e+00
1.109763100575332340e+00
1.209422925503142121e+00
1.140038293295176697e+00
1.119033459237933181e+00
1.183010710711840607e+00
1.222438620910198503e+00
1.189831577514998129e+00
1.120547475323448561e+00
1.252595716314125252e+00
1.151375813473959120e+00
1.212612133486496768e+00
1.190598524874787456e+00
1.143007950336322631e+00
1.157002661846884273e+00
1.262784117201769085e+00
1.133434461760215672e+00
1.292564527843582889e+00
1.148808535524957541e+00
1.144940307197549467e+00
1.200445771258096039e+00
1.175191072796907932e+00
1.175678093100652299e+00
1.192177782296709454e+00
1.289764867066154563e+00
1.155864227104044906e+00
1.119466165379892519e+00
1.160364657818973022e+00
1.264666324910012074e+00
1.126008278388961781e+00
1.111763592906504616e+00
1.236041114650069606e+00
1.117933426442867528e+00
1.199528530699768947e+00
1.112390235341749634e+00
1.159307779170800634e+00
1.176225789095138419e+00
1.212349814828522998e+00
1.130290843181677385e+00
1.154088652017591921e+00
1.106271838189869294e+00
1.162413412473425112e+00
1.228666410311654245e+00
1.178427681609128808e+00
1.189215586122151613e+00
1.171319728188583209e+00
1.257012068513138736e+00
1.141783940763814842e+00
1.189510114825145459e+00
1.166750622495644762e+00
1.142090827682161081e+00
1.355469078962979079e+00
1.252946715339725792e+00
1.199076715355772427e+00
1.143197016089247731e+00
1.264946829439430598e+00
1.198597387068269793e+00
1.204650909719727325e+00
1.172236459187474100e+00
1.214555826747975686e+00
1.177955453892506998e+00
1.157261845582320925e+00
1.206548638628024861e+00
1.183704660119621499e+00
1.312398717234998902e+00
1.279922244827693012e+00
1.158034151631233577e+00
1.329290432393753996e+00
1.310431314093318145e+00
1.247781662517679413e+00
1.194837065049445535e+00
1.174933223334178711e+00
1.124406477433580021e+00
1.296347017299089188e+00
1.195005342768583612e+00
1.175291094988331064e+00
1.228612204048839418e+00
1.218194127605701338e+00
1.172263116611181211e+00
1.145706236145076273e+00
1.329329116907712383e+00
1.277092546131280759e+00
1.166733871611666640e+00
1.124382969072672545e+00
1.186259809863374093e+00
1.141218781564097728e+00
1.264228817974105690e+00
1.109220600974737181e+00
1.121550608207070976e+00
1.191529479997130103e+00
1.188447775538588935e+00
1.111059012198768903e+00
1.184685372700420514e+00
1.156223523308789636e+00
1.167500841952992641e+00
1.175118646618335649e+00
1.114188681154106408e+00
1.213266921652431662e+00
1.213683527790489380e+00
1.169422193426076229e+00
1.139971811623387898e+00
1.187276830771353264e+00
1.088865735480694985e+00
1.162772715306968685e+00
1.179463338326796285e+00
1.325438412778259467e+00
1.217771934125267075e+00
1.168519568142824649e+00
1.130586653943692177e+00
1.169625506083243227e+00
1.152427604430276586e+00
1.152203737514437609e+00
1.168330668202851585e+00
1.210784783709297319e+00
1.121592913967771388e+00
1.126247293228349156e+00
1.234235016100358795e+00
1.295511722208120720e+00
1.090355437895502710e+00
1.182846147853341412e+00
1.173095774697343163e+00
1.199216153457397072e+00
1.102254144100081712e+00
1.153494060323557280e+00
1.205379885465144740e+00
1.275913538140952541e+00
