8.279193142798192184e+00
2.160201385150836373e+00
1.209905345211032657e+00
1.121069137843808905e+00
1.123176270119929709e+00
1.117154283319180097e+00
1.124155171654137142e+00
1.131985884825814637e+00
1.139834519304983251e+00
1.129824570750755264e+00
1.130999403218139188e+00
1.119824909428347892e+00
1.116011351397544038e+00
1.109358967033576171e+00
1.130168208930548257e+00
1.124608070484964140e+00
1.136183574384380002e+00
1.114602004565452775e+00
1.110639395661637385e+00
1.118359891117307603e+00
1.120932686427122960e+00
1.119628547549051722e+00
1.120233491512520718e+00
1.122233843042219181e+00
1.118961804931219328e+00
1.114206508265551898e+00
1.137738861539184798e+00
1.154119495100807580e+00
1.123499253226384553e+00
1.131871460047032540e+00
1.121260909904823189e+00
1.115951533558615649e+00
1.137037434297422100e+00
1.132783726809361458e+00
1.119440543499414797e+00
1.118931275203489228e+00
1.120333960877840873e+00
1.120351338904324701e+00
1.116212628605987467e+00
1.114784403227701448e+00
1.120791246304954747e+00
1.120039783016791191e+00
1.111704842871494625e+00
1.139200387095383071e+00
1.125480874727516456e+00
1.114845947750848998e+00
1.131062024674180932e+00
1.119796671820361800e+00
1.128014407926762441e+00
1.120546947833767959e+00
1.121930152646913648e+00
1.123987794909609761e+00
1.123124661699512528e+00
1.116770474481245667e+00
1.131211935366149612e+00
1.122679347445106446e+00
1.108183488491598201e+00
1.128480956269281021e+00
1.111879681744245785e+00
1.118861865919395626e+00
1.122592902225736378e+00
1.125232288790924740e+00
1.120444950763520353e+00
1.135503172747310607e+00
1.121044676307821675e+00
1.113504091700728837e+00
1.117142024326971406e+00
1.119045337301594278e+00
1.118679434725617261e+00
1.134442535757009818e+00
1.118520654655492219e+00
1.128366046864620831e+00
1.114026498715352975e+00
1.145612937095860984e+00
1.108606933356826252e+00
1.122598063785192890e+00
1.126778749004627711e+00
1.123930548229835180e+00
1.110148011757998265e+00
1.110063884401794043e+00
1.122738815651989297e+00
1.116412164153426145e+00
1.122420333666721781e+00
1.127255499376379033e+00
1.117800804604118348e+00
1.140727019761538674e+00
1.137707847566032937e+00
1.137694485449455506e+00
1.112614455166633931e+00
1.118622651882938301e+00
1.144259239178801790e+00
1.126747637993247286e+00
1.125879834486990694e+00
1.120684457180860960e+00
1.126606513568300105e+00
1.119569462659599557e+00
1.123643956353360007e+00
1.135636589822317077e+00
1.132759938205052164e+00
1.126892119200513909e+00
1.115194729621183489e+00
1.130717738710863784e+00
1.130048825093202591e+00
1.125154835139217546e+00
1.114314800871712308e+00
1.115058843019786750e+00
1.125337705400237587e+00
1.128229089118093054e+00
1.140489872291214901e+00
1.132492876516051350e+00
1.123288760089371285e+00
1.115207719226679162e+00
1.112770549106076201e+00
1.114565744688767124e+00
1.140885046303776074e+00
1.128647280198652458e+00
1.110591243047505561e+00
1.121486443173831615e+00
1.126079302745655708e+00
1.128099443394475765e+00
1.111605055206859483e+00
1.116476024751701157e+00
1.116147338205226491e+00
1.120155995420177408e+00
1.144987984031397898e+00
1.130399743666077317e+00
1.120407530773272375e+00
1.126115608483387431e+00
1.109917188512803188e+00
1.119740457604959882e+00
1.111464753527501736e+00
1.115881137603577100e+00
1.129310291849756842e+00
1.118179433135251033e+00
1.119916699977277386e+00
1.122652307719751219e+00
1.111665233792412444e+00
1.119685059765953117e+00
1.112165607024300229e+00
1.122038066614050589e+00
1.116055510558447983e+00
1.111697158993063317e+00
1.123025061663017299e+00
1.120002879846455857e+00
1.116768106208166911e+00
1.113791051743171057e+00
1.117669855511975285e+00
1.155951119381035674e+00
1.123484832720783810e+00
1.109473404604616187e+00
1.115409516303796700e+00
1.129686845936693773e+00
1.120417165846453678e+00
1.120232330560941625e+00
1.117370868147981922e+00
1.130792322776499770e+00
1.118991721732854439e+00
1.117193516131610664e+00
1.124747993428796500e+00
1.117309233243511279e+00
1.119475794601922036e+00
1.113381523012906937e+00
1.121803192266257465e+00
1.126430809649131115e+00
1.125326391347237776e+00
1.118165010293719952e+00
1.113901028337154875e+00
1.127994475467675617e+00
1.126384227956417794e+00
1.114050989514799861e+00
1.111851935319890572e+00
1.114363699785789086e+00
1.099536330958243102e+00
1.106965615444287510e+00
1.127678666435104171e+00
1.128546231391819754e+00
1.114495663010527826e+00
1.121992790457336131e+00
1.138669960387165947e+00
1.118670361733908880e+00
1.108675578364551217e+00
1.111875051083383026e+00
1.129389341431534355e+00
1.113485557434725104e+00
1.128843972180424426e+00
1.123128050155233648e+00
1.116336319556985757e+00
1.123205480363161035e+00
1.115965598938512215e+00
1.121888538447699979e+00
1.127495844280965498e+00
1.112675811110603430e+00
1.122513227562450311e+00
1.121309163595574754e+00
1.127435582854841467e+00
1.120326546268852086e+00
1.111514270585606035e+00
1.119931382944308051e+00
1.115050023309493543e+00
1.122773764479018999e+00
1.139720142864585561e+00
1.150362946516144680e+00
1.112712416886073363e+00
1.118142490186033067e+00
1.122840060219668645e+00
1.137464590519607466e+00
1.125012222716064381e+00
1.123920346820826532e+00
1.123122436918427391e+00
1.127684411147877430e+00
1.117333118103271294e+00
1.120546391939269304e+00
1.127683926566928729e+00
1.124885334018910665e+00
1.113723966004322552e+00
1.125192030912498309e+00
1.148261724074334911e+00
1.147052745669365770e+00
1.131603957793722914e+00
1.143071725744989164e+00
1.127564921491876815e+00
1.119863993635908717e+00
1.110998027211605566e+00
1.116286678877725924e+00
1.112525196370454550e+00
1.131937182642901663e+00
1.117167897759679729e+00
1.117112492819521075e+00
1.118489326038706322e+00
1.135093323075672345e+00
1.120839769642800521e+00
1.119026567998130384e+00
1.114481479635833994e+00
1.127887503869488217e+00
1.158060290856485208e+00
1.129505901492859010e+00
1.106318544670142678e+00
1.120891904944837592e+00
1.143131311669589367e+00
1.125699333724962781e+00
1.120973741827364867e+00
1.141064449209623133e+00
1.110911690488422199e+00
1.123743638309307125e+00
1.121923515830785867e+00
1.118907876127630541e+00
1.113973959039738393e+00
1.123113307653757387e+00
1.111671968601332994e+00
1.121158399218769919e+00
1.111558827584596454e+00
1.117757526842729110e+00
1.128883176070456296e+00
1.147762115526088644e+00
1.120553257435841443e+00
1.129798482146634253e+00
1.126340005968372582e+00
1.113656407753072397e+00
1.136560682193398453e+00
1.131179215852937459e+00
1.120233169896132530e+00
1.118174015689615830e+00
1.140168913256295991e+00
1.137782625950860993e+00
1.129219888199617605e+00
1.111279191563163904e+00
1.129329269438132721e+00
1.184917634441958301e+00
1.139381616025580524e+00
1.116928916332215582e+00
1.148107754634263733e+00
1.112837966472709939e+00
1.111855745074202373e+00
1.141889212617613669e+00
1.131513350418914321e+00
1.114919761270534382e+00
1.123247233034489589e+00
1.113089870752001387e+00
1.136369762814361417e+00
1.110889670026761644e+00
1.118831877743539982e+00
1.117993774774663995e+00
1.126871737477169733e+00
1.118084577172672844e+00
1.119329145944881088e+00
1.123664188536585451e+00
1.135078717654294467e+00
1.110061822127856423e+00
1.133018576575665959e+00
1.109858291962489085e+00
1.126198137181472658e+00
1.125364508464277824e+00
1.121381796058038782e+00
1.126266257962684758e+00
1.118221815351880144e+00
1.117808135951502191e+00
1.119788053763524083e+00
1.125311731113414648e+00
1.143434443620751750e+00
1.136923916093491416e+00
1.127775483573171034e+00
1.121380696686680833e+00
1.129658175919199703e+00
1.120430056740305824e+00
1.115865703486453864e+00
1.128784623154069910e+00
1.133572995741546352e+00
1.114698915711094251e+00
1.119971589697061898e+00
1.115251972633632960e+00
1.136105880327982431e+00
1.117641883545307913e+00
1.114778980260514807e+00
1.131232001224085737e+00
1.114827125679508368e+00
1.119763835988646372e+00
1.118892091879404971e+00
1.111915078176625604e+00
1.120867166488747291e+00
1.119568045437209447e+00
1.116274434266308901e+00
1.131841637120414301e+00
1.133063720110164985e+00
1.116299620602415832e+00
1.143119136580005746e+00
1.126835841441386599e+00
1.125036206998851762e+00
1.144553724521146343e+00
1.117469080948929383e+00
1.124724316821345438e+00
1.110821848049973193e+00
1.114677893065574077e+00
1.137300145563844511e+00
1.133596672011414785e+00
1.130713828388028919e+00
1.130316529859227925e+00
1.125790676159000858e+00
1.121966866745415015e+00
1.120653249924040473e+00
1.111222348614481881e+00
1.120921016173845208e+00
1.115252134196945910e+00
1.127086070632270065e+00
1.120490191534151192e+00
1.118353264524862167e+00
1.132229101676382355e+00
1.116009993771481135e+00
1.111417721332672803e+00
1.106664678568344495e+00
1.123509084138496039e+00
1.115962592563072509e+00
1.119542147104894969e+00
1.153883342962444436e+00
1.117535146773613652e+00
1.122100576662224292e+00
1.109920018442579925e+00
1.126300900502827940e+00
1.125536458027135422e+00
1.111744335440091103e+00
1.126268762298362924e+00
1.125469963742467883e+00
1.134841098905814416e+00
1.118137791582794804e+00
1.122109140560127338e+00
1.118936403666140667e+00
1.119260149489721190e+00
1.126070366403265854e+00
1.118386362318550820e+00
1.124177694908907510e+00
1.125631106053813113e+00
1.117303179856675488e+00
1.112795140169887897e+00
1.126916611092730225e+00
1.125053293156690781e+00
1.145291743164547738e+00
1.115039830057415138e+00
1.123709554037571667e+00
1.123327132197496248e+00
1.115158590790796156e+00
1.113740541521007543e+00
1.129517346500447772e+00
1.117732384255566869e+00
1.132210867309348057e+00
1.130506825988702779e+00
1.115434715005199084e+00
1.112266953118398627e+00
1.142738044848463641e+00
1.113523400234770255e+00
1.126691425483139719e+00
1.132959317411364353e+00
1.132942071303942422e+00
1.125734450120618124e+00
1.129880566391808783e+00
1.115094962302120685e+00
1.120347351776532108e+00
1.124908814408321245e+00
1.105740344969095013e+00
1.124334383088471334e+00
1.123912635351994815e+00
1.115465202232105879e+00
1.124155157413198047e+00
1.147971700695544550e+00
1.116845339456235209e+00
1.139951688613681124e+00
1.134457621406589789e+00
1.118884206938269399e+00
1.114592130335407161e+00
1.123572929031455558e+00
1.120229265914252759e+00
1.118861619785803008e+00
1.119006185194702852e+00
1.124856147406623874e+00
1.108290513466985816e+00
1.138879722087610347e+00
1.122317779392255854e+00
1.126509508813649418e+00
1.119198643308205732e+00
1.124526137931991521e+00
1.123830114634772226e+00
1.130591949695695986e+00
1.119393034251736863e+00
1.113014500271710672e+00
1.124743101058492067e+00
1.125506291604495779e+00
1.126699011366027792e+00
1.117651211686780721e+00
1.125505220440698340e+00
1.129822008076457607e+00
1.118046765716273594e+00
1.114234216980259040e+00
1.129159317518351635e+00
1.139983108917639099e+00
1.123130375102742828e+00
1.123175620312028444e+00
1.112212234666629884e+00
1.115128975624059215e+00
1.116564446640049946e+00
1.119157860917621372e+00
1.116093508306947646e+00
1.126942764505030947e+00
1.120082715499989057e+00
1.117098332737703981e+00
1.115587625769561608e+00
1.120897714311806181e+00
1.114629403836317589e+00
1.118513630285377980e+00
1.128594328872542851e+00
1.149111400153132623e+00
1.133253245020976463e+00
1.126613215154531611e+00
1.116634335228810615e+00
1.137454702396051509e+00
1.115957249738084078e+00
1.131613099781312526e+00
1.112968088059530292e+00
1.120233303601721797e+00
1.115809650376429429e+00
1.141451075171111551e+00
1.126978066943143286e+00
1.110806426231758959e+00
1.125472244232142538e+00
1.128604667850572563e+00
1.133189399688925292e+00
1.118646813467900403e+00
1.113130400649052998e+00
1.120070418962525016e+00
1.134017528203963732e+00
1.128957701810756831e+00
1.122683072817063143e+00
1.120882166822505743e+00
1.120040382470571361e+00
1.116271344895961137e+00
1.136689564376382355e+00
1.114995693868246818e+00
1.115668412225822692e+00
1.116593544167442165e+00
1.117904804904285454e+00
1.129249378007616711e+00
1.116643115743585657e+00
1.123352705573687160e+00
1.126032059431494980e+00
1.117990030748172714e+00
1.118281964391428795e+00
1.130247250478544574e+00
1.117078481107681487e+00
1.122073154669543715e+00
1.123077298842862337e+00
1.121366843132319380e+00
1.127298894039058252e+00
1.126839889127549954e+00
1.134719851437089533e+00
1.110151425853975971e+00
1.124219787475384980e+00
1.118949318722557207e+00
1.128321284371018196e+00
1.118830759810475417e+00
1.118991488548569668e+00
1.117717539996748721e+00
1.122674030050527794e+00
1.122094556207845928e+00
1.111601881400414049e+00
1.129477860972891712e+00
1.130093694624133338e+00
1.127366816871976596e+00
1.112586420262596354e+00
1.141533326872246512e+00
1.121267821535131048e+00
1.127956669707266935e+00
1.112715726064977373e+00
1.105789948954312374e+00
1.118316094050145315e+00
1.130204651047689079e+00
1.119807474194754793e+00
1.115714651230798271e+00
1.122296683803567507e+00
1.118169602818747110e+00
1.122596120599520964e+00
1.118434125903271292e+00
1.111455824164158335e+00
1.118025218222315376e+00
1.135067511041145005e+00
1.127528374703384850e+00
1.131030813016900671e+00
1.125602079106698294e+00
1.113876470745733593e+00
1.130790853159416187e+00
1.160493425105772580e+00
1.134758789252080513e+00
1.125270193853438405e+00
1.117519222699648207e+00
1.116357912009529274e+00
1.110068083696377439e+00
1.123701644510489484e+00
1.144827340495071288e+00
1.114494139702427056e+00
1.116033000661280195e+00
1.123223621488673940e+00
1.113754436610651100e+00
1.117022152245021216e+00
1.117425604290176011e+00
1.125176979989663373e+00
1.108492993416659855e+00
1.114062733962383644e+00
1.121473239098722763e+00
1.137410305057948268e+00
1.112538536682227130e+00
1.161011234974725914e+00
1.126152283277176869e+00
1.123046850188262002e+00
1.114486491588519534e+00
1.125563404583397098e+00
1.115029081670860123e+00
1.133349583428781227e+00
1.139916555982258162e+00
1.120093363224690997e+00
1.123142979441890787e+00
1.129861974196739283e+00
1.124172595393991170e+00
1.117512494564302017e+00
1.127460654911567550e+00
1.113174704671151538e+00
1.120664905709402914e+00
1.122063950661974285e+00
1.114551639123758431e+00
1.122345181662491198e+00
1.122271760246325245e+00
1.122618215060050328e+00
1.116404512290077644e+00
1.113385889738394807e+00
1.112925662210810573e+00
1.139283825156759411e+00
1.117819679872348093e+00
1.127707325299564411e+00
1.119565258545228259e+00
1.120034585140837979e+00
1.121899876140263208e+00
1.121430010737330729e+00
1.151003475256749065e+00
1.113056042483950625e+00
1.123086739727917838e+00
1.130683241156181573e+00
1.112113855591577938e+00
1.115997310872153925e+00
1.123639504913226173e+00
1.147287491439433538e+00
1.122163070276315899e+00
1.117116436883777375e+00
1.125326233326438885e+00
1.115393451264945046e+00
1.117707456279019240e+00
1.112614730116095796e+00
1.123992977424340456e+00
1.121280770921521563e+00
1.168448624883001719e+00
1.138430351886700942e+00
1.122377773607987850e+00
1.126834915718655017e+00
1.123090797966891374e+00
1.120503990347136325e+00
1.119802465873668496e+00
1.124689492547272351e+00
1.115848640991035978e+00
1.113930821439478969e+00
1.118086964638910219e+00
1.125560891835868382e+00
1.123143410753814742e+00
1.111695080420314952e+00
1.130276677336844227e+00
1.121712950306860579e+00
1.128055988160292289e+00
1.136280319300338348e+00
1.122278352062178408e+00
1.131623579199455110e+00
1.117251812815458489e+00
1.120273942405821677e+00
1.133862408456281834e+00
1.111916135567630581e+00
1.121410936872979880e+00
1.122593177999485992e+00
1.114836657498951222e+00
1.119980198236962821e+00
1.126457608391011167e+00
1.115507987536256795e+00
1.117405729085085841e+00
1.124539039694485876e+00
1.119832322670697877e+00
1.123387762450878569e+00
1.136743878860417833e+00
1.136756760989656501e+00
1.127360689961636409e+00
1.128585034118531061e+00
1.115803709878003813e+00
1.115018354730691996e+00
1.116557871537279256e+00
1.131950589596066648e+00
1.131749319803992515e+00
1.120662670193717902e+00
1.112578140802647608e+00
1.124581395858923472e+00
1.121589765959658980e+00
1.119049995941688191e+00
1.139462940920549228e+00
1.122418986690046250e+00
1.125966029838810556e+00
1.119123373998270665e+00
1.115436064041725794e+00
1.128252074204412869e+00
1.111481185547168904e+00
1.117871385557192898e+00
1.118801034625866331e+00
1.127605557594773433e+00
1.121263251330978594e+00
1.120369635209900627e+00
1.122183801038905582e+00
1.121613714380589988e+00
1.129735515378065935e+00
1.137420303160589174e+00
1.122336172543388688e+00
1.117525031586374951e+00
1.107653439969953135e+00
1.114966959891949827e+00
1.132841742782216166e+00
1.144612130504630620e+00
1.119127900190778790e+00
1.116942647875017069e+00
1.119977990055277095e+00
1.126458773737061492e+00
1.120634238673275940e+00
1.131676145603779382e+00
1.116802021437741876e+00
1.118459471368525193e+00
1.124821761113266705e+00
1.127769221225375151e+00
1.133134379253524449e+00
1.125075980962285005e+00
1.114190179224726851e+00
1.127669044825225564e+00
1.125582161637361578e+00
1.129817311998819074e+00
1.133146912846352050e+00
1.118073451070395796e+00
1.110377726855541924e+00
1.117869534433416856e+00
1.124629744957188260e+00
1.119998368476594175e+00
1.119361703000971042e+00
1.117641772974084180e+00
1.119363701697210445e+00
1.132587533984314998e+00
1.114254290180276774e+00
1.104167194199978885e+00
1.134945035012847159e+00
1.128942649517268970e+00
1.121057570618027244e+00
1.128498090739747939e+00
1.120984701543050521e+00
1.113623051657753216e+00
1.115483426394339839e+00
1.127286894278949347e+00
1.116228409496421659e+00
1.112285374346521749e+00
1.117356398448418942e+00
1.130175145268974557e+00
1.117440431977881454e+00
1.128437725329829000e+00
1.118338401514346492e+00
1.137771333247991734e+00
1.120975124512988419e+00
1.122283413271281116e+00
1.119177483236564630e+00
1.124027600194039245e+00
1.125026289776869914e+00
1.129312856877265681e+00
1.120065859669924002e+00
1.121071612746092461e+00
1.116149058566189289e+00
1.128697923231584799e+00
1.109347562634117823e+00
1.111622009945012257e+00
1.132334765953006750e+00
1.144351154723996844e+00
1.123624344479752679e+00
1.123235159236347869e+00
1.119171413791682168e+00
1.120481486546286654e+00
1.113003275662953095e+00
1.125934817891134365e+00
1.118132669425476511e+00
1.122858766170196754e+00
1.133178639548680255e+00
1.116848745866487080e+00
1.109229388019495222e+00
1.119714663466845339e+00
1.124305383687894455e+00
1.122620596801376935e+00
1.117500672262589534e+00
1.107477324139525710e+00
1.124292015857442761e+00
1.115118613802706271e+00
1.119350145336606372e+00
1.117352397112697515e+00
1.122323275017427235e+00
1.118949295683273393e+00
1.143905021555514212e+00
1.116221271676063553e+00
1.128466141476206275e+00
1.122407006538280738e+00
1.119434005985459279e+00
1.121420439776011468e+00
1.123710592165067856e+00
1.119962499607948914e+00
1.116354466178693050e+00
1.116216966016638112e+00
1.134154078973541813e+00
1.113431031593667297e+00
1.128610147586408541e+00
1.110026052540648678e+00
1.113433983910492309e+00
1.137571233880730004e+00
1.123577157161322670e+00
1.115715590403926427e+00
1.120380857216316972e+00
1.121119391720224012e+00
1.118384058309267237e+00
1.117911548778214970e+00
1.129190836437890200e+00
1.118458328049062533e+00
1.118531995407822999e+00
1.116781586252418856e+00
1.132467119959694291e+00
1.112452889742632900e+00
1.121625201950080974e+00
1.122988377873093135e+00
1.122346059891498937e+00
1.124142000163808053e+00
1.125417020727053741e+00
1.127711650223940376e+00
1.138870484470243083e+00
1.121764448415321747e+00
1.154081853651111267e+00
1.113267185084898969e+00
1.115417085784861762e+00
1.142847842849444184e+00
1.117061789006788208e+00
1.120677907053919453e+00
1.119267020601444340e+00
1.120626498574845087e+00
1.141036322100039468e+00
1.116635274727494354e+00
1.110770166003229642e+00
1.133001323254809511e+00
1.120065037472997238e+00
1.126267505475447850e+00
1.124357898089265451e+00
1.128663632220594071e+00
1.113709092255816602e+00
1.119992296886431093e+00
1.132183154646601686e+00
1.131069409569062101e+00
1.126014470817687130e+00
1.115098500573664220e+00
1.123635783697680024e+00
1.138843746622508535e+00
1.118652150181756344e+00
1.136620904866573190e+00
1.108919824713535451e+00
1.131460149247087488e+00
1.129887466735356671e+00
1.125355991248162324e+00
1.139529593726247514e+00
1.119785245269950380e+00
1.121412697626182675e+00
1.116426598588623476e+00
1.130021702447520093e+00
1.117027377564465684e+00
1.119516396943892822e+00
1.131536760135644970e+00
1.110691675510187659e+00
1.121519223760800932e+00
1.114863309275126335e+00
1.120874622147092436e+00
1.117966623120052239e+00
1.115496229630518643e+00
1.119477678107209107e+00
1.114311582880352924e+00
1.118071192371159484e+00
1.117654055516341893e+00
1.129066661712832431e+00
1.125044872770335269e+00
1.121460392663191863e+00
1.122989995976544364e+00
1.127760415192351706e+00
1.131066385294875465e+00
1.125924955454443710e+00
1.116263952615934363e+00
1.125316566150374786e+00
1.108783196951817152e+00
1.116730925013615039e+00
1.122759291462373188e+00
1.123356097106278151e+00
1.117748061789698655e+00
1.114674066032396604e+00
1.119443667972484846e+00
1.124594449368219617e+00
1.116711466917115647e+00
1.124978489003442661e+00
1.123313270567885214e+00
1.127072363812095412e+00
1.120608504773104031e+00
1.124024844758107156e+00
1.120798002199860033e+00
1.104735146514852717e+00
1.114876003136466176e+00
1.117441610997726542e+00
1.125532871755436259e+00
1.113964426749725956e+00
1.117612727443026310e+00
1.119639586181941260e+00
1.120724052629635592e+00
1.120633131531332927e+00
1.114754145390467244e+00
1.116463234208010302e+00
1.127357905316322961e+00
1.114129068441626069e+00
1.120057365947425332e+00
1.128818138575101715e+00
1.120521021683827945e+00
1.123155986143324458e+00
1.110893931830210457e+00
1.125400712123588498e+00
1.120789357588020341e+00
1.125995060101059098e+00
1.124628421150891233e+00
1.117793592273781167e+00
1.113847858954945869e+00
1.129626938071322195e+00
1.126530966980588744e+00
1.136281585629334456e+00
1.114552087525245039e+00
1.146209757098348048e+00
1.117317999533485207e+00
1.133469095498214063e+00
1.125240311871905430e+00
1.120627520275314870e+00
1.120399007102894640e+00
1.114558923710889493e+00
1.136476737076071108e+00
1.115617410602279147e+00
1.120890711427367625e+00
1.115472107779950539e+00
1.132594999841401107e+00
1.133884474137527798e+00
1.115342031853730376e+00
1.134716373887310503e+00
1.112397097948100377e+00
1.116212302308562165e+00
1.115326801219219233e+00
1.125694990448820931e+00
1.123866062717724157e+00
1.122305841265827775e+00
1.119989427732829723e+00
1.125223189995809392e+00
1.122340369061780363e+00
1.134319704899228176e+00
1.115666932194255168e+00
1.130766321566671007e+00
1.108054491227430827e+00
1.123699473585470621e+00
1.139552542890194919e+00
1.118544840847812027e+00
1.160683469920201993e+00
1.128949831521254055e+00
1.134071790833525384e+00
1.129683962442418865e+00
1.114818053697721911e+00
1.122021095738523488e+00
1.131339592452458742e+00
1.126459558599049116e+00
1.119394103034962118e+00
1.116942100240954527e+00
1.138106966345638238e+00
1.116230056185525399e+00
1.124097467632017455e+00
1.135658066983763925e+00
1.127859792190939459e+00
1.113665995501333272e+00
1.118958089748690155e+00
1.127828273760136391e+00
1.129787069975458857e+00
1.129238000895483429e+00
1.128523916490755674e+00
1.120553673779153048e+00
1.119675696247973695e+00
1.122856593369033318e+00
1.130901685948546787e+00
1.115465353504694779e+00
1.125271485975914754e+00
1.130423498109040858e+00
1.109369691798868907e+00
1.110864268710273217e+00
1.136747693347455623e+00
1.117522241795820825e+00
1.116631050052413032e+00
1.122528582215795323e+00
1.127920174296968003e+00
1.133670558769827252e+00
1.140161647466033656e+00
1.137280672203133003e+00
1.121146242171232377e+00
1.124310564844748006e+00
1.118106336403758228e+00
1.127591211626626677e+00
1.133429936241708402e+00
1.126235272199825665e+00
1.138473958385803231e+00
1.112636695396239883e+00
1.111199641859386356e+00
1.114376286180971620e+00
1.120083417152371030e+00
1.109840021128972953e+00
1.118550435185458047e+00
1.126798677894216949e+00
1.118657768645747064e+00
1.124720207372373437e+00
1.127829164149720231e+00
1.118499344972701870e+00
1.125675012276801557e+00
1.127895019387171738e+00
1.122652260698029369e+00
1.120800206376765695e+00
1.116461859556640457e+00
1.116036557795900386e+00
1.114512983064866347e+00
1.120328981875544416e+00
1.139735531763522491e+00
1.130860664632454826e+00
1.115068097018622639e+00
1.122482306528271190e+00
1.117012996476943076e+00
1.126987824782447856e+00
1.125982575959608711e+00
1.116181229704831690e+00
1.121585042568236767e+00
1.122795492459322864e+00
1.116319554555051274e+00
1.128776127069182067e+00
1.116580811220987179e+00
1.122425193586950254e+00
1.127943250607330361e+00
1.118537568581727815e+00
1.123365918824498433e+00
1.124232241327963511e+00
1.150610418475259689e+00
1.120168958769132361e+00
1.128297445796897724e+00
1.125304554187344097e+00
1.111490155910978661e+00
1.145340710709081389e+00
1.138012597378421864e+00
1.112995925288366550e+00
