1.566284980457351317e+00
1.204882592017704646e+00
1.150651227580615776e+00
1.237470781853215129e+00
1.109013075324486897e+00
1.243610715874174932e+00
1.275321815584983698e+00
1.124429660815706278e+00
1.173574512065058029e+00
1.250256022244016885e+00
1.172897402717149484e+00
1.185238147143289344e+00
1.225040744560027539e+00
1.171153378896057529e+00
1.150276604145213266e+00
1.197085309826996014e+00
1.184597431177323745e+00
1.167005693564762581e+00
1.154851378039035259e+00
1.273001253855404968e+00
1.181445731938665755e+00
1.286084024104697798e+00
1.190912773090381016e+00
1.231300108679052707e+00
1.188116773035647666e+00
1.201485076328699053e+00
1.211158808885410387e+00
1.253308455402306398e+00
1.234686027699099409e+00
1.164913274834755708e+00
1.188948251295304903e+00
1.243318762396392607e+00
1.157726188603628303e+00
1.128000116122828134e+00
1.157701468669939615e+00
1.206224993438497872e+00
1.157246586470705552e+00
1.238179863011994453e+00
1.225971261979975413e+00
1.146156211585126927e+00
1.196584249290680191e+00
1.165905069121651705e+00
1.223066675931398173e+00
1.262845025655474407e+00
1.122215106668220441e+00
1.179583203874552622e+00
1.246018060238481384e+00
1.174341618260958287e+00
1.202471643469159801e+00
1.182614861884602631e+00
1.202259372428909012e+00
1.167473801758291296e+00
1.126837935375338162e+00
1.227312869259237882e+00
1.158774313109338872e+00
1.207225954153509750e+00
1.198758058186275122e+00
1.204848853491087723e+00
1.176441879862250239e+00
1.201579906357706617e+00
1.179854049129891447e+00
1.192917947234376941e+00
1.227998948969563298e+00
1.138052215046544413e+00
1.176325359306835905e+00
1.128787563673626426e+00
1.198641187517756501e+00
1.154080107879094097e+00
1.167242709036446335e+00
1.140455486428753051e+00
1.285249167400700943e+00
1.232170781031727280e+00
1.206741880399338607e+00
1.228964374766429613e+00
1.183683790824823001e+00
1.199694866061323584e+00
1.280267626235517486e+00
1.305951792110793264e+00
1.126591155866693228e+00
1.156360471012812807e+00
1.252592495190055777e+00
1.197471001518116918e+00
1.164762808308725583e+00
1.148478204032903127e+00
1.259455018990454533e+00
1.229580280527617475e+00
1.315845701705714577e+00
1.272720242905100774e+00
1.291879713229804327e+00
1.177668952726932394e+00
1.237834648970297158e+00
1.155030176727377178e+00
1.156734920660464683e+00
1.244317941499979430e+00
1.248345262859803961e+00
1.229390740345930322e+00
1.151183882010335502e+00
1.265998169281332686e+00
1.140195981648420176e+00
1.151143107775037144e+00
1.194830270168803610e+00
1.181640207687544741e+00
1.259805152483155943e+00
1.241726578945835158e+00
1.244836660493932934e+00
1.162294924842623312e+00
1.167075586047949143e+00
1.279394311820968744e+00
1.247614635737538391e+00
1.239168932950871493e+00
1.156854035082888199e+00
1.154778177920522619e+00
1.260464382481120360e+00
1.268942545536078326e+00
1.115813174887459125e+00
1.118260938389602499e+00
1.225890511624788237e+00
1.138225410826338990e+00
1.167851291135700853e+00
1.207167056149601958e+00
1.196889205205778017e+00
1.167795497805959926e+00
1.183908629319075478e+00
1.163058713679107958e+00
1.236483910732939728e+00
1.145313940935853259e+00
1.237541700093202524e+00
1.150988730640839952e+00
1.172742828857942676e+00
1.141537580287756981e+00
1.244563884917013308e+00
1.193528682341644886e+00
1.216757203389070563e+00
1.232910928861251643e+00
1.257892046399964325e+00
1.154694166949811196e+00
1.159839483739266042e+00
1.254466929237949113e+00
1.170622153695748180e+00
1.230170651837325879e+00
1.250302130550708490e+00
1.139102399158725465e+00
1.185003643775520921e+00
1.243781757742580263e+00
1.147521634246287059e+00
1.194725574361079845e+00
1.148406500766665728e+00
1.142985129311446135e+00
1.194706285471020202e+00
1.300483379609910894e+00
1.342986574904415642e+00
1.259473837141321884e+00
1.238950379502846921e+00
1.204193788470288240e+00
1.149833322392629364e+00
1.229124340588618747e+00
1.204383512862541084e+00
1.175605997491733890e+00
1.220827766796479974e+00
1.174959305568038515e+00
1.234798882303566714e+00
1.200637081110097704e+00
1.200508191703449246e+00
1.275032055181549717e+00
1.297081721776734975e+00
1.203030897749560069e+00
1.139065161888151545e+00
1.165045618228151669e+00
1.204306832055525023e+00
1.156976035132789571e+00
1.248782764414520630e+00
1.170599277726656506e+00
1.150212479421326872e+00
1.237483665843183367e+00
1.163355367721147893e+00
1.155935533961907957e+00
1.174912286796499394e+00
1.129847147866172241e+00
1.190707957138968931e+00
1.199931009806758375e+00
1.316850950761691896e+00
1.271286794255313657e+00
1.195326709769990225e+00
1.183242515623307511e+00
1.190216235088463081e+00
1.150824270951673833e+00
1.192570150044231392e+00
1.240053541867272457e+00
1.218101713683804599e+00
1.152650022027379650e+00
1.191006887982622331e+00
1.158498356373336202e+00
1.152839663646646473e+00
1.191307996254013624e+00
1.209061471833372092e+00
1.159410389964963484e+00
1.169924503719029119e+00
1.172674617184111812e+00
1.275723075035046561e+00
1.174933045235905471e+00
1.237232750062255526e+00
1.248251569763078717e+00
1.248851527694331276e+00
1.196625208144214136e+00
1.238089743274486620e+00
1.228185592661352743e+00
1.238318290775241248e+00
1.277758474547203704e+00
1.221852378099991254e+00
1.220479140668897955e+00
1.209316389380680645e+00
1.208851188780238450e+00
1.141443066237783466e+00
1.146054100401542541e+00
1.189745905013440019e+00
1.166629127796691368e+00
1.193940629092500760e+00
1.162520544920233823e+00
1.186920194149355234e+00
1.169366560948411404e+00
1.220936211059799437e+00
1.222108797872701658e+00
1.256925034861787749e+00
1.181022408524982303e+00
1.141976694829997196e+00
1.188799363599822190e+00
1.204467363212903042e+00
1.242655915026882774e+00
1.159530080982717370e+00
1.147659467182456261e+00
1.147736281115064871e+00
1.166225202207609613e+00
1.183182796794457925e+00
1.220389276277767276e+00
1.145729811936285980e+00
1.250399799085621266e+00
1.183901278552317748e+00
1.211149666662959534e+00
1.280641523706342211e+00
1.209793255263667655e+00
1.142491318560100222e+00
1.225694259890596660e+00
1.275011872207314712e+00
1.226195714545221582e+00
1.212562420262476071e+00
1.110362655789288722e+00
1.168185281940014253e+00
1.296059139250660408e+00
1.147881246002097511e+00
1.300482385728480406e+00
1.182665727972176839e+00
1.163785047559825259e+00
1.194011345266614121e+00
1.236697125208458425e+00
1.150653283833432017e+00
1.197957556043367511e+00
1.198804197453003262e+00
1.227232031462329509e+00
1.116557944605437447e+00
1.222055246405099327e+00
1.242154162998307720e+00
1.119876100927486018e+00
1.265578167606285387e+00
1.213291270029736246e+00
1.153003179833005154e+00
1.217395800732568034e+00
1.167565152014650609e+00
1.176217674203074326e+00
1.267708969110318051e+00
1.181547515247078239e+00
1.160705666288343707e+00
1.182659548546721506e+00
1.203676738790003808e+00
1.218049463896999418e+00
1.145411320982034020e+00
1.145637586816982578e+00
1.149003977682207411e+00
1.237282155768848702e+00
1.162600111904347866e+00
1.214427933440332508e+00
1.288040668360395102e+00
1.159471963114081738e+00
1.307825512635019560e+00
1.148092089724178644e+00
1.186500105105557479e+00
1.215688436269741990e+00
1.183750068126348642e+00
1.130335029243209499e+00
1.216428055297902766e+00
1.261809337699230982e+00
1.171605465675754632e+00
1.218117574047328677e+00
1.131057141471351279e+00
1.183868944776293120e+00
1.181949196644873634e+00
1.268737098836698607e+00
1.146901072797163801e+00
1.189158965030516990e+00
1.160200174343266388e+00
1.184584315967473378e+00
1.188108448242383819e+00
1.245983076991725946e+00
1.265058103348786434e+00
1.165606902253881083e+00
1.144379076249679050e+00
1.211894977205312252e+00
1.145532740430825092e+00
1.283402351264389951e+00
1.231613286000768914e+00
1.152761081856179759e+00
1.160789503611074469e+00
1.147064067678110755e+00
1.110786660807313364e+00
1.189768921249157119e+00
1.175670116212893968e+00
1.155787330962056991e+00
1.201500053353855346e+00
1.208546831488714890e+00
1.256567984046611519e+00
1.209688961462815460e+00
1.244890105045877826e+00
1.164255143124705238e+00
1.343111828535566987e+00
1.205886334987764652e+00
1.259645994259360302e+00
1.157883143045267849e+00
1.223458479847878255e+00
1.117284262528923211e+00
1.146477335724435331e+00
1.192720504775519608e+00
1.207927914596894192e+00
1.307242784546490011e+00
1.177585179105905100e+00
1.223916132283571656e+00
1.275603991010466842e+00
1.213948162134033337e+00
1.218951893221323024e+00
1.182277100910774426e+00
1.232905996820968797e+00
1.323634438151788162e+00
1.197216698062639528e+00
1.130820714089270540e+00
1.145257908300971295e+00
1.280858914989379649e+00
1.231347577676233485e+00
1.135229034700793171e+00
1.203533330484771069e+00
1.236560346856480530e+00
1.127970865911987586e+00
1.130828445566271379e+00
1.134601616401365254e+00
1.185549910264015683e+00
1.168820199466350074e+00
1.120751497769066019e+00
1.301010777932731566e+00
1.152638242746036656e+00
1.190183608806092863e+00
1.288197618639220998e+00
1.197986092932614710e+00
1.143194308680597793e+00
1.230704335330746524e+00
1.196127344634433598e+00
1.205844905733200134e+00
1.305666538437169732e+00
1.231919190396228103e+00
1.122464010095239217e+00
1.234664775970250039e+00
1.181811275735293432e+00
1.179906786513015948e+00
1.188367063252897982e+00
1.210160588250903890e+00
1.134607299354229992e+00
1.122340477834327777e+00
1.297232691798437143e+00
1.186175726196394331e+00
1.268541589553571436e+00
1.130874649612863880e+00
1.175769646078989039e+00
1.183140244898662763e+00
1.158834407323787730e+00
1.219744663370095239e+00
1.129247728292204211e+00
1.176946545433530611e+00
1.192885852381314837e+00
1.227402875960172723e+00
1.189155518376958431e+00
1.198785904200035057e+00
1.259468056080931486e+00
1.185740723641190097e+00
1.216684682869349166e+00
1.271717507569291028e+00
1.287767679981914659e+00
1.201969894747270118e+00
1.166327673375930463e+00
1.264963701645822614e+00
1.181752615635664361e+00
1.229455632638882356e+00
1.154635876650157877e+00
1.167803157328591857e+00
1.150720000021690392e+00
1.241324135939541939e+00
1.185291904564616861e+00
1.110554479334051603e+00
1.145327643709012300e+00
1.170160982041428044e+00
1.163463238359169871e+00
1.306747414867317048e+00
1.191779976033449318e+00
1.199061380675861432e+00
1.232101030606105541e+00
1.142743749848377233e+00
1.159961893752730067e+00
1.173904178704549217e+00
1.142238603254218665e+00
1.194534721254000509e+00
1.280160786893667524e+00
1.191347941341119654e+00
1.149894325723696209e+00
1.156479763288510876e+00
1.123908119333409728e+00
1.152877575619279282e+00
1.135441714038567307e+00
1.288734015266908228e+00
1.167782245469909386e+00
1.205268006116114954e+00
1.205984678233161356e+00
1.143923703490181687e+00
1.272999151846908150e+00
1.169254959324565135e+00
1.183826197727571472e+00
1.189377614187126397e+00
1.156142334569991936e+00
1.164205504905074129e+00
1.147390980079522116e+00
1.209178095761627381e+00
1.206837526443809372e+00
1.188721284487122221e+00
1.137850284327084349e+00
1.167475689651248594e+00
1.217474278825185108e+00
1.269831065651829460e+00
1.155928587392542228e+00
1.345368641502443730e+00
1.208311788118261454e+00
1.336110395623198333e+00
1.230288424346386744e+00
1.136619765992043618e+00
1.130704057534190898e+00
1.231710973622603289e+00
1.201555936654402856e+00
1.177822918715265343e+00
1.226583577411177295e+00
1.141454910141667556e+00
1.332077059668139052e+00
1.129056528595906661e+00
1.207719778502495123e+00
1.211186871576847457e+00
1.200045121908949186e+00
1.189127984747194056e+00
1.150278446868525206e+00
1.162844574319996216e+00
1.184175652596852757e+00
1.240370878950427302e+00
1.196458278993015156e+00
1.144969162122617456e+00
1.173718195541287201e+00
1.147651914408007512e+00
1.250468674806930247e+00
1.210645098844913781e+00
1.140323561366542560e+00
1.208397608635665588e+00
1.166565599259316688e+00
1.169942788829529512e+00
1.131615721336304503e+00
1.212816001681873201e+00
1.174014252520986012e+00
1.271737171073930028e+00
1.254126780795606244e+00
1.128222441630096107e+00
1.220988852038121131e+00
1.212115186728751626e+00
1.190545997553550395e+00
1.164723026096837089e+00
1.144070278388466422e+00
1.159735779493848540e+00
1.238716717620421237e+00
1.142761351184415020e+00
1.124700838369308231e+00
1.145842096352126305e+00
1.161659086931743579e+00
1.138845383524804689e+00
1.132999583513669029e+00
1.150312364569341383e+00
1.158603036251740992e+00
1.200006067952364752e+00
1.115278316416891569e+00
1.145557660516792975e+00
1.181603468293133785e+00
1.145744705003202357e+00
1.248142643731845691e+00
1.247183672142794020e+00
1.168018520144366690e+00
1.201376970374183895e+00
1.134035237269167773e+00
1.171379471686949669e+00
1.136013937805285146e+00
1.129399084775606799e+00
1.129907266396962040e+00
1.214782390371628162e+00
1.145518801376764761e+00
1.172121790654278017e+00
1.235951004580335244e+00
1.239287503685437164e+00
1.284682467454294041e+00
1.171673387594507565e+00
1.133637008047324146e+00
1.140213739012954086e+00
1.254197376965282329e+00
1.179040110088174442e+00
1.199602348931989360e+00
1.324921650179074373e+00
1.157250907277104668e+00
1.135735591141839196e+00
1.268394810093649072e+00
1.228324567859147898e+00
1.278027266808299478e+00
1.206627451947553498e+00
1.254089233697549322e+00
1.231766185700348348e+00
1.168707094684387382e+00
1.156190465287984637e+00
1.295034032917515843e+00
1.148547698485217872e+00
1.175243716865902455e+00
1.142548157155674149e+00
1.168657213581020482e+00
1.125032280720655642e+00
1.156808577672103322e+00
1.156162352778211444e+00
1.233728356437107765e+00
1.295087355703504972e+00
1.147083903142702255e+00
1.165992726737458796e+00
1.215553025009759480e+00
1.157153968327859550e+00
1.201893596362230809e+00
1.202630017354995751e+00
1.170132230130971118e+00
1.113611409962739440e+00
1.181522821135677859e+00
1.275117284301196197e+00
1.255052658476152994e+00
1.241814170688186891e+00
1.342278755928997924e+00
1.254792280483111755e+00
1.190243015971807594e+00
1.133895103397054127e+00
1.235844456667178681e+00
1.165945151486706965e+00
1.200238107441844004e+00
1.193945328224397251e+00
1.120229455656786444e+00
1.234222500327341931e+00
1.208881006770424538e+00
1.173155285201058717e+00
1.137880098545092089e+00
1.227956921522151079e+00
1.287935352241889708e+00
1.197591596541609293e+00
1.357204366194898926e+00
1.261740180337294071e+00
1.315013326914248104e+00
1.243308657679027762e+00
1.252809365708117406e+00
1.236511508949003302e+00
1.143642194535082979e+00
1.185708959829454123e+00
1.234964452457576023e+00
1.156864897717818197e+00
1.215283783596814882e+00
1.140345974393774720e+00
1.235675469696442486e+00
1.139379136621591737e+00
1.171288140792037247e+00
1.171090047213976248e+00
1.278700562965092491e+00
1.140613808016728292e+00
1.211630997926192999e+00
1.197166577228886641e+00
1.220644967849685125e+00
1.148511145369663033e+00
1.166583993549424214e+00
1.139539651527348596e+00
1.238796630895811157e+00
1.126528001345255214e+00
1.134311218145653388e+00
1.227865050074643527e+00
1.186547519334991030e+00
1.185413008738204210e+00
1.207459392232260731e+00
1.207784153727289533e+00
1.186172800529672777e+00
1.268009312284890555e+00
1.194376519804825287e+00
1.314381701945864789e+00
1.166619700978404506e+00
1.118118679420117667e+00
1.156952891001706618e+00
1.190119151169326539e+00
1.199552248049952308e+00
1.214483879347979078e+00
1.135096660230797694e+00
1.186411482021921593e+00
1.156122943893826527e+00
1.166394981158539457e+00
1.155262773606276161e+00
1.262933247649327795e+00
1.210087175675797377e+00
1.245064341381746598e+00
1.133816002629908226e+00
1.120121031683690926e+00
1.124443010647120822e+00
1.171253502480769537e+00
1.240454229441723344e+00
1.154648338266622609e+00
1.248155435314518558e+00
1.197675345147920734e+00
1.178896545847725408e+00
1.176391673415560390e+00
1.252196066822111931e+00
1.241070961919329196e+00
1.146001800176116081e+00
1.169604002273405330e+00
1.193172843876419531e+00
1.221080382125949271e+00
1.143647726027106737e+00
1.204900396247691186e+00
1.157643700892728278e+00
1.167202660653213986e+00
1.176906633760178789e+00
1.183088771471449974e+00
1.223844180834090301e+00
1.314524945201768213e+00
1.224819312324554543e+00
1.151309433853065389e+00
1.174902313552044220e+00
1.272445458679976715e+00
1.153388084350836840e+00
1.123815550612050851e+00
1.188467176372397738e+00
1.256662529718240773e+00
1.286989848668947056e+00
1.190695657404602148e+00
1.212396196665453063e+00
1.236062139194161524e+00
1.200714462630243062e+00
1.195225380730557951e+00
1.179045202396218350e+00
1.254189877801405784e+00
1.208895311045855570e+00
1.150378824940890388e+00
1.160730765907885376e+00
1.138622652332103691e+00
1.184984682245863175e+00
1.131261187931579482e+00
1.322794151856488964e+00
1.230769435183599603e+00
1.259200029422007372e+00
1.232819963465971336e+00
1.168045838758639432e+00
1.156679807242643188e+00
1.270193583591225694e+00
1.248853852281643029e+00
1.223925479784861992e+00
1.221056034525077605e+00
1.148393538651824919e+00
1.156705403868154125e+00
1.181548977161020142e+00
1.148081738986197253e+00
1.159298840127531927e+00
1.155467316809121403e+00
1.218416082832700420e+00
1.144946236836076325e+00
1.201883174812498067e+00
1.276517157000239377e+00
1.248352338104723236e+00
1.131793186666128603e+00
1.133610988806636133e+00
1.178193416834582674e+00
1.170965818587065721e+00
1.203703866669085576e+00
1.248012882481932762e+00
1.187710626626032440e+00
1.198264125654389556e+00
1.117394871255971811e+00
1.257927538208428730e+00
1.160064941797240623e+00
1.199592103306122759e+00
1.142021154138755712e+00
1.165464877581251724e+00
1.273284454394615794e+00
1.152792824182962805e+00
1.149623127902973163e+00
1.228503433164573888e+00
1.257237876191003467e+00
1.238820743139243286e+00
1.218699809898300179e+00
1.189172587827937777e+00
1.229784497763890760e+00
1.134363415493747418e+00
1.156021229757592694e+00
1.152563049558865904e+00
1.155544588776340920e+00
1.237045923751983523e+00
1.141012585382083389e+00
1.134687318001001088e+00
1.182374160983554523e+00
1.155387107920376355e+00
1.140835012713795171e+00
1.266366594653571820e+00
1.267320461366262530e+00
1.194900497555455576e+00
1.189828946713486379e+00
1.156259710204694091e+00
1.232065198214738810e+00
1.162026487805434494e+00
1.135770085955343012e+00
1.156933353161146982e+00
1.225426598390388921e+00
1.199931495655241598e+00
1.213347200550730198e+00
1.298871818351417406e+00
1.205633659736441210e+00
1.194418756312834562e+00
1.177063668034904476e+00
1.244891220001411725e+00
1.148401898133453392e+00
1.225359913546004931e+00
1.288393142048172235e+00
1.208226193293602035e+00
1.162557819323430275e+00
1.107775228894024577e+00
1.155955269927406270e+00
1.179792870509795533e+00
1.144815677918826990e+00
1.251307441158226563e+00
1.177200403075919555e+00
1.142689953507143086e+00
1.244235148142258662e+00
1.122017964166664994e+00
1.142802354448934299e+00
1.151306565085900013e+00
1.164739735079531657e+00
1.252059907554385232e+00
1.208493575021552857e+00
1.209153982663691895e+00
1.185142185220089850e+00
1.166195504749990342e+00
1.230815002802359004e+00
1.255428093661358213e+00
1.156761828645135548e+00
1.259412113293406188e+00
1.273625569765575394e+00
1.139592493999769696e+00
1.135631542563865004e+00
1.146701066513617917e+00
1.138837514994567535e+00
1.229873845078329531e+00
1.292811975160791382e+00
1.155334049814005448e+00
1.166838726846328722e+00
1.179300604639952565e+00
1.233073965117255755e+00
1.215622101561363300e+00
1.167083427458864842e+00
1.254403172131114186e+00
1.201552494771407797e+00
1.232177645120718923e+00
1.214009942109954387e+00
1.221473750734427099e+00
1.125789330741493011e+00
1.200787129368002804e+00
1.205630896310309730e+00
1.217174438682542048e+00
1.132707751092947301e+00
1.140378931147537633e+00
1.205467318275516453e+00
1.164167143764523127e+00
1.152416608938775289e+00
1.177551041986781621e+00
1.268954955685955399e+00
1.191373906819800821e+00
1.220691033565034722e+00
1.124991576287055928e+00
1.202223703474401661e+00
1.259455657175367227e+00
1.131658754780453746e+00
1.366715158867692903e+00
1.210388466634329419e+00
1.223536755265712372e+00
1.127239258558632606e+00
1.222732198437012974e+00
1.190041796629848436e+00
1.158790911926012468e+00
1.188849778335516971e+00
1.144088564260053786e+00
1.137953578333542159e+00
1.231998395434677596e+00
1.204108003762467627e+00
1.142013285969601943e+00
1.149294924095421111e+00
1.181260301522897294e+00
1.112814986865398703e+00
1.258368517118463759e+00
1.171620239972356092e+00
1.172342772846234560e+00
1.282504810232221626e+00
1.230203873931829062e+00
1.109345077925539824e+00
1.235209878440943099e+00
1.134642454544992685e+00
1.201094731647916802e+00
1.214772852366517775e+00
1.136051311845351020e+00
1.172635100802449371e+00
1.223622833262218990e+00
1.177805236417738488e+00
1.157464150045844908e+00
1.157661870989537434e+00
1.265939865166570755e+00
1.214671962612337452e+00
1.149392875112881462e+00
1.184095004199401391e+00
1.195530937394059023e+00
1.167533556305050402e+00
1.139822205877445649e+00
1.147691081052520490e+00
1.244419416922839972e+00
1.194562670272447891e+00
1.212663115916893464e+00
1.168516901724009571e+00
1.224742281602640537e+00
1.182610462991427580e+00
1.175921875587295551e+00
1.317965693539260963e+00
1.181168054081664920e+00
1.285979918308125969e+00
1.190969083583498955e+00
1.163035826708225695e+00
1.166809004995711829e+00
1.172587431874462238e+00
1.147336116202498424e+00
1.201214222400556197e+00
1.291451465983692426e+00
1.193062607524035368e+00
1.244421612096328511e+00
1.143363100427770229e+00
1.225856964548899253e+00
1.165967633732745368e+00
1.156904553202641184e+00
1.168427583517836377e+00
1.250336806462936989e+00
1.104173408354024444e+00
1.136797235251829852e+00
1.153651641264599403e+00
1.301501544207940286e+00
1.312202487790223637e+00
1.261170608944298444e+00
1.156936962830522164e+00
1.133524647262851293e+00
1.204541204899166829e+00
1.218017397163297488e+00
1.306780441335799514e+00
1.164475794089184557e+00
1.190170683617511438e+00
1.160671234303363608e+00
1.240067065257388856e+00
1.276254158549281259e+00
1.259038433956967129e+00
1.239128109753244278e+00
1.194554123381568411e+00
1.197467956364289154e+00
1.198026396458145237e+00
1.372793775228610347e+00
1.176541807423138852e+00
1.212852599030318501e+00
1.207797240781023795e+00
1.255220363043163978e+00
1.171582012304831055e+00
1.191270774567715574e+00
1.190913485337453226e+00
1.218199933511388000e+00
1.135919494211147684e+00
1.163805966160797789e+00
1.237314557636817414e+00
1.138988163540141318e+00
1.141719216305458362e+00
1.175584000145454944e+00
1.182820326795578136e+00
1.226452657892856735e+00
1.243467326782232263e+00
1.131292710861002027e+00
1.172505296568096878e+00
1.141237632496197474e+00
1.146039674307954392e+00
1.188422374063682563e+00
1.152434945004721323e+00
1.122019846909466434e+00
1.166912400058987220e+00
1.168777657267350500e+00
1.265128608519178188e+00
1.145395426041684761e+00
1.223399290542658058e+00
1.265128225978210619e+00
1.232702696669046638e+00
1.196646993428838845e+00
1.250248126122177172e+00
1.123338114146981814e+00
1.200888230144763202e+00
1.139986117413883671e+00
1.216068250421118879e+00
1.222448249008139642e+00
1.207897350379615764e+00
1.270838119893231699e+00
1.143133316942942956e+00
1.192240063108278569e+00
1.186774492982004325e+00
1.228599740023069709e+00
1.177133947450043516e+00
1.114490338541365366e+00
1.216761089013332464e+00
1.280906948683347313e+00
1.200222302848268363e+00
1.157836800098517305e+00
1.137740248275949995e+00
1.238459066664266084e+00
1.164719499337758313e+00
1.142118412813302619e+00
1.288134966461001119e+00
1.162294308755334793e+00
1.191051099277780301e+00
1.222640540570519629e+00
1.267502015478303878e+00
1.220094740735410133e+00
1.266802439961311588e+00
1.136211413991162766e+00
1.184519419103744697e+00
1.148388391117455720e+00
1.227721675365273546e+00
1.274671360973227641e+00
1.184394362516010712e+00
1.256417252213316571e+00
1.147423926391956117e+00
1.171243585197258463e+00
1.228873261547671625e+00
1.194877995163891926e+00
1.176602376246651316e+00
1.211207599607605045e+00
1.253708914555106357e+00
1.131490701118722519e+00
1.228922731159717729e+00
1.204254231490164972e+00
1.222593549808904445e+00
1.248349554596362099e+00
1.133873143130305516e+00
1.156179376177844720e+00
1.144365777266114215e+00
1.221491915968036635e+00
1.175265076392112640e+00
1.245746637526772505e+00
1.219509513033518955e+00
1.285064365658864061e+00
1.180090987562478766e+00
1.172439319803856295e+00
1.250123361895115526e+00
1.143754182641491202e+00
1.258330738287040562e+00
1.301410905488191938e+00
1.193887524712898607e+00
1.169205371792706893e+00
1.244222259567114186e+00
1.231405474802245825e+00
1.189329356686680716e+00
1.177752481230950554e+00
1.172313375966959503e+00
1.137455335545454194e+00
1.110370938733739932e+00
1.155035815166570945e+00
1.139769093762875052e+00
1.161407969720188005e+00
1.156197384249153970e+00
1.245767337212466686e+00
1.237529486336359286e+00
1.166122484296270079e+00
1.174903494773728685e+00
1.276123092074898269e+00
1.261718227390444147e+00
1.170861900283428403e+00
1.210154978573463103e+00
1.167326941649637684e+00
