1.053322919170817773e+00
1.040088332460177512e+00
1.047083580757648846e+00
1.043627240138312873e+00
1.044967371638376497e+00
1.042397733619795819e+00
1.050684589943033709e+00
1.043499291276096974e+00
1.046985659267212210e+00
1.045280318241333939e+00
1.042214057872376420e+00
1.041595541388670165e+00
1.049595269038192669e+00
1.048116725914917557e+00
1.054606377749358170e+00
1.052716241007769948e+00
1.037474408851219776e+00
1.051011203740162436e+00
1.040614495738766854e+00
1.042996487916511894e+00
1.039124855128146008e+00
1.049082654335854015e+00
1.045064112008955881e+00
1.046156913388848197e+00
1.048153691871622550e+00
1.047174177298932696e+00
1.042610629612963136e+00
1.034408595134419517e+00
1.042506592768538187e+00
1.051500652876774078e+00
1.039912438461720878e+00
1.053575953040533086e+00
1.045473030465695397e+00
1.049385620643843442e+00
1.042124996504806278e+00
1.049081874263150027e+00
1.047066344517790126e+00
1.048345622399734500e+00
1.043326251170299424e+00
1.049710247581804978e+00
1.041721609063024134e+00
1.043816755812994712e+00
1.041279281611946717e+00
1.038215229540434548e+00
1.043453534822691209e+00
1.050528050125933754e+00
1.050857871071374294e+00
1.044718641424919436e+00
1.036209154515753239e+00
1.051745760227253745e+00
1.046639818457248516e+00
1.051136806692370751e+00
1.050568281147406413e+00
1.041026509037731529e+00
1.041631376457250457e+00
1.052017746072192006e+00
1.046124601213146432e+00
1.040169344353720549e+00
1.045520427672108843e+00
1.032940928577506190e+00
1.052284532248847659e+00
1.051862273288896921e+00
1.048203241701271438e+00
1.056353103622957645e+00
1.042397362351369594e+00
1.042969993007283547e+00
1.038342048918796889e+00
1.046277396710575180e+00
1.045755173156027507e+00
1.053858057407809801e+00
1.044918556533826592e+00
1.034091662475250084e+00
1.047444849197279648e+00
1.043347834694019705e+00
1.052912905452256132e+00
1.049439050039181032e+00
1.038458489900841331e+00
1.048673449898682941e+00
1.045204134352923031e+00
1.046106083447260415e+00
1.044988875098770365e+00
1.038247310651648769e+00
1.044109762069878489e+00
1.043994762118539477e+00
1.043321307488141336e+00
1.035440928110760161e+00
1.049178663954476676e+00
1.035515476191258832e+00
1.038036944818077290e+00
1.042972493678142820e+00
1.035793371179286826e+00
1.045207413502858396e+00
1.038260551176298563e+00
1.048088435261434359e+00
1.053067627641759652e+00
1.049750997038746192e+00
1.042460450090083590e+00
1.048864725715155988e+00
1.049335795953364237e+00
1.048091020756356517e+00
1.039558286194455450e+00
1.043247816745396905e+00
1.038877879201836496e+00
1.038370210116215331e+00
1.048086788787404577e+00
1.047171081651045776e+00
1.046119671208327384e+00
1.044391335227274231e+00
1.044250936173679811e+00
1.046013417464580764e+00
1.043544430758246433e+00
1.049629966763689470e+00
1.048514426952440459e+00
1.045673387313484692e+00
1.049105650248367327e+00
1.054426568914530682e+00
1.056400589341954799e+00
1.045713023817044229e+00
1.047535593641678364e+00
1.042345733551216069e+00
1.038780521312406835e+00
1.044598946721454702e+00
1.039905650297817896e+00
1.048126226744640732e+00
1.043648432954137339e+00
1.036625471256461983e+00
1.045056590739495528e+00
1.046885252153564982e+00
1.045454825957947254e+00
1.048106499386108892e+00
1.047380605042073531e+00
1.048506437120588553e+00
1.045528023847379417e+00
1.051329539884364062e+00
1.043749634552088024e+00
1.055573671841372185e+00
1.048761165554541241e+00
1.044331944279945912e+00
1.044583662729362983e+00
1.045058790128726711e+00
1.044118278021446189e+00
1.034860526214223420e+00
1.038291547695088468e+00
1.041751612774404645e+00
1.049461567389757155e+00
1.041332829776256075e+00
1.044732040192388745e+00
1.041864350404629214e+00
1.053626858357580076e+00
1.045057406391700638e+00
1.046181137837501440e+00
1.040715838053187126e+00
1.049256050139223850e+00
1.051800522853592934e+00
1.047116389034624007e+00
1.041082756389061670e+00
1.043662174826359035e+00
1.045337025739195180e+00
1.042592642805726610e+00
1.040415631932221530e+00
1.041222309528185841e+00
1.040149905324041502e+00
1.048374400018333485e+00
1.044753453690021594e+00
1.053726640957822536e+00
1.050599390894324525e+00
1.038874699945613767e+00
1.048828758177387854e+00
1.045383399164442340e+00
1.046590205958062514e+00
1.049727906274862566e+00
1.047808602164619796e+00
1.053526834192256345e+00
1.046790416784249889e+00
1.038983206566164164e+00
1.047296954022274296e+00
1.044160590587194237e+00
1.039904540461855431e+00
1.047294926622504674e+00
1.059236119382459984e+00
1.046697855277928690e+00
1.043005629118857414e+00
1.030206738320961879e+00
1.040493371873526085e+00
1.044728405525130244e+00
1.048738258675888879e+00
1.048454172649676774e+00
1.042036399827152682e+00
1.041157105337914723e+00
1.050124993887495473e+00
1.054053152270993499e+00
1.047537919184435617e+00
1.056519871424976387e+00
1.045751511293656177e+00
1.060637202935068357e+00
1.043508411119253632e+00
1.047425234425972240e+00
1.043914526946284616e+00
1.039531837954856819e+00
1.045605166505982009e+00
1.047664393432181651e+00
1.045523248168693353e+00
1.046155461626958161e+00
1.041140220753266066e+00
1.046616398004743376e+00
1.039358150459963381e+00
1.058336377533866113e+00
1.036305104394176002e+00
1.049699781174894930e+00
1.044615234873463860e+00
1.056654727096988822e+00
1.046698807685641608e+00
1.038840452593507546e+00
1.048384996169025696e+00
1.047242683762082072e+00
1.044062928121370692e+00
1.039593435400938182e+00
1.049038850616251795e+00
1.055175821774017697e+00
1.037654226445896111e+00
1.044938788590398460e+00
1.052673081788146670e+00
1.043529065727351268e+00
1.048982724542688150e+00
1.052959537035208948e+00
1.046586313964130266e+00
1.044750289292971424e+00
1.050711255420904155e+00
1.044783621737635837e+00
1.044809149488837852e+00
1.042747457998615790e+00
1.043767111394703573e+00
1.044154844429610263e+00
1.047948210793276935e+00
1.046776432753383057e+00
1.050589704254201617e+00
1.047325313570462102e+00
1.040196477927843866e+00
1.041763645310855857e+00
1.044677515523697808e+00
1.056493116101980601e+00
1.044258666259999968e+00
1.048501868731027242e+00
1.033305974991071130e+00
1.048556707000244836e+00
1.047721966956604023e+00
1.042012030914503340e+00
1.053513641036708304e+00
1.057497091043911652e+00
1.050698327964205481e+00
1.039387520099700257e+00
1.058541294765345642e+00
1.051558579237358293e+00
1.048784568782602955e+00
1.048275274427583614e+00
1.048082082940643645e+00
1.049417913972593652e+00
1.049538621911124903e+00
1.048817679268963854e+00
1.045561552918367720e+00
1.049652820777182027e+00
1.047568052917545511e+00
1.052113037262270012e+00
1.036796307097187730e+00
1.043243632153652012e+00
1.049661219052160810e+00
1.043483635352556060e+00
1.045169226360485704e+00
1.044284475459230421e+00
1.046623988725612575e+00
1.045372623088057784e+00
1.047363928899633478e+00
1.041226761943667922e+00
1.043410554543555024e+00
1.050595067042794373e+00
1.057378121909712254e+00
1.052008084521660169e+00
1.051917069498605306e+00
1.047261998456308962e+00
1.049958533511505365e+00
1.045655403486121626e+00
1.043043206968167436e+00
1.038824924519110349e+00
1.049318981814498342e+00
1.046221922556867190e+00
1.052178312452680675e+00
1.045117352330521721e+00
1.051978472404408782e+00
1.046826448417377486e+00
1.045673257989536697e+00
1.053337546298281469e+00
1.048051239170211035e+00
1.042638325064916049e+00
1.039281981635650443e+00
1.055273133287348619e+00
1.049165322728961680e+00
1.035667567963678426e+00
1.041704803864941242e+00
1.044417826946079986e+00
1.039351634387949197e+00
1.057810194356655797e+00
1.052058555799668893e+00
1.048152019587164974e+00
1.046239700067303602e+00
1.043970727068236126e+00
1.050776552816283349e+00
1.045033492314661583e+00
1.047865793433181203e+00
1.044924103800512816e+00
1.048694204927443030e+00
1.038352267450861399e+00
1.053922079788482735e+00
1.049707490199784488e+00
1.048979119083079281e+00
1.044134608252379026e+00
1.039528278363800684e+00
1.039006976181279462e+00
1.046365470259395414e+00
1.048070243767497800e+00
1.053896640958293496e+00
1.046430970556827544e+00
1.038016671488016351e+00
1.040612821003204846e+00
1.053861533617402646e+00
1.037130475350686476e+00
1.049289249261254442e+00
1.045845692955281736e+00
1.047671181955479369e+00
1.046538171319798316e+00
1.047949417957815932e+00
1.039356905912690365e+00
1.049643647050245931e+00
1.046888197080324545e+00
1.060455883706454605e+00
1.043920815021516679e+00
1.045809932942817877e+00
1.030849152675735958e+00
1.049644272710941628e+00
1.051746904940341842e+00
1.051876934575288969e+00
1.041761444997047592e+00
1.055544677843504475e+00
1.056288831362633962e+00
1.041984245033390710e+00
1.049497977617758204e+00
1.051669312669074818e+00
1.053609569758988451e+00
1.038742750524567438e+00
1.053182102700054301e+00
1.042803438567308838e+00
1.048044954644850923e+00
1.041139911992044809e+00
1.037529516885710157e+00
1.057363625306369181e+00
1.044825815748634312e+00
1.045687109590544450e+00
1.045378384379402226e+00
1.041011751225287663e+00
1.038884454152478209e+00
1.041925690322125009e+00
1.049920534280325946e+00
1.053395395648804245e+00
1.048688151967440918e+00
1.042106654943752986e+00
1.046649646654071564e+00
1.045153672325749739e+00
1.050789914800888347e+00
1.043896822379002609e+00
1.042651627444664886e+00
1.053881387793358160e+00
1.048803595534874900e+00
1.047043174702901425e+00
1.038170083061374260e+00
1.050761542475823429e+00
1.042082758951921484e+00
1.043743220875212874e+00
1.048018078672536157e+00
1.053684328051539776e+00
1.048528372183015422e+00
1.047499801545792808e+00
1.047859495397750251e+00
1.046311106964502802e+00
1.043081912310615200e+00
1.040708449476947628e+00
1.044183554661838542e+00
1.040012923057938909e+00
1.047335305426870367e+00
1.051057993053807094e+00
1.042715665537122582e+00
1.042500702474203012e+00
1.048324654760310448e+00
1.039747342478201775e+00
1.044875136409658456e+00
1.050013161349898860e+00
1.038285369673066283e+00
1.045386026981147021e+00
1.062962205528453552e+00
1.046544900527098587e+00
1.045429811184892088e+00
1.055885076491572816e+00
1.047497416609285636e+00
1.041373172353985410e+00
1.042801650015824588e+00
1.052559661190374918e+00
1.052722885693931021e+00
1.041869392435767816e+00
1.048298006289754225e+00
1.045852278444138639e+00
1.050212703865321284e+00
1.043627681545672203e+00
1.049725023044280059e+00
1.050286346066848564e+00
1.053277592710455179e+00
1.052984152363148906e+00
1.039340242515830903e+00
1.040220907197107580e+00
1.058398280878793729e+00
1.046966476671918445e+00
1.041936230385436035e+00
1.045216983766486862e+00
1.051473189214751747e+00
1.041819970107760174e+00
1.040169118804891379e+00
1.046276133013657628e+00
1.045289671047500590e+00
1.044160955386967515e+00
1.041820562596423416e+00
1.038255457289128492e+00
1.052775161895010525e+00
1.035097902805827141e+00
1.044537093043858222e+00
1.052388452068640401e+00
1.049692733071654338e+00
1.047513271960362813e+00
1.044811751117287191e+00
1.054394000293835010e+00
1.038636033882883725e+00
1.047617464965578504e+00
1.057656865808591640e+00
1.046139934614464195e+00
1.051845711376759196e+00
1.041810726997044245e+00
1.047461628264073630e+00
1.045274741723688727e+00
1.048817003947555060e+00
1.041080306021095137e+00
1.049091839621200561e+00
1.036518443566120107e+00
1.045316426584672165e+00
1.041842730390085459e+00
1.046079384963490622e+00
1.038463672407589300e+00
1.045283625509529468e+00
1.040525472722700018e+00
1.049880139067821849e+00
1.045987674752028918e+00
1.042990879475917065e+00
1.037091040521278096e+00
1.048590013850094982e+00
1.046884385908752657e+00
1.043050951440911867e+00
1.041912626738486392e+00
1.048710288116616596e+00
1.041517687090363076e+00
1.043809389734825732e+00
1.042576221112800683e+00
1.043714452223862388e+00
1.039612591864613966e+00
1.048046419867723067e+00
1.044177424948884436e+00
1.043123275219377977e+00
1.040293353224344575e+00
1.042974332666762649e+00
1.042309514855278341e+00
1.047290741859297158e+00
1.044437085627793804e+00
1.042448530684229491e+00
1.043643676269237153e+00
1.037784440129721375e+00
1.042116131422504477e+00
1.051171254279436473e+00
1.056976373939728653e+00
1.040839900006540919e+00
1.045512999747467697e+00
1.040385349217817668e+00
1.047324981943271949e+00
1.036071550741385794e+00
1.048908966077198190e+00
1.044042782248327805e+00
1.049358324577120527e+00
1.046287354950886428e+00
1.051608746873585298e+00
1.050122347421582170e+00
1.038972734832678935e+00
1.048476126123423890e+00
1.051118223855226130e+00
1.046528901821145663e+00
1.044399558685084717e+00
1.053996717618023382e+00
1.040264378574220938e+00
1.051027919985767944e+00
1.051191977580478998e+00
1.041422327230756117e+00
1.051442708071690602e+00
1.050762584398513333e+00
1.049621311887745989e+00
1.053968933167866107e+00
1.052258296601665144e+00
1.053013990111832054e+00
1.050080554622300877e+00
1.033205464964873643e+00
1.043466515032763997e+00
1.044177554254929641e+00
1.038958769547708938e+00
1.055354423504202499e+00
1.052354761506508085e+00
1.043970402892949512e+00
1.054713404199099092e+00
1.045348409212337959e+00
1.038791929689849791e+00
1.046384648323916089e+00
1.052900241896483235e+00
1.049234104025316361e+00
1.047892389363362042e+00
1.046920484325694289e+00
1.038184689658637305e+00
1.052910559647024735e+00
1.046264940300995594e+00
1.054550141215435222e+00
1.052503381948566075e+00
1.046539890088380220e+00
1.040805587386072206e+00
1.049275998216787409e+00
1.042681745243884128e+00
1.050703361574556460e+00
1.051159318593177350e+00
1.037245038845595824e+00
1.036346782246225340e+00
1.041839176620026119e+00
1.057286186882186119e+00
1.038585263537624925e+00
1.046068403506434707e+00
1.043861784805295123e+00
1.040566371224964870e+00
1.053243463653938283e+00
1.044304761471847920e+00
1.046792137739593231e+00
1.062449006227254689e+00
1.046161046035823938e+00
1.047468561452021385e+00
1.045374216112428867e+00
1.045792799336034085e+00
1.053948825434114722e+00
1.056606037205070070e+00
1.050177747211908930e+00
1.049837561215938964e+00
1.040837751989365900e+00
1.040800542847513110e+00
1.040533562889595753e+00
1.040826109192359850e+00
1.051341340317178963e+00
1.045062917347873377e+00
1.045596483893481921e+00
1.048025129046024961e+00
1.035496932231910527e+00
1.043108302576302382e+00
1.042985790557691583e+00
1.054042641760998933e+00
1.051296156402214521e+00
1.043282594912622097e+00
1.062294034858491942e+00
1.050748337975999869e+00
1.058701549449327928e+00
1.049938462106013715e+00
1.040489513144563505e+00
1.044112037879243671e+00
1.048819730961261687e+00
1.048667275370185559e+00
1.052341163379372002e+00
1.047835058556978671e+00
1.041876248031234242e+00
1.037155518062855331e+00
1.034721333463189730e+00
1.047383373440826881e+00
1.045593768802618229e+00
1.046567452225124928e+00
1.055017849085575055e+00
1.040611022801368524e+00
1.046134368574260565e+00
1.043986401121429264e+00
1.038781217157148218e+00
1.061467617125839036e+00
1.047583411411712850e+00
1.045636514208704293e+00
1.047056554769193237e+00
1.039517499962650859e+00
1.044380907327185248e+00
1.045940985110364485e+00
1.044157067985616472e+00
1.045492885670292971e+00
1.042815535504914459e+00
1.041426145038587325e+00
1.051830570241206964e+00
1.044775122523765809e+00
1.048148734393271608e+00
1.052325251649930848e+00
1.044994015205217508e+00
1.035784316961762208e+00
1.047866051949793098e+00
1.047196756554874320e+00
1.046979968930673799e+00
1.043725753549101798e+00
1.041537578499773797e+00
1.042506745205158625e+00
1.037165409351183731e+00
1.044575913125307398e+00
1.043134775836852546e+00
1.046100083033697947e+00
1.047896218031048710e+00
1.049225047134211497e+00
1.042217431807052508e+00
1.045428693534930620e+00
1.043070213527341306e+00
1.052461549157659881e+00
1.050259623239880646e+00
1.046507477706334566e+00
1.048999078768518611e+00
1.038236610116902936e+00
1.051309667459493058e+00
1.040384126551075594e+00
1.038315271782880966e+00
1.044032089051544876e+00
1.052164693186650402e+00
1.050506074589575789e+00
1.040138355500565437e+00
1.049780037361190077e+00
1.045288177030198717e+00
1.043259127618007209e+00
1.040102323663373962e+00
1.050355555736931068e+00
1.041586802089246255e+00
1.049306895484760860e+00
1.044532713262785961e+00
1.051548295192291205e+00
1.040797519136089866e+00
1.043979081547572463e+00
1.046920712790605723e+00
1.045082967904842786e+00
1.047220329612949197e+00
1.040299949399614787e+00
1.043801724898009153e+00
1.048103555153203859e+00
1.041824637383396146e+00
1.043219552855521703e+00
1.048201771004185767e+00
1.042045980257309878e+00
1.049653289298867920e+00
1.048938003818262965e+00
1.045443394006845717e+00
1.047483879645219718e+00
1.042901117090292873e+00
1.052564145846862864e+00
1.042521608057741744e+00
1.048519816649407632e+00
1.055544484482663359e+00
1.042725108516912025e+00
1.055244080469348589e+00
1.039677847251902598e+00
1.046007475748854443e+00
1.047046262005643991e+00
1.051319608910857184e+00
1.038472254402503570e+00
1.040242577329274498e+00
1.036265645284357051e+00
1.045534195033964719e+00
1.054496668182838492e+00
1.045199841499097282e+00
1.054036719374167097e+00
1.041265372743804818e+00
1.037064295178922846e+00
1.040385326953767953e+00
1.045801962568042365e+00
1.042490044069274147e+00
1.047832944428601198e+00
1.054664789003253444e+00
1.044619352187123873e+00
1.051141457787545086e+00
1.050366989973809728e+00
1.044159568003486749e+00
1.040055500643072506e+00
1.049209171322694756e+00
1.044954653591711358e+00
1.053320225717966130e+00
1.052537606418306515e+00
1.048586547082292597e+00
1.037637977399056499e+00
1.035734151492576416e+00
1.047806998293389524e+00
1.047649117556377796e+00
1.050640438725980008e+00
1.042113955443908724e+00
1.043399033510783225e+00
1.049577630461545619e+00
1.035549932924072269e+00
1.048366172654547901e+00
1.039590676187407192e+00
1.050234731976197988e+00
1.050814783565738431e+00
1.047645775860731154e+00
1.043699060395242073e+00
1.041437414488449509e+00
1.044083784559700190e+00
1.045897589699889663e+00
1.052911534002785698e+00
1.044852854543127263e+00
1.046611018203092325e+00
1.049609843537251841e+00
1.040071561127003497e+00
1.047988269721289223e+00
1.044605737460632566e+00
1.045891294619027301e+00
1.042004341258713218e+00
1.053614005557225841e+00
1.046682321588110920e+00
1.055361812137862065e+00
1.047195355969672503e+00
1.053508639866339802e+00
1.044212695665953428e+00
1.050782413948726068e+00
1.037350020575700249e+00
1.042481168068400299e+00
1.053111184906331266e+00
1.045704614043627245e+00
1.047792849456856468e+00
1.041949063509344464e+00
1.053054502518526947e+00
1.049384135765592418e+00
1.044534936404814651e+00
1.046246889356142518e+00
1.039854602236004677e+00
1.050540481678485349e+00
1.040918516475581423e+00
1.045232257089144579e+00
1.042808087632099312e+00
1.054021344660980741e+00
1.049182864494135226e+00
1.031755789015016189e+00
1.047072405403433049e+00
1.043866551109949414e+00
1.042697863724618257e+00
1.045391418201638389e+00
1.043824773854498122e+00
1.045173603495000547e+00
1.052664269066347691e+00
1.047207640251128336e+00
1.048632691702675590e+00
1.046020279474466408e+00
1.037999655094711704e+00
1.049548384127330092e+00
1.052667490322482191e+00
1.047540025492940785e+00
1.043490520472322158e+00
1.046280786766322635e+00
1.044765069605505969e+00
1.052525423075806321e+00
1.049449096871927223e+00
1.050906354843125889e+00
1.047763369668555766e+00
1.042108008264883923e+00
1.045586796486901671e+00
1.045514080695318926e+00
1.041319505010985358e+00
1.037887376340657530e+00
1.043623367098548860e+00
1.051778112129973186e+00
1.047559668579669756e+00
1.041717589468812877e+00
1.044145265323635829e+00
1.040365859775515212e+00
1.040061950658662582e+00
1.051017978940536501e+00
1.050493219279892143e+00
1.042141810336838281e+00
1.035343983685009350e+00
1.045315064637205138e+00
1.046391811456248933e+00
1.055624451814481279e+00
1.039940790894142486e+00
1.044811406501304107e+00
1.039481637002683367e+00
1.044205945117227197e+00
1.038199715086730812e+00
1.047389779462958526e+00
1.045710609613459852e+00
1.039000677482538215e+00
1.041563821916548171e+00
1.045806358624477239e+00
1.048466972514680240e+00
1.043617258446388751e+00
1.048337651086150402e+00
1.046079879259659506e+00
1.036598409128504095e+00
1.040601263623945005e+00
1.038964062295127722e+00
1.060046199104232034e+00
1.035473161135253672e+00
1.043910929106935725e+00
1.046662618251088306e+00
1.049348001750200376e+00
1.051271278361392003e+00
1.042676785870146894e+00
1.041654348867335544e+00
1.042637591544874232e+00
1.047348310559924611e+00
1.052291163434431187e+00
1.050890230885541454e+00
1.048327669181516431e+00
1.039744038085691935e+00
1.047946178803269790e+00
1.054297032533622946e+00
1.041584198930518568e+00
1.042134980002637601e+00
1.048101526363115044e+00
1.047173575282791314e+00
1.053431316155241770e+00
1.041767919075810234e+00
1.056684408643218775e+00
1.045402177150966505e+00
1.043129151152333955e+00
1.045212724731668263e+00
1.050474588368080386e+00
1.042306724088942316e+00
1.045127443066144357e+00
1.048745192063373910e+00
1.038776492288308928e+00
1.041884826512519124e+00
1.043311816671171899e+00
1.044662576772791729e+00
1.037096795999469245e+00
1.045386754061712331e+00
1.037245233007816347e+00
1.044186052649298091e+00
1.042684695495527558e+00
1.051403248594460882e+00
1.043089024368057727e+00
1.044676865574528657e+00
1.048485110076124771e+00
1.041463829844460953e+00
1.055479383951788419e+00
1.051875265222586231e+00
1.049244074132600124e+00
1.042350751624792959e+00
1.049201627078294896e+00
1.049742118059043605e+00
1.048182830745670646e+00
1.040401425469155594e+00
1.057723747591751806e+00
1.036264423568962201e+00
1.053567253366254564e+00
1.043128631133994455e+00
1.052406049246287223e+00
1.046770053059915551e+00
1.056190147452673811e+00
1.048138872705011160e+00
1.054592468753281498e+00
1.047800452677057459e+00
1.051450679394119625e+00
1.047811889809706409e+00
1.051311158582819871e+00
1.055794710454404761e+00
1.047028301938839778e+00
1.035161426524349393e+00
1.037703912963297226e+00
1.038333350200426830e+00
1.046876271549987525e+00
1.045773983783802707e+00
1.046442395015677818e+00
1.060196200839287783e+00
1.048995000955364354e+00
1.042731660032579777e+00
1.041438189952140769e+00
1.043742399783708974e+00
1.051377675787564359e+00
1.051322184640847812e+00
1.044447826009164748e+00
1.053963302674246760e+00
1.044618803078848579e+00
1.050904290446788236e+00
1.046303603274209681e+00
1.044778518369164910e+00
1.034668039935870754e+00
1.046517291128436389e+00
1.042403988910761470e+00
1.041887622115722944e+00
1.046473209961914286e+00
1.046463863248606074e+00
1.044791092669715704e+00
1.055477619581111082e+00
1.043543010486455147e+00
1.056044569890522089e+00
1.041844210377298463e+00
1.050791170545670061e+00
1.043583022934759796e+00
1.047429109867856090e+00
1.049376201559956812e+00
1.036387984967059417e+00
1.048180344612502868e+00
1.048043922386566074e+00
1.042169236858759618e+00
1.039256460216723132e+00
1.037800988260499713e+00
1.048200473364661489e+00
1.040634242514099750e+00
1.043685567812899784e+00
1.045264596633868726e+00
1.042925678607232287e+00
1.053595632109873614e+00
1.051997480139278629e+00
1.046518245671701708e+00
1.055553453076356618e+00
1.039951437556267511e+00
1.051927813575224802e+00
1.053476104700478144e+00
1.048578644171017649e+00
1.040064866756421624e+00
1.039162709829802411e+00
1.054428999494464447e+00
1.041309117760760072e+00
1.046257913369242676e+00
1.053290129463810842e+00
1.049713685760139237e+00
1.052125603690231559e+00
1.045970816014035742e+00
1.042118471532379909e+00
1.055440576676741404e+00
1.044868976795338966e+00
1.042211855062169512e+00
1.050283940069842492e+00
1.041065008637557465e+00
1.039141279741111923e+00
1.045102110528784989e+00
1.042081860314681752e+00
1.043330168797969915e+00
1.044534305529641216e+00
1.043551128103550552e+00
1.039467362668585526e+00
1.053437065566041664e+00
1.053392471147525988e+00
1.051656909807138662e+00
1.049078909160855222e+00
1.050780726661117326e+00
1.048777982240820528e+00
1.050035630913459972e+00
1.040452898647301172e+00
1.050156022690248436e+00
1.054575698393464211e+00
1.052625845224880452e+00
1.054703265726741224e+00
1.039777942944752898e+00
1.046338185171020729e+00
1.051739987793558928e+00
1.048207110346857984e+00
1.047200656292812448e+00
1.042368713064385943e+00
1.048352279929317898e+00
1.042146557216216296e+00
1.044313411568219108e+00
1.044647560713280798e+00
1.036438535537034689e+00
1.042545959845769810e+00
1.042935362429880497e+00
1.045940261230848378e+00
1.039051493500517287e+00
1.048367201526208881e+00
1.038898930658242126e+00
1.041972405681327762e+00
1.039787435133241900e+00
1.041558485072688445e+00
1.045847919421515337e+00
1.047680358811029500e+00
1.045974253060513615e+00
1.048011706916615937e+00
1.041325996201736270e+00
1.047194867360640158e+00
1.048436298135765998e+00
1.032809070558545761e+00
1.046144493256098151e+00
1.043196257995348653e+00
1.043655653432256081e+00
1.045674719046929102e+00
1.045273172190722244e+00
1.052146632866469034e+00
1.042749672017132978e+00
1.042110028094396457e+00
1.051059953228287602e+00
1.055398328169910416e+00
1.053840899405595666e+00
1.051930740502149408e+00
1.050230146501654804e+00
1.045705558102742794e+00
