1.300235749828147380e+00
7.644674987732323901e-01
3.815282503355186261e-01
4.568757793530489608e-01
5.914725240170890519e-01
4.872908540933125199e-01
6.240651681056390565e-01
4.740084018265875998e-01
4.037952152198218125e-01
5.161065062610674659e-01
5.064599606602644410e-01
4.658283588160578303e-01
4.120659073482598744e-01
4.227333300695648166e-01
4.658215203078332478e-01
5.068144023027177925e-01
4.726274325599235659e-01
4.802968625912296674e-01
4.774852920958305158e-01
5.379998321221861612e-01
4.303994822070666415e-01
5.053419963380492153e-01
4.523671192916512429e-01
4.967647243154793002e-01
5.384351768611482791e-01
4.883097489939556834e-01
5.662975666912067885e-01
4.693281730334964985e-01
4.586298880289036428e-01
5.446505858540103828e-01
4.282007360117068284e-01
4.594375909790056056e-01
5.976112572419750579e-01
4.520897242544090200e-01
5.156575600284807326e-01
6.318391696614432673e-01
5.876157188559850697e-01
4.457569575424527586e-01
5.716824697480812345e-01
4.835698827637269770e-01
4.515934116339849203e-01
4.370207985221554736e-01
6.126200289980675562e-01
5.298336109702946883e-01
5.569361316048471178e-01
5.541837564024505447e-01
4.555871211856154512e-01
4.589797565535136958e-01
4.546762415475119057e-01
4.572242821260618650e-01
5.493190289147408256e-01
4.471157793520724177e-01
5.213817904504125522e-01
5.205576602317607549e-01
4.875881640802722239e-01
5.186691567144842141e-01
5.497426643697505000e-01
4.998552437213279465e-01
5.590827780849360051e-01
4.388939434383063998e-01
5.797553032487632318e-01
3.994508120004008900e-01
4.993983940555665191e-01
4.139556950711932859e-01
5.806163945421741746e-01
4.467636019030589711e-01
5.156095396208248971e-01
3.575707967645706531e-01
4.879803462891444399e-01
4.401107293317610414e-01
6.401844189660037543e-01
4.301268194929056543e-01
3.912533470962178406e-01
4.430803959446776852e-01
4.883752952205329123e-01
4.856839350838844660e-01
5.137468996744747329e-01
4.462404198229412144e-01
4.566670475613174296e-01
4.385315341935429601e-01
3.941129704390923805e-01
5.401647113787970689e-01
4.456205534851367944e-01
4.708195028588746389e-01
5.918358896716547912e-01
5.171943242775781657e-01
4.788647963638376637e-01
5.980140022752407081e-01
4.470306674077091369e-01
4.157079765492829315e-01
6.663709022240775770e-01
5.042597785332426641e-01
4.218890031442646960e-01
4.284445547803829024e-01
5.523285320569237822e-01
6.930899183472521985e-01
6.224591464209470182e-01
5.921503501178915219e-01
4.918585361454537730e-01
5.453652505104192860e-01
5.140731134865318408e-01
5.266350703082354201e-01
4.539597550815950289e-01
6.129288704324121762e-01
4.948475659044722086e-01
6.549456595855871477e-01
5.707278238647274238e-01
4.989868020144275773e-01
4.821253443164894015e-01
5.088321209117868671e-01
4.381860752388465063e-01
5.223991537192980150e-01
5.868355110756042770e-01
5.665814088454365072e-01
5.514720261976462368e-01
4.673409348704843924e-01
5.308138983630701357e-01
5.317396590018340641e-01
4.324735515142923425e-01
5.338582885693420321e-01
4.712111001110973474e-01
5.172951208059640704e-01
4.949487898347664783e-01
4.529800249440346094e-01
4.826482917017152485e-01
4.110767100741541946e-01
5.230272106005779964e-01
5.616256832151639289e-01
5.508231449812043268e-01
5.230325789942092962e-01
4.713014045414632980e-01
4.933855037671328048e-01
4.919624680751591428e-01
5.101462097486446634e-01
4.459602172367783668e-01
6.045281388982861603e-01
4.759433297242303129e-01
4.642409860275897304e-01
5.996509624840055119e-01
6.183958919287994016e-01
4.394875206442714899e-01
4.566994118048632867e-01
5.669583958213798569e-01
5.528653060682912068e-01
4.887360308038671830e-01
4.753142252805992451e-01
5.293833904787573763e-01
4.415812195012886465e-01
4.581245957926350365e-01
5.666841605289454353e-01
4.385022562593635098e-01
5.858420468195234543e-01
5.826496028364716029e-01
5.660172833251662095e-01
5.508193201356692548e-01
5.636463572955411339e-01
5.785810840105131136e-01
4.686388562418314918e-01
4.769651375899687240e-01
4.909788504471931381e-01
4.400014486751919196e-01
4.177480796866371859e-01
4.929196303798352163e-01
4.993247874445727041e-01
4.901440893915258168e-01
4.291056003910478922e-01
4.257890567080317434e-01
5.626290115692282878e-01
4.471073267703518650e-01
6.204642639306168217e-01
5.799466356700491154e-01
4.325786863112786040e-01
4.727231755532769752e-01
5.946457282468904371e-01
5.492898191400459318e-01
4.226625899043725543e-01
4.121393835763227931e-01
4.715637777035245892e-01
4.420268422078049153e-01
4.430633215288741766e-01
4.628895393721364493e-01
5.496035835359370791e-01
5.425489777639100897e-01
5.341020475342402873e-01
5.416727717411975451e-01
4.412102154261476339e-01
4.959307593782862345e-01
5.113242408811798922e-01
4.904847992380721999e-01
5.634097298266759202e-01
4.722073234516020457e-01
5.151359518493969780e-01
4.319442601894554201e-01
4.356119378456623781e-01
5.617362372270757742e-01
5.070625436688326326e-01
5.386365289565232528e-01
4.844288298526934211e-01
5.240940664323530118e-01
4.765098073484421715e-01
4.701703154926469841e-01
5.262566759168004760e-01
5.254590512477927966e-01
3.751400476131740436e-01
4.938446312555198059e-01
5.676086150038911482e-01
4.998686542314270120e-01
5.860915569049461871e-01
5.377359351856224601e-01
4.776027510070229298e-01
4.329666281234347824e-01
5.853643724397454839e-01
4.695003818843369592e-01
4.724900216153450905e-01
5.709085349031223222e-01
4.492673749594138233e-01
4.235735296888246126e-01
5.029787403184478034e-01
4.221239498999651008e-01
5.141590014390587937e-01
5.515622948673513104e-01
4.144054848766729471e-01
4.495765079956127175e-01
5.430105443862507375e-01
6.052937761676835393e-01
5.542054936475195870e-01
5.853756889906821526e-01
4.385229108266324727e-01
5.514463456730610558e-01
5.619489218106605843e-01
7.827816372543699996e-01
4.129791581717309201e-01
4.878687508274702211e-01
4.397717062810236333e-01
4.496063852476487321e-01
6.622982801213125326e-01
4.547278899691894472e-01
6.100763115446921070e-01
4.054809710892625652e-01
4.910033741860926337e-01
5.116321650738475668e-01
5.168149468282000614e-01
3.830236585592082244e-01
5.131278581222882273e-01
5.657137940296361744e-01
4.737133728612196726e-01
4.629574658890810990e-01
4.851780856487022953e-01
5.549661016465453622e-01
5.713042459061283829e-01
4.961422960980279018e-01
5.351307040087703859e-01
4.920201261679074123e-01
5.609064295459884608e-01
4.269532301979280242e-01
5.528659997056358799e-01
5.682074636137957047e-01
4.732787049433925253e-01
4.936175149001594820e-01
3.884246758387847609e-01
7.149306763077828419e-01
4.577386301418309711e-01
5.048690354462637142e-01
5.485599149734350366e-01
4.468127660018376135e-01
4.874066653458421494e-01
5.314904685162882281e-01
4.440917211455258640e-01
4.481921492061092249e-01
4.568757380494243847e-01
5.461160977733310329e-01
5.694811115314134531e-01
5.342101640092263848e-01
5.330206539014161748e-01
5.466429784664413871e-01
5.957314395908703819e-01
4.853414556871784580e-01
5.385189990850609565e-01
4.647638922340416867e-01
5.973226579086595711e-01
5.371110243542046581e-01
4.984143100001856563e-01
4.602666483379412310e-01
4.313150964531300979e-01
3.918694550340923177e-01
4.777124703335411393e-01
4.524468385225383638e-01
4.281678240612845632e-01
4.444786745563809038e-01
4.089145791396124885e-01
4.858353305004408096e-01
5.050260306209573002e-01
5.311397404720180626e-01
5.625061271219846670e-01
5.135046149309183683e-01
5.941494224385358569e-01
5.386670259762078583e-01
3.552636592324714404e-01
4.724994565269457492e-01
4.947093960617048314e-01
5.124138327316504204e-01
4.918953765184008176e-01
5.530625701700851993e-01
5.238462522497870921e-01
5.379251450335194029e-01
4.253508592188116055e-01
6.082978109448033965e-01
5.256857112333938042e-01
4.191124647377652002e-01
5.166405904103600344e-01
4.853333958744436294e-01
5.253096401154561113e-01
5.197988603287322373e-01
5.851196509690130831e-01
4.715727897005086433e-01
4.963692477088276211e-01
5.285014455041130432e-01
6.317128510213121384e-01
5.080207183507386981e-01
5.351380199691635475e-01
3.749609418044235754e-01
4.517755544887087638e-01
5.892101793673363286e-01
4.488923314163411615e-01
4.987015906808244248e-01
4.542070930184162192e-01
5.620883377683576487e-01
4.096042999689120112e-01
4.988800986643746049e-01
5.193953836681440839e-01
5.970867665572889837e-01
5.117062663743974227e-01
4.872926290732797483e-01
5.262626976959662306e-01
5.373401687432003415e-01
4.986101598535166435e-01
4.511347270739756166e-01
6.440271127462523504e-01
4.815925627329797343e-01
4.801187775759491183e-01
4.767193609703652690e-01
4.477758210318982246e-01
4.198816258988712358e-01
4.517535157952943248e-01
5.249871752031971539e-01
4.733508945922085820e-01
5.000274708877640029e-01
4.841546882237904303e-01
4.587568359843314236e-01
4.346113756249905258e-01
4.552579846333868474e-01
5.793337547858068426e-01
4.578601448572544586e-01
6.168090183099265156e-01
5.585905318740632675e-01
5.574024954270589971e-01
4.748711505850579662e-01
3.788434836028304886e-01
5.138578205624299011e-01
5.386762571009356959e-01
5.170703764161057592e-01
5.499285310834339802e-01
5.225436504007875405e-01
5.269291476269877261e-01
4.278081238988054036e-01
6.898250190781110014e-01
4.537439407394160962e-01
4.792153579913893680e-01
5.119037173962904808e-01
4.725392984031333565e-01
3.907649188723263389e-01
4.616566890191993733e-01
4.941990842504101478e-01
4.799644966984175642e-01
4.357214983632594629e-01
4.897395727791530873e-01
5.729286556067607616e-01
4.893733680883780024e-01
4.818349628321514921e-01
5.313961656418225710e-01
4.962949562503786716e-01
5.244341730300017268e-01
5.749635436575740721e-01
5.219172276104856456e-01
5.363028803906858544e-01
4.339463997021115738e-01
5.055599809243103149e-01
5.400063531184242649e-01
5.126268781169376343e-01
4.403949130185526584e-01
5.254038922862571681e-01
5.077940241792674447e-01
4.298238302849441417e-01
4.589436244781903707e-01
4.470562496454324464e-01
4.926332795982243939e-01
4.875753089798273709e-01
4.720036675896986944e-01
4.562882289296764093e-01
4.945426858916031621e-01
4.685289218508361664e-01
5.085368296967311963e-01
3.647846423370552094e-01
5.495426312657493151e-01
5.994071549993322812e-01
4.874152313889058008e-01
4.794849554322042628e-01
4.213615671709888821e-01
4.625735261980770119e-01
4.509961571520646473e-01
4.855830719864286937e-01
4.996129786207709200e-01
5.078670389478769920e-01
5.947822639317623672e-01
3.338854585626607197e-01
5.395865270365842736e-01
4.906598149161713884e-01
5.092564093847691264e-01
4.145731841687016472e-01
5.236086298513764614e-01
4.873036413665314259e-01
5.061148807878942391e-01
5.108206848682737000e-01
5.180606456347516264e-01
5.610832828812414297e-01
4.581314233526055935e-01
5.356217205378117630e-01
5.051325476925311309e-01
5.389394587687501570e-01
4.852895764286114799e-01
5.503825233905514924e-01
5.521171041877465102e-01
4.378915101959400258e-01
5.366371497191554374e-01
4.788701021631200372e-01
4.922777343417270579e-01
4.779723813281835931e-01
4.550469010187124796e-01
5.835455057354138608e-01
4.445920693705713300e-01
5.278594121484719848e-01
5.398037328494319498e-01
4.598557853428648645e-01
4.455720958397503817e-01
4.799905437307882550e-01
4.601950698906449588e-01
4.751132473802834877e-01
5.965232095305124105e-01
5.322734897650989172e-01
4.887837018124961408e-01
4.911494447422519727e-01
4.885368937135746714e-01
6.669846956418572503e-01
5.925025419653339176e-01
6.046999326035301658e-01
3.892383942021812593e-01
4.640210923034023827e-01
6.195486429277877738e-01
4.955051216339259601e-01
4.971606060795320525e-01
5.219259004102370092e-01
5.463056801654820882e-01
3.638167580195654782e-01
4.560556492661614336e-01
4.526357885981051044e-01
6.920489420907186551e-01
5.130002029219223880e-01
4.891710870333147998e-01
5.867843897057674063e-01
5.068779739181700217e-01
5.395188690304770773e-01
4.810092988291831406e-01
5.004725799809784936e-01
5.991498350289600205e-01
4.443079146808814328e-01
6.174810243187833780e-01
4.902289296680532593e-01
5.638721002381353875e-01
5.069097847155340508e-01
4.376843513589948609e-01
4.027354405244429336e-01
4.514462341501812581e-01
5.397271980234679134e-01
4.702545543949811502e-01
5.813970313071193941e-01
5.055747781760824289e-01
4.991111668741850527e-01
5.773879310448675195e-01
5.358035922802334428e-01
4.704350517995081193e-01
4.018403538905078176e-01
4.771332996577729579e-01
4.767075522775025553e-01
4.850811177197217883e-01
5.097819085897479230e-01
4.971278373672571305e-01
5.405045521209109749e-01
5.410422773773665428e-01
5.702070606896106897e-01
4.861330212615323498e-01
4.350488235801316939e-01
5.751548650382874994e-01
7.260491121829120154e-01
4.831188129735126680e-01
4.591457827021370730e-01
4.964271118883895051e-01
6.093721113006057566e-01
4.575230086277798369e-01
6.073070618192751846e-01
4.396698345830791776e-01
4.512113973860470417e-01
6.233919199252550003e-01
5.160088428594579169e-01
4.608683945441663377e-01
4.981784794899349333e-01
5.122801771937307569e-01
4.568671910332626762e-01
4.332763475387731433e-01
4.354597523891894917e-01
5.115885785104683503e-01
4.996221234438819603e-01
3.731047423975725752e-01
5.104785972457537291e-01
5.133542941202090537e-01
5.156450279525809366e-01
5.294452854985042256e-01
5.907284113652878643e-01
4.883984736302269258e-01
5.137522638256604157e-01
4.973095607189691458e-01
4.406919474931950687e-01
4.639399347345914415e-01
5.430832630281930973e-01
6.913392074968484069e-01
4.615410433830740011e-01
4.858810258710823948e-01
4.482046376037401858e-01
5.134449227027099161e-01
4.791265202696468051e-01
4.933386467044696966e-01
5.048817905752264190e-01
4.697674149026342394e-01
4.868965806580003997e-01
5.383891266877164350e-01
6.507099224426784456e-01
4.330699901409185149e-01
6.189256651148636879e-01
4.782877112861635416e-01
4.846527229530326886e-01
4.643391381369367243e-01
5.042832270366004455e-01
5.822299867767947168e-01
4.996119357410378492e-01
5.207682639201082209e-01
4.779548663366588457e-01
4.688121247603604380e-01
4.532807297271005398e-01
4.329041680378697965e-01
5.710243150917762023e-01
4.855529932286963835e-01
5.855513621225675314e-01
5.522674464748072998e-01
4.831565986006563507e-01
4.170887898005752881e-01
5.006448240169958375e-01
5.379467820913748088e-01
4.045385503953786710e-01
5.209648914985443025e-01
4.987706062768623716e-01
4.685202428035429856e-01
5.219811149506999870e-01
4.828747278639998752e-01
6.159079414027582855e-01
5.178579301195340712e-01
5.562577351552024929e-01
4.268494357451679821e-01
4.571400362924655236e-01
5.316216098962508463e-01
6.840669774998877628e-01
4.497198881170766382e-01
4.210284754358762926e-01
5.991766624318085599e-01
4.841183907109810614e-01
5.857916426371347907e-01
4.239501789822565647e-01
4.886563254131520151e-01
5.662707155725427155e-01
4.725267109398774701e-01
4.307189146371359634e-01
4.555199450258280436e-01
5.358752802843672614e-01
4.088226373813120818e-01
4.753947195347930088e-01
5.518296075916900856e-01
3.949809593843250366e-01
3.927024218993862559e-01
4.442509176704644847e-01
4.677752889189280561e-01
5.004035369404453704e-01
4.872283751400025564e-01
4.729022576478336126e-01
4.141603154350505522e-01
4.728470907028907710e-01
5.168507395878219057e-01
5.026470456092051453e-01
5.063310209485351043e-01
4.651523053139180464e-01
5.063582494553744429e-01
4.856221220322081145e-01
4.701364299413144932e-01
4.289522500947247630e-01
5.270382960878063905e-01
4.596054679078191985e-01
4.402777619095349926e-01
5.769733914592338753e-01
4.960787733846235836e-01
6.403057905244200487e-01
4.394863810455278963e-01
4.399776989047610720e-01
5.744429731985357668e-01
5.310505643569016776e-01
4.896071100145831800e-01
4.819915443965722690e-01
5.115185394720875856e-01
5.476804334695661858e-01
4.471604348974919096e-01
4.806212343468641013e-01
5.007844197368929162e-01
5.084554607656169845e-01
4.733158459377452276e-01
4.906893481013973601e-01
5.014396112483677781e-01
5.418043347113096209e-01
5.951699037732250952e-01
6.143238174109102445e-01
4.465347867245071933e-01
5.762601982632600262e-01
4.686268753955070698e-01
5.575747251624928458e-01
4.882991804333945418e-01
6.591593270427474893e-01
5.607933858448469477e-01
5.408446440865261051e-01
6.339202803230606920e-01
5.186674848136866300e-01
5.368483445608510651e-01
5.408948610337939167e-01
4.833219481852676913e-01
4.794443839937776453e-01
4.391815282706791890e-01
3.796894197435747298e-01
4.762050829722328515e-01
4.209254519401999795e-01
5.125602079287100432e-01
4.355405191167326384e-01
5.274705244562409856e-01
5.125606914090869992e-01
4.561717760888677198e-01
4.917846984890220652e-01
4.030082768163290585e-01
4.363376764310526457e-01
5.007513524798351545e-01
4.221059400155565688e-01
4.643717755724454666e-01
6.118620826429242987e-01
5.417290031834571806e-01
4.694695852721541551e-01
4.379373378176525389e-01
5.525535657398400469e-01
4.567583518388264041e-01
4.557239480410278931e-01
4.599752597759209083e-01
4.313338011253217696e-01
6.063296726877104303e-01
5.252560825874279526e-01
4.319568579489597715e-01
4.062758381136892805e-01
6.192328837049668744e-01
5.321469444252293624e-01
4.860014467795068516e-01
5.129496151079806499e-01
6.021395072584617703e-01
5.198910836360304266e-01
5.525155273499918751e-01
5.321182491961707894e-01
3.885035312918738160e-01
4.842089274721177450e-01
4.964567954782260761e-01
4.913152700701903797e-01
4.085592880826988682e-01
5.095141038446779902e-01
4.949030465451779714e-01
4.855092080125403275e-01
4.995532546368225413e-01
5.429494143618717183e-01
6.432827871042321455e-01
5.061997088829451874e-01
4.832577254024794655e-01
4.194878955441907475e-01
5.331563664803240510e-01
4.812408973399717182e-01
5.070733280854469172e-01
4.624041864495470611e-01
5.401729015733647277e-01
5.342958473139659548e-01
5.272400023580805506e-01
3.965300656442682370e-01
5.600509803193640668e-01
5.491139326330852777e-01
4.789530440150393531e-01
4.900629317464715862e-01
4.488386046383597283e-01
3.990765527603012952e-01
4.280913113993126684e-01
7.645289243824447967e-01
4.355172132919903905e-01
4.659038827073259670e-01
5.536082967725058923e-01
5.544882814616436395e-01
4.709814325173959926e-01
5.324751828999955139e-01
5.065393256234960173e-01
4.336697556422197675e-01
4.636683004141757825e-01
6.176215407526249868e-01
6.031202018442959334e-01
4.130450301937115265e-01
5.319616968484417452e-01
5.999909481981974269e-01
4.661352905411344505e-01
4.823429939821057832e-01
5.993639714164982202e-01
4.090886636021133227e-01
4.280578983923211678e-01
6.160650568909299407e-01
4.589320114801119788e-01
5.148660846198468422e-01
5.343420174553940027e-01
4.642191573902194057e-01
5.278658029966073473e-01
4.950846972625339570e-01
5.184845617808744311e-01
4.378702901122438207e-01
4.322314258449540536e-01
3.575201958649387723e-01
5.068220250694074336e-01
4.294472544444254969e-01
4.570586392962176503e-01
5.430472903651166749e-01
4.752252169300077989e-01
4.151086613926839308e-01
5.557884721412797990e-01
4.542985526362782189e-01
5.609658870381077911e-01
5.221313537594678422e-01
4.173919674038288896e-01
5.322899654978936468e-01
6.460463268195602016e-01
4.636591538710377325e-01
4.801400212305016457e-01
4.422227477376574067e-01
5.663565152927008128e-01
3.983159678983897445e-01
5.510183840608187111e-01
4.422122320672304263e-01
4.207550879342650818e-01
4.428660812754455778e-01
4.610573587321764033e-01
5.312846095897524323e-01
4.923523821184415672e-01
4.136087977913371905e-01
5.265580224372509166e-01
4.748993682292454444e-01
4.743401894043206002e-01
4.001380750973612122e-01
4.815898868268985167e-01
4.576814070631139431e-01
4.990787483942922820e-01
4.987378058239595457e-01
4.659263506740731753e-01
4.727863811656807247e-01
6.307008720220848019e-01
3.850423083139329905e-01
5.328532913068676491e-01
4.588903270980525528e-01
4.751170013312104867e-01
5.308674622354426775e-01
4.470496315325309111e-01
4.986594633258893405e-01
5.944530064505244571e-01
4.523139443453406683e-01
4.193872284675159712e-01
4.986092499529721223e-01
5.630065241701941448e-01
4.515823109986387141e-01
4.799025870397136129e-01
4.837758676976370298e-01
4.876051981568501059e-01
4.420048877713397828e-01
5.380916984303780737e-01
5.919050206523052138e-01
4.455554531877007340e-01
5.494295615283102396e-01
3.936498037791638094e-01
5.062419171684973129e-01
4.252450037182618492e-01
5.241554467297642184e-01
5.772418985538209091e-01
5.353199278326571386e-01
5.304699618623401891e-01
4.959116693452169655e-01
4.952345677028343052e-01
5.019749187717036376e-01
5.655112472734423745e-01
4.107531218096643899e-01
4.001867145237465451e-01
5.246605917673040631e-01
5.427597175909160132e-01
6.315459352729283493e-01
4.470899989649448347e-01
5.540308224308569951e-01
5.377474489193796447e-01
4.484752958017062530e-01
5.214446997451306354e-01
4.645330944682398711e-01
5.148232503772692814e-01
6.152513674615028849e-01
3.858478184951009138e-01
4.581105760647556369e-01
4.425287888313020335e-01
4.123719705346873265e-01
5.234330939138658323e-01
6.640798149876291356e-01
4.816137874496768112e-01
7.738604467204115434e-01
4.879153403883309537e-01
4.549016164185064603e-01
5.159823750299058487e-01
4.661097279556934980e-01
5.037497620890943884e-01
4.487074052190287987e-01
4.703577768766241674e-01
4.533455671511138485e-01
5.124262764098661549e-01
4.802537399233461901e-01
4.798024769191656103e-01
4.932244878908870200e-01
4.645260581412898881e-01
5.275054385590156603e-01
4.589533313809545101e-01
5.334750602211484338e-01
5.298470268912212067e-01
4.663211664296436632e-01
4.883512968854721858e-01
4.403636434241685049e-01
5.492358326563725468e-01
6.635818509940407672e-01
4.137576633394531855e-01
6.056688328684212141e-01
4.318946923749917843e-01
4.656930041139858978e-01
3.931453343211916973e-01
6.159222908505050942e-01
4.732965767480185604e-01
5.914074929842704220e-01
5.220655649600658421e-01
5.288986588673032507e-01
5.216936204396677157e-01
3.976771138929109939e-01
5.797009371715909909e-01
4.836274369899667414e-01
3.882624291827590501e-01
4.936967843868720895e-01
4.974989637724137603e-01
4.397804772361319503e-01
5.018621406594528933e-01
4.307619093690872591e-01
4.472430611192798056e-01
4.379821880384009436e-01
5.111906019885470442e-01
5.205033994849412871e-01
3.418245306894241997e-01
4.737743656092136546e-01
5.709373387579926851e-01
3.587843858217610871e-01
4.932150970031101700e-01
4.518038713162268460e-01
4.576680976193029937e-01
5.104325324252471097e-01
4.506919429550419465e-01
5.261557441569140181e-01
4.345045107859220046e-01
5.025563709205869145e-01
3.940861551674833541e-01
4.917236552978947461e-01
6.605459575749592638e-01
5.006243165394359540e-01
5.764356942758728231e-01
5.746817880068737505e-01
5.319709912986133604e-01
6.293459301113768500e-01
4.527776898214002088e-01
4.508928111113940651e-01
5.568178080311102507e-01
4.683252842786213566e-01
5.780121870740501100e-01
5.593140802318483651e-01
4.699059223674179053e-01
4.276625704556957785e-01
5.830951900434274693e-01
4.469373358618962677e-01
5.312744445687856976e-01
4.715532930825604430e-01
4.932991881361452613e-01
5.261000866870149117e-01
5.322376940670932033e-01
5.578572513202938454e-01
4.369800853390688467e-01
4.145191624848240108e-01
5.686460745287644780e-01
5.593023548690414515e-01
4.204078561531354175e-01
5.231836758312912172e-01
5.833695199013367860e-01
5.792455987858955435e-01
6.217389547965305185e-01
5.559597595355088018e-01
6.787953639927077898e-01
3.637613862370245310e-01
4.120797825714794249e-01
4.778744102893655588e-01
4.842243427223287267e-01
5.042799502358701336e-01
4.521043528588171156e-01
5.923552253656522160e-01
5.559305670307578273e-01
4.358188581454782162e-01
4.979616704596159793e-01
4.897411245814553005e-01
4.123411719834694789e-01
5.428659209930046803e-01
5.731362876908067117e-01
4.848506445796179620e-01
6.139886880609898290e-01
4.191821563475113810e-01
4.870100165136072023e-01
5.206365236986549849e-01
4.660832928630683769e-01
4.745878128858724287e-01
5.430908362305806314e-01
4.697346691619166958e-01
4.117107146926063943e-01
3.675592416721836786e-01
4.938953832623336759e-01
4.606776047551324194e-01
4.677052440088874108e-01
5.150204557885379453e-01
5.130052960303270737e-01
4.907437055396210446e-01
5.170250287953089829e-01
5.099640982210938978e-01
4.816127306062789049e-01
4.573201920081453875e-01
4.780630773109815768e-01
4.888016513383100503e-01
4.573749896530652226e-01
4.515989489629870235e-01
4.188549176902282567e-01
5.417466475458955211e-01
5.173826273101860274e-01
4.008640864949698512e-01
4.116963648813065646e-01
5.095427768877063279e-01
4.610327890980793208e-01
4.909687190166060478e-01
4.721531930454012094e-01
3.986998350799501045e-01
5.268809940999646946e-01
3.891342729678322065e-01
4.093964039886255346e-01
4.438224979007182602e-01
3.886359810499666056e-01
4.570013297029205668e-01
4.854164905409624753e-01
6.288472451773315930e-01
4.618307314510165518e-01
3.806647752130968287e-01
5.520131763885568477e-01
4.290602777123755374e-01
5.615045625834993448e-01
4.252416611091968668e-01
4.768997453955846066e-01
4.165136205145461012e-01
5.282303835196482389e-01
4.644717500773457020e-01
6.545133924795480951e-01
4.567250115082635009e-01
5.090868820814582474e-01
5.191349209387617902e-01
5.387750789378601413e-01
