1.055112739660067689e+00
1.003266185223610663e+00
1.000411898657603382e+00
1.000894807566601985e+00
1.000439747097562115e+00
1.001381950608431604e+00
1.000617512331787085e+00
1.000969582454308338e+00
1.000929615688378682e+00
1.000379416349510553e+00
1.001525991327979259e+00
1.000295350055173671e+00
1.000222333662062812e+00
1.001594860579159807e+00
1.000420348111822344e+00
1.000233152213565457e+00
1.000322510643555374e+00
1.000629599785671564e+00
1.000322236308508028e+00
1.000363164082302303e+00
1.000398375050671529e+00
1.000365698753440169e+00
1.001368122159943974e+00
1.000596761416947533e+00
1.000592369361362532e+00
1.001125655335044051e+00
1.000747111155051661e+00
1.000192791327480180e+00
1.000809525400733202e+00
1.000590381924575833e+00
1.000360785442689471e+00
1.000314356845540820e+00
1.000862198047249185e+00
1.000290557314317264e+00
1.000654003713373097e+00
1.000850082112239470e+00
1.001329525859399716e+00
1.001252688058391183e+00
1.000701494295263227e+00
1.001435890943943585e+00
1.001345323567515377e+00
1.000418276749186486e+00
1.000805040331161244e+00
1.000766541023812684e+00
1.000330153511155062e+00
1.001267165682978133e+00
1.000524870910447950e+00
1.000567422669937256e+00
1.000472116412064016e+00
1.000495937603895769e+00
1.000745795018814333e+00
1.000468477734924644e+00
1.000539899811621725e+00
1.000566883209828006e+00
1.000316527227333108e+00
1.000259001733249109e+00
1.000340002278213847e+00
1.001125129086439136e+00
1.000819208403803451e+00
1.000532512482295466e+00
1.000737017065799428e+00
1.000258951533127494e+00
1.000404863451094251e+00
1.000429277116642757e+00
1.000605760451602544e+00
1.000495851745728970e+00
1.000897555511444992e+00
1.000582712740672342e+00
1.000603793103177264e+00
1.000443748645977182e+00
1.000401854695331494e+00
1.000158278093896902e+00
1.000374586737538429e+00
1.000545513127313768e+00
1.000960974169017303e+00
1.001059491524873613e+00
1.000249966194876494e+00
1.000827114370003379e+00
1.000552853822496591e+00
1.001013811650794061e+00
1.000727441627986325e+00
1.001039769029892446e+00
1.000594754107094309e+00
1.000648961334610121e+00
1.001094204315960967e+00
1.000429397297569301e+00
1.001253190554964201e+00
1.000386727104643825e+00
1.000148382777496625e+00
1.000291921020298735e+00
1.000904721043150092e+00
1.001244947956450471e+00
1.000702208272719718e+00
1.000627111434605920e+00
1.000659012280558091e+00
1.000724891303567565e+00
1.001221671570531324e+00
1.000528348211574547e+00
1.000472424847118402e+00
1.000525294514045926e+00
1.000377362661778680e+00
1.000598935681263235e+00
1.000584128053497723e+00
1.000676019515790216e+00
1.000443905530522537e+00
1.000235264968596827e+00
1.000530721611487595e+00
1.000784150540802164e+00
1.000531758781669778e+00
1.000399445374626328e+00
1.000728568333476565e+00
1.000480588148241257e+00
1.001081845665670267e+00
1.000406002343555478e+00
1.000787544615153735e+00
1.000408581969682409e+00
1.000501904090897565e+00
1.000445018933614927e+00
1.000385151212681123e+00
1.000558064701553507e+00
1.000660077321797292e+00
1.000352164967590829e+00
1.000724699499752068e+00
1.000870605383435308e+00
1.000410582542401450e+00
1.001665740579181341e+00
1.000234860990873997e+00
1.001605046576117264e+00
1.000834551703596587e+00
1.001283321571840856e+00
1.000473185796838749e+00
1.000399368171034142e+00
1.000316176005330071e+00
1.000908630875282590e+00
1.001610631870284429e+00
1.001140101176581032e+00
1.000481094210291078e+00
1.000703837331225365e+00
1.000377860535282659e+00
1.000194000801319927e+00
1.000712187588506330e+00
1.000620576653832305e+00
1.000469511110484211e+00
1.000503872251751636e+00
1.000119100744983225e+00
1.000178924067625097e+00
1.000731087705524658e+00
1.001323258413816308e+00
1.000346421955641274e+00
1.000244630766914167e+00
1.000372728540535272e+00
1.000593565857491374e+00
1.000646984206700285e+00
1.000927506879381923e+00
1.000259911470761320e+00
1.000494493228374138e+00
1.000745692212461568e+00
1.000495720454522175e+00
1.000895526465715557e+00
1.001248897700976359e+00
1.000391202288654746e+00
1.000286493749470429e+00
1.000353472811252864e+00
1.000240363366036167e+00
1.000540436239539144e+00
1.000650991970295944e+00
1.000661229218604786e+00
1.001046751346237107e+00
1.000662348678588609e+00
1.000264209316557240e+00
1.000425468128108841e+00
1.001332311423192012e+00
1.000835987018418249e+00
1.000296053750837411e+00
1.000934825082163915e+00
1.000470651134550026e+00
1.000286176566532070e+00
1.000196017126570469e+00
1.000463433020977622e+00
1.000249586164972504e+00
1.000581769369405016e+00
1.000752513387191067e+00
1.000499373508144663e+00
1.000781078802193136e+00
1.000530190027871358e+00
1.000203566201572469e+00
1.000962853911991690e+00
1.000749389984226800e+00
1.001886865194643317e+00
1.000332704918356352e+00
1.000973818447403074e+00
1.000803126992921399e+00
1.000560418180935551e+00
1.000315286893795674e+00
1.000258689188358918e+00
1.001135240915309810e+00
1.000572508491139656e+00
1.000262213142627976e+00
1.002684491256627730e+00
1.000281144088519536e+00
1.000885515808349613e+00
1.000476895650918019e+00
1.000617640402124531e+00
1.001180327250557944e+00
1.000427834534979743e+00
1.000365035625180976e+00
1.000397529593637369e+00
1.000873094517361395e+00
1.000498608132012412e+00
1.000302657526772609e+00
1.000699366307203686e+00
1.000537972298026768e+00
1.000685479921121779e+00
1.000303251315863839e+00
1.001693246685744665e+00
1.000603578238937086e+00
1.000310938970017771e+00
1.000777270708381517e+00
1.001671574908870932e+00
1.001111423410747214e+00
1.000658556509223418e+00
1.000500372191710730e+00
1.000312356685990167e+00
1.000410134203796986e+00
1.000957089233702302e+00
1.000325466928097429e+00
1.000535280009215766e+00
1.000652944541570166e+00
1.000806696645747840e+00
1.000466417029705291e+00
1.001504681478691205e+00
1.000304284952280076e+00
1.000288746437687504e+00
1.001378867000591866e+00
1.000930380935604935e+00
1.000366693932599693e+00
1.000643382088485023e+00
1.000496363849533887e+00
1.000425206176486892e+00
1.000421614229153322e+00
1.000880394560230258e+00
1.001558576454596672e+00
1.000339205654692920e+00
1.000427614291834022e+00
1.000791092815271455e+00
1.000798434730070907e+00
1.000600389876399765e+00
1.000251113453106022e+00
1.000502999737768350e+00
1.000380740681875213e+00
1.000783511021383854e+00
1.000857655622360953e+00
1.000645778114146900e+00
1.000575112148762269e+00
1.001092103624184437e+00
1.000541304270792908e+00
1.000536032074679449e+00
1.000657148578203870e+00
1.001143645925502756e+00
1.000453940967514610e+00
1.000424406018776580e+00
1.000326522180145616e+00
1.000280278652438737e+00
1.000327794328967457e+00
1.000245883663538837e+00
1.000628286596716210e+00
1.000698524741236106e+00
1.000691203960520026e+00
1.000484700492259016e+00
1.000575474311199420e+00
1.000537806833059262e+00
1.000420450442517151e+00
1.001263614192920315e+00
1.000617624164151565e+00
1.000567782548187568e+00
1.000417019832724241e+00
1.000937253977071784e+00
1.000197238363778718e+00
1.000443614931631586e+00
1.000144753311096979e+00
1.000718304486546639e+00
1.000946919383312927e+00
1.000792844378797897e+00
1.000657250343726767e+00
1.000214804909549837e+00
1.000327787321623196e+00
1.000275982718583867e+00
1.000275236300877335e+00
1.001229491814080053e+00
1.000378569558061370e+00
1.001104243042671982e+00
1.001817177076113730e+00
1.000491367959666533e+00
1.000765584387277807e+00
1.000764969237811330e+00
1.000579770741047092e+00
1.001001902581575509e+00
1.000368750558827458e+00
1.000942854439074381e+00
1.000847598981430719e+00
1.000355524951619612e+00
1.000713627882920287e+00
1.001466788903191185e+00
1.000316504960179653e+00
1.000575889646291516e+00
1.000729417186646764e+00
1.000230045944850543e+00
1.000726755152676395e+00
1.000395301007979132e+00
1.000806610600936120e+00
1.000475821251273656e+00
1.000945387996124758e+00
1.001404632275537887e+00
1.000587810808578837e+00
1.000543050324229410e+00
1.000735673019319094e+00
1.000781363196063589e+00
1.000291935260888776e+00
1.000552104394267117e+00
1.000965176045762961e+00
1.000457473024767951e+00
1.000945756731979275e+00
1.000649491836489657e+00
1.000757351132746997e+00
1.000536181941925395e+00
1.000260299390930419e+00
1.000215579976586389e+00
1.000775735921302312e+00
1.000294568351834723e+00
1.000464768964840490e+00
1.000601461602778075e+00
1.000571052577601705e+00
1.000715011508000574e+00
1.000393304850289544e+00
1.000386834699006799e+00
1.000512635119224614e+00
1.001273396893593404e+00
1.000829800843940909e+00
1.000651050037515200e+00
1.000849685379214371e+00
1.000487308832629596e+00
1.000514330457308532e+00
1.000414264531152897e+00
1.000519318319642137e+00
1.000784973410592249e+00
1.001043068405872649e+00
1.000572151158168444e+00
1.000640625602947198e+00
1.000520733201517132e+00
1.000510170892055406e+00
1.000954430897240011e+00
1.000612554999262604e+00
1.000650050380941014e+00
1.000910886871300365e+00
1.002461752946472107e+00
1.000810568942368084e+00
1.000719400409042059e+00
1.000877362203676180e+00
1.000343291026797532e+00
1.000756207901547068e+00
1.000624816213487867e+00
1.001215445335557064e+00
1.000533545512383826e+00
1.000396646052382987e+00
1.000979091552053557e+00
1.001376765816321512e+00
1.000420404899895033e+00
1.000661117182566562e+00
1.000427718860842585e+00
1.000770941966475425e+00
1.001191684918016689e+00
1.000429798736941933e+00
1.000433980618800289e+00
1.000374905257589209e+00
1.000921770259160182e+00
1.000789597768679151e+00
1.000479667454502897e+00
1.000753987957115232e+00
1.000682505761663066e+00
1.000198230997448423e+00
1.000755767503845650e+00
1.000645092068498387e+00
1.001005362117229236e+00
1.000427673230885439e+00
1.000659827354559051e+00
1.000614322863850436e+00
1.000186352080075558e+00
1.001527724695557398e+00
1.000454718613246641e+00
1.000493958181849719e+00
1.000265370489348715e+00
1.000426810528152854e+00
1.000720913216944119e+00
1.000953026628435216e+00
1.000909670303707033e+00
1.000485261670185588e+00
1.000826095825988249e+00
1.001226979518513582e+00
1.001076428609097846e+00
1.000524957165476847e+00
1.000483715955546415e+00
1.002358694601376721e+00
1.000778223436490366e+00
1.000769631673791737e+00
1.000636224903849625e+00
1.000692636425092763e+00
1.001063877922204304e+00
1.000186049703927882e+00
1.000639553885677380e+00
1.000553436951851616e+00
1.000322422831267710e+00
1.001583505139328700e+00
1.000491388652709590e+00
1.001100109721540621e+00
1.000470154502915099e+00
1.000366651229607440e+00
1.001095279840783947e+00
1.000461064914848208e+00
1.000836521202468798e+00
1.000635826168109199e+00
1.000300121027344558e+00
1.000313385097855612e+00
1.000385693047452618e+00
1.001620703908302934e+00
1.000836254168343320e+00
1.000818373643546755e+00
1.000429902897804979e+00
1.000441436890503466e+00
1.000789987432929351e+00
1.000329989896093785e+00
1.000339529508442959e+00
1.000232267765322813e+00
1.001291625772307237e+00
1.000569755206857314e+00
1.000366378855297000e+00
1.001346489114137261e+00
1.000862037402055149e+00
1.000246423667516371e+00
1.000909462563615904e+00
1.000556994958118118e+00
1.000601319697588254e+00
1.000312042919309974e+00
1.000774852537825499e+00
1.000293254367323748e+00
1.001520589063750855e+00
1.000343090037139504e+00
1.000416618630946441e+00
1.001083636893481010e+00
1.000644454317554777e+00
1.000114549688732923e+00
1.000582870670545299e+00
1.000417537673361279e+00
1.000174561909296544e+00
1.001611436212787920e+00
1.000860660124285761e+00
1.000611209375928068e+00
1.000463011628194732e+00
1.001566970372491649e+00
1.000606457080607248e+00
1.000219722721324977e+00
1.001238544761092975e+00
1.001624094107846030e+00
1.000370961225536037e+00
1.000569532174261145e+00
1.001079133830380385e+00
1.002331235670424592e+00
1.000365013486484544e+00
1.001425268716659378e+00
1.000432384347599513e+00
1.000542280403999618e+00
1.000467960878968832e+00
1.000602852611212068e+00
1.000721968428063491e+00
1.000658530466342677e+00
1.000222964690087313e+00
1.001494027893118810e+00
1.000429203236220754e+00
1.001894383536003685e+00
1.000848658791388068e+00
1.000257259811409671e+00
1.000698651970019615e+00
1.000538665042303821e+00
1.001038242487221286e+00
1.000295698844177794e+00
1.000694041781642563e+00
1.000660382370960555e+00
1.000751939223098574e+00
1.000244504569190784e+00
1.000559382243154438e+00
1.000467567052943485e+00
1.000684244205747753e+00
1.000920490708935962e+00
1.001080221686708738e+00
1.000651429668288461e+00
1.000957172293557740e+00
1.001221488820915884e+00
1.000672876373410958e+00
1.000761146177486571e+00
1.000599409649510330e+00
1.000708770868802278e+00
1.000943275007005528e+00
1.000743114409694767e+00
1.000471566896129927e+00
1.000249982035254837e+00
1.000509646434303290e+00
1.000483685090261865e+00
1.001119987832420843e+00
1.000559150373628192e+00
1.000685989903707718e+00
1.000571424117284058e+00
1.001560144605836866e+00
1.000444435229272955e+00
1.001581164475905172e+00
1.000367351843487684e+00
1.000776841245736959e+00
1.000718507508394195e+00
1.000500014532397675e+00
1.000305087095811007e+00
1.000381172557705867e+00
1.000615320110469497e+00
1.001137131490646759e+00
1.000236228933189642e+00
1.000367313568035987e+00
1.000587201426941464e+00
1.001080517974278328e+00
1.000521439424539194e+00
1.000512502729056008e+00
1.000258871557332840e+00
1.000462760247321059e+00
1.001071522587798635e+00
1.000434849118146063e+00
1.000306950312368715e+00
1.000431359288860955e+00
1.000570682775229869e+00
1.000476153688122594e+00
1.000478613811155215e+00
1.000309009419873441e+00
1.000204561097558287e+00
1.001029083435333700e+00
1.000330612233591987e+00
1.000923302534286519e+00
1.001692014158916288e+00
1.000821943281706483e+00
1.000698002781442053e+00
1.000416423150389145e+00
1.000456777535002173e+00
1.000394573259872910e+00
1.001093512755903969e+00
1.000203027679777090e+00
1.000704646034890510e+00
1.000730966857863447e+00
1.000652777365643509e+00
1.001111254016258778e+00
1.000841803809875419e+00
1.000349236162478173e+00
1.000463092947651234e+00
1.000463485577038236e+00
1.000421511093585236e+00
1.000396816424333313e+00
1.000415065432569639e+00
1.000460298542197535e+00
1.000351127005028706e+00
1.000678384474245730e+00
1.000652822979489320e+00
1.000646186243508762e+00
1.000305209362438275e+00
1.000943515076629708e+00
1.000279947247750822e+00
1.000354340613467841e+00
1.000317600074858371e+00
1.000469668289614589e+00
1.000376965778660310e+00
1.000803820086922702e+00
1.000868245362955600e+00
1.000719589018571609e+00
1.001081182088674248e+00
1.000941619827245166e+00
1.000470486631841016e+00
1.000435471987052072e+00
1.000704447661674212e+00
1.001259012695996153e+00
1.001125139362577965e+00
1.000643988889136082e+00
1.000630950431415034e+00
1.001002206507778380e+00
1.000852381323112938e+00
1.000401621383874229e+00
1.001087374569358035e+00
1.000427026243055018e+00
1.000526622924493347e+00
1.000371573666602565e+00
1.000473921165788482e+00
1.000733888290839646e+00
1.000514626933653783e+00
1.000358223429978599e+00
1.000249316384250298e+00
1.000289055830223761e+00
1.000693580543236649e+00
1.000542724533099337e+00
1.000807882562952500e+00
1.000524491880306455e+00
1.000653399573185665e+00
1.001427136216782587e+00
1.000426220625592055e+00
1.000404311722429274e+00
1.000545777813547366e+00
1.000970762864345387e+00
1.000580616010389168e+00
1.000631226845089650e+00
1.000608783747075625e+00
1.000538625144672622e+00
1.000689247577484675e+00
1.000369645203831315e+00
1.000486129870977736e+00
1.001087417824159109e+00
1.000652770412174597e+00
1.000635184530566768e+00
1.000444232803660016e+00
1.000326695374322838e+00
1.003684249108207194e+00
1.001393094834257091e+00
1.000483513796247115e+00
1.001276337471193489e+00
1.000931060397974193e+00
1.000408669072790468e+00
1.000473104226324406e+00
1.000686199292416534e+00
1.000461767925846290e+00
1.000566036354295196e+00
1.000414049572382336e+00
1.000367535746212955e+00
1.000585719518065186e+00
1.000399302200025264e+00
1.000253938939048348e+00
1.000460667773966472e+00
1.000583685320967531e+00
1.000528012109870968e+00
1.000310759165260910e+00
1.000796175685214173e+00
1.000642541496776117e+00
1.000946730111080596e+00
1.000718173776750097e+00
1.000762539709938448e+00
1.000464912081739710e+00
1.000983623868026084e+00
1.000301260238500412e+00
1.000760565345694575e+00
1.001058465191786651e+00
1.000998156043497067e+00
1.000210238183950162e+00
1.000777779081595709e+00
1.000158572359713505e+00
1.000429745665540437e+00
1.000523675094676435e+00
1.000670196392611011e+00
1.000685722765115582e+00
1.000603124321622905e+00
1.000474306738093899e+00
1.000303330834102722e+00
1.000602937283737059e+00
1.000264034179399131e+00
1.001179649826966500e+00
1.000783568444198135e+00
1.000871340199147363e+00
1.001379740878006297e+00
1.000245207520107815e+00
1.000589549928839750e+00
1.000671414232524592e+00
1.000318511473357708e+00
1.000410744633042137e+00
1.000442220964499862e+00
1.001029418604563404e+00
1.000498268259831791e+00
1.000588631824298691e+00
1.000271425664441161e+00
1.001095547042813561e+00
1.000491153544358580e+00
1.000408072923535174e+00
1.000650722893928091e+00
1.000927978731694035e+00
1.000910977440385707e+00
1.000985158737144776e+00
1.000352276299001364e+00
1.001202228986770137e+00
1.000391124563712486e+00
1.000850522396179221e+00
1.000710095694102186e+00
1.000519677085716985e+00
1.000633768698280690e+00
1.000828404367523516e+00
1.000342557553535627e+00
1.000804980541872391e+00
1.000641447204103640e+00
1.001558255229007877e+00
1.000670019758854057e+00
1.000419056406361085e+00
1.000740410237670908e+00
1.000368136911114370e+00
1.000521735048558236e+00
1.000389809536473829e+00
1.000431624540186526e+00
1.000865997040148558e+00
1.000330262149013771e+00
1.000467736718176903e+00
1.000339879682154542e+00
1.000923243315664291e+00
1.001016381336340411e+00
1.000349193082888055e+00
1.000243502853274125e+00
1.001193026340607029e+00
1.000610735956169117e+00
1.001552145180213849e+00
1.000699885085131857e+00
1.000347382781992422e+00
1.000905708887951384e+00
1.000713067492775776e+00
1.000364304615054101e+00
1.000608126329939784e+00
1.000515681318629557e+00
1.000677027266960062e+00
1.000408494643464596e+00
1.000463717417884313e+00
1.000561784336003956e+00
1.000412349570887649e+00
1.000507617372446978e+00
1.000271038306429050e+00
1.000973447369717162e+00
1.000391672542834787e+00
1.000679648342188255e+00
1.000682196356895481e+00
1.001128656109502080e+00
1.001356744656863640e+00
1.000418422014467845e+00
1.000389832139934265e+00
1.000105909717420749e+00
1.001676503445642075e+00
1.000551250826097416e+00
1.000377876824939838e+00
1.000887287707159734e+00
1.000697394225584125e+00
1.000279171314371496e+00
1.000234555635238110e+00
1.000852465822819726e+00
1.000864444716448087e+00
1.000400725659303269e+00
1.001390130014894408e+00
1.000521011229776658e+00
1.001448303265511708e+00
1.000682823740545402e+00
1.000598739481314947e+00
1.000293297915071156e+00
1.000288651136989948e+00
1.000324295789023044e+00
1.001275419612100093e+00
1.000466550511547759e+00
1.000498232334644300e+00
1.000857781885037046e+00
1.000484547652297218e+00
1.000932906467330685e+00
1.000883150160061019e+00
1.000319069586291798e+00
1.001979936777954938e+00
1.000686362343950364e+00
1.000463594940020684e+00
1.000197780765720079e+00
1.000399260204546170e+00
1.000360938266364519e+00
1.000484030669738678e+00
1.000851090030115964e+00
1.000448878035011813e+00
1.000291331536466988e+00
1.001254062676790513e+00
1.000610188064150252e+00
1.000506424901337788e+00
1.000263324364825568e+00
1.000763197680299976e+00
1.000383092387637340e+00
1.001366075418784529e+00
1.000685473632963562e+00
1.001072827362136763e+00
1.000775015398148060e+00
1.000638606590169344e+00
1.001612245352603292e+00
1.000577305031560282e+00
1.000488433581631975e+00
1.000913745781458530e+00
1.001563111057843791e+00
1.001170449562427178e+00
1.001323376252770680e+00
1.000770398316386478e+00
1.000536149408334019e+00
1.000318681005908150e+00
1.000651996692909051e+00
1.000635753419523155e+00
1.000469230039652269e+00
1.000558619009608519e+00
1.000556146801002244e+00
1.000535510093116365e+00
1.000770803493682193e+00
1.000656559878554619e+00
1.000790558290852950e+00
1.000544409584297467e+00
1.000836272252031200e+00
1.001071182096205048e+00
1.000510918989889753e+00
1.000967950361326686e+00
1.000745538155647152e+00
1.000655203513668212e+00
1.000668155225482359e+00
1.000780661762534773e+00
1.000213799208740761e+00
1.000608446445947708e+00
1.000510751706386037e+00
1.000193454065381404e+00
1.000848310260045171e+00
1.001127821228245285e+00
1.000756964989419240e+00
1.000576250493466990e+00
1.000707655799517815e+00
1.000351257234419755e+00
1.000324658462272920e+00
1.000351332470119869e+00
1.000967811409832597e+00
1.000368859000810184e+00
1.000432028389630634e+00
1.000730820554453615e+00
1.001397843903203411e+00
1.000697938139093024e+00
1.001147060266458944e+00
1.000408791932574593e+00
1.000987898539915655e+00
1.000422009041787463e+00
1.000570881516751331e+00
1.000366885124409411e+00
1.000808710804191204e+00
1.001096640954483030e+00
1.000525309148899478e+00
1.001080670334884015e+00
1.000343790469679695e+00
1.000724550979255056e+00
1.001573567307220580e+00
1.000138797436396443e+00
1.000223321077755578e+00
1.000164980854873820e+00
1.000572769519264771e+00
1.000482126416260886e+00
1.000548320336148267e+00
1.000945546729598234e+00
1.000752593127405499e+00
1.000261316016309854e+00
1.000410591184996534e+00
1.000572321281925081e+00
1.000580608495550194e+00
1.000557876019347425e+00
1.000519965461685423e+00
1.000898705403594269e+00
1.000645971406904033e+00
1.001387556836958348e+00
1.000310773073685544e+00
1.000779836212030594e+00
1.001439330997070165e+00
1.000315409461511207e+00
1.000560329949028660e+00
1.000619519865109996e+00
1.000373397469305425e+00
1.000302236214259510e+00
1.000269811914990647e+00
1.000336672944734495e+00
1.000287050491076579e+00
1.000871583485575034e+00
1.000479811040868361e+00
1.000470598449911375e+00
1.000143485939340771e+00
1.001000441228681481e+00
1.001071283072010321e+00
1.000717927109540328e+00
1.000219117243944744e+00
1.000276196985420363e+00
1.000601423200222717e+00
1.000527306825753859e+00
1.000852503868250309e+00
1.000789551671464217e+00
1.000313593782388821e+00
1.000698894206473843e+00
1.001005056406466309e+00
1.000732760618259221e+00
1.000740626141825240e+00
1.000735577963122847e+00
1.000318131266942689e+00
1.000241777680659583e+00
1.000633909724994108e+00
1.000726314876229539e+00
1.001121025769788897e+00
1.000872649140187809e+00
1.000825117362897920e+00
1.000534997735021303e+00
1.001121061811405921e+00
1.000505384351398686e+00
1.000162302515347879e+00
1.000284374144237542e+00
1.000714033069853182e+00
1.000976262322040844e+00
1.000495160570307629e+00
1.000597740231082389e+00
1.000804953084444060e+00
1.000377976312216255e+00
1.000548353147253655e+00
1.000426087679213483e+00
1.000434998723917390e+00
1.000287868861979623e+00
1.000828043560357816e+00
1.001055593361689144e+00
1.000605007806087077e+00
1.000847703709254910e+00
1.000520959448103264e+00
1.000938621419535934e+00
1.000466439860699053e+00
1.000904235725376124e+00
1.000424556973577017e+00
1.000303315616862809e+00
1.000664336271287924e+00
1.000725680555579533e+00
1.000817238493361128e+00
1.000961146302371763e+00
1.000550429921585938e+00
1.000882460074952407e+00
1.000655998147631731e+00
1.000323092812462233e+00
1.000649283688493707e+00
1.000463129386720551e+00
1.000300844686520030e+00
1.000877850766583643e+00
1.000470358698676510e+00
1.001039273593279377e+00
1.000325478791882938e+00
1.000288492441512078e+00
1.000518209723382013e+00
1.000926177476588963e+00
1.000513494600077768e+00
1.000359199356956941e+00
1.000588411174064607e+00
1.001650762881848067e+00
1.000834855897353215e+00
1.000568549706729593e+00
1.001161382656221566e+00
1.000942258684080599e+00
1.001438212332779853e+00
1.000795168168472804e+00
1.000880550267302604e+00
1.000669685410995546e+00
1.000502098590740463e+00
1.000910814104587043e+00
1.000879244981317751e+00
1.000843798156626940e+00
1.000602433481104558e+00
1.001002855953674331e+00
1.000567410859510176e+00
1.000361094017628849e+00
1.000293971214390343e+00
1.000503490280927776e+00
1.000528639491324423e+00
1.000417469930749759e+00
1.000635010391332624e+00
1.000622566828560656e+00
1.000837177641848985e+00
1.000252825488364028e+00
1.000533189476575435e+00
1.000565385010892872e+00
1.000463356019835492e+00
1.000581656083946225e+00
1.000585000451299500e+00
1.000282060334007683e+00
1.001207001191452672e+00
1.000353055087591425e+00
1.000787326809154720e+00
1.000617170322038785e+00
1.000413673390096569e+00
1.000559538955813732e+00
1.000557289891613522e+00
1.000776638280611808e+00
1.000512095995272466e+00
1.000800934056591096e+00
1.000214615724326794e+00
1.000157329012679952e+00
1.000962473686603182e+00
1.000278904247478673e+00
1.000702126285426763e+00
1.000720480052823991e+00
1.000617641866322849e+00
1.000987682077007168e+00
1.000319175769155855e+00
1.000422900333700182e+00
1.000542088425152576e+00
1.000911633709722359e+00
1.000823858125045929e+00
1.000168940705088438e+00
1.000879795190304344e+00
1.000710453641392883e+00
1.000372783659037257e+00
1.000482443132564292e+00
