7.247060551877522084e+04
6.933968053975580551e+04
7.162085565468689310e+04
7.274447494483295304e+04
7.047276290988651454e+04
7.187582532979179814e+04
7.081081714641423605e+04
7.008773326360514329e+04
7.069963219466696319e+04
7.341930389232219022e+04
7.100568198513831885e+04
7.351574948284526181e+04
6.883617385838873452e+04
7.110372104965540348e+04
6.962683384208141069e+04
7.304002375747667975e+04
7.014904880830299226e+04
7.097800788873941929e+04
7.038985519850594574e+04
7.113733674201476970e+04
7.237126324229154852e+04
7.319856631184085563e+04
6.982592399511176336e+04
7.352928119604683889e+04
7.121238078382282401e+04
7.014723251767660258e+04
6.999595730917186302e+04
7.054625553984181897e+04
6.954026227488016593e+04
7.335370571514811309e+04
6.938975006775777729e+04
7.065144426314426528e+04
6.656432781745653483e+04
7.248438530957514013e+04
7.174057111602541409e+04
7.193360139515204355e+04
6.808106458201722126e+04
7.256740412346924131e+04
7.143899837306626432e+04
7.305461776553251548e+04
6.650923763754293032e+04
6.896299841735903465e+04
7.075557579234731384e+04
6.925325146599106665e+04
6.816449107330759580e+04
6.952846071529567416e+04
7.184808829524031898e+04
7.312260080759382981e+04
7.296844336083356757e+04
6.883694501643544936e+04
7.145388839664304396e+04
6.808491588943077659e+04
7.061707476017456793e+04
7.304588049518187472e+04
6.920191352056492178e+04
6.896415485974441981e+04
6.972975911909833667e+04
7.020573536883082124e+04
7.216754100321116857e+04
7.285270401050156215e+04
7.343422359355814115e+04
7.344944066706176091e+04
7.151568400497740367e+04
6.946003643869042571e+04
7.175401335616306460e+04
6.835512431603505684e+04
7.086293211466705543e+04
7.125973223465465708e+04
6.706166290724482678e+04
7.034188800655155501e+04
7.201360304358522990e+04
6.975093651842029067e+04
7.232790476497022610e+04
7.172520336252042034e+04
7.365723530369687069e+04
6.889013172494807804e+04
7.016249441051794565e+04
6.964938457882398507e+04
6.832727056588156847e+04
7.616135139390004042e+04
6.842480954915558686e+04
7.334034397758721025e+04
7.272154712207919511e+04
7.402522585348130087e+04
7.049162036319937033e+04
7.328339726731504197e+04
7.388897478903595766e+04
7.276536123489911552e+04
7.567544572208791215e+04
7.051091793689659971e+04
6.725531536393993883e+04
6.921402552797699173e+04
7.320792016537554446e+04
7.047421050110227952e+04
6.807540217194637808e+04
7.188182141351803148e+04
7.238360854776499036e+04
6.884255202618851035e+04
7.319261281081823108e+04
7.224361867198182154e+04
6.967880205078933795e+04
7.047467903439578367e+04
7.419930466846958734e+04
6.944751686296853586e+04
7.177158290904409660e+04
7.277042060880934878e+04
6.831252296987503360e+04
6.793818121651693946e+04
6.792645917903762893e+04
7.363633083108009305e+04
7.047640875133321970e+04
7.391468694754074386e+04
6.935752184220262279e+04
7.387827216663505533e+04
6.993126890155089495e+04
7.110848104807085474e+04
6.883481638912706694e+04
6.991115187187588890e+04
7.118077909937084769e+04
7.007506753183127148e+04
7.284955317119589017e+04
7.220201919018110493e+04
6.992338031136315840e+04
6.841701606184727279e+04
7.109773489738807257e+04
6.943861888622397964e+04
6.994784115394823311e+04
7.055446105444735440e+04
7.090836402061114495e+04
7.279863263812269724e+04
7.305917663730373897e+04
7.347131469108811871e+04
7.555479801263737318e+04
7.075508750755926303e+04
7.360267068294172350e+04
7.054772725880049984e+04
7.339746372336943750e+04
7.371835516078528599e+04
7.298339101748880057e+04
7.305349592764377303e+04
6.995349624917980691e+04
7.256124686639365973e+04
7.436427317781145393e+04
6.866127918182757276e+04
6.695657821459771367e+04
6.835110615045919258e+04
7.195577798543382960e+04
6.939062281728048401e+04
7.331452393726372975e+04
7.305519068832900666e+04
6.988293935050637810e+04
7.238206705818430055e+04
7.524966118863497104e+04
7.142222381397483696e+04
7.294494255171105033e+04
7.084144251743350469e+04
7.268979888807442330e+04
7.178110690117036575e+04
7.032259762773782131e+04
7.200521285511447059e+04
7.186803660058362584e+04
7.008170532780502981e+04
6.970447524734493345e+04
7.146935182931064628e+04
6.925228722027783806e+04
6.887870069448104186e+04
6.913709508685610490e+04
7.000224888257108978e+04
6.834238314825537964e+04
6.935473337866329530e+04
7.199503511557217280e+04
7.417981597083121596e+04
7.295411741273223015e+04
6.928980189280444756e+04
7.443781075364386197e+04
7.017799016226982349e+04
7.032241724338191852e+04
7.142553279185213614e+04
7.262030033955416002e+04
7.221284570090071065e+04
7.295809038081417384e+04
7.368454605445242487e+04
6.979634254404979583e+04
6.985120728647250507e+04
6.983469518353402964e+04
7.184087987534442800e+04
6.976697352817915089e+04
7.038054089158997522e+04
7.007712677523135790e+04
6.747375785477210593e+04
6.818961438794982678e+04
7.273576079862912593e+04
7.345128450809550122e+04
7.154036748688663647e+04
7.093726748138749099e+04
7.240819980962795671e+04
7.179128892179951072e+04
6.988332952483020199e+04
7.250242769391983165e+04
7.009416307000011147e+04
6.953408294811272935e+04
7.039557763983003679e+04
7.199075306476594415e+04
7.453166787007359380e+04
6.826234726577450056e+04
6.706108497477805940e+04
7.164951852830691496e+04
7.301233455139065336e+04
6.798911085155719775e+04
7.049202691804739879e+04
7.041612114944511268e+04
7.053067988082267402e+04
7.557051749704440590e+04
7.207627375003666384e+04
7.325086953764483042e+04
6.856348485873910249e+04
6.880411615125088429e+04
6.652928134086979844e+04
6.974935910964141658e+04
6.980329396679006459e+04
7.160956727258850879e+04
7.461498205741458514e+04
6.879752591583385947e+04
7.481412037290023000e+04
6.882686912460379244e+04
7.216642462854449695e+04
7.654446851676775259e+04
6.930874386809789576e+04
7.096512921802260098e+04
7.102984254720310855e+04
7.427012999476287223e+04
7.535272907905926695e+04
7.461093737642552878e+04
7.056569789601574303e+04
7.127570145962647803e+04
7.321787859450234100e+04
7.225050360431479930e+04
6.986756942180042097e+04
6.972614984934362292e+04
7.433756071776726458e+04
6.931100785426910443e+04
6.977236746111216780e+04
6.948791049660874705e+04
7.159909392378828488e+04
7.151806282354673021e+04
7.424726867154412321e+04
6.977917258751456393e+04
7.316867990957247093e+04
7.209389260616463434e+04
7.075409067976185179e+04
7.332584018179979466e+04
7.212942919040386914e+04
6.760137300279979536e+04
7.011679241809931409e+04
7.177333563798901741e+04
6.880768318925003405e+04
7.203256288230797509e+04
7.408428850667866936e+04
7.360550290214001143e+04
7.549176168462865462e+04
7.078774733096976706e+04
7.157424261289287824e+04
7.215236369486969488e+04
7.272579013394178764e+04
7.323538216407230357e+04
6.931437886073783739e+04
6.721649377572559752e+04
7.092182544567255536e+04
7.344607562836450234e+04
7.110122715915674053e+04
7.428441002701042453e+04
7.244466568902654399e+04
6.996207199996258714e+04
6.812204585116436647e+04
7.051860272651990817e+04
6.971483482045416895e+04
7.237139062246159301e+04
6.904575658875149384e+04
7.276256446589530970e+04
7.525428232326275611e+04
6.710462067965351162e+04
7.034361788312402496e+04
7.220028447257392691e+04
7.027465589302009903e+04
7.406818272683353280e+04
7.000586797904428386e+04
6.978368394668560359e+04
7.137428506570197351e+04
7.202741570776415756e+04
7.135364964943879750e+04
6.880290947777037218e+04
7.095788512904473464e+04
7.001281412830743648e+04
7.244251335754149477e+04
6.822317243049207900e+04
6.805287887535938353e+04
7.018963476834440371e+04
6.836540942232449015e+04
7.087205489271537226e+04
7.208179007546459616e+04
7.251790912599508010e+04
7.153163248222171387e+04
7.064589514456583129e+04
7.236817154894776468e+04
7.017576522380075767e+04
7.334639510092894488e+04
7.346414021553941711e+04
6.824837373452834436e+04
6.917486175488625304e+04
6.987459404710937815e+04
7.168211112960017635e+04
7.012564474507173873e+04
6.841108451163563586e+04
7.175105593078261882e+04
7.172777243810587970e+04
7.273255885953702091e+04
7.684680640791350743e+04
7.079886090763268294e+04
7.270144676511416037e+04
7.475653902039336390e+04
6.950107868192839669e+04
7.110029467555093288e+04
7.036914121021605388e+04
7.198333358509640675e+04
7.359187795075820759e+04
7.504075589111489535e+04
6.976798670455222600e+04
6.938239944032049971e+04
7.010536052545446728e+04
7.130988484052816057e+04
6.971478363139723660e+04
7.125039246699537034e+04
7.125046385836046829e+04
7.018477424351194350e+04
7.213203687887045089e+04
7.172268064051131660e+04
6.819606589456820802e+04
7.345788287006739120e+04
6.947176488012530899e+04
7.143538371459343762e+04
6.552303668453099817e+04
7.047026237527687044e+04
7.307882534343758016e+04
6.941077598623142694e+04
7.153460334698896622e+04
6.978074786831009260e+04
6.815079868904153409e+04
7.076842051744851051e+04
7.386652430654267664e+04
7.123425305856764317e+04
6.949095941796773695e+04
7.043036614014169027e+04
7.182600433438878099e+04
7.021516379823314492e+04
6.930128899480654218e+04
7.397684911415130773e+04
7.055904719670553459e+04
7.349827175200877537e+04
6.924859029391857621e+04
7.296588872786138381e+04
7.007542003820803075e+04
7.118405663133136113e+04
7.188163033588793769e+04
7.143860440599650610e+04
7.146755478139582556e+04
7.476470256303444330e+04
7.020591165829483361e+04
7.093122898913096287e+04
7.125970519164264260e+04
6.939070004324955516e+04
7.223523670620674966e+04
7.212044672736736538e+04
7.171384736798565427e+04
7.234116520831306116e+04
7.187077649262420891e+04
7.349836526161250367e+04
7.255649300079488603e+04
7.353071761579521990e+04
6.835722293761416222e+04
6.868711691316374345e+04
7.449663745155055949e+04
7.389939050372743804e+04
6.948216548808303196e+04
7.161628265221379115e+04
7.160108092510857387e+04
7.259086814677745861e+04
6.710857401622852194e+04
7.232586482541853911e+04
6.905063078176190902e+04
6.980979390763003903e+04
7.046576753307667968e+04
7.443436561470400193e+04
6.687660840362649469e+04
7.069418090346030658e+04
6.955959453195323294e+04
7.203633257065094949e+04
7.037978232775942888e+04
7.411583887625244097e+04
7.555367758450270048e+04
6.891169884780830762e+04
7.040485851028695470e+04
6.942708738602606172e+04
7.113221065285537043e+04
7.077166541675022745e+04
7.710130643856179086e+04
7.124764146884673391e+04
7.323892785584869853e+04
7.332396230572109926e+04
7.067454026422399329e+04
7.039873155815400241e+04
7.250278963184944587e+04
7.180961079576189513e+04
7.215745909627941728e+04
7.043055843916762387e+04
7.423014998402181664e+04
7.116175282250469900e+04
7.076177174637556891e+04
7.082029794283922820e+04
7.195133688496869581e+04
6.810208843845946831e+04
6.968963432701940474e+04
6.923234604745973775e+04
7.073899769896175712e+04
7.361359108649425616e+04
7.140389566985677811e+04
7.078554714187832724e+04
6.955125899963932170e+04
7.375693012959638145e+04
7.276709296749437635e+04
7.182950038430582208e+04
7.376543220852786908e+04
6.885481223589887668e+04
6.728293847235546855e+04
7.244878042738871591e+04
7.078420546486723470e+04
7.050217966161486402e+04
6.869456286513428495e+04
7.186116760215423710e+04
7.354513312276627403e+04
6.989425490757371881e+04
7.267667207078076899e+04
7.192097106180920673e+04
6.966482795911733410e+04
6.900942623550171265e+04
7.309808722105715424e+04
7.000684647367426078e+04
7.081538636331072485e+04
7.269478777490819630e+04
7.284612231083956431e+04
7.430357211923603609e+04
7.090895331477225409e+04
6.969516223982600786e+04
6.993456099774964969e+04
7.052436217986716656e+04
7.282494860439370677e+04
7.379152628430631012e+04
7.439402566844508692e+04
6.889104518306754471e+04
7.072105091832383187e+04
7.059467700736086408e+04
7.243332450895257352e+04
6.993218103115879057e+04
7.003849449290570919e+04
7.135610709726487403e+04
7.139507186177864787e+04
7.076176329472662474e+04
6.986022969450178789e+04
7.234558186369985924e+04
7.007650477011753537e+04
7.024275277643850131e+04
7.052113790894513659e+04
6.934784532052020950e+04
7.394319528691971209e+04
6.825912441907884204e+04
7.092864127084710344e+04
7.141770408197189681e+04
7.225512764058398898e+04
6.842041002100956393e+04
7.134568748344520282e+04
7.380799803927398170e+04
7.024468364969137474e+04
7.141412157906155335e+04
7.116002775829502207e+04
7.183450298432417912e+04
7.106839800592372194e+04
7.253826323290244909e+04
7.089348524121704395e+04
7.071505346342328994e+04
7.382777306033662171e+04
6.949495776047486288e+04
7.355669350412604399e+04
6.837539370173777570e+04
7.314340301362847094e+04
7.241722968976577977e+04
7.020972016684491246e+04
7.198251937960310897e+04
7.005121704772036173e+04
7.053940609363417025e+04
6.855827025135945587e+04
7.065263663283342612e+04
6.852295782630813483e+04
6.944574227097642142e+04
6.880684306320339965e+04
7.144357382427676930e+04
6.897577963941212511e+04
7.014566280533072131e+04
7.272326894509166596e+04
7.081847219429675897e+04
7.217587105589870771e+04
7.031797764677531086e+04
6.858886388902121689e+04
7.219692039972203202e+04
6.975154375791588973e+04
7.087634533075026411e+04
7.325599616332825099e+04
6.934242625955579570e+04
7.356604384692342137e+04
7.198516235304035945e+04
7.158110389412721270e+04
7.126936384815539350e+04
7.461691823602456134e+04
7.094035997823531216e+04
6.883886107628417085e+04
7.102647925168096845e+04
6.952646379309218901e+04
7.145869269501845702e+04
6.943216484921259689e+04
7.016298637394438265e+04
6.875648287230014103e+04
6.850880982922649127e+04
7.439098718651989475e+04
7.338713116099064064e+04
7.407067359359384864e+04
7.468179917595334700e+04
7.302161001891849446e+04
7.226218206075942726e+04
7.082424615403175994e+04
7.004905404692157754e+04
7.434932238439684443e+04
7.366813988168744254e+04
6.874547105021744210e+04
6.939649337437629583e+04
6.956524930166106788e+04
7.041511821283787140e+04
7.035444449028828240e+04
7.321889596775565587e+04
6.989907331492073718e+04
7.560634190169519570e+04
7.488739038855840045e+04
7.143818689070655091e+04
6.874044736130080128e+04
7.200284206249266572e+04
7.040259821430867305e+04
7.162219221182657930e+04
6.878240255859377794e+04
7.127966394141576893e+04
7.056341777947815717e+04
6.958889456821787462e+04
7.287929145185688685e+04
7.127234835708299943e+04
7.028616527223832964e+04
6.897563232553082344e+04
7.045083119901102327e+04
7.001162388629055931e+04
7.286629145209550916e+04
6.835785758776865259e+04
6.994490305427576823e+04
6.757717303641975741e+04
7.284094087065408530e+04
6.937408693609133479e+04
7.067651066251865996e+04
7.169590453515443369e+04
7.406408137679129140e+04
6.904257476974025485e+04
7.299867732151733071e+04
7.262046647994678642e+04
7.159960147091708495e+04
6.964710366380665801e+04
7.135094998413430585e+04
7.127527794041491870e+04
7.098126168436979060e+04
7.175945710239381879e+04
7.269924939485923096e+04
7.360166277005763550e+04
7.017364500210962433e+04
7.084723777699492348e+04
7.355764085499470821e+04
6.790496879854335566e+04
6.896187572605509195e+04
7.278133786965983745e+04
7.351581579788554518e+04
6.885493164939423150e+04
6.822117768485171837e+04
7.158475228452889132e+04
6.857691846707010700e+04
6.805818479499973182e+04
7.065802395214755961e+04
7.117922881560870155e+04
7.192359553253668128e+04
7.326381466347299283e+04
7.001070333490433404e+04
7.423594385108121787e+04
7.088665306577872252e+04
7.223974191467149649e+04
7.286549646135221701e+04
7.433907626199294464e+04
7.139162938708944421e+04
7.554619085968015133e+04
7.207143507852256880e+04
7.324393013775178406e+04
7.170797552478266880e+04
7.103873394556644780e+04
7.309909228021910531e+04
7.126430620203894796e+04
7.246140379079068953e+04
7.214918827429042722e+04
7.164627264608518453e+04
7.019138968632528849e+04
7.400316887225890241e+04
7.196965253890902386e+04
7.091538306080980692e+04
6.938255124749128299e+04
7.116425272171128017e+04
7.093471563311155478e+04
7.164781982658703055e+04
7.390871242606044689e+04
7.184136598399876675e+04
7.450619660591124557e+04
7.234769441633671522e+04
7.441418381866054551e+04
6.985158312322769780e+04
6.931505302468515583e+04
6.904262950399133842e+04
6.842250347965226683e+04
7.139546047569019720e+04
6.986443717013293644e+04
6.865834843916662794e+04
6.893590399258711841e+04
6.966271467862886493e+04
6.989515487989949179e+04
7.043971536859525077e+04
7.051567449149300228e+04
7.112594388877289020e+04
6.738189900184667204e+04
7.398261884410298080e+04
6.864656748858718493e+04
7.206233396414903109e+04
6.997991589999856660e+04
7.236176339495085995e+04
6.655424032529912074e+04
7.185607382114898064e+04
6.842625501117295062e+04
7.026463253189707757e+04
6.833153142217663117e+04
7.131717060792194388e+04
6.972535296619466681e+04
7.261973172362156038e+04
6.878437522743400768e+04
7.147460439700658026e+04
7.238179913758569455e+04
7.171657112257648259e+04
7.481670382783820969e+04
6.865365901113020664e+04
7.426615538941801060e+04
7.270061136166295910e+04
7.223596110003559443e+04
7.377396655971143628e+04
6.959394285576509719e+04
7.033211699591438810e+04
7.161209558135602856e+04
7.351191473527946800e+04
7.007063454342770274e+04
6.983584240671957377e+04
7.255324900601251284e+04
7.041691456220406690e+04
6.993842645648423058e+04
6.859692763084739272e+04
7.383360797989935963e+04
7.138426371951418696e+04
7.172604197910310177e+04
7.158545487228129059e+04
6.999330541325644299e+04
7.065361662774060096e+04
6.920519312218752748e+04
7.222815957579687529e+04
7.243183935468559503e+04
7.049082059366519388e+04
7.307064645744598238e+04
6.842939287120987137e+04
7.114369780437106965e+04
6.874895980769237212e+04
6.936327099626402196e+04
7.156000939320771431e+04
7.051056889995168603e+04
7.148015997752395924e+04
7.154790944094696897e+04
6.881516293997787579e+04
7.238492692610931408e+04
7.176878055086264794e+04
6.971866395068922429e+04
6.913690467599651311e+04
7.236299737140865182e+04
7.035434544896466832e+04
7.242069732437092171e+04
6.994500595768807398e+04
7.092827328642057546e+04
6.600522113216020807e+04
7.206790675151276810e+04
6.728436913786901277e+04
7.157787162572525267e+04
6.857089861122763250e+04
6.942104602233183687e+04
6.858104773961186584e+04
7.231160448528773850e+04
7.370580180829262827e+04
7.152817900354057201e+04
7.144131726509207510e+04
7.000863129248884798e+04
7.047398889279025025e+04
7.036436046358849853e+04
7.280636080328399839e+04
7.250720094811644231e+04
7.185080713406836730e+04
7.085074171666719485e+04
7.009872763514626422e+04
6.975644148676886107e+04
6.840476301297213649e+04
7.186115724845885416e+04
7.263805042137087730e+04
7.436514876950375037e+04
6.951064794832016923e+04
7.173603066866146401e+04
7.195489828680521168e+04
7.036321149939890893e+04
7.357917955646094924e+04
7.412227776700060349e+04
7.069101124296720081e+04
7.103389418738381937e+04
6.963577183918081573e+04
6.770469225522878696e+04
7.272940656933643913e+04
7.045408417315481347e+04
7.252198180003663583e+04
6.605147218181595963e+04
7.005083307864713424e+04
6.885671611959487200e+04
7.174384962698500021e+04
6.582223721542017302e+04
7.245920653613403556e+04
7.104414083982913871e+04
7.409172233529422374e+04
6.850253533484914806e+04
7.635078125086805085e+04
7.177893574553799408e+04
6.832952513534676109e+04
7.338009054942740477e+04
7.054062145190911542e+04
6.630451567720304593e+04
7.287510161271423567e+04
7.251054272728934302e+04
7.075707815245706297e+04
6.741330824142777419e+04
7.248390045672428096e+04
7.310296654157480225e+04
7.140340808475905214e+04
7.389131708115857327e+04
6.956213306535832817e+04
6.687814116743614431e+04
7.304012089662822837e+04
7.363764187860535458e+04
7.241456803301759646e+04
7.267224784191460640e+04
7.406549310998195142e+04
7.118090793048280466e+04
6.819049692638724810e+04
7.161313167264783988e+04
7.090742554784036474e+04
7.506410764442838263e+04
6.976083119420129515e+04
6.906644473062411998e+04
7.138267066180637630e+04
6.832022020890640852e+04
7.274232683538034325e+04
7.166213596427692391e+04
7.180828101379441796e+04
6.966405734893697081e+04
7.058628526773145131e+04
7.348548895685249590e+04
7.283068834800049081e+04
7.498656447040622879e+04
7.256055675420018088e+04
6.936283032993420784e+04
7.190076572998256597e+04
7.241095756441901904e+04
6.948223925767076435e+04
7.433230736253075884e+04
7.296879786915327713e+04
7.093548685098392889e+04
6.734881764214124996e+04
7.118160595287293836e+04
7.115401827257656259e+04
6.950154869993768807e+04
7.108096956832261640e+04
6.936673987419913465e+04
7.320179090337082744e+04
6.999726469710268429e+04
6.932320535147612100e+04
7.151479938732275332e+04
6.771378320681974583e+04
7.266805615584983025e+04
6.965880965619614290e+04
7.081874978387198644e+04
6.867752210332291725e+04
7.026610793370949978e+04
7.200906498600057967e+04
7.094937631803889235e+04
7.117860605355877487e+04
6.901664795337289979e+04
7.115699115389592771e+04
7.064696232112069265e+04
6.890537105390396027e+04
7.173311047599330777e+04
7.604310843309474876e+04
7.050370580680885178e+04
7.033567394048548886e+04
6.793517466774114291e+04
6.843005386028741486e+04
7.084526948855064984e+04
7.008955090380288311e+04
7.237582334101373272e+04
7.331111303312127711e+04
7.140667730037693400e+04
6.967247052531194640e+04
6.975258624038835114e+04
7.039543561475006572e+04
7.036283633407940215e+04
7.203185091734054731e+04
7.270270745724988228e+04
6.865325431260291953e+04
7.207520138706649595e+04
7.253008257369212515e+04
7.038626068473389023e+04
7.054711468410612724e+04
7.261157914846179483e+04
7.223947625825497380e+04
7.199210698848366155e+04
7.275739579810078430e+04
7.218884394355821132e+04
7.449617895614703593e+04
7.066978104366472689e+04
7.207255260683505912e+04
7.042552707473115879e+04
7.219100196427856281e+04
7.249834520574827911e+04
7.017120125365215063e+04
6.921115962586145906e+04
7.096047593135159696e+04
6.955207215118102613e+04
7.277391419593850151e+04
6.943068639090430224e+04
6.933185395648522535e+04
7.158586724738242629e+04
7.286765043922884797e+04
6.910387647329759784e+04
6.862874684187679668e+04
7.385716709085706680e+04
7.241854835583006206e+04
7.068421152289444581e+04
7.345274751025663863e+04
6.964898939080667333e+04
7.020375187748759345e+04
7.334411149832064984e+04
7.075552123130475229e+04
7.081759432113662479e+04
7.410968336201261263e+04
7.291807530288246926e+04
6.969248462887643836e+04
7.512784550287642924e+04
7.302313766590249725e+04
7.329959951177494077e+04
7.403773475956069888e+04
6.844899246548028896e+04
7.409418725669382547e+04
6.783360682269831887e+04
7.410098554457990394e+04
7.135854518469293544e+04
6.886409122805677180e+04
7.404655897944483149e+04
7.262125732723427063e+04
6.992677647806757886e+04
7.077217104792645841e+04
7.411447389928733173e+04
7.308345041126338765e+04
7.240736819139256841e+04
6.801468204346190032e+04
7.278038457560302049e+04
7.380685796004788426e+04
7.617143739807119709e+04
7.143328561167257430e+04
7.118657774667654303e+04
7.144031497448631853e+04
7.089549254369144910e+04
7.174124554036813788e+04
7.192094640940746467e+04
7.084310593821540533e+04
7.403262566208520730e+04
7.182813061417388963e+04
7.003157543772381905e+04
7.073332899072454893e+04
7.227655007787323848e+04
7.002960811887404998e+04
6.905162522047336097e+04
7.212043201697310724e+04
6.883990232202911284e+04
7.666163753203768283e+04
7.467625692748790607e+04
7.406961915766987659e+04
7.009021566853433615e+04
6.886600788976454351e+04
7.362208535262411169e+04
6.953404331238850136e+04
7.056361393811834569e+04
6.985766517356099212e+04
6.913673040757211857e+04
7.096938738193850440e+04
7.100999751256078889e+04
7.245453901218048122e+04
7.263942155836884922e+04
7.105852144939325808e+04
6.910600999946019147e+04
7.198921921961338376e+04
7.377483351903961739e+04
6.998244965273026901e+04
7.478698143911955412e+04
6.942372004860396555e+04
7.036375823750262498e+04
6.798237677005973819e+04
7.036026341266925738e+04
6.571346031794454029e+04
6.726008559188223444e+04
7.292504391517527984e+04
7.302337765557308740e+04
6.893957459606412158e+04
6.899707625211602135e+04
7.179528963591264619e+04
7.002551344188848452e+04
7.245233743005865836e+04
7.546625715035235044e+04
6.961580784679685894e+04
6.922073818126339756e+04
7.147313694434557692e+04
6.721083061950349656e+04
7.361746097466838546e+04
6.943986274903493177e+04
6.997039314208079304e+04
7.436164284492310253e+04
7.156948792880517431e+04
6.891064180268450582e+04
7.138426342535293952e+04
6.969596644346367975e+04
7.329530386486496718e+04
7.466076390057084791e+04
6.847189273257665627e+04
7.161007953321585956e+04
7.056308932840920170e+04
7.249531039562862134e+04
6.955713877744380443e+04
7.086570339438527299e+04
6.914479625381753431e+04
7.129871292685558728e+04
6.708783451830623380e+04
6.976152192510585883e+04
7.158696697447099723e+04
7.516873432967337430e+04
7.321452885677968152e+04
7.262428619807436189e+04
7.054293841005233116e+04
7.138900859687163029e+04
7.202046946955371823e+04
6.978943951940652914e+04
6.893877842667968071e+04
7.218021227841626387e+04
7.267256935988536861e+04
7.389233145908218285e+04
7.275216289656609297e+04
7.153429306184008601e+04
6.996025976247912331e+04
7.091045575809561706e+04
6.954476426227443153e+04
6.926608204151842801e+04
7.003230878340855998e+04
7.033794790463638492e+04
7.022338391302348464e+04
6.554827628622656630e+04
7.400799236212295364e+04
7.157094879308890086e+04
6.904130428572080564e+04
7.249964527860094677e+04
7.528791545547265559e+04
6.964761240776033083e+04
