6.805549945815225765e-01
3.398081234450560650e-01
2.794630050888775030e-01
2.654192408455030017e-01
2.633872563646569853e-01
2.625104393840677064e-01
2.631369471182330444e-01
2.647203661319896817e-01
2.634268698285756605e-01
2.640589268712304483e-01
2.635653357725238344e-01
2.640211148683359599e-01
2.649919121447233405e-01
2.637349622293801987e-01
2.645840617616703194e-01
2.663564708969397010e-01
2.646555363899795732e-01
2.639611132762835766e-01
2.637849538965207907e-01
2.624728378656717709e-01
2.629116955850842596e-01
2.641011362826906073e-01
2.638817107021746988e-01
2.650826525960529034e-01
2.637221679548737985e-01
2.630020509332975376e-01
2.643529867789567445e-01
2.621300452392129610e-01
2.652203862256587441e-01
2.627732739344726953e-01
2.638842919327275549e-01
2.626996696598057901e-01
2.658064105709930791e-01
2.641162181613297966e-01
2.641055692274030253e-01
2.631973702963896211e-01
2.627219299015527421e-01
2.630540055565737667e-01
2.636886345260504028e-01
2.645519101632595738e-01
2.627079856680644143e-01
2.636304267831344195e-01
2.629002093705269938e-01
2.631070829762205410e-01
2.626574520118467593e-01
2.630384143383886486e-01
2.635261452208565447e-01
2.631474188101319278e-01
2.626828326044855499e-01
2.641118159402366938e-01
2.635173721829296434e-01
2.707352050944163424e-01
2.636321647705140991e-01
2.632137607067702723e-01
2.642003792897812953e-01
2.633470293780935667e-01
2.627430902915363076e-01
2.638583463322544120e-01
2.638305535020984416e-01
2.630365621733454229e-01
2.648826487162319054e-01
2.618796816237780045e-01
2.633684461310413782e-01
2.640449071970311090e-01
2.638177577581100053e-01
2.635587047007616479e-01
2.629948015874571388e-01
2.641200986900397729e-01
2.618543732493049947e-01
2.630965263056926906e-01
2.624364898873559615e-01
2.632762318861946449e-01
2.625919069444656029e-01
2.625871002581721680e-01
2.711599338124856540e-01
2.636415439166289731e-01
2.651117559359102427e-01
2.611036264374147486e-01
2.620904958947656849e-01
2.639394649870016596e-01
2.620393731218640387e-01
2.624691616172777908e-01
2.653317255604242808e-01
2.681382755228662318e-01
2.656343056273094416e-01
2.631185357983287232e-01
2.628543020197213198e-01
2.646497499314898194e-01
2.633950862500376577e-01
2.620806939733871799e-01
2.650986513337206807e-01
2.646679413269495407e-01
2.634578546305704205e-01
2.627045706273584136e-01
2.616436157493871040e-01
2.649157673831746274e-01
2.620397855677527033e-01
2.643957619758764976e-01
2.623645097580779573e-01
2.637429203884521511e-01
2.627970739295282243e-01
2.625112763385176740e-01
2.635508964662581222e-01
2.637810019469067901e-01
2.625886341445666239e-01
2.644436138724365892e-01
2.618617609620964570e-01
2.640333607064762611e-01
2.630935586510924074e-01
2.621414604614686339e-01
2.628117487556408394e-01
2.617402715650645195e-01
2.575314812448076252e-01
2.640388310630008006e-01
2.619759913233105642e-01
2.670487293902062964e-01
2.627702461888676289e-01
2.635811542035095822e-01
2.645404821070447277e-01
2.642141035424941942e-01
2.614224042675498128e-01
2.621576576196670283e-01
2.644216045765985235e-01
2.638219679461686340e-01
2.639760292887412541e-01
2.633354440252585471e-01
2.604018514272294915e-01
2.631932721800401831e-01
2.629555975309981197e-01
2.617249346374667662e-01
2.629808518354617153e-01
2.625212554991407377e-01
2.654617724290776470e-01
2.634873872394599137e-01
2.651834034884588687e-01
2.644612145067997688e-01
2.632469569118762731e-01
2.628358968249470129e-01
2.635043989393761610e-01
2.660210044393429563e-01
2.622316531487552393e-01
2.635300504991132109e-01
2.635920015302151698e-01
2.633454709764929680e-01
2.634267444163136407e-01
2.611683760951802880e-01
2.649350684983895476e-01
2.644526674970751334e-01
2.634645002308095840e-01
2.638649210566818004e-01
2.628569005446524387e-01
2.671892027918829626e-01
2.635058569715441057e-01
2.661836735257169795e-01
2.636698518139601877e-01
2.651021856776495933e-01
2.640048577420688325e-01
2.631574231345352732e-01
2.616513059601993096e-01
2.619133773565025525e-01
2.650289882545526221e-01
2.625500165470912028e-01
2.634345648611587376e-01
2.627964828983487822e-01
2.627982275689498270e-01
2.630753613686467318e-01
2.626839891618831802e-01
2.632825466520490321e-01
2.621168326208832555e-01
2.637058717778028583e-01
2.643934494382410016e-01
2.635868157496626951e-01
2.626970708044784608e-01
2.638161954168012358e-01
2.615566020352774190e-01
2.621854580764603204e-01
2.624616627096920118e-01
2.631531052679417781e-01
2.637591855004854380e-01
2.627454420281550851e-01
2.635902575802000491e-01
2.631492575465657624e-01
2.621400850207414313e-01
2.619631810711165465e-01
2.619500480204649540e-01
2.649741086803095724e-01
2.652007623077253240e-01
2.636919922898190993e-01
2.650974577124854403e-01
2.628328833447798885e-01
2.615732126363831123e-01
2.631241892260687831e-01
2.647856991738214427e-01
2.634933740721869255e-01
2.628578437864084738e-01
2.619948643585771619e-01
2.624906066016418626e-01
2.625154367463006233e-01
2.638441741272622432e-01
2.645867674745240872e-01
2.628167963165014553e-01
2.613198172011045872e-01
2.623616726205272309e-01
2.634005007599080073e-01
2.642152962000175465e-01
2.628684213879621256e-01
2.632197925041914743e-01
2.627902358178486608e-01
2.619552473788842040e-01
2.641987112892980050e-01
2.632776716009911366e-01
2.679226655686628988e-01
2.630142853753293375e-01
2.622008879681994586e-01
2.643558417016558248e-01
2.629409272446522894e-01
2.634418507330441583e-01
2.631053713053983500e-01
2.622896464803370353e-01
2.620623713781956576e-01
2.632451503214070510e-01
2.630319304793311552e-01
2.653767265688019572e-01
2.629398392435915999e-01
2.638324367993248321e-01
2.638985885164851775e-01
2.621711515021609706e-01
2.612472217907955696e-01
2.669755401467763245e-01
2.621037062742690438e-01
2.618491182604831824e-01
2.632232499268416515e-01
2.616801575696650617e-01
2.636152413379422854e-01
2.623958271509060358e-01
2.609540522565870213e-01
2.638510794968095263e-01
2.675555387719402711e-01
2.635564993041999426e-01
2.631660778377977183e-01
2.632797075053114888e-01
2.677192165940509017e-01
2.625448084495126677e-01
2.631299732102705957e-01
2.638763726717349156e-01
2.624831793393839763e-01
2.640630439440454502e-01
2.634490817974076693e-01
2.630600364531683333e-01
2.663707225327835437e-01
2.633474991780018204e-01
2.617022472913672626e-01
2.636253737888135662e-01
2.633877983783939891e-01
2.693377080842411786e-01
2.637885479277264911e-01
2.627391865808117455e-01
2.631939518512728116e-01
2.633251396825612156e-01
2.639019996097933252e-01
2.633117072170139683e-01
2.633945792982692047e-01
2.639586866829184975e-01
2.622600132497622805e-01
2.626985660462348160e-01
2.615867694825921852e-01
2.625546084622609744e-01
2.646143548829273384e-01
2.633002650772406361e-01
2.641075358988337896e-01
2.631952886666980018e-01
2.627377886937335982e-01
2.629816854429442019e-01
2.645194070717511448e-01
2.620744712242577545e-01
2.622498251221790921e-01
2.624875917252045276e-01
2.620809500169002937e-01
2.631161609696019421e-01
2.654541812415910917e-01
2.638726356784052984e-01
2.633041455156707178e-01
2.647083009047153657e-01
2.633985992248819574e-01
2.637972850386932633e-01
2.631535902637472391e-01
2.640301079634024273e-01
2.631251319542224354e-01
2.627502953378784700e-01
2.685424802196393346e-01
2.629885173664927578e-01
2.620615325277611540e-01
2.622927123913832981e-01
2.640314483162620185e-01
2.613505312515381207e-01
2.626548048359868548e-01
2.650324286261836471e-01
2.669019121966689778e-01
2.652705798784169566e-01
2.650096785309731806e-01
2.630280568773603056e-01
2.636093383328969586e-01
2.637781233316032758e-01
2.628665470782726166e-01
2.629806080534614621e-01
2.640185777296949476e-01
2.640410156211484005e-01
2.627013913994141747e-01
2.642756668365657813e-01
2.632674049884646816e-01
2.630143035627384718e-01
2.642295712756844162e-01
2.623736398718084506e-01
2.627098592177298242e-01
2.636538960847124025e-01
2.654618053031657654e-01
2.639009439642412969e-01
2.696996141029399663e-01
2.628298477803010513e-01
2.634792067688120909e-01
2.649404926929221360e-01
2.625724174883186102e-01
2.617487803955447778e-01
2.637786891812356482e-01
2.617557750502466640e-01
2.658306553988459275e-01
2.635257900740232695e-01
2.634108882654547790e-01
2.622132317623652176e-01
2.631801608947423321e-01
2.629769585525231212e-01
2.603527188011749982e-01
2.631902163507870429e-01
2.623289547050544623e-01
2.618152383801938266e-01
2.647096745506077320e-01
2.636186749753506864e-01
2.640509247568973428e-01
2.636548756692528861e-01
2.618621059145074814e-01
2.625365386699312631e-01
2.649291407844387991e-01
2.629456732477613579e-01
2.608982308278038342e-01
2.617230006327633252e-01
2.632833024082868456e-01
2.621465948510191546e-01
2.626051034876218382e-01
2.647442235463888793e-01
2.636857801186067163e-01
2.617440068187735225e-01
2.645699517698130721e-01
2.643558787238927676e-01
2.630195373358588107e-01
2.625927794110849423e-01
2.616544210062713427e-01
2.635817764404737029e-01
2.629845038032240789e-01
2.650598352103674116e-01
2.618914891121510435e-01
2.628884702726186351e-01
2.627504481355695809e-01
2.627576824999994232e-01
2.649687241241774349e-01
2.619590635181734406e-01
2.637069761597501949e-01
2.627857472999882704e-01
2.631359131484921066e-01
2.604489017047488253e-01
2.615430265778359020e-01
2.623315482226354356e-01
2.641030057449735291e-01
2.621182026451876479e-01
2.623734522007736825e-01
2.648599270087251822e-01
2.653892134096076383e-01
2.638558666343344683e-01
2.625026323455061372e-01
2.637956334207877118e-01
2.632202543869453515e-01
2.649808201628254811e-01
2.652201282377487090e-01
2.629330252170672400e-01
2.627788885855026901e-01
2.637638247823452242e-01
2.647288775613241274e-01
2.655181029432919781e-01
2.638368949573373090e-01
2.641406989175376641e-01
2.638563436424465336e-01
2.621229004181265809e-01
2.638033771522614312e-01
2.622013573356871130e-01
2.640245510422780661e-01
2.637758510157419134e-01
2.639366594043106584e-01
2.614498147052025656e-01
2.632879212570987670e-01
2.618236829786188546e-01
2.630177600378857949e-01
2.626729039422761591e-01
2.623029289394711028e-01
2.635489366012618850e-01
2.629673498805061849e-01
2.616865242584276996e-01
2.623775487515062066e-01
2.630373405075541737e-01
2.625825505853111030e-01
2.637314673659966746e-01
2.638521714605470692e-01
2.628486454554587182e-01
2.633469880609486946e-01
2.642017244238723528e-01
2.624347169996957829e-01
2.620701073604564391e-01
2.632260401841049480e-01
2.629232563558622782e-01
2.622801550472905752e-01
2.654626855456260759e-01
2.629917330020673516e-01
2.632151329844795717e-01
2.633725824800673965e-01
2.632847023874805292e-01
2.645083537181308064e-01
2.633815873069885738e-01
2.636219049863128272e-01
2.616286442242148347e-01
2.626340577184669844e-01
2.604480965345381538e-01
2.651310561202662175e-01
2.625383436899600964e-01
2.631909788953155638e-01
2.628712216472772756e-01
2.622901313072949492e-01
2.625049996368308824e-01
2.622005825603061502e-01
2.635945257330611358e-01
2.646947328575340874e-01
2.617369389092161769e-01
2.649677463907918473e-01
2.638456769391495649e-01
2.635367219941899264e-01
2.641934503405483081e-01
2.628364629408724285e-01
2.622838552057350503e-01
2.620472117759993225e-01
2.634711740477359565e-01
2.629746375596516694e-01
2.632319257578556448e-01
2.635707931790390868e-01
2.628468867438030765e-01
2.642190081271045266e-01
2.640300394094577952e-01
2.621119573027768102e-01
2.634194761873060453e-01
2.626163574658743061e-01
2.604206490302116150e-01
2.628037596220695882e-01
2.623766074870148568e-01
2.637448682437036895e-01
2.623040828515041389e-01
2.642070747899873395e-01
2.636552750411166324e-01
2.632816281476174081e-01
2.647978158420924988e-01
2.633419541721741530e-01
2.620851854090125443e-01
2.630783118998826220e-01
2.647289715207947203e-01
2.629321943439079656e-01
2.628511840684074063e-01
2.624961934978736200e-01
2.648671637767240350e-01
2.655164525726904090e-01
2.626441347410130023e-01
2.631866146374817750e-01
2.625423055487285384e-01
2.634733317997572377e-01
2.640910137176907257e-01
2.637643186113646787e-01
2.650342306124771619e-01
2.649610665436636925e-01
2.625615421554426399e-01
2.628622259479890810e-01
2.641137183029551583e-01
2.640892201713255227e-01
2.616287283837607225e-01
2.649783613368851820e-01
2.625267810534991919e-01
2.652326652457913658e-01
2.648804272270346982e-01
2.619043742838282895e-01
2.623621011626783295e-01
2.636027753320728251e-01
2.622417790806018667e-01
2.633132244733284999e-01
2.637775684845726221e-01
2.621870325797232559e-01
2.614384233857749984e-01
2.636399616681606162e-01
2.626266764203769588e-01
2.623236656267924904e-01
2.626936036342293890e-01
2.638703647136566577e-01
2.627626645698930008e-01
2.632573198956709160e-01
2.632354069441129041e-01
2.619352918309513778e-01
2.628327901080816376e-01
2.641475838002586007e-01
2.633309288960434258e-01
2.622589886285727756e-01
2.642526667021412590e-01
2.612697746085689277e-01
2.646616892463876658e-01
2.618141412572454474e-01
2.625632718361894935e-01
2.682005375978406825e-01
2.622556628652698008e-01
2.636705861491986380e-01
2.622436193342827515e-01
2.622433619027985663e-01
2.624711683807003371e-01
2.633047362952012360e-01
2.629778845075048666e-01
2.632847843169929813e-01
2.622048044942485445e-01
2.616116518565928528e-01
2.659739609318806375e-01
2.636734578773274884e-01
2.640889077403937857e-01
2.653720867515928505e-01
2.631407739500571386e-01
2.617658668266417132e-01
2.621187617991539431e-01
2.622533449304020881e-01
2.637706203331887100e-01
2.644604100265053326e-01
2.615916043043259864e-01
2.637583744264729302e-01
2.641787344267371718e-01
2.632011230071407692e-01
2.638699980039272419e-01
2.623161362472132274e-01
2.657289740663277833e-01
2.620544033677401630e-01
2.647714216945524224e-01
2.630419999079409710e-01
2.619079953293020901e-01
2.628675019617019992e-01
2.622464910072020983e-01
2.635703170693731723e-01
2.623345707096929047e-01
2.632591580685736399e-01
2.642850342302941469e-01
2.609974442303852338e-01
2.643538116079863221e-01
2.645296037688750768e-01
2.642647845324097577e-01
2.618230473761353205e-01
2.639483997957226546e-01
2.629496434854707299e-01
2.619447476413295228e-01
2.626821138485224139e-01
2.635643086714194450e-01
2.635417226574788829e-01
2.634697166556216885e-01
2.616894808548295148e-01
2.645462374759997570e-01
2.637358636386528121e-01
2.641313309749205862e-01
2.614569295463717302e-01
2.633431199941321799e-01
2.631055658688957744e-01
2.630609424965356657e-01
2.624014536031185063e-01
2.633784944181288279e-01
2.641299045831429493e-01
2.637831766850626258e-01
2.622974045785663733e-01
2.622494366278462219e-01
2.625630764882886936e-01
2.618736577762484363e-01
2.644504479131222219e-01
2.614380337074587168e-01
2.628777804347358082e-01
2.630881049717025411e-01
2.618558527027745608e-01
2.617317362769865929e-01
2.627545833570327782e-01
2.634251715490063539e-01
2.626236375970993353e-01
2.628529419909175213e-01
2.623652434905084374e-01
2.623678431521380139e-01
2.624775287629659837e-01
2.620534568283220955e-01
2.612833994127781723e-01
2.609492464662490629e-01
2.637625777179395392e-01
2.629324117940838312e-01
2.618771700784378598e-01
2.642403015466510685e-01
2.612912314728028651e-01
2.643727610787794391e-01
2.618505662203412521e-01
2.622023289393869971e-01
2.665236955553587639e-01
2.614645210744523385e-01
2.634470846344523776e-01
2.636478908980054436e-01
2.618278547336023721e-01
2.618414802525600438e-01
2.623171322655935556e-01
2.623850008431758418e-01
2.623474882303277744e-01
2.626832293482491698e-01
2.631442090363845798e-01
2.640771221565686444e-01
2.627124220930331933e-01
2.634580974332955683e-01
2.628904270652210329e-01
2.626322414011804662e-01
2.669952111920199656e-01
2.622752575286597665e-01
2.632827437693499029e-01
2.630992101675741490e-01
2.619509682813479512e-01
2.671022906172406119e-01
2.654965111797698563e-01
2.630554499612213770e-01
2.687426592455904872e-01
2.634066090053233111e-01
2.628368492577483617e-01
2.628229335012448042e-01
2.628930048157150368e-01
2.615455864025996169e-01
2.643101095543138879e-01
2.616673174609784325e-01
2.631921171706961826e-01
2.636709546363805723e-01
2.638327595309873930e-01
2.627750217162156954e-01
2.631305728189560766e-01
2.632155653340437218e-01
2.623855472373444742e-01
2.622206879721281636e-01
2.617116260029709873e-01
2.625441574613222584e-01
2.641572195038356385e-01
2.613945720473573320e-01
2.617987419036296726e-01
2.620010154370269184e-01
2.634928401719967561e-01
2.642878340515384950e-01
2.619618446095005604e-01
2.626857537478649585e-01
2.630953148558442534e-01
2.632859429434719067e-01
2.644654141669486314e-01
2.616070440746732229e-01
2.617160528226560867e-01
2.620268130090858127e-01
2.671545675375732731e-01
2.613633305662906303e-01
2.644660686541147609e-01
2.638294813172982756e-01
2.611045120726873114e-01
2.619947068604043805e-01
2.628930249252551254e-01
2.626773290701015506e-01
2.648312922670105762e-01
2.621205874024440385e-01
2.644610719722251813e-01
2.628442898891024115e-01
2.634050438167084840e-01
2.629653171065416406e-01
2.616383194605866880e-01
2.641067898046464690e-01
2.620113372462056223e-01
2.612150990376292947e-01
2.640423577749703710e-01
2.623001547360269137e-01
2.630744094112645870e-01
2.624195776907139455e-01
2.625218096557156433e-01
2.637809947553069745e-01
2.620608830789468158e-01
2.637448829329558930e-01
2.622819978104754535e-01
2.606302246273304868e-01
2.624338002678852644e-01
2.615763023336631909e-01
2.633438668030078089e-01
2.617327921511803379e-01
2.622853643460299478e-01
2.643416202116743996e-01
2.649376201946683773e-01
2.639993256362636043e-01
2.641519376078457770e-01
2.641515090668448695e-01
2.624356154525375739e-01
2.629266536481884020e-01
2.633387921254086717e-01
2.621716571344515079e-01
2.620415177410084784e-01
2.616820255849190979e-01
2.616709443699080651e-01
2.628102056184273838e-01
2.620363649566486153e-01
2.614583569454271283e-01
2.630389928193472837e-01
2.632481843587431425e-01
2.626650289417464257e-01
2.644587424987667190e-01
2.648070165779297103e-01
2.670098991914279241e-01
2.639699597365907091e-01
2.634429260623997737e-01
2.641310941065993512e-01
2.638673985365274643e-01
2.625233860716307266e-01
2.679489517911896046e-01
2.628556550447678775e-01
2.640063265224432132e-01
2.610837988402666121e-01
2.618385160647153098e-01
2.631732912417519832e-01
2.647518512215890074e-01
2.617619264511252264e-01
2.629888723328965283e-01
2.620737187450002947e-01
2.632520744479778796e-01
2.631642932808603841e-01
2.635386659041203394e-01
2.641680153381248397e-01
2.647809124196199848e-01
2.620280014363640664e-01
2.634656526380477204e-01
2.640854268510618441e-01
2.656221737847874187e-01
2.635970005208465028e-01
2.650530342303706322e-01
2.626065803509335383e-01
2.631510161787569135e-01
2.633427400371572413e-01
2.644105713691496939e-01
2.621098166972464227e-01
2.628852665175851477e-01
2.623665231707711376e-01
2.629116850864128829e-01
2.634319343954270032e-01
2.627861507601131907e-01
2.635580038768524092e-01
2.630604854620990918e-01
2.653122385509872894e-01
2.630300944195909096e-01
2.624408087880243934e-01
2.621747855560386808e-01
2.625798035672954334e-01
2.624701759237778598e-01
2.638043979967451547e-01
2.626818973703500260e-01
2.639109519882175681e-01
2.637564138759561083e-01
2.630239429689174568e-01
2.637540776071420900e-01
2.627903544168211369e-01
2.625111887312167047e-01
2.621173849834074754e-01
2.614085799206105065e-01
2.620698303517057237e-01
2.625770988176225340e-01
2.625995358078193065e-01
2.617904048429411379e-01
2.629523607341411329e-01
2.629127614412958280e-01
2.636641308483665402e-01
2.622869586021661648e-01
2.616118298263370723e-01
2.631314083315132724e-01
2.631423373010718381e-01
2.623958660827881983e-01
2.635023568228558877e-01
2.651362510410671391e-01
2.624696636930870519e-01
2.656083436077391613e-01
2.637668552147433565e-01
2.632393869583329882e-01
2.621293606681573962e-01
2.618815092962646918e-01
2.646870638164865452e-01
2.649780333771329377e-01
2.627032155874239883e-01
2.630679150990043458e-01
2.632429578738162967e-01
2.636332020768243356e-01
2.639552234272619091e-01
2.624395714881571640e-01
2.634603333566304939e-01
2.637857339856068961e-01
2.608797558972245634e-01
2.613363589792369601e-01
2.632100138847685011e-01
2.627932225254108189e-01
2.632079834684892816e-01
2.627934604743894509e-01
2.620783508537595230e-01
2.615276386970820099e-01
2.630772643975360925e-01
2.635762539645557512e-01
2.636822306278345240e-01
2.618739472675962743e-01
2.639628226743907513e-01
2.610746236137452825e-01
2.635801044634966117e-01
2.621058445327896780e-01
2.630475784531274286e-01
2.631918954299387603e-01
2.628378711385800925e-01
2.664636508066250409e-01
2.638805085404306028e-01
2.640547252570235037e-01
2.623263571372675407e-01
2.648347699144614209e-01
2.633707173378946886e-01
2.635489884890358514e-01
2.621857155430338815e-01
2.636228810831268699e-01
2.625544621514101506e-01
2.634324967542981955e-01
2.626579325090873662e-01
2.628757894199980627e-01
2.629995699240375573e-01
2.619367976105290707e-01
2.619005733468358077e-01
2.647750038243465998e-01
2.635586706538481372e-01
2.634975493133902558e-01
2.637681416663527068e-01
2.672620034007173739e-01
2.639836542585063950e-01
2.632817928878398717e-01
2.620651708274292502e-01
2.631596439284447086e-01
2.690785389388501980e-01
2.608312036323284788e-01
2.625652726575007923e-01
2.631170998675123607e-01
2.619192735056092847e-01
2.633393672005173158e-01
2.694307332802874932e-01
2.634704855554649283e-01
2.616635319792059988e-01
2.629964289418924572e-01
2.631836776702425329e-01
2.640758977430224252e-01
2.634420075183353527e-01
2.631026459987000909e-01
2.622198231895290221e-01
2.631973973452885751e-01
2.614293949859671229e-01
2.616862765994068529e-01
2.635848901106727094e-01
2.640588117507167154e-01
2.649612114323817713e-01
2.639846357207827898e-01
2.632629118265550905e-01
2.643984167168441091e-01
2.619728988224822031e-01
2.655223502916622125e-01
2.618818432651783823e-01
2.638707741132506057e-01
2.623194402418965177e-01
2.628521832856672291e-01
2.619426021669638005e-01
2.639839525965069766e-01
2.619248345481134388e-01
2.617263091870537517e-01
2.648423858299520095e-01
2.627871908538205181e-01
2.624489066819395422e-01
2.664700356722005115e-01
2.651578976450262859e-01
2.629899529404737257e-01
2.631153305977758650e-01
2.620509766179374700e-01
2.636695487969792917e-01
2.633622797791471681e-01
2.632039003169571179e-01
2.638316019566226411e-01
2.633577730787405313e-01
2.646439128704508592e-01
2.641516164177148962e-01
2.621077943288707135e-01
2.629874091606594910e-01
2.609770394079533595e-01
2.661830398039659040e-01
2.638832008640065174e-01
2.639332719715050679e-01
2.621009492783740180e-01
2.632362331568796621e-01
2.638151644670519436e-01
2.638280816136039375e-01
2.625915813437580959e-01
2.623743036492548475e-01
2.632467278336354521e-01
2.620563804850318812e-01
2.618679814032819353e-01
2.639599205682163219e-01
2.623693313685256379e-01
2.626625152331199531e-01
2.631349315379944986e-01
2.640682407267087028e-01
2.632560124565012094e-01
2.640968029574037312e-01
2.636364499698059527e-01
2.646607813483580762e-01
2.641582191949140568e-01
2.660574466717214870e-01
2.641650366526297478e-01
2.642099213027919169e-01
2.636999903699187575e-01
2.627393542587750930e-01
2.646336607250814321e-01
2.623205975196603590e-01
2.635520353702619500e-01
2.638528620302110217e-01
2.623035239697436571e-01
2.626079473178340451e-01
2.634251711831896436e-01
2.635989327907061197e-01
2.630310452903101837e-01
2.622555465715898371e-01
2.645285942291402681e-01
2.643255190978710534e-01
2.630750711859928814e-01
2.622846532454423674e-01
2.644152158208987746e-01
2.624578042842977132e-01
2.621790829556682745e-01
2.617898971901772009e-01
2.625858571909548966e-01
2.631124540451267868e-01
2.613738203184357012e-01
2.617992415599427747e-01
2.635749546891946737e-01
2.650344425995500575e-01
2.633396867416780140e-01
2.618577687050319125e-01
2.637615284159491313e-01
2.638699761487948714e-01
2.625928021926217659e-01
2.636992827790510807e-01
2.625174061464676245e-01
2.633165175727181229e-01
2.627041975819282005e-01
2.645982721584051456e-01
2.620565116574443132e-01
2.624220502471376615e-01
2.644212571166375536e-01
2.622353210383268629e-01
2.626568030345637350e-01
2.622507891116072631e-01
2.623422121725526579e-01
2.619591011595054919e-01
2.635880878376029024e-01
2.623647410126240809e-01
2.633398293216606678e-01
2.635687912212651973e-01
2.626912985265472678e-01
2.665864225396609166e-01
2.641774447854708385e-01
2.641770396597425963e-01
2.641456490583669603e-01
2.625388885337953115e-01
2.618778502819634202e-01
2.637512794635424318e-01
2.629371727954783466e-01
2.630655300016151443e-01
2.627940305404599663e-01
2.632692349307320656e-01
2.647504743856872178e-01
2.627925315565305953e-01
2.630506765627698140e-01
2.629308394541009508e-01
2.615175901120519453e-01
2.628826358868741608e-01
2.637429579860360307e-01
2.643254479070595853e-01
2.665336550227561663e-01
2.641866881434070669e-01
2.638547977769538644e-01
2.624297392104242288e-01
2.622617267096561400e-01
2.636016713629197317e-01
2.633086410388411625e-01
2.624353281913908709e-01
2.628153424570061625e-01
2.623883851053043226e-01
