5.461371289456925761e-05
4.019092687886096190e-05
3.773387402441018534e-05
4.011023035152321627e-05
4.261553050011217318e-05
3.928267107852765526e-05
3.962403572111440609e-05
3.843847122650640385e-05
3.957298381839440644e-05
3.923190763418678680e-05
3.816174602123423851e-05
3.805552380953802218e-05
3.757795316087664559e-05
4.296876021870088975e-05
3.790346971857971208e-05
3.879088561346042096e-05
3.898895625041484377e-05
3.901210558632591555e-05
4.032617484608524186e-05
4.039458140911598094e-05
3.926610439166196764e-05
4.010695892649212462e-05
4.314119989694839910e-05
3.831915793536756000e-05
4.110122455184138011e-05
3.782691776192320053e-05
3.835517693617320655e-05
4.434136743831501852e-05
3.883984043201185136e-05
3.923827759879321532e-05
3.823806260255230820e-05
3.849638685324200500e-05
3.910146770679047602e-05
3.830007172710605520e-05
4.317952152430191499e-05
4.124133879708966711e-05
3.898689609441615387e-05
3.785061131578138053e-05
4.058321782489781590e-05
3.974659718407224160e-05
4.398593800008472268e-05
3.881334546373487832e-05
4.042995404061044409e-05
4.001258379479077118e-05
3.802010561021041508e-05
3.894428253428281280e-05
3.851979215838629254e-05
4.059854491005412437e-05
4.100288955956255861e-05
3.988520417538931175e-05
4.139470898601096954e-05
3.851002882858532066e-05
3.978869087743304786e-05
4.045727383972685021e-05
3.926038211549202602e-05
4.205467319381381183e-05
3.841354951627661170e-05
3.801192820315357909e-05
3.898462950652316686e-05
3.970326490277347299e-05
3.885690480412836513e-05
4.162368915659965036e-05
3.970971353042280501e-05
4.422049490845332369e-05
3.915233757096059217e-05
3.868965880109736291e-05
3.754672840980057154e-05
3.865788845297571895e-05
3.752943748892995644e-05
3.814518923102499582e-05
4.255768598275423557e-05
3.950675501818386902e-05
3.856107297748022502e-05
3.902060959156247917e-05
3.944445177692999078e-05
3.928531160176658665e-05
3.836885594526731017e-05
3.786865584456445850e-05
3.749359837398537245e-05
4.068797518713599770e-05
4.171486069426944384e-05
3.936543268409151136e-05
3.836714982191935009e-05
4.200351058024853567e-05
3.900327713051531241e-05
3.913477696247295797e-05
3.802857762553438805e-05
3.807314955243185968e-05
3.991015684155902306e-05
3.867888983697185927e-05
4.229412069233305904e-05
3.828248193008218942e-05
4.433123222965210011e-05
4.002538719567896543e-05
3.982528540644041001e-05
3.873078319253030980e-05
4.287290314728314154e-05
4.119362664622861088e-05
3.861162951184042162e-05
3.981071719145336089e-05
3.778241960841357920e-05
3.852179886687493349e-05
3.837597717487248317e-05
3.872809785978381317e-05
3.835178911887792070e-05
3.821350894887631062e-05
3.869988363302513874e-05
3.992580486278799124e-05
3.852176169524200818e-05
3.812408988220880222e-05
4.386459911167613470e-05
3.982165707079481819e-05
3.850885754018085129e-05
4.112859821381456760e-05
3.955377684593201618e-05
3.951518338477239808e-05
4.287316682293148033e-05
3.789139510631998290e-05
3.815464747127333381e-05
3.858507801882689027e-05
4.290290789090817444e-05
3.773947283206270734e-05
3.840490609975047448e-05
3.836507473469419826e-05
3.906206233276395012e-05
3.878961579879395991e-05
3.882743489264619321e-05
4.192339750116231450e-05
4.152827565686637826e-05
3.974759610470448814e-05
3.813585340809758729e-05
3.871064995834850171e-05
3.976933535799046692e-05
3.881552603976215151e-05
4.355282975879505873e-05
4.067342191111536720e-05
4.005884765646712780e-05
3.837090121390811308e-05
3.892437115784407156e-05
3.879892953010696908e-05
4.015093841571407303e-05
3.924119222103527818e-05
4.010697592606940080e-05
4.015339867189894667e-05
3.921945772207614833e-05
3.807259712974201229e-05
3.799257684008104337e-05
3.778117097142920334e-05
3.887188346084010271e-05
3.888288334256153028e-05
3.891696771782062917e-05
3.864623092382290593e-05
4.519311056534522890e-05
3.790172170985376673e-05
3.931742203202186800e-05
3.890864993910943628e-05
3.891015143983054321e-05
3.937678620973729805e-05
3.900799448250392277e-05
3.880662836625779722e-05
3.833511823682108878e-05
3.878144461947208576e-05
3.871552859474397605e-05
4.449938187166958923e-05
3.855077425926532563e-05
3.913162248031028690e-05
3.908690611421334308e-05
3.853512528559905714e-05
3.873746078459351742e-05
3.993146013408465760e-05
3.814869300732779420e-05
4.547615283459101456e-05
3.823400822450999468e-05
3.829432638998415506e-05
3.841076368300436010e-05
4.181263668583037868e-05
3.863103674880043073e-05
3.882362793644867857e-05
4.195556332815002416e-05
3.865980408561948929e-05
4.208521793407006984e-05
3.875775318470364017e-05
3.851058449136216585e-05
3.885662492062250117e-05
3.944743830039575063e-05
3.996341990818338930e-05
3.808656525741167939e-05
3.872012447164504271e-05
4.103633238998957429e-05
4.242106007349990507e-05
3.935233749378119783e-05
3.857766857162916378e-05
4.140597321200069402e-05
3.775014077236559608e-05
3.876474458269163562e-05
3.822041306927503656e-05
3.936488131265856452e-05
3.800027040256413177e-05
3.830642734478314528e-05
3.995985568058299097e-05
3.969735789320922567e-05
4.011810495155592078e-05
3.934396005873567554e-05
3.889207645879554586e-05
4.004747234175347668e-05
3.839883205755131808e-05
3.900178149509443503e-05
3.821679714740348720e-05
4.070090842726731555e-05
3.918424843239146256e-05
3.945124269416826841e-05
3.973322473773192414e-05
3.780749284051985163e-05
4.151778877583196554e-05
3.848245780254221505e-05
3.857017074934117145e-05
3.796554770679533617e-05
3.860581992493256255e-05
3.840030974974672421e-05
3.899066524618894383e-05
3.852335212576230190e-05
4.040293580323629704e-05
3.840189031508326123e-05
4.017343434306677876e-05
3.951874894679331944e-05
3.915325140440970340e-05
3.804456163353472003e-05
3.803416524835944536e-05
3.856457453617980646e-05
3.987538732509669889e-05
3.854784458991681863e-05
4.068503452756262013e-05
3.866763267645463657e-05
3.955548732783889342e-05
3.855596845160027175e-05
4.005633907621721521e-05
4.096586854860898881e-05
3.910312726547896596e-05
3.936746966900421356e-05
4.011074163175572986e-05
4.083398089909189813e-05
3.954660558917551027e-05
3.805093051050579568e-05
3.958663911249995967e-05
3.905318196982408347e-05
3.829217429313007095e-05
4.166792384711948442e-05
4.154551209198264512e-05
3.790477408872756747e-05
3.930157513011535501e-05
4.332258991704730235e-05
4.256256388160328596e-05
3.764427377713782898e-05
3.820596025831993984e-05
3.984288350087053558e-05
3.843054713385656853e-05
3.978399547998499256e-05
3.821312599323564187e-05
3.802349945484330619e-05
3.859327004686432708e-05
3.938800282915193448e-05
3.832202235278232789e-05
3.815108621833670436e-05
3.892109629094064345e-05
3.789582396739366618e-05
3.831314304624497852e-05
3.958210977342241599e-05
4.594184826284454124e-05
3.876833246176703175e-05
3.780942387209972229e-05
4.032452746524928933e-05
3.832881685489483785e-05
4.078093311907324704e-05
3.872747265373183097e-05
3.825978756521319365e-05
3.779620757740163314e-05
4.022540954542081919e-05
3.950822700099187166e-05
3.897418278235055127e-05
3.847249680592413820e-05
4.042926339382078068e-05
3.839735784790765621e-05
3.808355625114018196e-05
3.769887755971441430e-05
3.809433833437251323e-05
4.420404886894364682e-05
3.892356151568321398e-05
4.075377504309237527e-05
3.792221079678246854e-05
4.194250473832719650e-05
3.994400523973135362e-05
4.349028104521048590e-05
3.865148516129653339e-05
3.866104776667308491e-05
4.095600655043645487e-05
4.344505050084458984e-05
3.807082564872623384e-05
4.017962136818586385e-05
3.892086531605691330e-05
3.977149819539204051e-05
3.945450204867331708e-05
3.932285009129552763e-05
3.783607890714553549e-05
4.043825207488926346e-05
4.023884282246135486e-05
3.960172014810821572e-05
3.817226802778326297e-05
3.797718715049045043e-05
4.067122466067576162e-05
3.949766346462455305e-05
3.850600307988208670e-05
4.148914677963417115e-05
4.039593526677037690e-05
4.233655746451785515e-05
3.872392230611664720e-05
3.774131386731986021e-05
3.876004170985209937e-05
3.888944827325477223e-05
3.892984876411373347e-05
4.201706131364094663e-05
3.920633017373284046e-05
3.835420707859403771e-05
3.799784048043687768e-05
3.872413477841958254e-05
3.955197434606905183e-05
4.166179375306000414e-05
3.907557474791508768e-05
3.771317736445409317e-05
3.801793601183990699e-05
3.947774760740956778e-05
3.933971440350716721e-05
4.503890034437054856e-05
3.909623550911463079e-05
4.056819057946848845e-05
3.978140322402031251e-05
4.193150756968187060e-05
3.825364607382663440e-05
3.840781031238988698e-05
3.837676952533357111e-05
4.284122228207870803e-05
3.961421846015027610e-05
3.826151609824196776e-05
3.899676171708627438e-05
4.232178259516579898e-05
4.014115076135854387e-05
4.212105100002923780e-05
3.856844175447485891e-05
3.737520419741418632e-05
3.887282850629956651e-05
3.898196106066242661e-05
3.868831576109890138e-05
3.826904532421378555e-05
4.142818200271125247e-05
4.054901219623993630e-05
3.828883037643353787e-05
3.878348833915807659e-05
4.527950301037485318e-05
3.810855504066065102e-05
3.848202017867179147e-05
4.102471398432857457e-05
3.922512674777320433e-05
3.850060698734452254e-05
3.799937260332827754e-05
3.836212132689365061e-05
3.818783619247183769e-05
4.215561831196018393e-05
3.846742293204774397e-05
3.964523585525334126e-05
4.043344052384169958e-05
3.838631320054820058e-05
4.000074463382757677e-05
3.884646715859667830e-05
3.819653978986743833e-05
3.916679681063144362e-05
3.830007977601285858e-05
3.773003824260560827e-05
3.849870542552204255e-05
4.082816432842487347e-05
3.852815985123850923e-05
4.078134835677682323e-05
4.432151188254744210e-05
3.839908271308933060e-05
3.883069652785362257e-05
3.786872568579251490e-05
3.821587194226483625e-05
3.859526369185489693e-05
4.030914841782746289e-05
3.860426938528762790e-05
4.023965650138306045e-05
3.775554646079716558e-05
3.805557813079402519e-05
3.949955775060524552e-05
3.831210294476091257e-05
4.010571944353501640e-05
3.854260617625686574e-05
3.984882836655081128e-05
3.881607202643271276e-05
3.809403265082400499e-05
3.867748904348661747e-05
3.820309040950330235e-05
3.870170521903799996e-05
4.081748287692046841e-05
3.836253492126584112e-05
3.870152085188608359e-05
3.851938983197211101e-05
3.910287330692522847e-05
3.854725903003208566e-05
3.843025123892037059e-05
3.914729519890063249e-05
3.737921961569233342e-05
3.936904095367622973e-05
3.777432649162707016e-05
3.868935415781490640e-05
3.957510480843665524e-05
3.856187071091830219e-05
3.944109050604196890e-05
3.874610551861117389e-05
4.010822064426372699e-05
4.229786886985071329e-05
3.851727586967384278e-05
3.919774306225852430e-05
4.038626060770735281e-05
3.769160077773980774e-05
3.950280581920651663e-05
3.876118786930530787e-05
3.902289162594951204e-05
3.873115406916286961e-05
3.963963673622469092e-05
3.882240584122803042e-05
4.252539718644076381e-05
3.984333421509178395e-05
3.833259310289840988e-05
4.121914860083101460e-05
4.290434954488111873e-05
4.041227984713310233e-05
4.040917626180910905e-05
3.971380042360003764e-05
3.885048368329602057e-05
3.817598432061298667e-05
4.033601133276738788e-05
3.849123642546509004e-05
3.963955363687864916e-05
3.830223236018073850e-05
3.822197024651311561e-05
3.844955131841970662e-05
4.040264280733001930e-05
3.871314321417921759e-05
3.819704240859550233e-05
3.896865091559281215e-05
3.792421226939507960e-05
3.826540027529148929e-05
4.227433586225319947e-05
3.817765442282412879e-05
3.908095167554470996e-05
3.832795920650611498e-05
4.138060239997578849e-05
3.864521160236249718e-05
3.879744983417632504e-05
3.801806715151729850e-05
3.796832830093887004e-05
3.809032692045427268e-05
3.947438943466344003e-05
3.939507605747115767e-05
3.924920104531490705e-05
4.039805813629657346e-05
3.836044942725167910e-05
3.805167030990224851e-05
3.834785275746041376e-05
3.873744047955562003e-05
4.242426290134420762e-05
3.938488706785208998e-05
3.811275553329086850e-05
3.824759479769740460e-05
3.847684903402921459e-05
4.621983141992439562e-05
3.951852072561381601e-05
3.917979450420353531e-05
3.795906730916619588e-05
3.969638981766943699e-05
4.317064755269649082e-05
3.826320521571980671e-05
3.827541344178447222e-05
4.238614144319096473e-05
4.412274681856942428e-05
4.696888725779463467e-05
4.191306293700730731e-05
3.844808095968542969e-05
3.849795158243177635e-05
3.836146580344725369e-05
3.815134152299363632e-05
3.849290818173315559e-05
3.842494367478649651e-05
3.871765809267166105e-05
3.923201936399152982e-05
4.264155402670123912e-05
3.793865259077071697e-05
3.777131906690127849e-05
4.309814481480177858e-05
3.929984724032335361e-05
3.870630858326150808e-05
3.949793934826229907e-05
3.820871590899821169e-05
4.033441225348335501e-05
3.935639744948241764e-05
3.902172769315778429e-05
3.812488770775751789e-05
3.902242856670563582e-05
4.223887488250359910e-05
3.939441732741144115e-05
4.003350413892858871e-05
4.148375391212969480e-05
4.052336621781815377e-05
3.808577668295302427e-05
3.926627954367184074e-05
3.806230904677854079e-05
3.833452504387859574e-05
3.919045007864826292e-05
3.820994837714564765e-05
4.148135329879641892e-05
4.200679231841290926e-05
3.847804379386334493e-05
4.392780385377249500e-05
4.021483335345562421e-05
4.132374824673545617e-05
3.874409700890989796e-05
3.809961435429093255e-05
3.863450016307557128e-05
3.871693979200354290e-05
3.926966050913259715e-05
3.829866755181753280e-05
3.785213574514154349e-05
3.866335911694828152e-05
3.846858161682545292e-05
3.766009366360396080e-05
3.918383419690392384e-05
3.850589751869284137e-05
3.972927905202206850e-05
3.822299716096626011e-05
4.243559980932521699e-05
4.244608090175664789e-05
3.914594306132539376e-05
4.080091949391137230e-05
3.920215291001942601e-05
3.886229935105746657e-05
3.865976972703449497e-05
3.839369515435724431e-05
3.801348064170982622e-05
3.829252488734676078e-05
3.880677988799213860e-05
3.858745268145474154e-05
3.848959636325220105e-05
3.980887530852070835e-05
4.029340968751356412e-05
4.017177416328758554e-05
4.026373372429292214e-05
4.141965932257450736e-05
3.810338510160698653e-05
3.871215100344725917e-05
3.802842949772329133e-05
3.832276863942981113e-05
3.922125924152156974e-05
3.862741893472438254e-05
4.189705373031961388e-05
3.836727192722324544e-05
3.912999183179334913e-05
3.833369638450672122e-05
3.794645710176553578e-05
4.160528599786647439e-05
4.093767638929850461e-05
3.990477976918057061e-05
3.812429253236359716e-05
3.872504321160582884e-05
4.198214792453296639e-05
3.838431178967479106e-05
3.958216162802158280e-05
3.872875471403178823e-05
4.035781517058562826e-05
3.941297829493602188e-05
3.781314768477672612e-05
4.052371289277557155e-05
3.833407003079873534e-05
4.182719432699009163e-05
3.861050110488549637e-05
3.790843160563291028e-05
4.007686668350190969e-05
3.912019466224640334e-05
4.006309145476603446e-05
4.008681617864605964e-05
3.830863823542742571e-05
3.922159736159861165e-05
3.853780949781136669e-05
3.919720994271857573e-05
4.299140587104693787e-05
4.168857447231339949e-05
3.913941645362276604e-05
3.829280252747979240e-05
3.786488999610245913e-05
3.860931646046490484e-05
4.138846581779777735e-05
3.927262849915523913e-05
3.842028507178490493e-05
4.016973285406304645e-05
4.015370100683055926e-05
3.829873208720862909e-05
3.846492284612918188e-05
3.778782580361580632e-05
4.362782846827440526e-05
4.079747019551000517e-05
3.843012907722788597e-05
3.891080213888382396e-05
4.029962850850861281e-05
4.121637842415945340e-05
3.923850696584223050e-05
3.820004679862841533e-05
3.923490980055667363e-05
3.997801432116982894e-05
3.836035407309197094e-05
3.928573024600177075e-05
3.935475225209731363e-05
4.055834388702276715e-05
3.813048758406293719e-05
3.872470323785575589e-05
3.894673585837651420e-05
3.899716240085854149e-05
3.850097746627839657e-05
3.940735430286543842e-05
4.035467500991351777e-05
3.889932996520098371e-05
3.802708601388875406e-05
3.848296879634918906e-05
3.810040216398366509e-05
3.990507215011951565e-05
3.994103922257985788e-05
3.828867194271067074e-05
3.876989434267167132e-05
3.822323556537834374e-05
3.854092162562388100e-05
4.584418953624544636e-05
3.935695499802076828e-05
3.940158355061422729e-05
3.960432649544822663e-05
3.828821639079311165e-05
3.813119996455761234e-05
3.761671821130371665e-05
3.960510397062911453e-05
3.840533819903887871e-05
4.351600267963465961e-05
3.921637736982553848e-05
3.961599050997628512e-05
4.117716703904608346e-05
3.947125373615714840e-05
3.945913895803685926e-05
3.762355179519860616e-05
3.816316348472190845e-05
3.993363368299125129e-05
4.017494915766407131e-05
3.860394379316932503e-05
3.839142863900078432e-05
3.890575726229786552e-05
3.805943471782009374e-05
3.890024768841409412e-05
3.951194500148539089e-05
4.238305593219582958e-05
4.083008344588204058e-05
4.059299699879800020e-05
3.919499157492354046e-05
3.861962195967309905e-05
3.990290990326669725e-05
4.046209846741954106e-05
3.849264616717454639e-05
3.988904795782490317e-05
3.798576023748761679e-05
3.860135120478301406e-05
3.829760960579154880e-05
3.767302481051392366e-05
3.936914988255873853e-05
3.868729993678314414e-05
3.898916912072462903e-05
3.871811126443905246e-05
3.887023040289883249e-05
4.048434133357185435e-05
3.889981770354974998e-05
3.972339218423524761e-05
3.837772086316962783e-05
3.893594344221565292e-05
3.822416111456512181e-05
3.932588101501792503e-05
3.854447171453849919e-05
4.085760657111475280e-05
3.853430030959996259e-05
3.803105708597475710e-05
3.830814929638031878e-05
4.124976727680750325e-05
3.897229829522321756e-05
3.845374219437594406e-05
4.197639548730144248e-05
3.971792630939573052e-05
3.868287293627160737e-05
3.854534317603075576e-05
4.051420749435978005e-05
3.837308682097278123e-05
3.894266453505058445e-05
3.963371573598151437e-05
4.006242203299850425e-05
3.880028981615065293e-05
3.900632038332361605e-05
3.892401749532718339e-05
3.882626008104705516e-05
4.126953949728159334e-05
3.841661893249446861e-05
4.185425884163999877e-05
4.073830012261230434e-05
3.814482991297623123e-05
3.933872742791573625e-05
3.841709597612610964e-05
4.180194609998655705e-05
4.087947125218207228e-05
3.927815749923798191e-05
3.869712597886401092e-05
3.843974624968978480e-05
4.124236481706830115e-05
4.023371540867943293e-05
4.130372444990388904e-05
4.185261640933216510e-05
3.887478935055466064e-05
4.037846527325328008e-05
4.207532793124322206e-05
3.850086983811061846e-05
3.824779309168337219e-05
4.140916589102349577e-05
3.836344284204544199e-05
4.022589165566676361e-05
4.010823861967228283e-05
3.820788684428372115e-05
3.942734232311312099e-05
3.814427879906075500e-05
3.849975582211627759e-05
3.799702644048515924e-05
3.870297401714940257e-05
3.818065572381068232e-05
3.918152464123627384e-05
3.799689583483362810e-05
3.849432654751567948e-05
3.837708610327764705e-05
3.959289768147912795e-05
3.776548527956912144e-05
3.731703897509210376e-05
3.972068135102984233e-05
4.515645838791009403e-05
4.164652771530980566e-05
3.859121870966422706e-05
3.833393634707360091e-05
4.095517011930655752e-05
3.903899269555691524e-05
3.892779295030278575e-05
3.931949334626569603e-05
3.831387276039581122e-05
4.148480810745697292e-05
3.853284536376748226e-05
3.964156779534539740e-05
3.802829699543776017e-05
3.833875178800790921e-05
3.787777594053289265e-05
3.913171900700495101e-05
3.934482420225781578e-05
3.854507523053826804e-05
3.819876801349370585e-05
3.900688431218931088e-05
3.899228851119755998e-05
3.808286664376313378e-05
4.084988553717647968e-05
3.875509852861777746e-05
4.135135495064253171e-05
3.906105319563495370e-05
3.945487546585686451e-05
3.866256235448240158e-05
4.345964276792958520e-05
4.043229766507425881e-05
3.843750447662723865e-05
3.915560103727370284e-05
3.960114654042653110e-05
3.812074347282847539e-05
3.824959137730714944e-05
3.770183308622698066e-05
3.863414240635917570e-05
3.879764873771251083e-05
3.863731249709582326e-05
3.882566192149033150e-05
3.917585172553165264e-05
3.889943833784918043e-05
4.057396974349709807e-05
3.850183646781169200e-05
3.838720804955347984e-05
3.937000416937659950e-05
4.010355452960560966e-05
3.857091784878938201e-05
3.931206476019059697e-05
3.851044107425351899e-05
3.858536347639941413e-05
3.878623947489120191e-05
4.208722805992821367e-05
3.942705506846730373e-05
3.910374425263850328e-05
3.822239031061745225e-05
3.893651781565226255e-05
3.784112893223093212e-05
3.802929757074133396e-05
4.131713347271938574e-05
3.937176620558014963e-05
4.395783982216968543e-05
4.063417714197144480e-05
3.887641980549114265e-05
3.918624633010441997e-05
3.880804188745882517e-05
3.869357790696389818e-05
4.389478948504265841e-05
4.180388129235721242e-05
3.788824974088236656e-05
3.806231931106709862e-05
3.916975338557562197e-05
4.144174623827862747e-05
4.006109972917907229e-05
3.804410132220396049e-05
3.974989050111278551e-05
3.871310547875719170e-05
3.916432103103626079e-05
3.840954673075207921e-05
3.928570075031661348e-05
3.893487026691779836e-05
3.774420635563149239e-05
4.206145727349753941e-05
3.903005098084111443e-05
3.854861979533253372e-05
3.884867057257206400e-05
3.842320123583459039e-05
3.861245857516301341e-05
3.929907164550348561e-05
3.793760133103904632e-05
4.104826987974292686e-05
3.865091138226866229e-05
3.883414485318130373e-05
3.910278652226869352e-05
3.809568860884353760e-05
4.079971979589500037e-05
4.078895377126758829e-05
3.983105694658205817e-05
3.824482469723572870e-05
3.785235176863356609e-05
3.792115322911601900e-05
3.800735715567115779e-05
4.309769143011772099e-05
3.839378034911708080e-05
3.873765795204535021e-05
3.927118536303870404e-05
3.811357598808647631e-05
4.075090231021812103e-05
3.854953189857324760e-05
4.011524014962213714e-05
4.008045334585924108e-05
4.426413425547424583e-05
3.874415722656630043e-05
3.889228635816414329e-05
3.922719958346229462e-05
4.484500288560637422e-05
4.025500662066765748e-05
4.225144333007933850e-05
4.011321086206245739e-05
4.071613938638186621e-05
3.863651247586845757e-05
3.841015169938254771e-05
3.801698808973857279e-05
3.885440309125241803e-05
3.838772961257589213e-05
4.212938663008185491e-05
3.994991799460863297e-05
4.003802916351013343e-05
4.102474465481562580e-05
3.886982185171949505e-05
4.362044076118667583e-05
4.190389302251483158e-05
3.875744869942123442e-05
3.887208422925635825e-05
4.280295169419436556e-05
3.794038916324699642e-05
3.828092005507939083e-05
4.216146534565749348e-05
4.208442545243710732e-05
3.867338405334826715e-05
4.048649488335243557e-05
3.917419023734683219e-05
4.441451592817112173e-05
3.845107801525793822e-05
3.873631079698330637e-05
3.883989554983484967e-05
4.342837724052766636e-05
4.015387495646752111e-05
3.916092688659256822e-05
4.403281968784819041e-05
3.780748649205743290e-05
3.831766710342070741e-05
3.875004902552613140e-05
4.045078060470927683e-05
4.232280472888678432e-05
3.944526345204631736e-05
3.960564038087561041e-05
3.800899648742638059e-05
3.822583997711734928e-05
3.840328292848974376e-05
3.832586508808142071e-05
3.811523052319077006e-05
3.781081313352549061e-05
3.945492413607832948e-05
3.948487374340772067e-05
3.898937805434441714e-05
4.288251559041032546e-05
3.925377721311748471e-05
3.938320611701868828e-05
4.405897350476274801e-05
3.952333723447224801e-05
3.836065869155203206e-05
4.030280045411449845e-05
3.977042802138650230e-05
3.983007273411455149e-05
3.826158283091037017e-05
3.774877410167840660e-05
3.819858138013282692e-05
3.801618918249789726e-05
3.918025097964129296e-05
4.139951156757541142e-05
3.823742724791448332e-05
3.938876822023178892e-05
4.175040248239257309e-05
3.931065575920716362e-05
4.033273235298388609e-05
3.811442675143669360e-05
3.995202884611129030e-05
3.803186133975465012e-05
3.875229047543312630e-05
4.082630106851356283e-05
4.354579742263642420e-05
3.925250750240248481e-05
4.079080042837084910e-05
3.860819453061535778e-05
3.921601385573812932e-05
3.875998005205319024e-05
4.120840781935431190e-05
3.985725415332431662e-05
3.874839356032010499e-05
3.741562821126696918e-05
3.842811145940347304e-05
3.802699422089248144e-05
3.971870631122680604e-05
3.897437787102107058e-05
3.857102474271824398e-05
3.906255145669686868e-05
3.814247741305331268e-05
3.879268542014796360e-05
3.925232690653781279e-05
3.881712970755842599e-05
3.885956084704308489e-05
3.757735993439946764e-05
3.843602180625471448e-05
3.920830026087836385e-05
4.028664723205979041e-05
3.984488380541210175e-05
4.149912331520274543e-05
4.453377906348917801e-05
3.894394444005229688e-05
3.912431847021918357e-05
3.867443728698871294e-05
4.239269615866522972e-05
3.962631550570147647e-05
3.832010536231751608e-05
3.844875296377570935e-05
3.857684629583857491e-05
3.802193609991256525e-05
3.746494572081358367e-05
4.174197336477267260e-05
3.914973206131505803e-05
3.928241490249682742e-05
3.750453136544915105e-05
3.771287313229932509e-05
4.107184603140933815e-05
3.882021191130298314e-05
3.866644199782973341e-05
3.764374777893217118e-05
4.075539188952716197e-05
3.963634867318219609e-05
3.915134639337321194e-05
3.963883438139779119e-05
4.008337564177950478e-05
3.865277962634561389e-05
3.960206314001873761e-05
3.922814287870838088e-05
4.004264133800509653e-05
3.847046004173695991e-05
3.842732774550693890e-05
3.896519958691945770e-05
4.239109750007749800e-05
3.863373469003625321e-05
