1.397827973023366699e+00
1.100415857201325176e+00
1.069557819806212118e+00
1.066239612575070606e+00
1.062942092565448471e+00
1.064206710150034763e+00
1.065297996586396456e+00
1.064763615669351182e+00
1.063310509393785575e+00
1.065262678483480885e+00
1.064789704610357601e+00
1.065205792215815128e+00
1.064690921928885370e+00
1.062921810871526374e+00
1.063688192273584132e+00
1.062580036126825167e+00
1.062934742749848782e+00
1.064148746065123996e+00
1.064447963902151795e+00
1.064435627717209343e+00
1.062622490250405782e+00
1.061418369248380289e+00
1.064071589791788286e+00
1.064360742029178963e+00
1.063144772687702577e+00
1.063463160359851445e+00
1.063695074971327426e+00
1.063326797070882845e+00
1.062367355473048613e+00
1.067064998864177161e+00
1.066306260286757457e+00
1.065547649682151432e+00
1.063489997404069687e+00
1.064069754978437032e+00
1.064220803430149909e+00
1.065226711155010664e+00
1.064870816853661806e+00
1.062194280038769811e+00
1.065863531782745843e+00
1.064759393319404390e+00
1.064622337608392533e+00
1.066606228434708648e+00
1.063417824349001339e+00
1.065256223561709126e+00
1.064959158206692846e+00
1.062628750667895972e+00
1.063900132799690423e+00
1.064708281541156376e+00
1.064200677173503307e+00
1.062884160390808130e+00
1.061955785333815516e+00
1.062721371376901924e+00
1.064563103312786696e+00
1.062541000373848465e+00
1.063565315548557599e+00
1.063584219424365207e+00
1.062832714581059879e+00
1.064212852983633661e+00
1.064321931780938035e+00
1.063830738767124862e+00
1.064965207117381407e+00
1.064881045464302067e+00
1.063386258809279061e+00
1.064496512053666688e+00
1.064727496941335394e+00
1.063006206776548224e+00
1.064153583914277057e+00
1.062722724008079433e+00
1.063847384180892197e+00
1.065410394657555493e+00
1.063820115910285802e+00
1.064720260334176549e+00
1.063092913437092779e+00
1.061231030680301224e+00
1.063608895303734592e+00
1.062926977136147588e+00
1.063231930419635596e+00
1.063394773889725808e+00
1.064445239151448508e+00
1.063875814263848252e+00
1.062218090344204890e+00
1.063403318849266643e+00
1.065556776208288703e+00
1.063807434944775476e+00
1.062450242785601295e+00
1.062894721244813434e+00
1.063312119372603393e+00
1.063022284550023233e+00
1.062222488104325180e+00
1.063263903639557917e+00
1.063133365960722276e+00
1.063705316918005517e+00
1.064326755985676165e+00
1.062980234103034549e+00
1.063151011174543470e+00
1.064002248614787094e+00
1.063305670596914387e+00
1.064982382307419595e+00
1.065808836964831752e+00
1.064764508578055491e+00
1.063809946412841434e+00
1.064462443517334878e+00
1.064111770027645454e+00
1.064885352023122955e+00
1.064819628975146593e+00
1.062548071946442629e+00
1.062946232794464541e+00
1.064492690192165858e+00
1.063095908622344821e+00
1.062995235833261276e+00
1.062101856092475760e+00
1.063776780045791570e+00
1.063668131650154391e+00
1.067448270772959562e+00
1.066940917127199739e+00
1.061998857679406161e+00
1.063747734773904385e+00
1.066648720096156300e+00
1.066255228229570751e+00
1.064821847687203338e+00
1.062437507308328977e+00
1.063887550101778157e+00
1.063498268699583305e+00
1.066531657539079969e+00
1.064825963811972809e+00
1.063001050169190664e+00
1.061544286106346657e+00
1.064439497195969420e+00
1.064169771461918268e+00
1.064124923513354304e+00
1.063591062763650674e+00
1.063783470357581917e+00
1.064264992728653381e+00
1.064102174803542411e+00
1.063681091853380556e+00
1.064651517392001256e+00
1.056562139894060115e+00
1.063460219817153440e+00
1.064592211865862170e+00
1.063607081732466986e+00
1.064876817142509369e+00
1.063915392947003324e+00
1.065984974544193609e+00
1.063742197637939313e+00
1.064524881088127151e+00
1.062470733510750387e+00
1.061958881069770433e+00
1.062672205143992077e+00
1.061929009298210769e+00
1.064713217652983435e+00
1.062789694353122316e+00
1.061892304137822096e+00
1.066129483081330820e+00
1.063605453318210659e+00
1.063972679102043184e+00
1.064194138074043172e+00
1.064028172665011596e+00
1.063326653761936358e+00
1.063548658546105807e+00
1.064208157739603200e+00
1.063989255169738080e+00
1.062803350752755671e+00
1.062826065243958729e+00
1.064517535894037525e+00
1.064251122133997862e+00
1.063686443140109850e+00
1.063985154705407332e+00
1.061449056600195284e+00
1.065911278456818767e+00
1.062686451443753288e+00
1.064336619261226691e+00
1.062050643553438034e+00
1.064952848007691077e+00
1.064738131769241036e+00
1.063834716918939050e+00
1.063685478001862306e+00
1.063001836328345995e+00
1.062625457579041033e+00
1.065477806295578089e+00
1.063040335480376353e+00
1.061865146293651030e+00
1.063389396392809383e+00
1.064959774209866650e+00
1.063840889484120034e+00
1.062940826948257200e+00
1.061457420625733006e+00
1.063057868141557893e+00
1.062636665260092705e+00
1.062299120768850580e+00
1.062213318576049614e+00
1.061775069976603536e+00
1.064377547015559866e+00
1.064010439592883106e+00
1.064400776183694219e+00
1.061646270834119665e+00
1.064074963738948165e+00
1.062690117751948105e+00
1.063989932670721172e+00
1.065246798298926434e+00
1.066414346442203120e+00
1.064028156684965420e+00
1.061561891795439472e+00
1.064089854837863669e+00
1.066906046817218900e+00
1.064685523078872986e+00
1.063699808975215211e+00
1.064893934547374688e+00
1.063486905581320752e+00
1.048358792441988374e+00
1.065513237121573420e+00
1.064332747901973297e+00
1.060654344446035902e+00
1.062851662509119111e+00
1.064186806009864927e+00
1.066113426967281619e+00
1.063568067869940847e+00
1.065486653672475192e+00
1.064859136645708970e+00
1.063269849361288655e+00
1.063322333370504413e+00
1.063269509867275087e+00
1.064861795962476654e+00
1.063233556316636186e+00
1.062110774397192037e+00
1.061169905944856495e+00
1.063528421583935790e+00
1.064666406495378137e+00
1.063182150737511211e+00
1.064712672530152560e+00
1.063952958393839410e+00
1.062117954738161396e+00
1.061932084229290307e+00
1.066380753750366006e+00
1.060760924103290259e+00
1.064514652710477849e+00
1.063207339159811360e+00
1.061988082389499821e+00
1.064608531984198692e+00
1.063169966411457557e+00
1.064007442932931591e+00
1.062886623122796470e+00
1.064119326183581071e+00
1.064219310776355121e+00
1.065347845237632374e+00
1.064897389364022784e+00
1.062479005340789318e+00
1.062575544565461216e+00
1.062085140564256847e+00
1.061704108146084735e+00
1.065913123982225930e+00
1.065296358029894419e+00
1.065171316586150940e+00
1.064247243421198474e+00
1.062957926711101120e+00
1.064535916058150233e+00
1.065851435124791191e+00
1.064937367719224870e+00
1.062932731131787545e+00
1.063321703261269402e+00
1.063194908836676555e+00
1.065515733846730484e+00
1.062598640317769627e+00
1.062888831402678536e+00
1.064095627848221870e+00
1.063398851334024453e+00
1.064005026919922381e+00
1.065154353628636086e+00
1.064569534708340814e+00
1.062409959713920493e+00
1.064058217319179711e+00
1.063133709265968507e+00
1.063606919075413382e+00
1.064297781782624686e+00
1.063663779090901373e+00
1.063285198816992239e+00
1.064882136355194131e+00
1.064810277213344980e+00
1.063012924157345163e+00
1.061222750716558583e+00
1.062013696018390796e+00
1.064211796130619447e+00
1.063790303600193443e+00
1.064319283734115995e+00
1.063036486445307904e+00
1.062076578594931986e+00
1.062651862452675733e+00
1.065335423673668513e+00
1.063288828541356645e+00
1.063795887494214165e+00
1.062973438777257140e+00
1.064543744395673786e+00
1.064278044579103799e+00
1.062237511608215224e+00
1.064566560197710565e+00
1.063300910247438225e+00
1.064852604720195606e+00
1.065219336253838689e+00
1.065323641877049976e+00
1.064567578536233405e+00
1.064250678251920768e+00
1.063899031774689918e+00
1.063443677597173842e+00
1.065133069188510362e+00
1.064645750151123282e+00
1.064443580920698018e+00
1.063257259127286192e+00
1.064089498523945965e+00
1.064459749879217432e+00
1.063545636448477882e+00
1.061636694036653727e+00
1.063388654651559406e+00
1.063799430209496188e+00
1.062674367748237758e+00
1.064248704669474854e+00
1.064057615333925844e+00
1.064748342524856728e+00
1.063461767647482459e+00
1.063467910670424788e+00
1.065690739459700609e+00
1.063437487857127550e+00
1.062725598765069890e+00
1.064965088321809139e+00
1.064782576200604014e+00
1.061905336961424196e+00
1.062448351173492123e+00
1.062250579675830364e+00
1.062035055526856286e+00
1.060979673617279628e+00
1.063492324337403705e+00
1.065908197773231869e+00
1.060380476020448270e+00
1.065374495610303951e+00
1.065480007330571244e+00
1.063601988812098664e+00
1.062878961474608142e+00
1.063308700963988107e+00
1.065344709620817509e+00
1.065309770680489931e+00
1.065534398789218073e+00
1.061927992986992919e+00
1.062547058064078120e+00
1.064202065655704299e+00
1.064306879387701077e+00
1.065486089089231481e+00
1.061994535394022554e+00
1.064219985664061285e+00
1.064137404183453928e+00
1.063491710158999792e+00
1.061727751648162910e+00
1.063598832385775239e+00
1.062320178029587669e+00
1.064711667156250430e+00
1.065823004289608189e+00
1.061772081001167489e+00
1.062807074557410969e+00
1.063691715117232039e+00
1.063691559778781270e+00
1.063962924778504959e+00
1.063947538223497968e+00
1.065055985354087298e+00
1.064284975471515127e+00
1.063644391510800702e+00
1.064205896296405385e+00
1.064181042215327500e+00
1.063702228071102818e+00
1.063218229740997112e+00
1.062220945491300972e+00
1.063326931017102961e+00
1.064550042992836287e+00
1.063620627157530807e+00
1.063511423471430684e+00
1.063613247740842649e+00
1.064788445009537066e+00
1.062792225159413961e+00
1.063187992100760093e+00
1.062187122561863095e+00
1.064842397193912493e+00
1.062956935659658875e+00
1.066119077096276291e+00
1.064513181225838601e+00
1.063143283419573537e+00
1.064623388726868347e+00
1.064887002060215693e+00
1.064021453013845431e+00
1.063302677987353562e+00
1.064246270518101500e+00
1.063585178736374148e+00
1.063585878435537646e+00
1.064301574332463529e+00
1.063502674842686346e+00
1.064882651433051164e+00
1.066326365872285464e+00
1.063145923035785589e+00
1.062568553743108435e+00
1.064038309042854680e+00
1.064814895061124034e+00
1.064201792757769161e+00
1.064388907665563710e+00
1.064108030680063433e+00
1.064726516707451776e+00
1.064674318226662919e+00
1.063617309813775114e+00
1.061947110625722335e+00
1.063990267864863171e+00
1.063628057858816200e+00
1.062164425302207782e+00
1.063144215079801835e+00
1.063272918172333492e+00
1.064439996888190354e+00
1.064306017597139720e+00
1.063002828830379665e+00
1.063472710689401524e+00
1.064380215988084855e+00
1.061964553841126424e+00
1.063947479166691412e+00
1.063614128087184696e+00
1.063016310521067265e+00
1.065692345268089980e+00
1.063106141094809276e+00
1.064585483921985265e+00
1.065865581559001463e+00
1.062940108321454025e+00
1.063624821240346963e+00
1.062990977624436839e+00
1.063009146077509959e+00
1.063391318791786055e+00
1.063704130714910434e+00
1.064278041821809850e+00
1.065741348220367035e+00
1.064874999789659160e+00
1.063149397690497544e+00
1.064638194533414017e+00
1.063526387981562848e+00
1.064623472084946565e+00
1.065485135051711607e+00
1.063385617631809499e+00
1.064000955091716438e+00
1.064028178347398379e+00
1.063289645517229598e+00
1.064537909129643856e+00
1.063925378696025215e+00
1.065685371339353926e+00
1.063146680936150279e+00
1.066269623247818599e+00
1.063375474254843578e+00
1.062973027256766345e+00
1.061349224742326847e+00
1.063686609451268472e+00
1.063827274128147149e+00
1.064332662494325010e+00
1.066260996611522627e+00
1.064563619983557752e+00
1.066025648237283407e+00
1.062910718174834512e+00
1.063794653803644463e+00
1.063694263110189553e+00
1.064770543442085549e+00
1.064177772081578377e+00
1.064375830223616370e+00
1.062721793978178120e+00
1.066134073667692528e+00
1.063531704456253113e+00
1.062373879704019197e+00
1.065094025375873388e+00
1.063218041060759456e+00
1.065280616445087203e+00
1.061536533015644101e+00
1.064387183612013121e+00
1.064335832123957326e+00
1.064627679378927994e+00
1.062795800884276165e+00
1.063531476500134687e+00
1.063075592141420556e+00
1.063664166486491203e+00
1.064962222554915794e+00
1.066325247034534129e+00
1.062252810081985466e+00
1.064246306771814421e+00
1.062605025729240760e+00
1.065517690194808020e+00
1.064098852074786938e+00
1.061254740370253025e+00
1.048835845320281290e+00
1.070625094770245589e+00
1.064394239952628274e+00
1.065527931603798217e+00
1.062242152296053455e+00
1.063502701035676568e+00
1.064281633645325797e+00
1.064845450302960295e+00
1.063344058560307115e+00
1.064004672606243540e+00
1.064135937279971245e+00
1.063572267013976003e+00
1.061358898406234097e+00
1.064269514782257398e+00
1.063482275678917510e+00
1.064256917892186127e+00
1.063849579608403761e+00
1.065255446140729312e+00
1.065521648769434115e+00
1.062994864108488757e+00
1.063576514327595701e+00
1.065028344712391828e+00
1.063700269225889894e+00
1.063360229551112646e+00
1.062291053507177008e+00
1.064494380492869041e+00
1.064190785478241530e+00
1.065136530069045628e+00
1.062319751161429071e+00
1.065790247646628552e+00
1.063696550146797648e+00
1.064817785914262460e+00
1.065703634283445389e+00
1.062401422267052808e+00
1.062438120574963785e+00
1.061490142357152777e+00
1.067593284414510180e+00
1.065218077064508773e+00
1.065372316792167595e+00
1.063295661678727466e+00
1.065306355829749085e+00
1.063930502190613137e+00
1.062412816361731904e+00
1.064964205749372450e+00
1.065022269802416988e+00
1.064002637961998010e+00
1.064150465071951546e+00
1.064526437966678785e+00
1.064963337371231056e+00
1.063517257383620684e+00
1.066662286925224246e+00
1.061980778761521860e+00
1.064130231345737476e+00
1.065117363041444332e+00
1.061130652140276132e+00
1.064924865311108082e+00
1.063324625257834555e+00
1.065504756070021930e+00
1.062903992104679229e+00
1.065117000595002361e+00
1.064248347354010304e+00
1.062673476138314310e+00
1.064100558966910137e+00
1.064100724747205851e+00
1.065075482822604114e+00
1.062410744466261159e+00
1.066795647001847591e+00
1.062776387806429579e+00
1.064327018745092390e+00
1.065022418682252781e+00
1.065001961530289698e+00
1.064878067732141220e+00
1.066216424317343980e+00
1.062137078268095669e+00
1.065127817595055149e+00
1.063886594706423105e+00
1.062251031111631772e+00
1.064192357322787386e+00
1.063318283523602581e+00
1.063176984568416916e+00
1.063449611956648777e+00
1.064548045743153537e+00
1.063072244101132879e+00
1.063317572828967661e+00
1.066361810771925489e+00
1.063425502333146255e+00
1.066290500579362810e+00
1.061575380346469144e+00
1.062651916105217476e+00
1.063817962924754612e+00
1.063779670375820663e+00
1.063379802728684043e+00
1.062543313107024767e+00
1.064681862290482561e+00
1.062553142038247245e+00
1.062212383841552477e+00
1.064032154695885524e+00
1.065432764340135341e+00
1.063399026705111217e+00
1.064971600949592645e+00
1.064407914262667232e+00
1.065235455892926897e+00
1.062919455310577188e+00
1.063571761694477535e+00
1.063723711540128569e+00
1.065224559132011528e+00
1.062233775911121336e+00
1.063236651322436055e+00
1.064248067908758699e+00
1.064043865567392055e+00
1.063072563793100445e+00
1.063957892407782380e+00
1.063539701421529093e+00
1.065370125742093554e+00
1.061314739080983172e+00
1.062524189564554966e+00
1.065108710584666607e+00
1.066260896077707576e+00
1.063508635690185278e+00
1.065375642079058993e+00
1.064042449897466547e+00
1.062453050641855690e+00
1.064161075812799284e+00
1.064271365891865662e+00
1.063822632979442240e+00
1.062004552609152830e+00
1.065457663371294883e+00
1.063217183090509943e+00
1.062829098065819045e+00
1.061316830200798478e+00
1.066029461692135083e+00
1.061802028949591525e+00
1.065589915726377068e+00
1.063774967731748955e+00
1.063268941877678619e+00
1.065461414575024301e+00
1.063285716340601317e+00
1.063602972629887455e+00
1.065428191324331308e+00
1.065378008148924138e+00
1.062525835937224272e+00
1.063597713570920700e+00
1.063723262583796236e+00
1.063708865507284163e+00
1.064215321344192278e+00
1.064819236638638866e+00
1.065727334754908773e+00
1.065245210166583911e+00
1.064055644522274857e+00
1.064410084841285409e+00
1.062850636849139496e+00
1.064978938930990493e+00
1.063273853567435756e+00
1.065408887929163662e+00
1.064141770455222735e+00
1.065131837036742635e+00
1.061576531904830478e+00
1.064184771388374084e+00
1.063895428003475585e+00
1.064215308419612427e+00
1.063737261590262051e+00
1.061945441609592367e+00
1.062151163498569861e+00
1.064559073800027234e+00
1.064058470214495955e+00
1.063688746763239212e+00
1.062873637369175839e+00
1.066315350227912351e+00
1.061990943798277742e+00
1.061234972922079134e+00
1.066307910631189682e+00
1.064850820512288410e+00
1.062299944387188777e+00
1.062686444339389968e+00
1.064181478582927998e+00
1.065917696717585184e+00
1.064931217041057421e+00
1.065181280261422447e+00
1.064312508334187779e+00
1.066259846195394489e+00
1.063976883875218382e+00
1.062825502274624245e+00
1.063123394325315108e+00
1.065197276057007869e+00
1.063096959557748855e+00
1.064248724481074104e+00
1.065032146694062654e+00
1.065794011086506732e+00
1.061328875548513295e+00
1.064519533299833176e+00
1.064435488384472661e+00
1.064427106702356518e+00
1.063727956404267205e+00
1.062463807630172008e+00
1.063369474358278222e+00
1.065867997801883682e+00
1.062774327689361309e+00
1.062833856369387986e+00
1.065137400822131264e+00
1.064979183479687119e+00
1.064661641167634842e+00
1.064599890493052037e+00
1.065029094297079482e+00
1.063886554356732850e+00
1.061707418013508653e+00
1.061964878168187632e+00
1.066540061946276818e+00
1.066647183138105914e+00
1.063602862774447377e+00
1.061085363041298413e+00
1.062506577295212695e+00
1.061801407588833124e+00
1.064296302388507032e+00
1.062578011027761615e+00
1.064285748997379377e+00
1.063679559693634813e+00
1.063068479565672186e+00
1.061660053477191390e+00
1.064293710960015682e+00
1.065477326057459040e+00
1.061787640249273190e+00
1.063257480024444090e+00
1.064046699199899360e+00
1.065366736250219493e+00
1.064826865908953035e+00
1.062390251495052285e+00
1.065986405088098277e+00
1.062347473743832538e+00
1.065501181823759191e+00
1.064370656687332994e+00
1.063413360516011430e+00
1.063690461874788662e+00
1.064114279483861170e+00
1.063614341526293972e+00
1.063821670001692032e+00
1.063328973167354974e+00
1.066429766254510358e+00
1.065298227988065616e+00
1.063219168070213660e+00
1.065143919003398443e+00
1.062968836136868767e+00
1.065401500535503976e+00
1.062904787861111533e+00
1.064479259888249318e+00
1.065381608004104752e+00
1.062988227753623116e+00
1.064090712457790744e+00
1.062096864699705101e+00
1.063672892213518795e+00
1.064126654648240189e+00
1.061774721467734439e+00
1.063248460067104384e+00
1.063284298499871383e+00
1.064084109260106326e+00
1.065707409241600123e+00
1.061897631016164523e+00
1.066072119932152562e+00
1.066904112200267818e+00
1.064712577508533542e+00
1.063939505893543247e+00
1.063589487448653781e+00
1.065381776992183838e+00
1.062657942282800194e+00
1.064417438504077218e+00
1.064361982471192070e+00
1.063714614880407971e+00
1.065601770817767857e+00
1.062269876921883460e+00
1.064681459446160661e+00
1.063048566695443231e+00
1.064389531076611162e+00
1.064075048252838052e+00
1.061723024123749637e+00
1.063767715857844687e+00
1.063993810301664622e+00
1.062757042749233882e+00
1.064708935214872865e+00
1.062054418517955012e+00
1.066173566960359365e+00
1.062778228143278714e+00
1.065261955891469769e+00
1.065309940876936867e+00
1.060565399159421718e+00
1.063842576761087511e+00
1.063720002223771388e+00
1.061946948298685633e+00
1.065240567248317838e+00
1.064028655204502183e+00
1.063157863971072370e+00
1.064048304104335596e+00
1.066360175595860493e+00
1.064024592128314239e+00
1.063558230410098115e+00
1.063299799197694018e+00
1.065281931638635049e+00
1.064167993358728248e+00
1.061997152162045932e+00
1.062942314339686556e+00
1.064533965543637883e+00
1.063325672204725292e+00
1.064339444304681193e+00
1.063831503507776333e+00
1.062947280423178098e+00
1.066015363347243117e+00
1.062480277444440180e+00
1.065501178884880717e+00
1.061366372103769384e+00
1.064757346701821206e+00
1.063996608604037997e+00
1.064866346163453326e+00
1.064377544925089403e+00
1.061780510649832809e+00
1.063702153186491861e+00
1.062492138259266028e+00
1.063770055034484630e+00
1.064308642856721665e+00
1.063899571871237404e+00
1.064249494815969532e+00
1.063480403256624518e+00
1.064633038322167824e+00
1.062612928856411898e+00
1.065253813150536910e+00
1.064758605015410753e+00
1.063925036016502457e+00
1.063556952442517245e+00
1.064580959004491678e+00
1.063202048603981487e+00
1.064282733111898027e+00
1.062288079516098493e+00
1.065687729052761989e+00
1.063329203657272126e+00
1.061214737630923777e+00
1.064444808109775709e+00
1.063522274327323380e+00
1.064430703476082263e+00
1.062404244941671072e+00
1.063583024168779811e+00
1.064496128724490953e+00
1.063339192000345212e+00
1.062377879160613325e+00
1.061921215235214211e+00
1.064558210315299291e+00
1.064387700744636289e+00
1.062812138592752920e+00
1.066026301570724311e+00
1.064236685529020843e+00
1.065147395413288844e+00
1.066192202991085081e+00
1.062472879695315564e+00
1.063652566217073048e+00
1.062466943936179575e+00
1.064067002586110755e+00
1.065725639346093878e+00
1.065167121844636799e+00
1.064758398479493717e+00
1.063015927473007549e+00
1.065652826256509700e+00
1.064119434080793125e+00
1.064621418069562120e+00
1.062475232421529858e+00
1.062907961096252407e+00
1.062721982295451673e+00
1.061988298421127519e+00
1.061935751291323449e+00
1.064636452167103897e+00
1.063908976562087938e+00
1.065152161175200840e+00
1.064433253553280556e+00
1.064084089387131282e+00
1.064735436261819324e+00
1.062095946992885898e+00
1.062763440701571582e+00
1.064372374593831383e+00
1.062960997924097262e+00
1.065050085226759258e+00
1.062717598160646260e+00
1.065867045603537067e+00
1.064222561983061199e+00
1.065128427661550026e+00
1.063378746134351793e+00
1.063662913747741579e+00
1.065599873468096703e+00
1.065139391167033933e+00
1.064311608126358610e+00
1.063362215576172831e+00
1.064901414612001496e+00
1.064011668128366672e+00
1.065941632399560524e+00
1.064366858639742119e+00
1.061478975109594991e+00
1.063014484165617723e+00
1.062156021674670603e+00
1.062867764438755858e+00
1.065876349152001135e+00
1.063295717286936615e+00
1.065618758463820592e+00
1.063294655733646232e+00
1.064058181227698130e+00
1.067243245773950466e+00
1.063805491013601223e+00
1.064092665444132502e+00
1.063856309627253749e+00
1.063916812794739153e+00
1.063907987392801902e+00
1.063929876361284776e+00
1.065955418084161499e+00
1.062984457059054311e+00
1.065631880754626337e+00
1.062160151701045496e+00
1.066143678613961532e+00
1.062983355929301599e+00
1.063012094004489372e+00
1.064015091400602131e+00
1.064048570940196337e+00
1.064119963785077116e+00
1.064859089995791042e+00
1.063938496469853501e+00
1.066156208527667459e+00
1.062115830261423755e+00
1.064148988616773650e+00
1.062390434320759969e+00
1.060179142599774860e+00
1.063919678364218857e+00
1.062394134095822507e+00
1.066295506895710954e+00
1.061733882844003052e+00
1.064008539585443058e+00
1.063205636649315444e+00
1.065064616068684744e+00
1.064227595232788426e+00
1.061745022537267547e+00
1.064743218435734828e+00
1.061574590276342267e+00
1.063397146838709784e+00
1.062391268721750048e+00
1.064196283556394507e+00
1.062723298444581577e+00
1.063389621173071342e+00
1.065084899419036946e+00
1.062724606116760118e+00
1.063006184376755314e+00
1.064608049980956039e+00
1.065038240635655109e+00
1.064085691506221787e+00
1.062824202724164113e+00
1.065675043690157642e+00
1.063775052141077371e+00
1.062712254607222073e+00
1.064060449938440289e+00
1.063087220910373887e+00
1.061863809563056371e+00
1.062600863240315885e+00
1.065579546164859837e+00
1.063103205999774703e+00
1.064625646107719703e+00
1.063230621770661299e+00
1.064475171489588368e+00
1.063190285806468793e+00
1.062236965395151556e+00
1.064096813047822110e+00
1.065538167872801756e+00
1.063574735380923286e+00
1.062533282959265746e+00
1.063873684759481630e+00
1.065425094775966475e+00
1.063322089979795937e+00
1.065705613775861149e+00
1.065085382723765406e+00
1.064354998757683468e+00
1.063889467466047289e+00
1.065642731052761416e+00
1.064884078472193796e+00
1.063858154225656438e+00
1.065373371392569712e+00
1.063055583925951453e+00
1.064568768284343436e+00
1.063466481294561339e+00
1.064934643001018921e+00
1.065227583161115765e+00
1.064521682743496012e+00
1.064050473728656687e+00
1.064810392407309125e+00
1.063971994698633017e+00
1.061952585918366720e+00
1.064981066199669035e+00
1.063470837532177971e+00
1.062238180309982960e+00
1.064088629952354204e+00
1.061944514478496027e+00
1.064874769336991100e+00
1.064531933436507538e+00
1.064916832948061387e+00
1.063567217144148147e+00
1.062579899454433985e+00
1.062165076331721636e+00
1.065307538318540637e+00
1.063725249151035834e+00
1.065875834701837777e+00
1.063275177060576837e+00
1.062043886888335287e+00
1.063090297954744967e+00
1.065279101486589663e+00
1.062716377569122850e+00
1.064304153409969755e+00
1.062672035517659097e+00
1.064276661754708142e+00
1.061904617642678517e+00
1.064380622133296983e+00
1.065592948652537730e+00
1.063894833791354744e+00
1.063285197762899426e+00
1.063914454682581834e+00
1.062173949819371410e+00
1.062923408997687336e+00
1.063475639506514359e+00
1.062595935103600064e+00
1.063729957832808548e+00
1.064837944715834039e+00
