6.108894100167001288e-05
4.022514677471673145e-05
4.114061480337697290e-05
4.000954182342042242e-05
4.306008966238162266e-05
3.944897658759146053e-05
4.202083712712278312e-05
4.067609901942999289e-05
4.063111272857864641e-05
4.261290421873138219e-05
4.064100318145677922e-05
4.042820078011777839e-05
4.016467957808782420e-05
4.089504533759655877e-05
4.091411610281309522e-05
3.984319735681796543e-05
4.010924813962351182e-05
4.011463394916771319e-05
4.175404693100929072e-05
3.965493993921813019e-05
3.970950758064375081e-05
4.028431433281922291e-05
4.035893087476011629e-05
4.044629441105027258e-05
4.047313370111849887e-05
4.175235226951039220e-05
4.190671728428991503e-05
3.952241091253576717e-05
3.997248321626980269e-05
4.227298984253431111e-05
3.996838364549726839e-05
4.055360059097115101e-05
4.106676281650519606e-05
4.167274383808455504e-05
4.022963787316326966e-05
4.045206336940356098e-05
3.967970971752675640e-05
4.087596159370269892e-05
4.053232777355743208e-05
4.010259716606189657e-05
4.037018273844505739e-05
4.275764144194228375e-05
4.050391513587708631e-05
4.186213499062282618e-05
4.006234229500014137e-05
4.238433517739823264e-05
4.059298622017141274e-05
4.156975657175567853e-05
4.098723537425797927e-05
4.116251314602168343e-05
4.105011823165629210e-05
4.102266426002454343e-05
4.125607087427348368e-05
4.083372934403363375e-05
4.119013089110208533e-05
4.093253161302335785e-05
4.043148011498570450e-05
4.065068328308638030e-05
4.053954381279464023e-05
4.046391016709484476e-05
4.149102361128864414e-05
4.021329928818842585e-05
4.088951863229880383e-05
4.121895104921958586e-05
4.127514249797231173e-05
3.964191890859673160e-05
3.972365943842096872e-05
4.049563783550064812e-05
4.177851347286102386e-05
4.258056855858140244e-05
4.033305013394336471e-05
4.162993426852805765e-05
4.045241621988525664e-05
4.017253112319389501e-05
3.977505087055887531e-05
4.163662266828378831e-05
4.129906528161186147e-05
4.157353451973774675e-05
3.981799685550842634e-05
4.038700194769861935e-05
4.015851921440470362e-05
3.952040506618277257e-05
4.164182444882824803e-05
4.077652765340139052e-05
4.091608018857286958e-05
4.255736629838356499e-05
4.094598509362447233e-05
4.147711159018913188e-05
4.158819454936347180e-05
4.128947428667916890e-05
4.211291997219741335e-05
3.960190695322794203e-05
3.980441268698954886e-05
4.029667461270836239e-05
4.197308204577178051e-05
4.007993648005477163e-05
4.374058863048154729e-05
4.198138108703745896e-05
4.084300028504344790e-05
4.099169236581757251e-05
4.015288497789359072e-05
4.019750013878209557e-05
4.000047335508951035e-05
4.002535270330296902e-05
4.056616778173868174e-05
4.007165669967244773e-05
3.984418726789487603e-05
4.211677835697558072e-05
4.096618912118687821e-05
4.283858506134312799e-05
3.982632488907176925e-05
4.127577550109981307e-05
4.114651104597656883e-05
4.317359873549868180e-05
4.078288451566147629e-05
4.086580020542355282e-05
4.042668479886475847e-05
4.063814900870037732e-05
4.051708724866592533e-05
4.129272993916842540e-05
4.059076270249189811e-05
4.076045808254604640e-05
3.999837867628940058e-05
3.994764937862230192e-05
4.109954094797623310e-05
4.061224200301203436e-05
3.997922216175369949e-05
4.353162427492508941e-05
4.166306568345845259e-05
4.225670773319526715e-05
4.133637365918225499e-05
4.092588127721846964e-05
4.016886209466971169e-05
4.198576739128858791e-05
4.198820030198982311e-05
3.989931592695959993e-05
4.266632394130532023e-05
4.032798342845412442e-05
4.174594332843928909e-05
4.076409100235027277e-05
4.002826916449980159e-05
4.112459724826117018e-05
3.956347081010283203e-05
4.062643521207132417e-05
4.041226430878159273e-05
4.048824006916705619e-05
4.072924122684466790e-05
4.264397968730876046e-05
4.018531379433479093e-05
4.186148705165264176e-05
4.031597261745790262e-05
4.112875455544291818e-05
4.366551803842270860e-05
4.071355125199847694e-05
4.047406763752296868e-05
4.046846694280169834e-05
4.057947958260265363e-05
4.008358057742806798e-05
4.012898058378296784e-05
4.052057887592885904e-05
3.986616671979315029e-05
4.019818804820052299e-05
3.996322215261509370e-05
4.055013670678291412e-05
4.385085884047177821e-05
4.256535819075149703e-05
4.249528934802927966e-05
4.059202655292096121e-05
4.066825711761034917e-05
4.169932837931319085e-05
4.058185499221965214e-05
3.993139232588135750e-05
3.954234581552194496e-05
4.056496987347244773e-05
4.090855412419032829e-05
4.221023845482659432e-05
4.068238908582123446e-05
4.071997049416656447e-05
4.044306037356713352e-05
4.058913930527224026e-05
3.950323686524070309e-05
4.089287972871811664e-05
4.278720666412627111e-05
4.174536887137269745e-05
4.070895165086581415e-05
3.998906970612916715e-05
4.040462699132641301e-05
4.129856261152963323e-05
4.050869176691500372e-05
4.052856535300038561e-05
4.077942670715953950e-05
4.061455488883938651e-05
4.062311560457665258e-05
3.983126598261066393e-05
4.014010426379548542e-05
4.237926611162913342e-05
4.236481428553180766e-05
4.060054623470286635e-05
4.207283552834627797e-05
4.088920473689212730e-05
3.985657808736103375e-05
3.982424908414167598e-05
4.048277140288891615e-05
4.185138472942119607e-05
4.033285982580051048e-05
4.272998722719857368e-05
4.170201518742738063e-05
4.016443826028721599e-05
4.067450443757831413e-05
4.207491443512305872e-05
4.042936536585679331e-05
4.029308919820098533e-05
3.988805654601961800e-05
4.014004700190818952e-05
4.033885721356702826e-05
4.172001349384113597e-05
4.267478281256024877e-05
4.206794844265315239e-05
4.194057475538890035e-05
4.102839830780467448e-05
4.051619622886074598e-05
3.999367091169589737e-05
4.337358771202518438e-05
4.050575775499172147e-05
4.105199580038996566e-05
4.016513093552376821e-05
4.004599008866972142e-05
4.012868033651784784e-05
4.067966281143415035e-05
4.067291465290681911e-05
4.094228094320668892e-05
3.984453486158921602e-05
4.056544552751798361e-05
4.172844859574908663e-05
4.056118081903192096e-05
4.066788161883032343e-05
4.000719894796739219e-05
4.137030705956240659e-05
4.087352510923717303e-05
4.027889233250753665e-05
4.216616649646198533e-05
4.053260320938947229e-05
4.082789935091872286e-05
4.129408478427073776e-05
4.143907302602055451e-05
4.147039339592747492e-05
4.067898173470000295e-05
4.118839010288835302e-05
4.056134241272638753e-05
4.072868370656650090e-05
4.171181068020954065e-05
4.171502708358339190e-05
4.053103032644093874e-05
4.002132557011580402e-05
4.201240726059782819e-05
3.957682450048207758e-05
4.068486589062496762e-05
4.040092027171740481e-05
4.031905463579896193e-05
3.965962754192039319e-05
4.013200207501324470e-05
4.053443484335825649e-05
4.106159509373383113e-05
4.207834147554997739e-05
4.255612871736864287e-05
3.998368089249603125e-05
4.141423826049035766e-05
4.055190078848355708e-05
4.112516125690031957e-05
4.158487101520134412e-05
4.079531974116983186e-05
4.005650155555555528e-05
4.099726748527746529e-05
4.063108619285567307e-05
4.428653756211935958e-05
4.149494228936415063e-05
3.972012383887364386e-05
4.100998720480951036e-05
4.023946260438254736e-05
4.054983542739270478e-05
4.321649569931958478e-05
4.117286980091092109e-05
4.152830327303805682e-05
4.093294834572185780e-05
4.194346844405804069e-05
4.010204001922259214e-05
3.981270058438953732e-05
4.285836918329176138e-05
4.297324540195472165e-05
4.104230903826426921e-05
4.292526140019567839e-05
4.100786234563017483e-05
4.158695138775901780e-05
3.983172134944165102e-05
4.096188802239450634e-05
4.064165547570520700e-05
4.076150167654038909e-05
4.112385782439853635e-05
4.018076656878891270e-05
4.114867964157548747e-05
4.109665129792437272e-05
4.123932855407823372e-05
3.945631997700737030e-05
3.994793505299381665e-05
4.060598031371153620e-05
4.018246793658221909e-05
4.268370656449803569e-05
4.085318976823650153e-05
4.071861698733240535e-05
3.988190134333044408e-05
4.051430336093711119e-05
4.050972606029976786e-05
4.024535318029520887e-05
4.186490816926250049e-05
4.103172291807077047e-05
4.145671713706303499e-05
4.165042625542512441e-05
4.094843653743158432e-05
4.271259768270919255e-05
4.041516409411313325e-05
4.063974625355335206e-05
4.046129605921143914e-05
4.194747802635764356e-05
4.124933509274767573e-05
4.009151109850483334e-05
4.041161986512896908e-05
4.096086074523437961e-05
3.992117751377115823e-05
4.138647622170821960e-05
4.076984580956683716e-05
4.188278092051599312e-05
4.065451415572202690e-05
4.081017634443376974e-05
4.159227221182648898e-05
4.130931653883489820e-05
4.012203781761455884e-05
4.114490785491940560e-05
4.042271880624271805e-05
4.027271618175358063e-05
4.022792375677659713e-05
4.263660278675234644e-05
4.267858002078320044e-05
4.012813177966923455e-05
4.115723012639531516e-05
4.018078956419509685e-05
4.016014261727871975e-05
4.208154540153217729e-05
4.113423705138288664e-05
4.053072591326205000e-05
4.442888042825875639e-05
4.181808212736058824e-05
3.963043390618358510e-05
4.081926707051581851e-05
4.099476159145234544e-05
4.191833111884639282e-05
4.016339570223381218e-05
4.087211408701820479e-05
4.304817950387201074e-05
3.963602862895400955e-05
4.162612914468290096e-05
4.122380182957397800e-05
4.033439096946123673e-05
4.077754998320420800e-05
4.092209285882741064e-05
4.046367366550615964e-05
4.134733661242780069e-05
4.174844459713705400e-05
3.987865912102674690e-05
4.158693141586026278e-05
4.157851472641402584e-05
4.289560319804543539e-05
4.081964333933856524e-05
3.966194474289411653e-05
4.122098614249809990e-05
3.990926493697403190e-05
3.966480798379139639e-05
4.015872241557348561e-05
4.089396510740500698e-05
4.121903987008193983e-05
4.175000181029660094e-05
4.051962908713275814e-05
3.972324959214187522e-05
4.269901726991807918e-05
4.035310811085379050e-05
4.194330116961578436e-05
4.029332878546786100e-05
4.074592298185774882e-05
4.022373775696413961e-05
4.238580660905931149e-05
3.987149982297157026e-05
4.131209990976532982e-05
4.110806338080049956e-05
3.988085971038168512e-05
4.368135841519262327e-05
4.203755502436366511e-05
3.980897919718602470e-05
4.035181865445505126e-05
4.095325860155280906e-05
4.103353101351776242e-05
3.992936141303986622e-05
4.042853247474279872e-05
4.124715358119180431e-05
4.100389708462271208e-05
3.956746654512457767e-05
4.067531142647115843e-05
3.998517769736721454e-05
4.072170749571541999e-05
4.076830850643076956e-05
4.161548186323948912e-05
4.049937340531150622e-05
4.057189220585683806e-05
4.374689437379171257e-05
3.969761899672042684e-05
4.030351560317313648e-05
4.087700102489671527e-05
4.117706478885750204e-05
4.220138879523832522e-05
4.042507993752674503e-05
4.134880704713785656e-05
4.138241155631908533e-05
3.987920020950301765e-05
4.166216619088866906e-05
4.132594846644385418e-05
4.048823870812801458e-05
4.032909074287214612e-05
4.071822980765811778e-05
4.151518668666881424e-05
4.090817879163059800e-05
4.049819840625565570e-05
4.153121948089641505e-05
4.168302363183256178e-05
4.097250916818591919e-05
3.992221112935897891e-05
3.992668196353382472e-05
4.002595335702353760e-05
3.983207258481015890e-05
4.142442560182534316e-05
4.009288597918533626e-05
4.148917079040451253e-05
4.066104368470779731e-05
4.094891511749162630e-05
4.190545733863582670e-05
3.998956224445285155e-05
4.293797599673510360e-05
4.277504207799910125e-05
4.063943387173811277e-05
4.011231566254642002e-05
4.006789465703470898e-05
4.134428098026415052e-05
4.122094251187137336e-05
4.051513141490294736e-05
4.340589549439286714e-05
4.178100056261612117e-05
4.321920656209175929e-05
4.116590408267331856e-05
4.090878881167085744e-05
4.441661050503488206e-05
4.005876404197002675e-05
4.066295493280796327e-05
4.195902068633779078e-05
4.005170091884128488e-05
4.074763940708239730e-05
4.048397918687583410e-05
4.033594981150347456e-05
4.146126505070898928e-05
4.048920421842760092e-05
4.120007509247387715e-05
4.074932408749669957e-05
4.011857861337106749e-05
4.059172479605140159e-05
4.178415703598485430e-05
4.043937897283898764e-05
4.231749057258371013e-05
4.033929975694576113e-05
4.016877156113164113e-05
4.128597996735876145e-05
4.100365631918353061e-05
4.087076789334122593e-05
3.983824395937133407e-05
4.029162376746537103e-05
4.032072887596795016e-05
4.097064670359124093e-05
4.027550887770470087e-05
4.101148730733539802e-05
4.198750405465464679e-05
3.953337574658325745e-05
4.013252481176475322e-05
4.074855894524350699e-05
4.092067684450245030e-05
4.085250342432132821e-05
4.021396848856270592e-05
4.110576505901216842e-05
4.093961119219897239e-05
4.093156874375439487e-05
4.119220528304617164e-05
4.063930095298612583e-05
4.035170398497579667e-05
4.103634125836837037e-05
4.231446335855190780e-05
4.049823568362068160e-05
4.019440139086768218e-05
4.169026153427113021e-05
3.973508837080425021e-05
4.133304266721239304e-05
4.139346471634541716e-05
4.133547686506187268e-05
4.120843989748645465e-05
3.999060534938124641e-05
4.067405037193472922e-05
4.072553657651907077e-05
4.133027412294268036e-05
4.073989776549608987e-05
4.197715768577664865e-05
4.144842727509366343e-05
4.041227952126450455e-05
4.251576650900842116e-05
4.060618318076572591e-05
4.218279423328611684e-05
4.074956589977372261e-05
4.407951221283600479e-05
4.092880768300752358e-05
4.113796570100886741e-05
4.025061089190650089e-05
4.027274324185675550e-05
3.981268613379655274e-05
4.072999980630903491e-05
4.067249650255519455e-05
4.096430298339990081e-05
4.203974094658008724e-05
3.935074307975307847e-05
4.022268288429934192e-05
4.128277944901539737e-05
4.116471729101742270e-05
4.008745702710878229e-05
4.055674449435968474e-05
4.056832185991662327e-05
4.088445982168715918e-05
4.155758895849259369e-05
4.025497288720987146e-05
4.077044201168483311e-05
4.182912288672243365e-05
3.992385334956992523e-05
4.063939394896473974e-05
4.074523201220095226e-05
4.106865244080763213e-05
4.148261447220765423e-05
4.016786448618688991e-05
4.213598388530303889e-05
4.060378208301566953e-05
4.209168982991189615e-05
4.062712916814866627e-05
4.049879680860792269e-05
4.241945291263113404e-05
4.119403234782804198e-05
4.129872961575141162e-05
4.049307529250150876e-05
3.955138400576552123e-05
4.013990256236106791e-05
4.064104065093625690e-05
4.080927167047676589e-05
4.385782238318190204e-05
4.137217909705114379e-05
4.046206749503188869e-05
4.230388025396664608e-05
4.081008721938818957e-05
4.220782668484957402e-05
3.962817718923826492e-05
4.027623835610297432e-05
4.053465873926449998e-05
4.028042061955325326e-05
4.110049210775645721e-05
4.332774607643433655e-05
4.274976482061459618e-05
4.146986397103028297e-05
4.268145472752585007e-05
4.081675039430745231e-05
4.190977445816636076e-05
4.128778828651230473e-05
3.998785432508259656e-05
4.132658185344102904e-05
4.064868993692122799e-05
4.492187771236821176e-05
3.956791894303685444e-05
4.255842767329775128e-05
4.058339865947543408e-05
4.010593744997115526e-05
4.293243586016024850e-05
4.126561264555523700e-05
4.053761684988741446e-05
4.343135794916305173e-05
4.345719718107939435e-05
4.283010903321936476e-05
4.252365196810186016e-05
4.064867864067976569e-05
4.013617837379390848e-05
4.168502946761788524e-05
4.031746393127712329e-05
3.995565077673380444e-05
4.039271724084791325e-05
4.188220156725749687e-05
4.146786845370778631e-05
4.053628973567944481e-05
3.964471674514138266e-05
4.072837987018391331e-05
4.046196452201139738e-05
4.487258670970772695e-05
4.097583565171236463e-05
4.029844778088833635e-05
4.007323807619515209e-05
4.160216644949361875e-05
4.283484015442684024e-05
4.128848511127613635e-05
4.068424584568300947e-05
4.058932644374669575e-05
4.139199090426362831e-05
4.077927513975611573e-05
4.154337336545835415e-05
3.909172686768090839e-05
3.985491847366015946e-05
4.186482100226888634e-05
4.059877818604031225e-05
4.234924689411328499e-05
4.097714439267302730e-05
3.994269173816965892e-05
4.365283425706608630e-05
4.149644510343158054e-05
4.104203455813701650e-05
4.077394070580225366e-05
4.140078008076515773e-05
4.050073025106048976e-05
4.023121860704150096e-05
4.049329654273784134e-05
4.080112466339476471e-05
4.061867354702477091e-05
4.075099563087931719e-05
4.097528536976317951e-05
4.071239772339802453e-05
4.017565442543771689e-05
4.107666955594151088e-05
3.971706948444863044e-05
4.062533696343902903e-05
4.055688635150299923e-05
4.107049380193752985e-05
4.003555207548649414e-05
3.988794169462919596e-05
4.036515978257103511e-05
4.125102822297844709e-05
4.121104492948147687e-05
4.125760468994698103e-05
3.991707983481657080e-05
4.079659927012896343e-05
4.153790257676355112e-05
4.040344898890028459e-05
4.171112200133526409e-05
4.095053172945859268e-05
3.991965457405620801e-05
4.126769319013587648e-05
4.125548325512395724e-05
4.000184643339682795e-05
4.101879929364856726e-05
3.944841149131441717e-05
4.006308948283806280e-05
3.989853916461238054e-05
4.215987041097345449e-05
3.973688732921631603e-05
4.096146093337891804e-05
4.252938228586586479e-05
4.237848509002088612e-05
4.090350304579207208e-05
4.527421689212616726e-05
4.111334123639057532e-05
4.083942974897859047e-05
4.189384663978615813e-05
4.124135865194662921e-05
4.000268342967483942e-05
4.032047294783298983e-05
4.254087614062764108e-05
4.147487410121329551e-05
4.137463110015062785e-05
4.321708236147642706e-05
4.047580258345924708e-05
4.260869006652296255e-05
4.399289173241640509e-05
4.281583084624426437e-05
4.239285577961342304e-05
4.154488811563027329e-05
4.217890166037224894e-05
4.153790775892364495e-05
4.108893529375963331e-05
4.079692367336194527e-05
4.261722574093315056e-05
4.030909480324440026e-05
4.187893437865261749e-05
4.031057562617108988e-05
4.192374767424099922e-05
4.148246941029505830e-05
4.047874995541967275e-05
4.041808304034823690e-05
4.226917167367012351e-05
4.133738193562462771e-05
4.107842061005542689e-05
4.164369150284749692e-05
4.049511031841499783e-05
4.066868719642762847e-05
4.096521715023119863e-05
3.999822519441012221e-05
4.175191982289417638e-05
3.949865432422089775e-05
4.071871223721798701e-05
3.991330705572043817e-05
4.133198173466917300e-05
4.096062062520730053e-05
4.162525695725341007e-05
4.234093982149877294e-05
3.987776220792775967e-05
4.030478994577999132e-05
4.080376028656822174e-05
3.992133732875588373e-05
4.002956275148864364e-05
4.200007740786922215e-05
4.271520049830330350e-05
4.125174189695888751e-05
3.934368660089368626e-05
4.320000036273780042e-05
4.431903075932133279e-05
4.104946124612476286e-05
4.083735786086208698e-05
4.099869550339248420e-05
4.040442982618752226e-05
4.132730799056032103e-05
3.994518381347283628e-05
4.263385926265279391e-05
4.060535848182525372e-05
4.129225531872708811e-05
4.016511122070284660e-05
4.068247848995506345e-05
4.016963664707626555e-05
4.097187843130710964e-05
4.015801640542034095e-05
4.058034349553677747e-05
4.021048835559563699e-05
4.020635645137395217e-05
4.280985829495918306e-05
4.029073424814317065e-05
3.996882429803742099e-05
4.019812717082883003e-05
4.213656167319688951e-05
4.009695357023727500e-05
4.045184524336845706e-05
4.009474233380151101e-05
4.090282556804508793e-05
3.986817004703076934e-05
4.039333635250382339e-05
4.159490519923231104e-05
4.102455837391824118e-05
4.262075929876272162e-05
4.004467583960477113e-05
4.051982937289120212e-05
4.119547680612697157e-05
4.077979395658423093e-05
4.013843709830275055e-05
4.059332564026484395e-05
4.177925937220592424e-05
4.302012537776738393e-05
4.169568439243589135e-05
4.008871348033152379e-05
4.072200934427448689e-05
4.060106643530250368e-05
4.144844514788771493e-05
4.227946565598492173e-05
4.063615814451662195e-05
4.158120216470764341e-05
4.030018868458185152e-05
4.007225136860387499e-05
4.028946509461493411e-05
4.118199961246169101e-05
4.093799588009710844e-05
4.252419693587587251e-05
4.066427188722931957e-05
4.081500923733014726e-05
4.094210473382105768e-05
4.083649680704074420e-05
4.128873663514948008e-05
4.049417833304944070e-05
4.220717482388546828e-05
4.348914471643618477e-05
4.265438401287996841e-05
3.965400081865261722e-05
3.997907770594939320e-05
4.048658611362342000e-05
4.180257289833025385e-05
4.148095934049354246e-05
4.049427654237321817e-05
4.034460271990051732e-05
4.043693710360942275e-05
4.106342011055154724e-05
4.003155165073689440e-05
4.100391199432294975e-05
3.971357380580690320e-05
4.202432614745808326e-05
4.187417846065573721e-05
4.054796881491596971e-05
4.165050693985350796e-05
4.177694311710550409e-05
4.100720603802154624e-05
4.170034743181944269e-05
4.034174003705545165e-05
4.151816087123788503e-05
4.014296207873270289e-05
4.083640893776539820e-05
4.045688633184824778e-05
4.184726656808857405e-05
4.112349845893181028e-05
4.045931622491307639e-05
4.109421751747841802e-05
3.986983188447782811e-05
4.068454688812401208e-05
4.038346599401528280e-05
4.000758889543892197e-05
4.172105319569116783e-05
3.970060927102789206e-05
4.418017745416412265e-05
4.017628694725828870e-05
4.110659056896099202e-05
4.223045270875360938e-05
4.094056897569321816e-05
4.106901914947547183e-05
4.059242707461565582e-05
4.012392497973914018e-05
3.997107354016968207e-05
4.140700329519865285e-05
4.119493938072016880e-05
4.057987746354592727e-05
4.306159707895166960e-05
4.199671934431974948e-05
4.067695508949988026e-05
4.084100276970393790e-05
4.223707886995872306e-05
4.131663118907463511e-05
4.051657204936205903e-05
3.956244923591679545e-05
4.145338911621338976e-05
4.159868271357712230e-05
4.194914940593057407e-05
4.037847811449808477e-05
4.000204434877576484e-05
4.457733483222886854e-05
4.167820291655313132e-05
4.066092223278045187e-05
3.968392228991194905e-05
3.996683761490846677e-05
4.074765173847957184e-05
4.074033195160657616e-05
4.000680078337020629e-05
4.003354948053655259e-05
4.269168933667195394e-05
4.009991419780264092e-05
4.006499031401833860e-05
4.091274828760943088e-05
4.032825251805605040e-05
4.003523728603758532e-05
3.966735990717909011e-05
4.040014361857743180e-05
4.155267694052943377e-05
3.999658426861671807e-05
3.963441968463107617e-05
3.982004529119870375e-05
4.169275456932842078e-05
4.086151667194323983e-05
4.262346548703873408e-05
4.116980259567278163e-05
4.039696995997195807e-05
4.038394302816211993e-05
3.971670464411310928e-05
4.052591752386200462e-05
3.993321979589028146e-05
3.991820872228531814e-05
3.974803135066241536e-05
4.246276843802928734e-05
4.097166395748122383e-05
4.057982418165993033e-05
3.997645134742013664e-05
4.398448562058320627e-05
4.092397680456103903e-05
4.251864952649963094e-05
4.024107428704749102e-05
4.083926604978980362e-05
4.132490586864430345e-05
4.073435364335626426e-05
4.217882506139283128e-05
4.088810859526831532e-05
4.267463668485172313e-05
4.037173687819607226e-05
4.220858538434125404e-05
4.025356883847860847e-05
4.267374826116712792e-05
4.008205431661324614e-05
4.292412127130285256e-05
4.096644793792035148e-05
4.108213614991445319e-05
4.514742421310671979e-05
3.954286651243033945e-05
4.210989759602697796e-05
4.130570919272803353e-05
4.133667704403692840e-05
4.005778817058584405e-05
4.007372124082380613e-05
4.018921963166374462e-05
4.070769090230235787e-05
4.051554530547774838e-05
4.077375359800944571e-05
4.104122259637793042e-05
4.126349816415193935e-05
4.104840427187460706e-05
4.181596527756961196e-05
4.489230265443963988e-05
4.409246426333133530e-05
4.066763964453928924e-05
4.043460399730743646e-05
4.051435522089927727e-05
4.192002484005324410e-05
4.060188892738426345e-05
4.019025476821819974e-05
4.011078326758240643e-05
3.977648607452749095e-05
4.057720299142838225e-05
4.060008754991517073e-05
4.204324505722600738e-05
4.110625569434567689e-05
4.092867912114285121e-05
3.990423402312047875e-05
4.215801446569160968e-05
4.200239084303527247e-05
4.014049374333200507e-05
4.046859700049150195e-05
4.083406003915276966e-05
4.043950268245481504e-05
4.054477283805711722e-05
4.032919281075566945e-05
4.148246538623997555e-05
4.106131753113689446e-05
4.197414073686173461e-05
4.017716046180323976e-05
4.202595681420370538e-05
4.117208264658574023e-05
4.058520252259680867e-05
4.131857472842265596e-05
4.047011158813856098e-05
4.050689241957898491e-05
4.216880135485653647e-05
4.033814988797898744e-05
3.969940419302175183e-05
4.014583158037167047e-05
4.233678342642828603e-05
4.357179302118275173e-05
4.096557420832607469e-05
4.185348500732232266e-05
4.071976294712999385e-05
3.993970866869000607e-05
4.135389910786603528e-05
4.118470630227994518e-05
4.145593330258292436e-05
4.406897290681960008e-05
4.195698484789408959e-05
3.966808689460084265e-05
3.986169571378306151e-05
4.073913847757644897e-05
4.073148544821734372e-05
4.056521512249597041e-05
4.206311969146541839e-05
4.083943289528795505e-05
4.221797021355536215e-05
4.076117718520459661e-05
4.065632587417053516e-05
4.024103498132250900e-05
4.005271042250020105e-05
4.059054701554716673e-05
4.104184803819980554e-05
4.036586448482646061e-05
4.097607482100529627e-05
4.039669980917269168e-05
3.953697790448699030e-05
4.040349799894589277e-05
4.175838382911005876e-05
4.370726614041406903e-05
4.070138680752136547e-05
4.030335043097856381e-05
4.147281194432390086e-05
4.151883161132264931e-05
4.046074068521519007e-05
4.052561056494071075e-05
4.066586913400552667e-05
4.176619999733353352e-05
4.071114220546411672e-05
4.015394142710473630e-05
4.090908488639681187e-05
3.998664568933259445e-05
4.080018823556902748e-05
3.997212191529825353e-05
4.022924741188324815e-05
