1.497966827687523761e+00
1.095428235324487964e+00
1.073775225714073578e+00
1.075920234446124946e+00
1.076449510823746847e+00
1.077422643173837402e+00
1.078794386314456455e+00
1.079050775499686310e+00
1.076029176047829772e+00
1.073471206405330891e+00
1.078584671619474022e+00
1.078116463691834115e+00
1.077635129611026032e+00
1.075339269526575769e+00
1.079131748160246262e+00
1.074640517943642237e+00
1.076011845575800985e+00
1.079142209116035422e+00
1.073276979308794621e+00
1.074400844785148967e+00
1.075610183600700154e+00
1.074350552587681085e+00
1.076227857610793093e+00
1.076146068288925006e+00
1.072639839607539169e+00
1.074990851261131919e+00
1.079453511434660395e+00
1.078256631714888281e+00
1.078100021911121198e+00
1.076421226145744869e+00
1.077044103358789195e+00
1.074231783341841995e+00
1.072961441808852889e+00
1.077616149243717736e+00
1.077490415033184767e+00
1.075871906539105805e+00
1.070651559251431850e+00
1.078228234108899564e+00
1.074978572842403945e+00
1.075774425543641666e+00
1.077035473561242629e+00
1.074883666853556186e+00
1.072488440117598030e+00
1.076502890118806288e+00
1.078208749729102411e+00
1.073350472859062377e+00
1.076675423729722469e+00
1.073591731834844465e+00
1.076492108293702232e+00
1.076197724822681723e+00
1.074180460350104394e+00
1.076318776733901750e+00
1.078620250109327161e+00
1.075019255518046668e+00
1.074555503790148414e+00
1.077495476740547353e+00
1.075924506987067319e+00
1.075315389341578554e+00
1.076144035110359498e+00
1.076138869161212597e+00
1.074218711377954216e+00
1.077628209285546257e+00
1.076902776916922155e+00
1.075094248817963782e+00
1.075571994941638243e+00
1.074943363422927289e+00
1.076941868390239199e+00
1.075797337316936497e+00
1.072959374230662899e+00
1.076845217459265758e+00
1.074941936329763204e+00
1.075906082612730241e+00
1.077100004912707298e+00
1.076432821512526727e+00
1.078826151104391062e+00
1.074322172144618337e+00
1.076804049940740082e+00
1.074738210588448872e+00
1.076530160423066151e+00
1.078061923340723594e+00
1.078029051438131214e+00
1.074546639603005449e+00
1.078195155863914900e+00
1.076769234337170866e+00
1.076237109979178097e+00
1.079148834868762341e+00
1.075154826681183673e+00
1.076669413346280635e+00
1.075048133728990551e+00
1.074092034694383413e+00
1.075630431605123505e+00
1.078385739129915644e+00
1.073311627060580031e+00
1.078086340151414912e+00
1.074650010732835170e+00
1.075797846262227297e+00
1.075550507814755363e+00
1.076000787710040152e+00
1.077162206182430193e+00
1.077784623474874026e+00
1.075804050366528930e+00
1.075311435324477927e+00
1.076471978251734019e+00
1.075655284389926525e+00
1.071361968138647924e+00
1.074880786882277395e+00
1.077821729223692682e+00
1.078213812222328594e+00
1.074670150449185124e+00
1.078055819369078572e+00
1.075252566411854183e+00
1.078134382635566713e+00
1.073298907019814452e+00
1.075323276972117048e+00
1.078797633442686754e+00
1.077915631150221376e+00
1.075387308115109297e+00
1.073617499481365423e+00
1.077600175706349139e+00
1.074968155296406103e+00
1.072282447518519310e+00
1.074912771239650455e+00
1.075785504899587908e+00
1.075694738273943241e+00
1.075233728887347029e+00
1.077871787233919409e+00
1.076467391210669700e+00
1.074838693557138347e+00
1.076056458911063940e+00
1.075286816074221052e+00
1.079783511263828766e+00
1.072005834331990481e+00
1.076435588254306408e+00
1.076753667466890496e+00
1.078593837573153413e+00
1.078993422652878564e+00
1.073485546480286601e+00
1.075727841576955779e+00
1.077855457513201776e+00
1.076346504548101768e+00
1.076899418337682102e+00
1.073653849182244491e+00
1.074200106281103739e+00
1.076186220718873932e+00
1.074600108658747111e+00
1.075670692440713117e+00
1.077584741759743281e+00
1.077027224959422602e+00
1.075149504663308830e+00
1.075030518699571225e+00
1.077083402759634101e+00
1.075663956822568768e+00
1.074660991803642718e+00
1.075147924747513084e+00
1.075183671510397287e+00
1.075351300529235221e+00
1.075268748191423374e+00
1.076131986759220727e+00
1.076920033327708914e+00
1.078490750006449561e+00
1.075124927064545766e+00
1.075850220679583691e+00
1.078767099347698766e+00
1.076614970768691615e+00
1.077766105686980502e+00
1.074514012928132312e+00
1.078927219623240896e+00
1.078062700163122001e+00
1.075867275537246037e+00
1.075119923862537963e+00
1.075141395362244179e+00
1.073971545035069974e+00
1.075545295509215293e+00
1.073131800756526033e+00
1.075406572783172088e+00
1.076137985134923980e+00
1.077332570355926222e+00
1.077433112761708500e+00
1.076521465022479918e+00
1.074078305801556832e+00
1.077210961488154650e+00
1.074730953563760583e+00
1.078765562682472812e+00
1.075644142853039886e+00
1.073339018708217019e+00
1.076071189720756882e+00
1.076568697445908773e+00
1.078007034696626176e+00
1.072517641258872612e+00
1.073234002519483754e+00
1.073316427080399205e+00
1.077308432733361299e+00
1.075317519427491986e+00
1.076267253324454609e+00
1.075162522060283177e+00
1.077700832602380698e+00
1.077375479172421935e+00
1.077484341363644349e+00
1.076842480366937416e+00
1.076993716517455679e+00
1.075294442596373523e+00
1.076996296037779466e+00
1.074404084034392914e+00
1.075636775831890546e+00
1.070766242762675180e+00
1.076455700379555402e+00
1.077154572620144801e+00
1.073708623534630258e+00
1.075931942520697682e+00
1.079543493804699050e+00
1.073245748662077448e+00
1.074878401222882474e+00
1.076332410954492724e+00
1.076064960217105959e+00
1.076892204990886892e+00
1.075830626292556103e+00
1.076502169767023620e+00
1.075494858643869955e+00
1.074934185575083356e+00
1.074762655676094747e+00
1.079115265491675579e+00
1.077412055669964230e+00
1.078273080267390549e+00
1.079933275698416573e+00
1.077154153075116971e+00
1.079791411059407569e+00
1.077707915743358891e+00
1.074432000648640306e+00
1.074306075791553905e+00
1.075952280652274107e+00
1.076368199953687155e+00
1.079276946490897560e+00
1.077406925085570677e+00
1.073689547509511621e+00
1.075553313760799323e+00
1.079710040047064723e+00
1.074933105051021576e+00
1.077234862748928768e+00
1.073716454857014391e+00
1.074706454768462160e+00
1.075633976405060199e+00
1.077697568971685893e+00
1.075160038017955788e+00
1.076422751026321567e+00
1.078120988461371388e+00
1.078918626428142735e+00
1.076668944693566443e+00
1.075743701552698051e+00
1.078561464034433426e+00
1.071792521429321576e+00
1.075706569460509687e+00
1.074475131131361616e+00
1.072057700174710915e+00
1.078893333909530572e+00
1.074136109701672170e+00
1.078320125387836281e+00
1.076632950231671604e+00
1.073963057090209006e+00
1.076083154218988591e+00
1.075429086395392364e+00
1.077950298878642021e+00
1.076327743375629531e+00
1.077296433529045361e+00
1.072715201327297807e+00
1.077826432546958646e+00
1.075470527524612363e+00
1.074316905624594698e+00
1.076915219095509135e+00
1.074486135358858396e+00
1.077536558201519057e+00
1.073819482366009659e+00
1.072308897160109575e+00
1.076271882385111178e+00
1.075732986996672302e+00
1.073477963572314842e+00
1.074802241991756224e+00
1.078836368768883558e+00
1.077010859183950009e+00
1.075934337923055706e+00
1.076214392780533879e+00
1.076151981287280623e+00
1.074736687660574397e+00
1.077206880225658692e+00
1.075595043911069304e+00
1.075028027930827967e+00
1.077350559746694802e+00
1.072828297263264785e+00
1.072560337420119358e+00
1.076085723379142101e+00
1.075450757105226307e+00
1.073896597957386678e+00
1.074124383488596957e+00
1.073724772581051479e+00
1.072553161241896147e+00
1.076790828350914886e+00
1.074882704813826084e+00
1.076303853105378350e+00
1.076278060882580379e+00
1.076449375892035487e+00
1.075908225732619794e+00
1.076436991366281903e+00
1.076677223728402577e+00
1.076760591988896065e+00
1.077088379836881549e+00
1.077211648369214902e+00
1.076839743502757907e+00
1.075075913556881257e+00
1.074192788800585996e+00
1.072788920802387969e+00
1.072534251230258251e+00
1.075462557340067127e+00
1.073332658191696432e+00
1.075416406194023899e+00
1.075648721896513393e+00
1.073851502715570838e+00
1.078087778305996558e+00
1.076343958096463327e+00
1.076500849457890485e+00
1.075965159101379909e+00
1.078510025971136210e+00
1.077683734312719688e+00
1.074138486222601552e+00
1.074795404177852687e+00
1.075847170903179162e+00
1.074173042610545581e+00
1.075867038154382449e+00
1.077986346552274766e+00
1.076874425887751618e+00
1.077547436636927536e+00
1.075420603933913588e+00
1.074848618664699051e+00
1.074075408562354061e+00
1.077439012548970121e+00
1.074354644285702820e+00
1.073827534235404224e+00
1.075992394613116687e+00
1.077989146601050274e+00
1.077445405490921715e+00
1.077219357660987420e+00
1.077776672279832981e+00
1.078520299137961436e+00
1.075538348459754046e+00
1.076301358399970320e+00
1.076572768969500160e+00
1.080276180727394397e+00
1.076191977249060683e+00
1.077667169576669748e+00
1.071947617479631409e+00
1.072328178092774698e+00
1.075262393141653172e+00
1.072682749821222581e+00
1.075489573300544066e+00
1.074656443896190527e+00
1.073587284561705379e+00
1.077501850737980549e+00
1.077803933702013328e+00
1.078777012315988104e+00
1.076057812912126765e+00
1.080191456975221564e+00
1.076970303546934904e+00
1.072508048644660539e+00
1.074330762114583226e+00
1.075570288885350889e+00
1.078386937650265054e+00
1.074313485122231793e+00
1.072483420442309265e+00
1.077481914185135059e+00
1.079404912101586067e+00
1.076545294079972015e+00
1.074675755449629788e+00
1.073124544643306866e+00
1.073018275376625308e+00
1.073982496831388689e+00
1.075491569283853366e+00
1.075722991389985728e+00
1.076377598814405756e+00
1.077771668284992046e+00
1.078027787607004129e+00
1.074817307350288464e+00
1.075933815855600217e+00
1.077710250760976818e+00
1.074656739997157828e+00
1.075617905478348568e+00
1.074417347622454777e+00
1.076901943209525703e+00
1.076300078172918839e+00
1.075884657997776994e+00
1.075136547197083514e+00
1.076380556330857718e+00
1.076805057971230939e+00
1.080496737625723513e+00
1.076293422734696303e+00
1.071622830231236057e+00
1.077912562979786326e+00
1.075851263802509061e+00
1.073601402329848131e+00
1.073954792068453790e+00
1.077936077443840457e+00
1.074369813612027658e+00
1.074693939131762033e+00
1.074038042672441851e+00
1.073523907009517941e+00
1.077646465922140973e+00
1.079877501121241368e+00
1.074547819345551547e+00
1.074143205385963862e+00
1.075123889184695924e+00
1.075371103963335573e+00
1.073817078073896925e+00
1.075782182836166223e+00
1.076119903583071746e+00
1.073874278253613923e+00
1.075101924959720678e+00
1.071173099041604182e+00
1.077809125161513171e+00
1.075541934228703145e+00
1.075677738255220728e+00
1.073847261801651021e+00
1.075473410147510744e+00
1.075431556696435642e+00
1.072985207745428715e+00
1.075435602686336090e+00
1.075951166117965707e+00
1.077061053175224492e+00
1.077339475241430033e+00
1.077755544162593893e+00
1.092598843344837922e+00
1.078027960811706709e+00
1.076615149685173467e+00
1.077400696686628079e+00
1.072603104677562813e+00
1.076753857603037767e+00
1.074192528072275721e+00
1.075601220316309448e+00
1.077627134636223616e+00
1.077923548333215020e+00
1.073962727068609846e+00
1.076128072759782617e+00
1.075969881405323791e+00
1.075391221162098399e+00
1.074399342907159216e+00
1.079975898806132095e+00
1.074065442609268395e+00
1.072597433075326290e+00
1.076410876113909953e+00
1.071601551735174684e+00
1.077210917313975891e+00
1.075416611609015138e+00
1.078612562800734809e+00
1.075063525485235649e+00
1.077612715997765314e+00
1.076597328164808021e+00
1.076528121771466173e+00
1.075718408777428303e+00
1.075138233236298424e+00
1.075178214515498221e+00
1.077219913438316690e+00
1.075945885884919351e+00
1.074570912537019307e+00
1.074443085209130233e+00
1.077153148536168059e+00
1.079152816446904639e+00
1.074920191844587647e+00
1.075818044966890152e+00
1.075694733957155202e+00
1.076167669511009173e+00
1.079035579547956258e+00
1.078003122633144129e+00
1.076149286681019168e+00
1.074705638002912300e+00
1.074330785672588995e+00
1.073719374349550781e+00
1.075758336945999982e+00
1.075992553462128631e+00
1.078143650325897429e+00
1.076593587543443808e+00
1.074960445498120309e+00
1.071485447487281473e+00
1.077287189209825469e+00
1.078082976509974644e+00
1.076392805858979784e+00
1.079552843657069827e+00
1.076133515182698286e+00
1.076821950095715463e+00
1.077196294571064916e+00
1.077240179707867673e+00
1.074422475555320000e+00
1.075636095014751881e+00
1.075051890901234763e+00
1.074318545957807292e+00
1.074960913715057753e+00
1.073397833539802004e+00
1.077813520731264685e+00
1.073594116746133365e+00
1.076219660108247878e+00
1.077084198037803420e+00
1.077216382033437725e+00
1.074048930896789988e+00
1.073067048851125360e+00
1.078907109159457756e+00
1.076141978478463823e+00
1.076704495799625905e+00
1.077258125087908747e+00
1.076692247983751072e+00
1.076297041855495351e+00
1.079509243258596651e+00
1.079177749304869094e+00
1.077024432444592561e+00
1.075249479148982834e+00
1.078636491215156923e+00
1.077571205697052337e+00
1.078544062328484765e+00
1.074818666659676181e+00
1.074101743963793432e+00
1.077083987927133446e+00
1.074351852641166616e+00
1.076417431732406893e+00
1.079737138488433112e+00
1.078033641893989092e+00
1.073124161619043004e+00
1.074753447190517130e+00
1.075924650726977294e+00
1.073259187721810726e+00
1.074445189089582309e+00
1.075840808208637922e+00
1.076071657221563171e+00
1.076081295636178936e+00
1.073448547859940705e+00
1.075815976504865157e+00
1.072516597185997789e+00
1.071695639223161578e+00
1.074588672143822254e+00
1.075058445708193533e+00
1.078661644553148724e+00
1.075042387468477800e+00
1.075059246752632536e+00
1.080111885139968919e+00
1.077096464267848885e+00
1.073032825484118380e+00
1.075302508083199937e+00
1.077719917200693489e+00
1.072518708860050740e+00
1.075383373430546907e+00
1.076750080898316808e+00
1.073509577422235850e+00
1.077152229784581472e+00
1.074039885578462528e+00
1.076660750649668596e+00
1.074784611522743294e+00
1.076734476767384763e+00
1.074207331232317708e+00
1.076149539869489802e+00
1.075071103200969658e+00
1.077919568073787415e+00
1.077405131519812098e+00
1.077067118089543252e+00
1.075529526800879987e+00
1.074771186042163373e+00
1.076538940924510968e+00
1.075047434150280701e+00
1.075447120661091827e+00
1.075934276241976129e+00
1.073105901138287077e+00
1.077428644562866467e+00
1.073874363029396983e+00
1.076439249849114876e+00
1.076227643838228998e+00
1.077397185647668509e+00
1.075950588953114462e+00
1.071730287904513412e+00
1.076880964167598265e+00
1.077287113327902723e+00
1.075424745448773534e+00
1.073860219801183069e+00
1.074637293441826014e+00
1.077128240622309274e+00
1.077319340849321350e+00
1.077091580228386247e+00
1.072306366670439992e+00
1.078134166021160967e+00
1.071413489782224060e+00
1.078043050418928672e+00
1.077467097440069743e+00
1.077165586363191707e+00
1.076466185752067428e+00
1.074703696885838777e+00
1.073026536697354594e+00
1.075080387349141242e+00
1.072273552535122132e+00
1.075589250537458907e+00
1.075490176696448641e+00
1.078619603638966140e+00
1.076236207250815591e+00
1.073002533157624727e+00
1.076318775695576546e+00
1.075308661266855426e+00
1.076646723574727238e+00
1.075857290840949609e+00
1.076654557402550560e+00
1.077393896775833193e+00
1.078009752094150953e+00
1.077190322681150114e+00
1.075919498146087117e+00
1.076081562827925664e+00
1.073031921824920465e+00
1.077715983797098875e+00
1.070595547563118366e+00
1.076987441316223482e+00
1.077015515575385551e+00
1.078786858813914451e+00
1.078265348029197712e+00
1.077806191078210851e+00
1.077465054286156354e+00
1.075607063118268591e+00
1.082260343255852408e+00
1.074944728700344188e+00
1.076823237500994512e+00
1.077144156685879040e+00
1.076968564192189781e+00
1.075519569935731612e+00
1.075565180497447981e+00
1.074198328778439349e+00
1.077039843076896597e+00
1.076451203214878527e+00
1.076969226286238923e+00
1.076427281890007137e+00
1.076579661738993998e+00
1.075309861281989576e+00
1.079748615495483177e+00
1.075657231628703192e+00
1.073789287963019756e+00
1.076589956603730913e+00
1.072617189780251667e+00
1.076784716585624579e+00
1.073051414212464527e+00
1.075732403225605482e+00
1.075529612182164474e+00
1.075428097102722802e+00
1.075508097530677221e+00
1.075265783432335809e+00
1.077164311744308600e+00
1.077991396272095503e+00
1.077922009142540993e+00
1.075941521228614972e+00
1.079955177563194813e+00
1.074868375122157715e+00
1.074083413052185243e+00
1.072116420096117961e+00
1.071984911117504824e+00
1.078018526821158840e+00
1.074912682284258514e+00
1.074853228746156963e+00
1.073619842460624030e+00
1.076329151678995011e+00
1.076740808518521941e+00
1.073649987868322553e+00
1.075460622779144337e+00
1.076699740266257921e+00
1.078629029875153300e+00
1.074799139801745351e+00
1.075649625029094558e+00
1.075825447252517719e+00
1.078753596410132021e+00
1.077201034088448584e+00
1.078404744531666237e+00
1.075560293850569504e+00
1.075515895184701032e+00
1.073933624420400079e+00
1.075623685837272303e+00
1.078118109477006259e+00
1.073972681836539822e+00
1.075154615955740356e+00
1.077321746915306466e+00
1.072243187601952474e+00
1.074629301671609971e+00
1.076632738518325194e+00
1.076068685020338700e+00
1.075075978896505857e+00
1.079739292011290708e+00
1.076481488792026653e+00
1.075650171991193060e+00
1.076599707495987213e+00
1.079179922838962469e+00
1.077197194461283924e+00
1.075177961066865917e+00
1.074688238342325297e+00
1.073822576360523362e+00
1.078482339658559885e+00
1.071799752949633922e+00
1.075805405669967296e+00
1.076281240088688529e+00
1.076697000648224156e+00
1.076751280617181727e+00
1.073029089368703115e+00
1.075102117465321028e+00
1.076017868790156706e+00
1.079059274504431620e+00
1.072874600829466951e+00
1.074333667090679567e+00
1.073769830910909606e+00
1.077382116105553456e+00
1.076343544182076783e+00
1.076095888200375938e+00
1.078447426227941319e+00
1.078746394120605467e+00
1.076235076745202024e+00
1.073842353349309997e+00
1.073692338765716237e+00
1.074396739631559017e+00
1.076560954237880452e+00
1.075871569519918358e+00
1.079202693429984317e+00
1.077578569785713647e+00
1.074834773095705520e+00
1.073821110407584767e+00
1.079892300718606979e+00
1.076073939804718105e+00
1.075199738990683329e+00
1.074235846072846057e+00
1.075062720360588697e+00
1.075604036264374841e+00
1.077762689842342692e+00
1.073410024070889923e+00
1.078816532168103581e+00
1.078245350208736797e+00
1.076489811632555860e+00
1.074969277597721318e+00
1.077748342258090020e+00
1.077701462528394494e+00
1.074011352538027708e+00
1.070256549063422380e+00
1.076300912228129070e+00
1.078794248208035489e+00
1.075023660558560801e+00
1.076306441765286337e+00
1.076151369631490606e+00
1.076471506642742382e+00
1.074485059677527721e+00
1.075185506466241447e+00
1.073872928184895770e+00
1.074273210600600326e+00
1.074787533620941149e+00
1.074288791471724291e+00
1.074827072022586094e+00
1.076508092812868078e+00
1.076869816339739216e+00
1.078861879122171574e+00
1.076991696022348011e+00
1.077332131699763274e+00
1.077424841486966711e+00
1.075503318873770597e+00
1.074586303951066579e+00
1.074180836786627680e+00
1.076783877384357213e+00
1.076763371085521781e+00
1.074784806754262689e+00
1.074626144156009211e+00
1.077894744018770057e+00
1.078858749935440731e+00
1.288026334919191607e+00
1.432904783715246655e+00
1.076622230576077754e+00
1.075172716097096304e+00
1.075317695465213941e+00
1.077527750023255404e+00
1.074636566604254995e+00
1.071585077556499899e+00
1.075326890726343132e+00
1.075889389523956075e+00
1.075271600705160591e+00
1.075439074879406931e+00
1.074897044120943335e+00
1.074783742489554106e+00
1.075685355911568220e+00
1.075099750441483870e+00
1.076277566826169041e+00
1.076940334832735102e+00
1.075900484233064391e+00
1.074238405318799883e+00
1.076069292266556454e+00
1.075979149653265576e+00
1.078102124900824244e+00
1.076730625253315310e+00
1.075138344927955902e+00
1.078011444468117475e+00
1.075793728933174265e+00
1.075786193932722234e+00
1.076360373270997428e+00
1.076490042204633069e+00
1.076427833198567052e+00
1.077821531589725490e+00
1.071828872278727474e+00
1.074836384298686554e+00
1.076160232652580762e+00
1.076293163227465488e+00
1.072219113399179413e+00
1.080943084638158025e+00
1.077455017003819959e+00
1.073807234102138963e+00
1.078899116078782860e+00
1.073011842155391138e+00
1.075950375497083833e+00
1.077485166389216209e+00
1.074720303876170124e+00
1.076611002423867314e+00
1.079384378225816787e+00
1.077684450880262546e+00
1.076711214080333212e+00
1.079448467621596297e+00
1.075636573934033668e+00
1.073838201511939427e+00
1.074758086637347398e+00
1.078088974340247086e+00
1.076147664751367472e+00
1.077750572378601612e+00
1.074585549345360658e+00
1.076435297837889715e+00
1.081357451418361926e+00
1.074995513555464299e+00
1.075587087426428612e+00
1.075403838165530201e+00
1.076386042156284750e+00
1.077939878598513479e+00
1.077016983407858230e+00
1.073063352206923948e+00
1.077640412251398505e+00
1.076287672173598331e+00
1.076441431968071960e+00
1.077326127234655040e+00
1.074239787687778724e+00
1.075342612478318527e+00
1.075838157651145321e+00
1.077834475253812041e+00
1.078174807980580407e+00
1.075174314744334447e+00
1.076312484236549905e+00
1.077114313647376198e+00
1.079193624451024958e+00
1.073342138950631464e+00
1.078225442049945082e+00
1.074855166801141904e+00
1.078085427846738442e+00
1.076895294976352391e+00
1.074690596674589438e+00
1.075508770866949515e+00
1.076798603305060276e+00
1.075383499306726165e+00
1.076533106041575705e+00
1.074719779470097558e+00
1.079190483956337765e+00
1.075481760498807615e+00
1.080205462660663196e+00
1.075236801586680446e+00
1.075469781650152168e+00
1.072576950938070262e+00
1.075670921708382854e+00
1.073111582093396299e+00
1.074573170715881432e+00
1.074312094533168782e+00
1.075178616571296430e+00
1.075669051237488238e+00
1.077433961623035286e+00
1.074014415637623232e+00
1.074446965275965615e+00
1.073721283810641580e+00
1.077377996002684801e+00
1.077311385533334720e+00
1.076191684890013489e+00
1.075908832572523233e+00
1.079088823595757418e+00
1.074090073063651340e+00
1.077413782679687015e+00
1.077605966216738764e+00
1.076275351134643898e+00
1.079659179366817989e+00
1.075201768574396644e+00
1.076896731624600756e+00
1.076777615186623738e+00
1.078207683721134069e+00
1.076209472174262771e+00
1.076899365290501009e+00
1.078240432956615535e+00
1.076700927445752631e+00
1.075157718919812488e+00
1.073347998782066437e+00
1.075202568201083508e+00
1.075627521222859651e+00
1.076830756772784614e+00
1.074467625250878022e+00
1.075388419956026631e+00
1.077935699114680901e+00
1.076469636817611875e+00
1.075922763077215905e+00
1.074794701466142532e+00
1.077031760508156299e+00
1.080154836626749271e+00
1.075965706723193582e+00
1.070657175048440157e+00
1.079578742900329624e+00
1.078160895756389070e+00
1.076295200348456271e+00
1.077740262064598609e+00
1.073419853364964816e+00
1.077011416337523730e+00
1.075859030474013434e+00
1.075777281617030345e+00
1.075383524782860478e+00
1.078706081034117803e+00
1.075834630763780941e+00
1.075282526028474406e+00
1.078016428043621966e+00
1.078552247234104700e+00
1.073892434247025740e+00
1.074042043819633863e+00
1.076972086591645450e+00
1.074846490037636437e+00
1.076374880145704704e+00
1.076998637950777438e+00
1.073892895106578482e+00
1.075257352226079544e+00
1.075257154115169644e+00
1.076173946158096140e+00
1.079098069470750376e+00
1.074176180246152912e+00
1.074368304868395407e+00
1.074518503860449004e+00
1.075749983118230668e+00
1.074506893711330235e+00
1.076496519120281103e+00
1.077239684525708396e+00
1.075272858250992725e+00
1.074897811533574110e+00
1.074865436053964229e+00
1.072323065614424031e+00
1.079968917933319839e+00
1.074532648426069992e+00
1.076495017124933895e+00
1.073059982421778358e+00
1.077264005224816357e+00
1.077539191239440974e+00
1.075910270405832314e+00
1.075648408901860975e+00
1.073437706032705607e+00
1.076114153037068588e+00
1.075938153844200329e+00
1.074993032766053513e+00
1.073898529912233668e+00
1.075252423310887995e+00
1.075534646041906628e+00
1.074139747589234473e+00
1.073699111624122127e+00
1.076177398023525633e+00
1.077385111777287019e+00
1.073543971766440785e+00
1.075241848281778489e+00
1.074063758906673716e+00
1.075057942518877541e+00
1.074474367088837923e+00
1.076240797393312576e+00
1.075424001359829296e+00
1.071634344423598284e+00
1.074599922654845052e+00
1.077879833259118625e+00
1.075376822176283165e+00
1.073038344904190700e+00
1.079092290144918476e+00
1.075370622814949106e+00
1.076028622979859684e+00
1.076468011962446125e+00
1.075349266855055053e+00
1.077816141428790342e+00
1.076106892453448260e+00
1.074377615750895743e+00
1.077590661789369797e+00
1.073604787176913877e+00
1.076474985734058087e+00
1.075016879848873064e+00
1.077138318795128447e+00
1.074392371073186414e+00
1.078361367542800764e+00
1.077570440648041528e+00
1.075611849996619629e+00
1.078971469199452748e+00
1.073409116795948748e+00
1.075372634621972079e+00
1.074985366964077649e+00
1.077347509935093539e+00
1.075685065586143629e+00
1.074955059300683136e+00
1.077030866404731446e+00
1.074374094332830598e+00
1.078988264484434412e+00
1.073627789146506029e+00
1.077377982167928350e+00
1.076585431100306467e+00
1.076304484951681850e+00
1.075575803364872574e+00
1.074465514266473853e+00
1.080070974797541661e+00
1.075217766857991641e+00
