1.194843891234482758e+00
1.188137262134587813e+00
1.209428781162776412e+00
1.233510552254381887e+00
1.145364944447189393e+00
1.159965322740085680e+00
1.185615786027215623e+00
1.175654512472768198e+00
1.162619924676152605e+00
1.168437076948699138e+00
1.207936898510267865e+00
1.171052803751336580e+00
1.123211803205045101e+00
1.154984069568141036e+00
1.154842205296302993e+00
1.203917404380155931e+00
1.146501129620427495e+00
1.168042813470707042e+00
1.165046861073577578e+00
1.137557057512596170e+00
1.125040119375954051e+00
1.191265829864851078e+00
1.238397739947277865e+00
1.176225769762372586e+00
1.135224210112973031e+00
1.203546943001788216e+00
1.278329663440593400e+00
1.172778529896284061e+00
1.123892732267494310e+00
1.137695240156580523e+00
1.202534217767102787e+00
1.166598698951186286e+00
1.197683165725134558e+00
1.157510119975892149e+00
1.214524015592261197e+00
1.174392165474945848e+00
1.154906592200710458e+00
1.181035334678991910e+00
1.140107557170063401e+00
1.164191866682045884e+00
1.144807501764848023e+00
1.182540321334284661e+00
1.179173679069907887e+00
1.187052930129199879e+00
1.154878261326253375e+00
1.281924302645228053e+00
1.252756470253315380e+00
1.198981844994498447e+00
1.179093762658659283e+00
1.154700616927673673e+00
1.163034711246497599e+00
1.117565286224185162e+00
1.156181988539028760e+00
1.249445713539271807e+00
1.195450875897133836e+00
1.190950520916031596e+00
1.199950510466605724e+00
1.230311398321866090e+00
1.145905225297275010e+00
1.228240612618897609e+00
1.292938288471941144e+00
1.141898621525784474e+00
1.262388394607089515e+00
1.195025276459183106e+00
1.257967651109120455e+00
1.169405666718425385e+00
1.213377250220681658e+00
1.127331830558862213e+00
1.196269868955185167e+00
1.158104521617324023e+00
1.162697562804513751e+00
1.189495542463366862e+00
1.156264427907137016e+00
1.153754050603201575e+00
1.178037819355894911e+00
1.212142677840875926e+00
1.171063854356156009e+00
1.151814368369436625e+00
1.187616027455043577e+00
1.160751407068604690e+00
1.194391602379390793e+00
1.236332786344604528e+00
1.168375167628107780e+00
1.177332597624910937e+00
1.279240117656789355e+00
1.310029821669845829e+00
1.205403837794675193e+00
1.191627857940469104e+00
1.233098402182131403e+00
1.164803366968390819e+00
1.162925981441630618e+00
1.144572689738963200e+00
1.231558787897987894e+00
1.185599260314318171e+00
1.144615076342176962e+00
1.157286714341739575e+00
1.194298902444035582e+00
1.139443324093402987e+00
1.225386435005099584e+00
1.178311189099564560e+00
1.187691149342154917e+00
1.198158175066799558e+00
1.216561676766212408e+00
1.209714540955738160e+00
1.191253556178006878e+00
1.195329489066415229e+00
1.156819013193596701e+00
1.177478503386750752e+00
1.172147414710206670e+00
1.239658512551766734e+00
1.182943651573862720e+00
1.283976327811023666e+00
1.153768123449892880e+00
1.134175022984863279e+00
1.180013730817947026e+00
1.131221026335133883e+00
1.197584447584846945e+00
1.240944973667771123e+00
1.168269152029503877e+00
1.102701861035843001e+00
1.152176110929731490e+00
1.185443361717672728e+00
1.150720061571572472e+00
1.125320598495177515e+00
1.228203318517472109e+00
1.226641972508281331e+00
1.147917702913458848e+00
1.152033978975851358e+00
1.162051907663187666e+00
1.205395884837352272e+00
1.196169344274654822e+00
1.188773611113589368e+00
1.195089139556838598e+00
1.177329349351126320e+00
1.176383178537999896e+00
1.177067059936789395e+00
1.171515457553967909e+00
1.169187527126187565e+00
1.205081795179389959e+00
1.193198775801992850e+00
1.217800443429744028e+00
1.274040842246549898e+00
1.164465505432327630e+00
1.180288294061369037e+00
1.179987403462163797e+00
1.162248815220162212e+00
1.254743111578437986e+00
1.150738511205956716e+00
1.166052184378805423e+00
1.161464351993215294e+00
1.158235525038861624e+00
1.168211702055578227e+00
1.147633330480310576e+00
1.227556701219220114e+00
1.125986680929732753e+00
1.178487593289748059e+00
1.160855276513026002e+00
1.212708427969839686e+00
1.139453315198436290e+00
1.159581540166048308e+00
1.159658270402791569e+00
1.190492803407264155e+00
1.154124929290501367e+00
1.138829631752771521e+00
1.147117594067624369e+00
1.188619334432417407e+00
1.210495516052809695e+00
1.165253812543819434e+00
1.177403105109576797e+00
1.197714799796998131e+00
1.168378851831776810e+00
1.230474625359554208e+00
1.148104693324628389e+00
1.176252904230647989e+00
1.144136792676400338e+00
1.195307306610120301e+00
1.135622491686427038e+00
1.157725497030087869e+00
1.115295287358276877e+00
1.140736333163029803e+00
1.223200126881410776e+00
1.289200813269600010e+00
1.210341584531314352e+00
1.182129350389834910e+00
1.327497878322246194e+00
1.225758891280720020e+00
1.142436901848695507e+00
1.198672732509422634e+00
1.152380542410188724e+00
1.209780995300594242e+00
1.200414583071324204e+00
1.217777178243691028e+00
1.219505640756683773e+00
1.178061743648937343e+00
1.274054832416131156e+00
1.141885224056913728e+00
1.191730629224793114e+00
1.190183280940211974e+00
1.170520308684401378e+00
1.177671952311049486e+00
1.196058741092160815e+00
1.182109433549178856e+00
1.153903456839402875e+00
1.210812980301096520e+00
1.215864379716799171e+00
1.202435196938648865e+00
1.164587109465223591e+00
1.164178420825354054e+00
1.256362561117266630e+00
1.180959925938402488e+00
1.148550626158483023e+00
1.226756725589092101e+00
1.135014083745241598e+00
1.164292116601007399e+00
1.197930387703761479e+00
1.186325136354212217e+00
1.262792594763393339e+00
1.176070678230931588e+00
1.147886095402911311e+00
1.196432146515047590e+00
1.228149153133995863e+00
1.251655978173701778e+00
1.201294915309501832e+00
1.162383414884700539e+00
1.153317361896136761e+00
1.174878693366979920e+00
1.171691612362254276e+00
1.226785666115445039e+00
1.194420179957530692e+00
1.128403772009409112e+00
1.173025942814528433e+00
1.189969660326994916e+00
1.253054343176100094e+00
1.211553110749228113e+00
1.220950056540591744e+00
1.205072292095552333e+00
1.206775713955200890e+00
1.148070227234821994e+00
1.168308208097163847e+00
1.196132989278246628e+00
1.172297680414034593e+00
1.189908069132228574e+00
1.171786610468938727e+00
1.148354064599334645e+00
1.193132301858241817e+00
1.194944209896528831e+00
1.188587619276823659e+00
1.198520604515193488e+00
1.164642287378479191e+00
1.173827276987751578e+00
1.244417519149925822e+00
1.210022094338887966e+00
1.169680137165446610e+00
1.200449175376099520e+00
1.232615504473975721e+00
1.171839007491145335e+00
1.235155554872908290e+00
1.167200579161690843e+00
1.165377595400538313e+00
1.157171476538635613e+00
1.201753729158886230e+00
1.152567569237249456e+00
1.143765091613969886e+00
1.169620269882443830e+00
1.165072160357880415e+00
1.150512868052293580e+00
1.153708662875474911e+00
1.154502082084301495e+00
1.154132716601198316e+00
1.291862595993967799e+00
1.205470306988345008e+00
1.183332285890360325e+00
1.199858546776074064e+00
1.191777523023747287e+00
1.222257067367765737e+00
1.224083363929697521e+00
1.190241083136237776e+00
1.182724389022461242e+00
1.140920598415386733e+00
1.189357997724110216e+00
1.123441538921470473e+00
1.177463566275325002e+00
1.216614190687950181e+00
1.188938784932458193e+00
1.180648397859826115e+00
1.145567467177825982e+00
1.172768560177434249e+00
1.206512494584043971e+00
1.134471249688041583e+00
1.172499521562939462e+00
1.137870332537080253e+00
1.130529626991466419e+00
1.154760665250952334e+00
1.191361704524239062e+00
1.142638369000810172e+00
1.153218504147942136e+00
1.163206827127227561e+00
1.145229727028358901e+00
1.141188772691238862e+00
1.171579710171420485e+00
1.204484568728364957e+00
1.150356726504809135e+00
1.199962669434167628e+00
1.213846628825677287e+00
1.207406482069488751e+00
1.156853847868287710e+00
1.151225357205290845e+00
1.175007049907538681e+00
1.164790256838264204e+00
1.176853453512876735e+00
1.162436412265720476e+00
1.149818269258419345e+00
1.171202495472333460e+00
1.184488310313758896e+00
1.187280625268789302e+00
1.241669349628367502e+00
1.158913067768619021e+00
1.317003078377573244e+00
1.210742742156642127e+00
1.209623484997082832e+00
1.218097112387080738e+00
1.245108467717452871e+00
1.159484168341239352e+00
1.194538480098351174e+00
1.227011471160849521e+00
1.214880565751315311e+00
1.203149072387052154e+00
1.200431754043932653e+00
1.254741973799927246e+00
1.230179320426416645e+00
1.159051960651972690e+00
1.205055434435553074e+00
1.163415139121853015e+00
1.188790858776275439e+00
1.186106887320148129e+00
1.175714659045759891e+00
1.251274681412240630e+00
1.185208881161113448e+00
1.157132996345917597e+00
1.190219566064596890e+00
1.210588708548433035e+00
1.192548417297555785e+00
1.318137663280141814e+00
1.329537626403223260e+00
1.153805281446971476e+00
1.184620525146252712e+00
1.144033162975342854e+00
1.215673306116242802e+00
1.196307274762953066e+00
1.174769052370890021e+00
1.198955659644818539e+00
1.141346167531700706e+00
1.187124068870841542e+00
1.235801680199662966e+00
1.167169832314559841e+00
1.241495460170460863e+00
1.176094925846024042e+00
1.163382093880302559e+00
1.179183392496680804e+00
1.159584618232392783e+00
1.146084715288719025e+00
1.149745433690753771e+00
1.196867423634731420e+00
1.137451995391752790e+00
1.167464075519519362e+00
1.177677897179230770e+00
1.167601495069310102e+00
1.171723954542815305e+00
1.227606020658258190e+00
1.155793283887306400e+00
1.200661014469051713e+00
1.155532008904871955e+00
1.162579599192522961e+00
1.177672069323769444e+00
1.177852278028294286e+00
1.177128428026537499e+00
1.185418714755584357e+00
1.153299214158481245e+00
1.210544487282815052e+00
1.144635468100924314e+00
1.195004266761103606e+00
1.182210093107513460e+00
1.146741392913181778e+00
1.132750498617981050e+00
1.179332036537980466e+00
1.263599590739441281e+00
1.197423665632045164e+00
1.228240069843072879e+00
1.175979992526295925e+00
1.144488922445815682e+00
1.197659772639352971e+00
1.222396063397909849e+00
1.194157766550030919e+00
1.125255917789087734e+00
1.151208972278717324e+00
1.137138379242300656e+00
1.147211660910692377e+00
1.178411115487502769e+00
1.133784338366762290e+00
1.158199832778690208e+00
1.194188970834888730e+00
1.233567730100016302e+00
1.186696187900460053e+00
1.148826869033714004e+00
1.194752744286571744e+00
1.137647831774449836e+00
1.303162016453090155e+00
1.246293157481833891e+00
1.184966650181525472e+00
1.187088234763645334e+00
1.261983310023751637e+00
1.222338869517416438e+00
1.176322244039982756e+00
1.192056276076822297e+00
1.189600975286160267e+00
1.171617591824267723e+00
1.174975196782162223e+00
1.191066940666001717e+00
1.130299561384492613e+00
1.216721217237540786e+00
1.191799966969608882e+00
1.184728520543487207e+00
1.202303824276158783e+00
1.119468675088192144e+00
1.185524799160631915e+00
1.196652848108834988e+00
1.173342614886677682e+00
1.202756343654566740e+00
1.162985093574536721e+00
1.166148860172808277e+00
1.168351386195841002e+00
1.145559746933604073e+00
1.194959258244510325e+00
1.155315865627915439e+00
1.186788030400409699e+00
1.223353196293766931e+00
1.168621056019492732e+00
1.222283413149876985e+00
1.141447992587732774e+00
1.139879888793639440e+00
1.179873938186472460e+00
1.170576035798104098e+00
1.164765466268675942e+00
1.159556758380631436e+00
1.266866817373235143e+00
1.139260528039133469e+00
1.142750912580220213e+00
1.115883184647953108e+00
1.162090177797525659e+00
1.171345671042883341e+00
1.175029227161660472e+00
1.149515175228207786e+00
1.146798751353556023e+00
1.161256385622327025e+00
1.194104543985940570e+00
1.251474409798804643e+00
1.145412582002220070e+00
1.138443767946070606e+00
1.149702798946421467e+00
1.171233513251526359e+00
1.160727660580535670e+00
1.153887601514908656e+00
1.164624756363668467e+00
1.186876143478662105e+00
1.166920133536716975e+00
1.149398987207816747e+00
1.176576116417002327e+00
1.201440762293155329e+00
1.220639578296004446e+00
1.185608824042523546e+00
1.129679060810880875e+00
1.168977133303939597e+00
1.167847238259205112e+00
1.184656293204690014e+00
1.166203347232876331e+00
1.188883503513187723e+00
1.169328654210027629e+00
1.185721069583439924e+00
1.249728528635070557e+00
1.131214837488545122e+00
1.224788010892163603e+00
1.164665107550103107e+00
1.194354768474934048e+00
1.177496761634839517e+00
1.169689484149790681e+00
1.169607996148472662e+00
1.169690573943243717e+00
1.212692086990852847e+00
1.142407737652603394e+00
1.201466857196280769e+00
1.165776248445711039e+00
1.204732326086698890e+00
1.193364032551518239e+00
1.211696264741280782e+00
1.205207338429077346e+00
1.214498536231556347e+00
1.179197726582638106e+00
1.180687639342604456e+00
1.158752511957656273e+00
1.141972071926199428e+00
1.174441565644867902e+00
1.147866940889521237e+00
1.183799848929018461e+00
1.233178694571729794e+00
1.216700936037642400e+00
1.154632442188324504e+00
1.339827121014276257e+00
1.284249880004361577e+00
1.167430330330146315e+00
1.206263012467398532e+00
1.232725337847769165e+00
1.103427657714178389e+00
1.188717932271883493e+00
1.186203628658514253e+00
1.165803058874879339e+00
1.152914409070062263e+00
1.129801275477139821e+00
1.130764500169368247e+00
1.168673998636523992e+00
1.168553736154832823e+00
1.207993676150818319e+00
1.205137899887229969e+00
1.202662599881239691e+00
1.150737302894514924e+00
1.153700567330391724e+00
1.257044039772113875e+00
1.163367432154918779e+00
1.159299497410903657e+00
1.182490487596399742e+00
1.194948334378988397e+00
1.163151242116468254e+00
1.267309527744244102e+00
1.177805940101929627e+00
1.158023285769989030e+00
1.217899105717381580e+00
1.154621370199006014e+00
1.145160758661293299e+00
1.201451595962645946e+00
1.176354008497690895e+00
1.125835752305217374e+00
1.169712929286685466e+00
1.160587580266483787e+00
1.237457399393737889e+00
1.215511545640902247e+00
1.193045104788606370e+00
1.190000737100516792e+00
1.168978988378136519e+00
1.156163077170282216e+00
1.194834741652141430e+00
1.147606542359270732e+00
1.182918824460851726e+00
1.187608655283766135e+00
1.187908605050293387e+00
1.141207487980801405e+00
1.164422602207358048e+00
1.188860597595001289e+00
1.167920140178350552e+00
1.178139592208351294e+00
1.176343825214204220e+00
1.200677868881527166e+00
1.168272434524204595e+00
1.174808435337771018e+00
1.174084894848845151e+00
1.134342333433394634e+00
1.169004706209069600e+00
1.162388630413373258e+00
1.172681379202983099e+00
1.176683459503959028e+00
1.204868726139043611e+00
1.212705617755087228e+00
1.167515301293816865e+00
1.160761704767438562e+00
1.158016579831221859e+00
1.150686279936090850e+00
1.232825589688931522e+00
1.219208284947674859e+00
1.192557660237113737e+00
1.175374384300676756e+00
1.191945267389935337e+00
1.189217905265524511e+00
1.180589649976252264e+00
1.121602896548248962e+00
1.158711061322920788e+00
1.191086666776330460e+00
1.112361715191830802e+00
1.268172804895993044e+00
1.167502209364126742e+00
1.165722250534974913e+00
1.155206475942345934e+00
1.158104050303423893e+00
1.157343906730474270e+00
1.158650882479959066e+00
1.126313815771530447e+00
1.181677754590308549e+00
1.168899397702667375e+00
1.147228534033110092e+00
1.155344091949524810e+00
1.138868289400980283e+00
1.179980289842229135e+00
1.198369480793043618e+00
1.144313127874879266e+00
1.157694478769287771e+00
1.113596648406713685e+00
1.183313747945519578e+00
1.239321488222943524e+00
1.171670464404650502e+00
1.195513023669782182e+00
1.155462360495113749e+00
1.235698907584718453e+00
1.162380490245384479e+00
1.164303186867058360e+00
1.148287992331908480e+00
1.179141291688941218e+00
1.161076665842812661e+00
1.193414965151866847e+00
1.192455485157470907e+00
1.184338576267393917e+00
1.180759838553439467e+00
1.144905971873917183e+00
1.233664710579398749e+00
1.211626711785723565e+00
1.168033084072002348e+00
1.173096309903431278e+00
1.195676702213838594e+00
1.184113760087678324e+00
1.150527599614902030e+00
1.123894738905447888e+00
1.143808794040504173e+00
1.164631117796024462e+00
1.139933576758596745e+00
1.190824545971710169e+00
1.199102851587712681e+00
1.177506666247265965e+00
1.153764925643272266e+00
1.219284236240737229e+00
1.182088383516224805e+00
1.185651529926620373e+00
1.213524554813387502e+00
1.191026168135605134e+00
1.187098237986232929e+00
1.212196287083385782e+00
1.184803571471174877e+00
1.210310056055664774e+00
1.171914082353389785e+00
1.147629965623288451e+00
1.126294432498722076e+00
1.208562536730831027e+00
1.202598962865467636e+00
1.142797299229758146e+00
1.132196537677300219e+00
1.181705258467076636e+00
1.172453107463685917e+00
1.177364015376232365e+00
1.255745997401629177e+00
1.137320441776944691e+00
1.204323837320653956e+00
1.158053998430541354e+00
1.190313251205456391e+00
1.242724890009335059e+00
1.196203865849025716e+00
1.146086009327876631e+00
1.131720049458104782e+00
1.171388477767528080e+00
1.200318651172632256e+00
1.253704249585285035e+00
1.223267564479898262e+00
1.217109405730206539e+00
1.214469270164844517e+00
1.190390348314396052e+00
1.181285751400133810e+00
1.195151942423652303e+00
1.144927037174511719e+00
1.184418427534546625e+00
1.154308098189569254e+00
1.228782677440174886e+00
1.156639493272956454e+00
1.157525187219822449e+00
1.206484397564689504e+00
1.175441359886179482e+00
1.156073050712925321e+00
1.185623508278585980e+00
1.200214603868933860e+00
1.175789223800932204e+00
1.266308429555526693e+00
1.205353098946526424e+00
1.143562860172423701e+00
1.142017739778090402e+00
1.184752159588141174e+00
1.215903424786783926e+00
1.296034770999079377e+00
1.173666570871721104e+00
1.188622646602087940e+00
1.141413174466433089e+00
1.182062913090605738e+00
1.237683963814851795e+00
1.233562479924041666e+00
1.166858219830881671e+00
1.174169962333419193e+00
1.242155187164018404e+00
1.165871510105969788e+00
1.151622647323769622e+00
1.217397853717808953e+00
1.142843995233397969e+00
1.139519121823021397e+00
1.170918261694900098e+00
1.152539619097880497e+00
1.218788381372396312e+00
1.169649821541812296e+00
1.178312065897660021e+00
1.216273064491268707e+00
1.149448768358623640e+00
1.220097598397219540e+00
1.172067760950732174e+00
1.181866199354235425e+00
1.174292942613405000e+00
1.244870401515429936e+00
1.174974969648530099e+00
1.173245650151389263e+00
1.215853983650432957e+00
1.207479232999671082e+00
1.213790110311083970e+00
1.205850805680864779e+00
1.141319360698657803e+00
1.171361816701406822e+00
1.223306477581540541e+00
1.146918428524435596e+00
1.127085030538248267e+00
1.186860325177140574e+00
1.199066547320163156e+00
1.155643440238763864e+00
1.166260001665698320e+00
1.217084158453406673e+00
1.220462976861049098e+00
1.159491336025188613e+00
1.142801774627451028e+00
1.209248781267060480e+00
1.119609647440027667e+00
1.203155996874097022e+00
1.182822929136840173e+00
1.259000694389179165e+00
1.133969882218019309e+00
1.147880361060946264e+00
1.145217044177540666e+00
1.176991684412700634e+00
1.221814744789035512e+00
1.217740237704570960e+00
1.144095571510574727e+00
1.218201646988961828e+00
1.161156216356278303e+00
1.198582338658785940e+00
1.223762472368723708e+00
1.248373033232582419e+00
1.200889848982082952e+00
1.175662069111601093e+00
1.159009091980180317e+00
1.130531848726372246e+00
1.131522425765864703e+00
1.141285615679279219e+00
1.187537346492638424e+00
1.265638552983821663e+00
1.155234305626372970e+00
1.145468518638518285e+00
1.294654966676701990e+00
1.156115873050889142e+00
1.198494459539850565e+00
1.188755759529297240e+00
1.192367621224525109e+00
1.167780775972328433e+00
1.230159635421763653e+00
1.225762559578651656e+00
1.195614427047277495e+00
1.133234934952164652e+00
1.198255642043567271e+00
1.296405897036635446e+00
1.170263317671789149e+00
1.128364527394962957e+00
1.156081284992340974e+00
1.152598657798562742e+00
1.178782975565842328e+00
1.178419308745741745e+00
1.162284211668885625e+00
1.185575876618707447e+00
1.198015710153895963e+00
1.166405338237606726e+00
1.186049338833765399e+00
1.175686615108450406e+00
1.157639314145981091e+00
1.161130878922762344e+00
1.182108370851891577e+00
1.188711380162755349e+00
1.225629419008320120e+00
1.184044824735249968e+00
1.143430921313656867e+00
1.160046328640869318e+00
1.204547843190037826e+00
1.144612579303639022e+00
1.194391407923571791e+00
1.152791592272766952e+00
1.154054108201758355e+00
1.192956712996865676e+00
1.184824892521938677e+00
1.189647948840266922e+00
1.166419349899567637e+00
1.197479218419552849e+00
1.142615299065620427e+00
1.169028237925558544e+00
1.200556325429150695e+00
1.180309054994771900e+00
1.190042847583895114e+00
1.223227901381009897e+00
1.165443969349916342e+00
1.156107071136896147e+00
1.154444806803993195e+00
1.191499265168006527e+00
1.219427239976514921e+00
1.279019546167117216e+00
1.195498006248600698e+00
1.173136194495815854e+00
1.198802477849332693e+00
1.174253209893905359e+00
1.165393571349609969e+00
1.184611333287310053e+00
1.161357413204463951e+00
1.147065473390056045e+00
1.160214779348792913e+00
1.156003549680793441e+00
1.155336417622823797e+00
1.178407783565952327e+00
1.231505676731549315e+00
1.182484819930360809e+00
1.159145809075178946e+00
1.174243493762889168e+00
1.236397525237152406e+00
1.201178674835209126e+00
1.190261913199151866e+00
1.155542487538081087e+00
1.149224446447347558e+00
1.198784434224889006e+00
1.141723774781856715e+00
1.260258465244806558e+00
1.189640166094452889e+00
1.145684805231229841e+00
1.200962849413440114e+00
1.233991440933004613e+00
1.166953055443708420e+00
1.172742401741866169e+00
1.195728111651819026e+00
1.263365960027764467e+00
1.182928073129966950e+00
1.158937399868778861e+00
1.139652091624140828e+00
1.193585864881383518e+00
1.203006505726804676e+00
1.216712322354384535e+00
1.189106355905338974e+00
1.149690094632985771e+00
1.189322270721673291e+00
1.202731627676196124e+00
1.202009302680278058e+00
1.158377037730124570e+00
1.190947972491646079e+00
1.170968116231492440e+00
1.161868253870358636e+00
1.239261419878458614e+00
1.157229404599309897e+00
1.179416120628995923e+00
1.134886357974529414e+00
1.229502824005245243e+00
1.187334501778020801e+00
1.195570255889046418e+00
1.192792357281160065e+00
1.162178036917106860e+00
1.162650076626262852e+00
1.163417158410020580e+00
1.188993185091603566e+00
1.189378919921806332e+00
1.159400995305987170e+00
1.149745812449127769e+00
1.192345619129798306e+00
1.206848286892189481e+00
1.164220173576314465e+00
1.177013209904556934e+00
1.142178961934829928e+00
1.253013860127264456e+00
1.180286109076448708e+00
1.126174778147533528e+00
1.198101842736389200e+00
1.133581607552070603e+00
1.136230523855978891e+00
1.148386412595452821e+00
1.182664747291041429e+00
1.146563838935865887e+00
1.204469203995647719e+00
1.201087320099549993e+00
1.190507888326849395e+00
1.180994538334422916e+00
1.154383282278807377e+00
1.179195300418017345e+00
1.201135469453515237e+00
1.146740797330966455e+00
1.142784891048519214e+00
1.225122224886405986e+00
1.288277725707999588e+00
1.215186799325985056e+00
1.154366615484631930e+00
1.165326503853249207e+00
1.141523308537202963e+00
1.185843871576641284e+00
1.154476096026167964e+00
1.220033208832933536e+00
1.167246201856908083e+00
1.161188358783497021e+00
1.154918194135752474e+00
1.136114179894942788e+00
1.171059954114250345e+00
1.144208453068551234e+00
1.255930935624300693e+00
1.154301615175370888e+00
1.155587135426195289e+00
1.132228883528054508e+00
1.165670566210183390e+00
1.230420015458552507e+00
1.184355867200224344e+00
1.218251314302574384e+00
1.160453679160423857e+00
1.173252460193863866e+00
1.226588203901613161e+00
1.234517954467533096e+00
1.184769721937829035e+00
1.176628889521379673e+00
1.220990686171517403e+00
1.170880837707051203e+00
1.120440349800135627e+00
1.172998406804913074e+00
1.202110452495207316e+00
1.169142706768283579e+00
1.150955442254625982e+00
1.162158291233789331e+00
1.145122007626109495e+00
1.190322296055305040e+00
1.145375553937054924e+00
1.190234814473879688e+00
1.148619220380290296e+00
1.221167601485699805e+00
1.232707949212576315e+00
1.216170037386785641e+00
1.154663848381666025e+00
1.282990892842664321e+00
1.215180242439416025e+00
1.196481871640108663e+00
1.146310924954114130e+00
1.149823477910629554e+00
1.147676138062648787e+00
1.196013176695507996e+00
1.199060144457691157e+00
1.143299035381282192e+00
1.270035349955639825e+00
1.216521940730105555e+00
1.192061757676817102e+00
1.207205708230311814e+00
1.160834448225784410e+00
1.172445971626347117e+00
1.229364086767473552e+00
1.164065008178328586e+00
1.182226663938073186e+00
1.176642478284134707e+00
1.129654045217652669e+00
1.174431171437771981e+00
1.178424945404638713e+00
1.133951540806751757e+00
1.176613204138946767e+00
1.139911331715590004e+00
1.215240185319782951e+00
1.199277497091225664e+00
1.176203894605148070e+00
1.221765805015555761e+00
1.223615765795899701e+00
1.174941000526533497e+00
1.154574419632514948e+00
1.170592549913232139e+00
1.164623942581116234e+00
1.184535298442748186e+00
1.161495535696692061e+00
1.279622416847550070e+00
1.163649576277357989e+00
1.151400630513136347e+00
1.143059643651206603e+00
1.207498513696533493e+00
1.165744448187755022e+00
1.142445874550830354e+00
1.158600603278858943e+00
1.190755089371262621e+00
1.171815555480260729e+00
1.164857250626020635e+00
1.185682306139872244e+00
1.157143376156006598e+00
1.158707132572048604e+00
1.168255924908929932e+00
1.148823415312317575e+00
1.159137717691082647e+00
