3.120266392850430393e-01
2.797907663327190431e-01
2.848650605931217217e-01
2.900353844868942543e-01
2.791183139710849970e-01
2.828630046599884262e-01
2.868348090522599425e-01
2.838111516927808720e-01
2.832989371981957105e-01
2.786126296819056436e-01
2.815300814397173612e-01
2.859187309909382857e-01
2.807313248562094965e-01
2.798314245291014246e-01
2.825590973522131288e-01
2.825175880497809988e-01
2.815604231587698347e-01
2.814631290043960177e-01
2.847037054463190109e-01
2.841962260416875941e-01
2.822539853169743207e-01
2.745588546326885870e-01
2.831310598886917496e-01
2.873861315913543990e-01
2.808363619976974590e-01
2.822372920400375018e-01
2.838443117891819023e-01
2.874585824015906121e-01
2.824882973458497371e-01
2.841526965873984456e-01
2.795136940195601105e-01
2.863395560145362562e-01
2.875411507357495955e-01
2.849490879718085123e-01
2.799517812835566888e-01
2.851909960250573750e-01
2.812176171031732785e-01
2.810175113501260369e-01
2.860139956811953987e-01
2.830172884068204442e-01
2.888686936575321496e-01
2.829373903928066314e-01
2.843002955751213756e-01
2.838522702834700984e-01
2.856032108307320350e-01
2.847913319898460749e-01
2.852278309283056701e-01
2.837489958482076191e-01
2.827969954028614064e-01
2.857465190236548325e-01
2.833770385951513981e-01
2.821584480593797850e-01
2.828444502130345040e-01
2.825940339635814591e-01
2.820716136746292402e-01
2.855765633906893752e-01
2.776731907899071539e-01
2.839219884623978563e-01
2.788661691336707937e-01
2.778187231584121619e-01
2.865741420969838416e-01
2.831774061861909719e-01
2.821255162995338628e-01
2.864236358031928553e-01
2.848658312988029961e-01
2.845152205517949007e-01
2.885473656938248310e-01
2.824328117691168871e-01
2.835391990109628613e-01
2.841337708557626351e-01
2.846851929905331868e-01
2.898335047674134857e-01
2.829005448671543244e-01
2.875962617143383304e-01
2.855253227425281759e-01
2.854519251593877760e-01
2.826785430389499032e-01
2.827205056304701869e-01
2.799366054297762751e-01
2.829004744958234507e-01
2.828710365099224577e-01
2.791832429312044450e-01
2.810175287974250868e-01
2.824146945442772005e-01
2.821883794648871735e-01
2.825486354749570106e-01
2.801025150210421089e-01
2.810630781247965282e-01
2.826343416488426019e-01
2.850629124009784188e-01
2.811416999150659901e-01
2.853632581268604196e-01
2.846753688628224643e-01
2.810043660168158319e-01
2.835882906829751970e-01
2.822352739204387340e-01
2.867141462851526823e-01
2.846020755594051987e-01
2.849973452463597789e-01
2.898761755274733010e-01
2.864364595417799308e-01
2.867299626111993738e-01
2.809696852523370647e-01
2.888812538091388160e-01
2.831479542883415523e-01
2.848970438340491240e-01
2.883416731427876356e-01
2.811283385405948243e-01
2.791552584002839899e-01
2.877759060250568157e-01
2.805589352507644185e-01
2.864324534326408433e-01
2.864296972872943381e-01
2.788908946612523865e-01
2.805699544757491726e-01
2.819327284074949480e-01
2.816811882736537376e-01
2.876321210785149907e-01
2.806190964758192852e-01
2.752690443720840485e-01
2.864585836134624364e-01
2.891529094551947288e-01
2.785303127827383207e-01
2.845362967089987150e-01
2.831369577727524400e-01
2.817112159296479290e-01
2.810262449199695811e-01
2.870551968325034675e-01
2.875620114882516121e-01
2.867141296711970821e-01
2.829373111014635289e-01
2.759544589785379309e-01
2.800032354180921890e-01
2.812005440192003602e-01
2.744262955518707581e-01
2.854135638635745265e-01
2.828147936000641738e-01
2.841462250519982691e-01
2.794242368828118717e-01
2.846276946004949182e-01
2.818675319790678868e-01
2.839696959715474200e-01
2.838578041784037276e-01
2.894705740549973760e-01
2.787908294906579765e-01
2.852408417055840584e-01
2.863570146506807523e-01
2.790154458984427377e-01
2.851051478921655669e-01
2.842964499723317218e-01
2.827822175242050151e-01
2.847706540047075241e-01
2.801332855088356499e-01
2.795686973289115418e-01
2.805130634818512325e-01
2.807448928070891414e-01
2.761196473595184941e-01
2.885489413921846213e-01
2.832211755733662351e-01
2.821220846969304530e-01
2.825111738153061602e-01
2.859591890843395934e-01
2.870401044709748883e-01
2.822239147371173873e-01
2.831139381904118624e-01
2.835422831225382079e-01
2.839273640208961891e-01
2.888954446277716692e-01
2.867528606049969397e-01
2.812984365596334912e-01
2.858902335345386847e-01
2.857478429515316609e-01
2.858743027261294589e-01
2.803191277471508980e-01
2.830386436594411470e-01
2.800457929339222329e-01
2.854027571954015907e-01
2.837041895080547604e-01
2.847580278117738950e-01
2.826878270428007656e-01
2.758068121409723017e-01
2.859045166775071034e-01
2.837101680669686377e-01
2.866899567946717409e-01
2.878991263123659161e-01
2.820546190342826387e-01
2.844467472386912887e-01
2.838973261330248743e-01
2.761897397369831308e-01
2.874569017606246613e-01
2.857518203667246404e-01
2.848290996026614508e-01
2.788802586476884504e-01
2.847200108663057727e-01
2.869758285987707436e-01
2.864246422125343305e-01
2.807067174408217070e-01
2.782192715745420708e-01
2.870928654266846070e-01
2.809263205113518569e-01
2.828317254334954955e-01
2.878400297887017123e-01
2.827363678076635356e-01
2.830806989000325680e-01
2.900525700640141924e-01
2.807248308237879630e-01
2.855080418098663864e-01
2.832697799690112594e-01
2.850622487417961981e-01
2.810039385308900628e-01
2.810233416007852925e-01
2.800058572379670041e-01
2.881524613238589660e-01
2.853870948382487560e-01
2.859027338224398584e-01
2.839019160446917267e-01
2.883879303488890988e-01
2.814294725455256940e-01
2.830729458713333591e-01
2.834393617973531287e-01
2.830207255155261503e-01
2.856599359688209994e-01
2.812565505946891808e-01
2.870582183249861807e-01
2.855716630482257323e-01
2.817996684876823421e-01
2.845197454415742677e-01
2.818793526253592918e-01
2.858888158518657630e-01
2.846766412641056343e-01
2.881036871615412220e-01
2.896063057743641367e-01
2.839651368723242753e-01
2.806483961909468916e-01
2.832174273270892106e-01
2.819640202577046173e-01
2.866324041756849739e-01
2.862006879961232486e-01
2.804433974270943430e-01
2.825553988075158451e-01
2.832599645400804556e-01
2.820880725891686813e-01
2.825950765924530872e-01
2.824054989143246486e-01
2.778101728520213087e-01
2.831194920986456198e-01
2.821599917163695181e-01
2.823612082730928008e-01
2.771695622148092064e-01
2.869733560222276214e-01
2.833203142567312094e-01
2.873123783093759487e-01
2.819571286609566796e-01
2.851006123216214827e-01
2.825810597009507097e-01
2.844610035839688078e-01
2.812991767217499772e-01
2.825548047329288770e-01
2.840677880867589766e-01
2.788501522320043780e-01
2.804655906733051762e-01
2.853208446287036071e-01
2.888964148487869754e-01
2.851198877564371514e-01
2.895786970883832412e-01
2.824614468875066842e-01
2.830106744937648244e-01
2.818797851396481202e-01
2.823397095928094069e-01
2.863822780621568809e-01
2.807333695490984438e-01
2.855843888322423529e-01
2.842630962373214332e-01
2.882145974827241552e-01
2.843111436416787541e-01
2.851425413121526642e-01
2.833456225122234495e-01
2.857296622787439122e-01
2.851506378044383894e-01
2.841001770586042974e-01
2.858514347591789573e-01
2.861846086722528160e-01
2.853149579784186041e-01
2.813590254992857642e-01
2.830478626763986427e-01
2.776856975766486268e-01
2.823126435937816647e-01
2.783835801927542764e-01
2.806307391142688901e-01
2.826437512104107430e-01
2.874179805168576851e-01
2.800673750478521185e-01
2.828252276799917975e-01
2.821873931928595147e-01
2.843552940636862036e-01
2.849089080662606244e-01
2.851436657262561014e-01
2.834125632258183147e-01
2.824207163460199510e-01
2.801230470179290610e-01
2.846254957809965513e-01
2.828651985865702767e-01
2.838402762086861264e-01
2.850976908363307416e-01
2.841519036281337507e-01
2.851324141590546035e-01
2.865912078448090150e-01
2.837169288491957486e-01
2.843498124225091184e-01
2.839839986248202108e-01
2.864927689009390543e-01
2.849975977646526104e-01
2.785195437574205513e-01
2.848957215781712793e-01
2.827773449987013299e-01
2.821604525526361096e-01
2.839004037147419002e-01
2.822299738414207892e-01
2.797964227265610782e-01
2.853525780636230191e-01
2.798952100208419447e-01
2.840051755677577283e-01
2.839425737037479802e-01
2.821901851653147997e-01
2.841509025288093127e-01
2.834934668315869932e-01
2.828454454645430993e-01
2.819003143707329295e-01
2.838113570040795564e-01
2.843018149181911758e-01
2.839435455428017119e-01
2.825706091505620354e-01
2.823967635398250131e-01
2.875783081328656676e-01
2.839758696601204502e-01
2.892197840928246166e-01
2.882222403842412128e-01
2.870323523051673265e-01
2.857983074443646299e-01
2.855126568317695179e-01
2.797565068830817347e-01
2.784888463786314716e-01
2.834201942263994689e-01
2.869764732241034122e-01
2.797737919622710345e-01
2.813474973971627491e-01
2.821861233191469975e-01
2.811634028985836586e-01
2.899820958112901970e-01
2.824521657552429010e-01
2.864445979609417936e-01
2.857453644552835348e-01
2.834779208891730629e-01
2.803474272541240375e-01
2.821150964368740466e-01
2.891304135613398940e-01
2.843267825279388594e-01
2.859539870820876351e-01
2.834192231663694161e-01
2.844927356578613731e-01
2.823017033756198835e-01
2.839094604134668742e-01
2.820135906202431708e-01
2.839083097451335913e-01
2.850997846912732281e-01
2.845132463243701393e-01
2.839579440430193280e-01
2.844323907375483906e-01
2.789712696626412414e-01
2.871393952347641165e-01
2.852673171541447728e-01
2.834111778562852790e-01
2.856812374145657474e-01
2.822520830199898301e-01
2.834674507862281478e-01
2.814084049029413892e-01
2.794921828281362597e-01
2.784596639542950003e-01
2.826589058390936438e-01
2.852335442043294478e-01
2.880412988201277447e-01
2.825074989623257982e-01
2.849782990961206020e-01
2.812625096593101559e-01
2.844690814743350837e-01
2.864385738606713416e-01
2.832244089557016675e-01
2.826243261095817139e-01
2.829061521784296818e-01
2.860332268290847191e-01
2.809797975219125998e-01
2.852824476669809650e-01
2.872510650691902923e-01
2.861121698069055141e-01
2.786059763537113709e-01
2.789492312865557433e-01
2.793398507579025192e-01
2.858657798022204988e-01
2.862334344265651254e-01
2.857727977389513674e-01
2.835319477468640215e-01
2.857124445461448614e-01
2.853082010978909566e-01
2.814414926337037715e-01
2.876274481689071183e-01
2.848312016420048165e-01
2.771422881275968364e-01
2.822381889071768901e-01
2.820791757106132502e-01
2.872336301424857630e-01
2.822770896682469943e-01
2.787016218098287701e-01
2.910772184595289414e-01
2.808844150046799215e-01
2.827271456790990123e-01
2.843418999604467312e-01
2.842517929466615301e-01
2.820588180488597385e-01
2.816907931493503603e-01
2.817324953814904775e-01
2.843342057227198350e-01
2.882811116841209609e-01
2.822915366089849831e-01
2.845106918629359272e-01
2.876337346290484542e-01
2.826587655985641767e-01
2.876991914359028901e-01
2.793229497017803431e-01
2.799131497985227202e-01
2.789162371590391820e-01
2.800956130593967308e-01
2.864230945386329052e-01
2.856420930495600086e-01
2.861633817627360910e-01
2.861397459369762197e-01
2.874913305431700539e-01
2.849818585135408533e-01
2.884969716255478822e-01
2.787834491013161942e-01
2.870023663529858160e-01
2.839206056896467767e-01
2.865037924743044639e-01
2.743788196112055267e-01
2.818860752834620453e-01
2.876374641401551191e-01
2.814823315293239481e-01
2.852641635747200644e-01
2.864515169827793750e-01
2.867210465609999481e-01
2.811518244959443913e-01
2.833817652976631796e-01
2.810153274256924627e-01
2.854390290750741244e-01
2.828874621009984658e-01
2.802843924493942929e-01
2.776371582813373373e-01
2.772429141961849641e-01
2.835865513035501495e-01
2.834764445081177087e-01
2.820893193166273405e-01
2.817111346428453622e-01
2.831529878883832230e-01
2.830248445408991009e-01
2.848577250177237730e-01
2.787672068205415687e-01
2.807991236025773607e-01
2.878125902048932483e-01
2.865067390654964519e-01
2.860142514016910664e-01
2.856325456594618339e-01
2.866795614889636745e-01
2.818432019109274878e-01
2.849878053123687249e-01
2.832334163367677404e-01
2.807085950720808465e-01
2.775312697426617348e-01
2.846500070801599169e-01
2.848203173101002683e-01
2.839300381245629668e-01
2.837018596984210439e-01
2.846355499893790664e-01
2.848525166502947625e-01
2.760066944358434693e-01
2.821231829437163552e-01
2.832117453615199398e-01
2.825851509244513005e-01
2.865835979381234355e-01
2.825627525325484224e-01
2.821572323826083695e-01
2.808385662615438538e-01
2.815855998698831852e-01
2.812849431576423531e-01
2.849831367807626470e-01
2.812213098157976265e-01
2.828861217927762239e-01
2.841560242956777671e-01
2.766749290309408749e-01
2.796338679085715317e-01
2.835063945273767483e-01
2.844852396666908145e-01
2.900773049143594573e-01
2.850696582233420706e-01
2.823598785410086354e-01
2.857244441984170824e-01
2.856835704206224236e-01
2.840426546193159929e-01
2.824954069357102360e-01
2.855761532427442129e-01
2.826884666601933715e-01
2.758445938981595180e-01
2.825653670902274484e-01
2.855820524461937793e-01
2.838380761397925611e-01
2.850351150855067739e-01
2.831230100663994498e-01
2.819000992682201279e-01
2.852242041685545959e-01
2.873415609425055139e-01
2.866470827234371410e-01
2.865006108504299376e-01
2.868906131133053261e-01
2.843653487116022949e-01
2.826263055086217224e-01
2.794543151101126499e-01
2.859023441565989865e-01
2.831841144601488502e-01
2.879858795754421386e-01
2.861782234515277135e-01
2.881252935920655678e-01
2.809669734913498029e-01
2.816372608967853131e-01
2.779333636398813034e-01
2.824237996173795118e-01
2.849594166147735308e-01
2.820835287261572177e-01
2.829988940741592907e-01
2.849766994219839478e-01
2.847043121896077333e-01
2.824348763556949748e-01
2.874076117213391623e-01
2.837046017027337053e-01
2.830709613802915858e-01
2.859979798549286967e-01
2.837231113582353581e-01
2.801013508808881114e-01
2.892943853250266595e-01
2.814542878000992898e-01
2.861436295585045309e-01
2.812781771945092046e-01
2.835069496756070784e-01
2.841483806502468901e-01
2.873152859895153344e-01
2.812639950506844455e-01
2.823599384217095332e-01
2.872030067737274539e-01
2.835111490950211754e-01
2.844394705467824802e-01
2.809665026311429226e-01
2.810750907826456979e-01
2.865802977988840539e-01
2.774955194860543317e-01
2.853390538000133425e-01
2.832312206758934026e-01
2.798180162897264678e-01
2.876664667643586415e-01
2.849574270839855261e-01
2.783892068546627296e-01
2.863418576045056452e-01
2.846140792985348278e-01
2.863946018331041676e-01
2.834530052121063681e-01
2.838986348326882347e-01
2.865826216855670849e-01
2.909751454896983835e-01
2.839637923749368520e-01
2.858486242502881192e-01
2.813304073594024568e-01
2.831063599722294932e-01
2.861533354316887490e-01
2.829407263227052827e-01
2.823967657528120290e-01
2.847679094507576392e-01
2.848328487443518298e-01
2.838015337793495241e-01
2.846011009381229639e-01
2.849453723839238117e-01
2.861366774613020025e-01
2.822775527251518701e-01
2.820557547507605012e-01
2.841748341384257581e-01
2.817007306975127245e-01
2.845142112778483723e-01
2.829332369401967862e-01
2.832567576234840678e-01
2.828149573682054441e-01
2.830283118557980759e-01
2.815826877253230776e-01
2.859250773868560191e-01
2.809515336193429969e-01
2.869944879872647348e-01
2.870952989097495522e-01
2.748101452086842422e-01
2.834967725605413436e-01
2.851684402262356643e-01
2.787377575440467270e-01
2.823344031542251997e-01
2.810391481415501769e-01
2.840651745717605037e-01
2.827870273697061232e-01
2.813583839092526628e-01
2.836348339693818277e-01
2.775736740789629398e-01
2.775054979180726078e-01
2.862052769264028518e-01
2.859973596714630029e-01
2.874451183507442664e-01
2.830599344986962085e-01
2.871735927001638489e-01
2.828233200775467915e-01
2.767125944765843060e-01
2.853647527958995123e-01
2.814892827362299177e-01
2.871838844738539009e-01
2.880211993470311316e-01
2.860845694916405724e-01
2.777752804388963770e-01
2.845641867453263529e-01
2.786802593615749224e-01
2.775859485935672222e-01
2.781620972284630233e-01
2.787415051981925185e-01
2.856359450178151960e-01
2.805999852151126461e-01
2.830438576822605357e-01
2.843503580922956964e-01
2.855943545463797140e-01
2.857121592845581204e-01
2.833845987372607400e-01
2.819741192098811911e-01
2.816849108834544313e-01
2.815502355629388997e-01
2.812321800141301953e-01
2.825288904001673762e-01
2.875062565848787166e-01
2.820754633083701890e-01
2.833569001232247309e-01
2.825638276684719896e-01
2.850940900339010153e-01
2.865616609490472255e-01
2.843502957411135346e-01
2.861090050835359833e-01
2.888748828239898203e-01
2.779149242329051472e-01
2.926922094409801223e-01
2.818072965938007712e-01
2.845089128661129063e-01
2.789833164569434643e-01
2.845875708656420144e-01
2.862577433894391010e-01
2.815155385353021456e-01
2.858583958678309611e-01
2.877851125599233395e-01
2.840524479260617685e-01
2.809906552326532636e-01
2.828339228438762620e-01
2.843176079193096006e-01
2.824551073650525268e-01
2.885145118942873399e-01
2.838456367006844672e-01
2.831125420874377463e-01
2.823076283122686325e-01
2.829015942178959020e-01
2.883807195647368760e-01
2.861337702013720397e-01
2.854169138419216378e-01
2.829586900558213602e-01
2.824810284982507969e-01
2.796303101622427678e-01
2.776990435585383055e-01
2.797523942279078746e-01
2.845842073671599470e-01
2.790597748560237346e-01
2.782453874855032594e-01
2.815144075082016140e-01
2.847806741188161350e-01
2.779705574898413967e-01
2.815685476743389759e-01
2.795666347611828195e-01
2.816467479422092857e-01
2.800871376523082490e-01
2.842405778351342338e-01
2.820485626982967564e-01
2.804289473002311572e-01
2.820551665905588479e-01
2.881669775495003805e-01
2.849725745082831718e-01
2.841304740445793620e-01
2.764346092503736640e-01
2.827363705078160816e-01
2.853805888190868445e-01
2.851644867885436141e-01
2.834572615150517949e-01
2.843427768472656658e-01
2.830678898183283665e-01
2.801978036216464796e-01
2.834135369343608879e-01
2.833841404212769088e-01
2.860623147556521917e-01
2.870390717058107777e-01
2.849468085935827344e-01
2.844140152734189186e-01
2.768278137038110986e-01
2.851010932825560062e-01
2.874167672109670391e-01
2.828367926984565739e-01
2.829882126474457249e-01
2.859393316385579475e-01
2.839918109027311233e-01
2.855975724676809158e-01
2.834532333020913786e-01
2.864740956856649534e-01
2.834999559923993551e-01
2.863753951983564194e-01
2.867173179620917112e-01
2.848387627543007006e-01
2.877397379867409066e-01
2.916133362706940235e-01
2.855373617299848954e-01
2.812565753186364037e-01
2.832883489095852081e-01
2.848957187957479875e-01
2.825564738644584795e-01
2.886019866301605674e-01
2.786988877761102934e-01
2.849768735460530000e-01
2.847024788488876634e-01
2.853521496250945311e-01
2.835192112060666569e-01
2.897339965431915965e-01
2.856261408388337530e-01
2.813934979912268708e-01
2.800175560083995596e-01
2.857230409217115241e-01
2.853082298864563771e-01
2.819974998573482328e-01
2.863051232547353941e-01
2.812710756518091437e-01
2.877782313687937132e-01
2.827011310483987239e-01
2.821907993427778538e-01
2.805913025611208034e-01
2.869423475336769225e-01
2.848042435775522407e-01
2.837843238165293491e-01
2.821033146023732008e-01
2.860478363459270645e-01
2.774498776944752110e-01
2.845053890669367314e-01
2.814031666991039793e-01
2.844867205068013494e-01
2.844943572186737213e-01
2.773778964764642141e-01
2.872298130356014112e-01
2.864067489221039930e-01
2.840812373055771611e-01
2.842259994491165842e-01
2.846787177839271710e-01
2.894032371213159927e-01
2.853801536130619598e-01
2.844394860781088719e-01
2.863920426203334646e-01
2.799808903815923511e-01
2.826882161537782601e-01
2.860023212651450764e-01
2.853788757417690114e-01
2.897119973486147471e-01
2.826067242543989222e-01
2.835371939123788598e-01
2.887689284077242236e-01
2.811372485765947782e-01
2.836436024710348169e-01
2.837724145360266959e-01
2.860701934471138741e-01
2.839252734260106492e-01
2.806387384918486161e-01
2.846757989511002895e-01
2.803050369746811765e-01
2.781265867257748936e-01
2.869230145386857389e-01
2.849781552133689999e-01
2.833433364047509007e-01
2.865941350731285309e-01
2.794279399496854555e-01
2.822704929486494208e-01
2.835759500835449143e-01
2.810770898200485313e-01
2.871127615596233418e-01
2.782855722889635008e-01
2.876878857115375832e-01
2.779899237130071254e-01
2.864234131726062782e-01
2.840700326940381881e-01
2.868102504893440541e-01
2.812712548941843083e-01
2.821149115643247773e-01
2.842885581206198720e-01
2.830001617355897836e-01
2.883386914779230148e-01
2.836513188365081262e-01
2.817200018414438567e-01
2.814379294489267602e-01
2.820435130711249627e-01
2.843773069736793557e-01
2.823607111407786530e-01
2.776347273398029891e-01
2.821105063467377327e-01
2.820246094641686851e-01
2.853071483059211877e-01
2.812752323347829653e-01
2.844509919691526889e-01
2.841721269669099659e-01
2.886115370568489991e-01
2.852864411750618001e-01
2.832435431791540670e-01
2.812533451502802206e-01
2.817930660819030764e-01
2.876411155008222198e-01
2.823262912941935099e-01
2.847594775300633096e-01
2.854671494823761146e-01
2.814801816019321667e-01
2.850533625440335728e-01
2.780620469696900576e-01
2.821844364200640221e-01
2.829703351761053698e-01
2.854216416602400885e-01
2.853863099072926901e-01
2.779414889563824875e-01
2.836698831977855217e-01
2.856800964297024348e-01
2.799800515488231611e-01
2.855810990363176205e-01
2.793672824419032308e-01
2.837184789529086371e-01
2.823679467445055491e-01
2.836132783462738116e-01
2.839513277708131112e-01
2.882206747267273550e-01
2.823110263629096117e-01
2.855472117862278836e-01
2.800730294335024295e-01
2.879480345080475678e-01
2.794780751604449276e-01
2.792546087591775694e-01
2.836760948236513591e-01
2.837652934291963747e-01
2.820022065421472490e-01
2.870262415483157414e-01
2.810080458754670163e-01
2.853163676300798368e-01
2.817056184322346279e-01
2.845510383041943703e-01
2.836424837025976475e-01
2.861626248619426605e-01
2.837413914878819110e-01
2.831496600416580911e-01
2.809525165387233292e-01
2.845562417768248697e-01
2.847743602776571792e-01
2.805187578977962337e-01
2.790453508741878030e-01
2.828171817360038975e-01
2.841049933394551585e-01
2.830347375135020549e-01
2.843320923221307472e-01
2.764802100321890332e-01
2.805752818061540976e-01
2.798060547055488678e-01
2.834362733332954631e-01
2.811107668537991544e-01
2.865465557052587764e-01
2.851783992783904487e-01
2.864212990170102446e-01
2.826087836538413445e-01
2.813581136844708896e-01
2.847855691925962329e-01
2.869615222186988057e-01
2.835933527695691514e-01
2.858466737246898592e-01
2.830804769581111713e-01
2.834715807259085563e-01
2.828747944837873840e-01
2.771676794811973599e-01
2.799841763407591166e-01
2.830570706336881237e-01
2.809171426163193930e-01
2.848698479554332419e-01
2.872677532285332624e-01
2.845232235311703772e-01
2.854907977881455672e-01
2.827368950935668090e-01
2.847448352188050591e-01
2.787450096988524084e-01
2.791692429535267972e-01
2.800828411091946801e-01
2.838347168631587536e-01
2.876420496592930198e-01
2.838566723832768868e-01
2.868017971908228825e-01
2.831836410019888950e-01
2.818699199120586196e-01
2.871474776323634237e-01
2.825803581647823304e-01
2.842048364916451297e-01
2.802062749694143595e-01
2.823122570231280659e-01
2.870691595702536403e-01
2.783183800058899870e-01
2.850294249398573343e-01
2.869938847184241304e-01
2.866326436357051755e-01
2.882385392819651893e-01
2.840721127882194219e-01
2.852715645043097381e-01
2.813085146128954106e-01
2.827670464015666352e-01
2.809566074916723943e-01
2.877967274195566416e-01
2.824570098543450758e-01
2.839228889983401172e-01
2.848740090718984708e-01
2.833175379876070044e-01
2.796126362297460255e-01
2.841424213510865826e-01
2.812644925232977711e-01
2.858565512779958628e-01
2.852187808582551942e-01
2.845480526909711094e-01
2.850485551616607216e-01
2.857780960358425881e-01
2.831523982401344952e-01
2.797993873815958765e-01
2.854576978141155630e-01
2.807674073839619977e-01
2.802681120660623360e-01
2.883850231730291647e-01
2.816616023715997619e-01
2.862309254348698317e-01
2.800786701118881394e-01
2.756947039327418136e-01
2.809547025523115305e-01
2.812938000801437632e-01
2.833183074376998123e-01
2.832291792359365457e-01
2.789335498191577445e-01
2.789354902893762533e-01
2.855023650460632445e-01
2.797137324140847592e-01
2.774613620568754380e-01
2.792934167446420313e-01
2.850133275069399175e-01
2.830164121561761226e-01
2.796714063086923052e-01
2.830740944843247453e-01
2.807891440917333892e-01
2.857882238954989051e-01
2.853451257082125214e-01
2.866973563893938093e-01
2.866111187801164695e-01
2.863453316114874525e-01
2.773384615453541868e-01
2.794498088586556128e-01
2.870996194027501947e-01
2.855159572752265507e-01
2.853680924257450124e-01
2.818970061639363145e-01
2.820866577459014146e-01
2.852708585662107055e-01
2.817418056857242115e-01
2.808793813043054532e-01
2.855065354946271783e-01
2.786975816088966829e-01
2.885593071953083677e-01
2.849169007739673631e-01
2.843492550842814381e-01
2.751708331113369432e-01
2.842450013279149146e-01
2.834713462250498806e-01
2.805358254477068880e-01
2.833236478045336182e-01
2.810052581617021317e-01
2.807909802095499563e-01
2.865893228672687920e-01
2.787249166297082748e-01
2.796890827630323373e-01
2.825882137570805419e-01
2.787965566811696494e-01
2.799575130147026747e-01
2.857869287455478968e-01
2.837191062534762942e-01
