4.361206779853895377e+00
3.758972237106545489e+00
3.951478180281100538e+00
3.994551869396602672e+00
4.674386060462805581e+00
3.797465144101723755e+00
3.974823643198489354e+00
4.164197288085775384e+00
4.024252085180154204e+00
3.686907487230107083e+00
4.844464770348213101e+00
4.060070774612561273e+00
3.877547361670907744e+00
3.686139579085515372e+00
3.559637400131244966e+00
4.087573893758133181e+00
3.878792937644274463e+00
3.761151138461662491e+00
3.845992543690693211e+00
3.240814680248960578e+00
4.058711888456122630e+00
3.655044870978800375e+00
3.836014255162681241e+00
3.729337616704266445e+00
3.771784230508634206e+00
3.757823550146397018e+00
3.935599277745946534e+00
3.638671422591804649e+00
3.857105808790533885e+00
4.051983990289514281e+00
3.796021444868825867e+00
3.580028395003083563e+00
3.632980691745415935e+00
4.102279193557888171e+00
3.646409062778197541e+00
3.941257014426031269e+00
3.976183215782733704e+00
4.075168366160872857e+00
3.889961121567909075e+00
3.676207179678617099e+00
3.705510169016962063e+00
3.968793273006291589e+00
3.937638581909381763e+00
4.310187032517173833e+00
4.030260579012078459e+00
4.163755064193929378e+00
3.653297884970907017e+00
3.908394817448572756e+00
3.703414243092812530e+00
4.128280460239141192e+00
4.333587655189694132e+00
4.609222406464557942e+00
3.820977302838232337e+00
3.774849743633175159e+00
3.786612635813316530e+00
4.238404960606391825e+00
4.592992838024459346e+00
3.970208439245784593e+00
4.147775716268916391e+00
3.862567525066726404e+00
3.745760511743902565e+00
4.032738142118275526e+00
4.866059759378432936e+00
4.522511595012398189e+00
3.606945301829171502e+00
4.400774731971558218e+00
3.683253355878330471e+00
4.567062725542500701e+00
3.946272385799500793e+00
3.967047716951978220e+00
4.106306755251269536e+00
3.820036290333303164e+00
4.165557951392688807e+00
4.431838698305394786e+00
3.746069234270444692e+00
3.682367422453789452e+00
4.527123233354176435e+00
3.934097651452804545e+00
4.120703774352568516e+00
4.280759362224182851e+00
4.051777735553533155e+00
3.539321484285553598e+00
4.383222445294395975e+00
4.078633051732250436e+00
4.004920453091696864e+00
3.991897990693333842e+00
5.125301794721450754e+00
3.913301249597831433e+00
3.879872925031798481e+00
3.937387335241449904e+00
4.264668115043449781e+00
3.798511057617584452e+00
4.220303127343196792e+00
3.833429348180083629e+00
4.152947611513716275e+00
3.853536014119159248e+00
4.432846512827943286e+00
4.497640207432039183e+00
3.818235508226055508e+00
3.778253568453470379e+00
4.206936807762930108e+00
4.249710999079874263e+00
3.876761908751577224e+00
3.732242379658392117e+00
3.735973327822501577e+00
4.273402607320987201e+00
3.923129948577078974e+00
4.414055622202904594e+00
3.877398995184120345e+00
4.031902987135265626e+00
3.945524585750897817e+00
4.412158651407547261e+00
3.306535191867773005e+00
3.861067791314532371e+00
4.167493688218669057e+00
4.067792016731974769e+00
3.803791933828545080e+00
3.654666670733836664e+00
3.793602466267509854e+00
4.089386165706709875e+00
3.795687758192480388e+00
3.825163599868238506e+00
4.024711911714238255e+00
3.724402809586366381e+00
3.952954046087051587e+00
3.688851273406538844e+00
3.522515794483370044e+00
3.668381163981543125e+00
3.926508672064081829e+00
3.736944543326074175e+00
3.935528485360633599e+00
3.865493049535730918e+00
3.913780991603466930e+00
3.678600634429562533e+00
3.485142264672467682e+00
4.391507703178998412e+00
3.669471098524999864e+00
3.727275873926950034e+00
3.641691985178129087e+00
4.201052427550606261e+00
4.378096872206779011e+00
3.874932035877697967e+00
3.868859105699029577e+00
4.120034261377131912e+00
3.522132957905957706e+00
4.138559285385358777e+00
4.007363772162737092e+00
3.847762902802202234e+00
4.307136980893674583e+00
3.617079664270601569e+00
3.682988267655137982e+00
3.826789080077021232e+00
3.730329467997941961e+00
4.306852763688383767e+00
3.908171485782617971e+00
4.224587423472459413e+00
4.034061523378983161e+00
3.988108483875487664e+00
4.316209831290250598e+00
3.834445652257538750e+00
4.402847065668778370e+00
4.034535897001953586e+00
3.679996288644495017e+00
3.956488289392123381e+00
4.782761241272150521e+00
3.718698484255221537e+00
3.724610416924301504e+00
4.565431470944186998e+00
3.820941907189185915e+00
4.101956135966134731e+00
4.641709250352469063e+00
3.629232842987006880e+00
3.566624483750413965e+00
4.632458766278841011e+00
3.706337372055530821e+00
4.238241092530626197e+00
3.836664461818719563e+00
3.915086956124759876e+00
3.765761611301592371e+00
3.974880961889537989e+00
4.038551782977116034e+00
3.893004728201017173e+00
3.916258851734674362e+00
3.957597856777492318e+00
4.804007553316496981e+00
3.939224739780369688e+00
3.842182461593850906e+00
4.056260590289411994e+00
3.816449517382694889e+00
4.313770898040470314e+00
4.247547862806270835e+00
3.979097719487126650e+00
4.032970795927693253e+00
3.913620397286095010e+00
4.075328787573146982e+00
3.643328506919959242e+00
4.198808332928062548e+00
3.477980100508702765e+00
4.357953854427996099e+00
3.825167159814496287e+00
4.092382706781592105e+00
3.921865306013305741e+00
3.821874980101982899e+00
3.892263117000753336e+00
3.687099180411338217e+00
3.708855428938659937e+00
3.695312942929869671e+00
3.682101986911647806e+00
3.619353205382622285e+00
3.982191825079045788e+00
3.755758061275632720e+00
4.268627997016767317e+00
3.571505526299451727e+00
4.220823840529733140e+00
3.425260505984366599e+00
4.127282146035994082e+00
4.181512554377408541e+00
3.806454195949314112e+00
3.263807672802992776e+00
3.516703173651601233e+00
3.781697139793644968e+00
3.767376953137121731e+00
3.847425476799239075e+00
4.127379417119893645e+00
3.944208386928467203e+00
3.731340235014377171e+00
3.558728729157733195e+00
3.492221690238921816e+00
3.380809255708215666e+00
4.245792177472189621e+00
4.318218322349285820e+00
3.848942804504825066e+00
4.812344765814390968e+00
4.141058401103554054e+00
4.349418404445094311e+00
3.754274179865273453e+00
3.778262415415025721e+00
4.069314472814018480e+00
3.804290131148582610e+00
3.910283308276992997e+00
3.754224398593069445e+00
4.117723632987727811e+00
4.346828709988352912e+00
3.796255196308484070e+00
4.138709962480748850e+00
4.179213157873618023e+00
3.988098422868765258e+00
3.904458400680518526e+00
3.783741740014876065e+00
3.624506123719817730e+00
3.416107348324048498e+00
4.368075314267344744e+00
4.344776608231429194e+00
4.779778203063254516e+00
4.502395652171680140e+00
4.179466571158431343e+00
4.109481887404061062e+00
3.624577025737738101e+00
4.074439554483664239e+00
4.081821374298663763e+00
4.290481473962242553e+00
4.337364948282962374e+00
4.104000056202624869e+00
3.490230221355959728e+00
3.400998312749532015e+00
3.790600301108018488e+00
4.515657225568898703e+00
3.772785138322619414e+00
3.997366722604063671e+00
3.678282132743122990e+00
3.858537857550129679e+00
3.884246144419877478e+00
4.046102394490720400e+00
4.408598238795035762e+00
3.746348778285859549e+00
4.282022476821039092e+00
4.058296179550198168e+00
3.533018617681559448e+00
4.267248719779802357e+00
4.280023937209124441e+00
3.909693169568705606e+00
4.281695920668322053e+00
3.768442936296130252e+00
4.412645628130990261e+00
4.580810905364621100e+00
4.638796053454510293e+00
4.868319706599322672e+00
3.827436329951752203e+00
4.286967568428440956e+00
4.435546179342214401e+00
4.148583787534438905e+00
3.658460524780761780e+00
4.188878458691393192e+00
4.592286147671051033e+00
4.004503257505326097e+00
4.305902733256860238e+00
3.759642529112274367e+00
4.259243815062856875e+00
3.946817527832796824e+00
3.542624623278790352e+00
4.005307130867241661e+00
3.854749452258734443e+00
3.854978415676971082e+00
3.700380256899876485e+00
3.820534133463982851e+00
4.206678390461103589e+00
4.138922890851526759e+00
3.381967700393432086e+00
4.069586462134004101e+00
3.596278268842726611e+00
3.805609997745431183e+00
3.942945705076846163e+00
3.577694948764793548e+00
4.001699204138589039e+00
4.684682098324302935e+00
3.305261534649859723e+00
4.039138175101237849e+00
3.953129412184797964e+00
3.872458919756903928e+00
4.534477306376942352e+00
3.786598342453238342e+00
3.934963579039822523e+00
4.028373952564516358e+00
3.412877606256918828e+00
3.903479847847957096e+00
3.453874745649720523e+00
3.621004296163471636e+00
3.738732530972143309e+00
3.767641536506325384e+00
4.122298339168890990e+00
4.124324997763169520e+00
4.627969679472677456e+00
3.673956624939517024e+00
3.850745020066437263e+00
3.998401902162725285e+00
4.131859988440184317e+00
3.894863253698520378e+00
3.575640644858695705e+00
3.986870658026004488e+00
4.308110124340469582e+00
4.133590464522023389e+00
4.052995204586211209e+00
3.792115446739520390e+00
4.161109326193220603e+00
3.745339185005385652e+00
3.925233831795428951e+00
4.075919796561399799e+00
4.119015087806360498e+00
4.115912939716967145e+00
3.964502085363307504e+00
3.978587379368524690e+00
3.604399517159180721e+00
4.380281998117078857e+00
4.171842737662488254e+00
3.620321425333548948e+00
4.579471055766820342e+00
4.042217737646987885e+00
3.479080639473415282e+00
4.103461457834552739e+00
3.892419779392497947e+00
4.148022612717061186e+00
3.864418280875149492e+00
4.087132142290949233e+00
4.438372938940554846e+00
4.413786731925052109e+00
4.007137057558765036e+00
3.916280025655070496e+00
3.977767688219635556e+00
4.252104143167021455e+00
3.688384587963517092e+00
4.295717985346878542e+00
4.297131757793144935e+00
4.665193302178970214e+00
4.310450183523135692e+00
3.747895046305986355e+00
4.171013397395133104e+00
4.708643498891711410e+00
4.102515308785954495e+00
4.088615600975645137e+00
4.027037181023943369e+00
4.016661282435944891e+00
3.842648689086166414e+00
4.372252718686502782e+00
3.983784128591353557e+00
4.169022288233555251e+00
3.638236841164486979e+00
3.909795408555357454e+00
4.247359373818917483e+00
3.969879710136187345e+00
3.885569098994893444e+00
3.645976195432160338e+00
4.064117622139391983e+00
4.067212962071542037e+00
3.746386156947057344e+00
3.858653632735031813e+00
4.608808982759297734e+00
3.759588288313362447e+00
3.920171895088743419e+00
3.475544815183977843e+00
3.927230440915104648e+00
3.554565765406430877e+00
4.000200654941773237e+00
3.969013778098983369e+00
4.243953486360566352e+00
4.698987544645370384e+00
3.602428281833296886e+00
4.074376647972261622e+00
3.775626277395740971e+00
4.463900908851115013e+00
3.810254293719175234e+00
3.584659562358922358e+00
3.892550869058668539e+00
3.672645164782550875e+00
3.856130911544504603e+00
4.128516989569150475e+00
4.355125919127339706e+00
3.555600556432519266e+00
3.910517599246078557e+00
4.520811960188442669e+00
4.203180573646788432e+00
3.743576324446200587e+00
4.320245853939348457e+00
3.482061384452706854e+00
3.695921422528225975e+00
3.791494422089274341e+00
4.580905262137595635e+00
4.115885051284865703e+00
3.906782939450125447e+00
4.111245469639148276e+00
4.812462625731374288e+00
4.055459710092355508e+00
4.068426851301534697e+00
4.338032225251364338e+00
4.348915587662406601e+00
3.783929423904524914e+00
4.057046949163059857e+00
4.147801248639446214e+00
3.869472458919275049e+00
3.759277255164739984e+00
3.942122131132280494e+00
3.970105713882708276e+00
4.629472993610145970e+00
4.373548725156949146e+00
4.008233657900191815e+00
4.168973817459965758e+00
4.086532522892483144e+00
3.662304942556469545e+00
4.195915617756893035e+00
4.011887610876124555e+00
3.667581398350721056e+00
3.786701296538585115e+00
4.443757908298932691e+00
4.027098130049806102e+00
4.388521872003351199e+00
4.531220132894191899e+00
3.822286958896522702e+00
3.897504699345013979e+00
3.769266018628855797e+00
4.097942072845243366e+00
4.586815903144998430e+00
3.652677215618277629e+00
4.108298028267040714e+00
4.569717992638156367e+00
4.422216792366209681e+00
4.287391787123034703e+00
3.888498448758899162e+00
4.481974934251682363e+00
4.644118010790781348e+00
4.675628461098917832e+00
3.895525471788012783e+00
4.459043505652966033e+00
3.863647863808943761e+00
4.209664051239581539e+00
3.780150486528619957e+00
3.898230279195257886e+00
4.006130478719709842e+00
3.903985091857363088e+00
4.419303938114429897e+00
4.753148130709234032e+00
4.251401666511996247e+00
4.103415039042679346e+00
4.130425193899442071e+00
4.029742500710579378e+00
3.730989962756227296e+00
4.146036329085306171e+00
4.025554206997075113e+00
3.705218891218082788e+00
4.440746620049120352e+00
4.126374057665034734e+00
3.871855451215522770e+00
3.880277102468052242e+00
3.735297471852692119e+00
4.155334664898635566e+00
3.882075012946112569e+00
3.741232817893091145e+00
3.758004710945989757e+00
3.473146223374644848e+00
3.744392920974443317e+00
3.875019521418749946e+00
4.268960722847299216e+00
3.452261845690957287e+00
3.532903620717865234e+00
4.020593653800091261e+00
4.286587472469564730e+00
3.972642056741345851e+00
3.715042073181660687e+00
3.541972176481913870e+00
3.930787913181041482e+00
4.227161891332028354e+00
4.020594599919681933e+00
3.658225816300482602e+00
3.949348053178065143e+00
3.858660532753042105e+00
4.109654171376615039e+00
3.772519906678981183e+00
3.953692519519093285e+00
3.806892517771348849e+00
4.240534484643008639e+00
4.226318612958827714e+00
3.667587202458830742e+00
3.907853233950953076e+00
3.694776988774565840e+00
3.733552902693328956e+00
3.644226267912730854e+00
3.925449584458653884e+00
3.758138159820468172e+00
3.814300626978054609e+00
4.520502614693671539e+00
3.920798206260562857e+00
4.179473801738565975e+00
4.280807791205022639e+00
3.841941569786579969e+00
3.983566878914239773e+00
4.148323494684576396e+00
4.113336648090283099e+00
3.557068553511734788e+00
3.652378890230560060e+00
3.841680671427854410e+00
4.064467710930895095e+00
4.715475238820316939e+00
3.562598357165837726e+00
3.926722846898219821e+00
4.409586730571615654e+00
4.062002253125122309e+00
4.212563067631894143e+00
4.015808716322503358e+00
4.192278000030604801e+00
4.381583123991753759e+00
3.748042833371224347e+00
3.862727243594004101e+00
3.810835914324372187e+00
4.520548043006255234e+00
3.988030665418305976e+00
4.230652036111424152e+00
3.955854695483596473e+00
3.747283897935339780e+00
4.349329065588765530e+00
3.943224505354876008e+00
3.905270444347023417e+00
3.510142702963412020e+00
3.885447316396220874e+00
4.194655474582047461e+00
4.004569477587565984e+00
3.906393833355663592e+00
4.188726985303327766e+00
3.863819148041345741e+00
3.941887450509010460e+00
4.007297512684946383e+00
3.920983412561209747e+00
4.408021763433612072e+00
3.807996012800255681e+00
3.963177418932805285e+00
4.307839331858705378e+00
3.840187088391679104e+00
4.163109198953904411e+00
4.395994917362268772e+00
3.602997963681899396e+00
4.341537249836571632e+00
4.494984741327678002e+00
3.585749437748358304e+00
3.836817066224846862e+00
3.580429947794273371e+00
3.900680497015031722e+00
3.958949634489788316e+00
4.328355992127002061e+00
3.831576702237263543e+00
4.230139781498755802e+00
4.098641021236623772e+00
3.873089252545039329e+00
4.260107098975716156e+00
3.949790922643800606e+00
3.961905279842573790e+00
3.569765540249649316e+00
3.462639553853501528e+00
3.661256856863241094e+00
3.820534892118241377e+00
3.955936106595653090e+00
3.779345454652971892e+00
4.063059286258699387e+00
3.936385713870858893e+00
4.145279668636896453e+00
3.835266238468839184e+00
3.564638229797553404e+00
3.902357209532658633e+00
4.021729784119623119e+00
4.243456371526147741e+00
3.702783834441989885e+00
4.016334938933928456e+00
3.794991753355815067e+00
4.645135916462606929e+00
3.603711071711147795e+00
3.970182784692484201e+00
3.513529782018737890e+00
3.541263229573534677e+00
3.637513277938183798e+00
3.429202881001356396e+00
3.587170317805319808e+00
3.791116459051164345e+00
3.753521023157792236e+00
3.880215282941806176e+00
4.087899656814930616e+00
4.333002870956070396e+00
3.867527246140844532e+00
3.965516860424684875e+00
4.337296250906990558e+00
3.729121251005043991e+00
4.468619215903362196e+00
4.296316290666307047e+00
3.884146098709841954e+00
4.927783893403942628e+00
4.253349355754556527e+00
3.854684484744235640e+00
4.012028676214391076e+00
3.612387730572921729e+00
4.647592609299051603e+00
4.081615379763877449e+00
4.466144878521655315e+00
4.513369248910326981e+00
4.625583272575014782e+00
3.934458266645036950e+00
4.128083778704204398e+00
4.204772056630152299e+00
4.201895830592738967e+00
4.410768306338813005e+00
4.070350650761321631e+00
3.604790643915243287e+00
3.739980053128074911e+00
3.713058035882590424e+00
4.001762259168542002e+00
4.322926466645018451e+00
3.873727305814997024e+00
4.195759971230089924e+00
4.738173097806620326e+00
3.873157958010944757e+00
3.998611747521088500e+00
3.663360403035192725e+00
4.586653454256017781e+00
4.169096466419187408e+00
3.860036949469518142e+00
3.811462739978837444e+00
3.722003729228319457e+00
4.409880255639384572e+00
4.357734329670594597e+00
3.421580775490435933e+00
4.450305169307899433e+00
4.183790861005320494e+00
3.805017460412829511e+00
4.053461343722452703e+00
3.872773254885735650e+00
4.434691498415280542e+00
3.788131519865138408e+00
4.072475926645507727e+00
3.464862985282368690e+00
3.764683611762442705e+00
3.767906758040422410e+00
4.325390598116674035e+00
4.007083985060193143e+00
3.445783482722050373e+00
3.674539831617189556e+00
3.824997139898103526e+00
3.802950357398491743e+00
3.683870631354719816e+00
4.163561811404059121e+00
4.014290770477443537e+00
3.915273034058855739e+00
4.808263293746471767e+00
3.796225878154576350e+00
3.987836790202715864e+00
4.148608880234617047e+00
3.622554772107478893e+00
3.976950696966732757e+00
3.715579837819307674e+00
3.646569197275340457e+00
3.981717546892936443e+00
3.702254373454236802e+00
3.636002701689601491e+00
3.982280553587666638e+00
4.253953844802824236e+00
3.995050652437688310e+00
3.848904989292905920e+00
3.353538435879144242e+00
3.669736932339000557e+00
3.390153440079998415e+00
3.825184582153136947e+00
4.075690207375146201e+00
4.060758730317376219e+00
3.729710052474898951e+00
3.416702875692059216e+00
3.430424862514187989e+00
4.039033920364914820e+00
3.559955460092810053e+00
4.371044646055553429e+00
3.949195503578814215e+00
4.011175650314996233e+00
4.163709355626970421e+00
4.151254494227742953e+00
4.317061435554517601e+00
4.372497316560389535e+00
4.093372637939014957e+00
3.941439039692499424e+00
3.754459448173967928e+00
4.053546461853154703e+00
4.545591975420722797e+00
4.088969100225990694e+00
4.608307846460047763e+00
3.893293874431330348e+00
4.178636218973134753e+00
4.291067126826105138e+00
4.160055738694511618e+00
4.314807178052180170e+00
4.691813248446062623e+00
4.431662041358700677e+00
3.918916066914365892e+00
3.957380348464117681e+00
3.655261580987916759e+00
3.973171367222990913e+00
4.825288615127107050e+00
4.690289281957215728e+00
4.433161546368017625e+00
3.946396008608950456e+00
3.614913295518692671e+00
4.195280233352409738e+00
4.662197936761044659e+00
3.668796163603074589e+00
3.925980123763311624e+00
4.422190957580507842e+00
3.932960444500130937e+00
4.362454351242112338e+00
3.814170364726191753e+00
3.596268968449367609e+00
3.904741922743232507e+00
4.576956687030427240e+00
3.797568712099667287e+00
4.470419613687020011e+00
4.513618157621025695e+00
3.537333508892571476e+00
3.876497262259465781e+00
4.058812720504723082e+00
4.279440279863762520e+00
4.022273742851363743e+00
3.837786254945652953e+00
3.844145556527071683e+00
3.849202055963635516e+00
4.082112391381723882e+00
3.758350906352240006e+00
3.736613801633785314e+00
3.709556977700120051e+00
4.293913612501483179e+00
4.591125959245437649e+00
4.260612642904018976e+00
4.055510640180349569e+00
3.889286209439117847e+00
3.588363486779275302e+00
4.154719562776815422e+00
3.603912974732467855e+00
3.975687439584014271e+00
4.074132117135100373e+00
4.014159290963625892e+00
3.898465941660601342e+00
4.829044749864396913e+00
3.795168722246761384e+00
4.344091470544535483e+00
3.955746484882361358e+00
4.453686481296034394e+00
4.017332723244426695e+00
3.596282246112036951e+00
4.093627692232766790e+00
4.364719599602065792e+00
3.596229256892281789e+00
3.863537762107003282e+00
3.712707303814529514e+00
4.181236794813291802e+00
3.558359311402580882e+00
4.143553094775184853e+00
3.981513033155246184e+00
4.122611918611947424e+00
3.704841608409109810e+00
4.019738476563176732e+00
3.777531235415816369e+00
4.361651407154070625e+00
3.816855358149922939e+00
4.179092660538486825e+00
3.905864179924122492e+00
3.861237204980417559e+00
3.989646151328110513e+00
4.230036272830537847e+00
3.922318675652266773e+00
4.318759398281109441e+00
4.112993610213736773e+00
4.258061347220935211e+00
4.069457392510939187e+00
4.172826174658005982e+00
3.760562122527702389e+00
3.997731543609756244e+00
4.676884018453592695e+00
4.290012933441749610e+00
3.666281462954450898e+00
4.024231230153912264e+00
3.955384204426998007e+00
4.302579103037484920e+00
5.013149319456543296e+00
4.267788181642757195e+00
4.405512152401167114e+00
4.108258928423321521e+00
4.252568919237807776e+00
4.476627752817366357e+00
3.711404066625933584e+00
3.885877662011858025e+00
3.955290798034201138e+00
3.345460531462680631e+00
3.990744798887835287e+00
3.749888015787397499e+00
3.982043587920978123e+00
4.069562792886586955e+00
3.927781319516200575e+00
4.253329258729007023e+00
3.921911662157902878e+00
4.091297884098209714e+00
3.851769992768892426e+00
4.095953835358109529e+00
4.487597804385393907e+00
3.940449275860896883e+00
3.888412387541052784e+00
3.876800707813727875e+00
4.172898653576400996e+00
3.964433222162256243e+00
3.715746998775562027e+00
4.020797413920528030e+00
4.228368548661590509e+00
3.581027422258925341e+00
3.611991910028164554e+00
3.606850052054767719e+00
3.865131609890959385e+00
3.864531782990304531e+00
3.893469779533193620e+00
3.427843188721606094e+00
4.086878225013085064e+00
3.634529970380540931e+00
4.293648785158869607e+00
3.855111420652353793e+00
4.258457048428660130e+00
4.336271095477589377e+00
4.476846898791703389e+00
4.024885657727809374e+00
3.952273153176580234e+00
4.593040978737910507e+00
3.822726245590782224e+00
4.095860803099811598e+00
3.889085764980216631e+00
3.454615436259877992e+00
3.606739443739983564e+00
3.673372094384290243e+00
3.989970457286561079e+00
3.848204115414714632e+00
3.925857575772446761e+00
3.724404985597816076e+00
4.286492494626765293e+00
4.244230914479032890e+00
4.311158866625746100e+00
4.216283280684420376e+00
3.782686420648186498e+00
3.441288357049504754e+00
3.877604215764317352e+00
3.784243297975907971e+00
4.139073100573829045e+00
4.071428100718121001e+00
3.672865661629846734e+00
3.726599600249083100e+00
3.855523207563308574e+00
3.708491938328713822e+00
3.737085807517247726e+00
4.110344325414195588e+00
4.520500651854308494e+00
4.088352713914419567e+00
4.052999737930143453e+00
3.661556260574837296e+00
3.801346844789057045e+00
3.665289770324660523e+00
3.847239843475916299e+00
3.960153616841956215e+00
4.274777160818295840e+00
3.855007359986504678e+00
3.903334477395082658e+00
4.050447512655629190e+00
3.614254569379337312e+00
4.147362893513657056e+00
4.071334285024664545e+00
5.016473657444933565e+00
4.104353082155216548e+00
4.358876868041082986e+00
3.690272116712342676e+00
4.383589351152708424e+00
4.097684806865540708e+00
4.039057556170765118e+00
3.939016590363576320e+00
3.892845914393340045e+00
4.736038131648468763e+00
3.972010424496883907e+00
4.417607041321122807e+00
3.760902640469414582e+00
4.005498421266856290e+00
4.104853814403361945e+00
3.927045101319778464e+00
4.195321307275145628e+00
3.951805563932162091e+00
4.335397804973714742e+00
4.001897324996268601e+00
3.954868824474077726e+00
3.956588103144327295e+00
3.763438238689897020e+00
4.001518163455866528e+00
3.657005476340374095e+00
4.337434661083020337e+00
3.970229420281707888e+00
4.450285454823559306e+00
4.132887342874120407e+00
3.692189958847642561e+00
3.742590035438509766e+00
4.534508394096790518e+00
3.729338963155438780e+00
3.522022246346973695e+00
4.239498908738581484e+00
4.539547984880793585e+00
4.442091715252050044e+00
3.733495727502109673e+00
4.091191545647436811e+00
3.514063723907333792e+00
3.862507518707027021e+00
4.335204595024142904e+00
4.226197364015281899e+00
4.399072455638389556e+00
3.944743750102761126e+00
4.528885187687708758e+00
4.292002110161517336e+00
3.783396972517191426e+00
4.623139811490458939e+00
3.395453596871944146e+00
3.725608322609704537e+00
3.875557647105074999e+00
3.816065788196165265e+00
3.988270996375678834e+00
3.783889255597283174e+00
3.535652374415418908e+00
3.507052047798576933e+00
3.887946567420543342e+00
3.686766808248046257e+00
3.993908469804903216e+00
4.317303967874441817e+00
3.704427123350957363e+00
4.287837674679928490e+00
3.602761353741489536e+00
3.601669518435891781e+00
3.573233193962844112e+00
4.501457735356026113e+00
3.952300539047240324e+00
3.766281330210158984e+00
3.859199807483874700e+00
3.915247763375627521e+00
3.767367258102562122e+00
4.241245308436694117e+00
3.886037634563619392e+00
4.262842569147726302e+00
3.754940811760732799e+00
3.784063124113581367e+00
3.641133252344289861e+00
4.391273363651743367e+00
4.126403632287308554e+00
4.502070048053378848e+00
4.134431981754877583e+00
3.730292134280414729e+00
3.822933763498489235e+00
3.770508813200739606e+00
3.513409383787953644e+00
4.026774748031205498e+00
4.152169198225939439e+00
4.046601261398770966e+00
3.592093460178822362e+00
4.096933997263963789e+00
3.604291424380690945e+00
3.594788929201089722e+00
