3.997226646369377079e+00
3.977261746505317941e+00
3.968616252881805195e+00
3.973790523729705537e+00
3.989928492392379678e+00
4.012347588761842054e+00
4.048495741191755926e+00
4.083672195658982318e+00
4.108180621499349705e+00
4.120660352908185331e+00
4.120109358422280543e+00
4.100672021393306110e+00
4.075061121878692738e+00
4.045640317954552145e+00
4.020739283327848135e+00
3.997598905191937835e+00
3.984823436152700626e+00
3.991331471471511350e+00
4.016185940260898590e+00
4.056333776748563658e+00
4.097368128048032965e+00
4.121213024539771119e+00
4.129448240422635585e+00
4.119041914408997584e+00
4.106073775302594875e+00
4.084052990576687137e+00
4.064232698799692400e+00
4.053050373682448360e+00
4.028803395884009930e+00
4.006593601798374316e+00
3.986548303630044199e+00
3.976894921767376800e+00
3.980544934986299133e+00
4.001910629874322112e+00
4.042098448096147933e+00
4.084752518657147391e+00
4.113564397113874449e+00
4.116122155336438659e+00
4.105457462589576778e+00
4.076862160540172475e+00
4.043427271830469572e+00
4.031200051865433842e+00
4.017417040373011616e+00
3.998196992979460962e+00
3.980938964721532081e+00
3.960812665235899033e+00
3.960054290308101965e+00
3.976854446542901655e+00
4.018137465177421319e+00
4.064806340674852692e+00
4.096659326871955109e+00
4.099994977190760004e+00
4.075929745826274875e+00
4.034021233894852010e+00
3.997057513781173910e+00
3.978023467254277801e+00
3.968187153962479119e+00
3.965963703178853716e+00
3.970276930574500263e+00
3.981302759801192526e+00
4.007437385187856194e+00
4.043205448197881857e+00
4.084054841641944655e+00
4.110395692692913272e+00
4.114888339909744452e+00
4.093397704135504078e+00
4.058006726323712066e+00
4.030949317582730451e+00
4.002629001303067646e+00
3.982498939560322526e+00
3.989519992237861246e+00
4.012909822110225733e+00
4.060751402635803586e+00
4.106959555714936982e+00
4.128814697681828960e+00
4.120955727040826133e+00
4.091488755263489985e+00
4.054104091876572724e+00
4.031456288941891231e+00
4.004652468390560216e+00
3.974337403293929150e+00
3.962984836275144307e+00
3.983336301399706958e+00
4.037786245110146055e+00
4.090985150413275484e+00
4.099931973485607450e+00
4.062632447246940615e+00
4.004905563796536505e+00
3.976445598405246251e+00
3.972905215535581291e+00
3.990340000965020728e+00
4.031421580989924536e+00
4.092245185830829080e+00
4.126827866011177903e+00
4.116789493052103843e+00
4.076528193162273439e+00
4.038771810414059082e+00
4.000940026299431906e+00
3.968574262099702210e+00
3.969608154182795889e+00
4.029423536338493150e+00
4.089195339723237232e+00
4.096336790521558413e+00
4.048691728104405918e+00
4.000049187586816046e+00
3.977046754967695996e+00
3.983949257608238259e+00
4.018272966795339407e+00
4.085223864123302739e+00
4.125798327724887749e+00
4.114571220944714725e+00
4.059672399054552905e+00
4.020080579171983359e+00
3.988991407757771501e+00
3.966842570769332887e+00
3.975757084966239585e+00
4.038873915835850426e+00
4.099389782311932073e+00
4.100720463157162321e+00
4.048094763847297273e+00
4.012052767950359033e+00
3.985517139287923172e+00
4.001070703691538277e+00
4.058224151341519814e+00
4.116504085566872639e+00
4.106152002948348922e+00
4.035222150664992569e+00
3.986353295415903997e+00
3.972201066979160089e+00
3.978818114484280688e+00
4.029716487793945312e+00
4.104815513792653192e+00
4.113367759033033977e+00
4.059884387915749571e+00
4.009469239296644005e+00
3.975833768218864250e+00
4.026342232103734986e+00
4.100619138675709152e+00
4.059574030340354689e+00
3.991802614587510956e+00
3.981640802478460195e+00
4.036072320691274307e+00
4.118368747854243672e+00
4.086106773149515092e+00
3.989205602350608615e+00
3.971214602878395006e+00
3.990179729904872463e+00
4.066905047027231213e+00
4.121846125317783383e+00
4.073745562385047592e+00
4.018638097254576103e+00
3.971899902477352029e+00
4.001542576300942677e+00
4.088603795822920439e+00
4.088815500823341331e+00
4.020289522496909740e+00
3.989839123657683118e+00
4.005273162886056504e+00
4.075985135380335578e+00
4.120740688780458072e+00
4.067544076920946772e+00
3.986351552349574501e+00
3.968767910662789333e+00
3.977167686944822922e+00
4.019060348316394027e+00
4.091792005177905978e+00
4.122240391039028395e+00
4.093531809973794289e+00
4.045150599634602884e+00
4.000452615159618475e+00
3.974043456871540148e+00
4.002616510608469014e+00
4.075494034629590701e+00
4.102479009835896306e+00
4.055380733885083799e+00
3.994894758550927349e+00
3.968103722746096462e+00
3.979503135215879173e+00
4.015268615723233125e+00
4.078984757673810968e+00
4.122342229956949211e+00
4.119317621744675861e+00
4.073170843931450236e+00
4.033469030238727271e+00
3.999189674547715345e+00
3.969295656491232727e+00
3.967151672335047952e+00
4.016213848804206954e+00
4.078148881482037247e+00
4.102522537396048108e+00
4.069856827335165406e+00
4.019917552189887111e+00
3.988434341386231097e+00
3.975665158157259071e+00
3.992800287557243699e+00
4.029739718052701924e+00
4.087590060340756004e+00
4.120900618823511330e+00
4.127474766988800781e+00
4.102470962352732897e+00
4.064484044801787377e+00
4.040669079177657608e+00
4.013197288078646174e+00
3.985403020180750655e+00
3.968039990811278006e+00
3.969032703694629127e+00
4.015698847646594238e+00
4.068072505367521963e+00
4.098376060060716419e+00
4.094460807913924860e+00
4.060360804039095939e+00
4.006361824259365711e+00
3.979870688202549189e+00
3.968705080174182775e+00
3.962657599572916300e+00
3.972968300624301285e+00
3.988662341815828238e+00
4.027263139219155796e+00
4.069141834937289204e+00
4.104702481847541939e+00
4.119052741631706205e+00
4.104688544722072230e+00
4.071897958006360341e+00
4.043015910696364124e+00
4.012301759769801635e+00
3.990698726083910852e+00
3.989038550792408433e+00
4.015631487922234122e+00
4.069018037758938888e+00
4.111103728419105430e+00
4.119373814116716659e+00
4.094686127194466785e+00
4.051830356902198282e+00
4.016297379508530163e+00
3.995711027175301577e+00
3.978598358297661619e+00
3.963057734228770723e+00
3.960267974867302421e+00
3.987772554405283554e+00
4.035741263240284482e+00
4.080281262747650572e+00
4.104195459738958718e+00
4.084581693105228339e+00
4.043637232197342612e+00
4.007277349767427665e+00
3.980669878814935281e+00
3.971510953771597130e+00
3.979969881170872803e+00
4.004491679722084641e+00
4.045608422307764407e+00
4.089371205585924152e+00
4.115433096217778974e+00
4.124868841591332824e+00
4.119940730864597889e+00
4.095112164059848681e+00
4.072280465996851007e+00
4.045028563734877736e+00
4.018675276084936243e+00
3.992761830682043822e+00
3.979984578372009807e+00
3.990096295728747577e+00
4.021826899095798602e+00
4.062748798781615989e+00
4.098797306428228815e+00
4.119201056395602301e+00
4.115941212939807414e+00
4.094990424504506343e+00
4.069395865057925832e+00
4.038448400183550113e+00
4.027752236547020637e+00
4.011510909466110775e+00
3.993296979829284332e+00
3.975934813664900425e+00
3.962235023114584642e+00
3.961398611557330973e+00
3.975524077900963071e+00
4.010548071571697903e+00
4.050247057932284456e+00
4.079956830165521353e+00
4.101448051925752125e+00
4.106700575307263179e+00
4.094570899328575209e+00
4.070381654381303171e+00
4.042929368377366828e+00
4.024975712539950123e+00
4.015964576185434787e+00
4.011675977619970190e+00
3.999504645734869523e+00
3.985612488565882572e+00
3.974482829221088753e+00
3.963372385322556202e+00
3.959227779435151806e+00
3.963912504589282904e+00
3.976383320292765422e+00
4.005635657294860152e+00
4.036676774478641150e+00
4.063726731545974857e+00
4.088734977830666750e+00
4.107464573847158462e+00
4.116606861461791667e+00
4.122935326510540399e+00
4.119561984584614756e+00
4.119444429937108687e+00
4.116878611864538406e+00
4.109635325261304928e+00
4.103671188031323247e+00
4.095844474541755709e+00
4.085349450707905561e+00
4.079501382367619833e+00
4.067037746068765003e+00
4.055827201961459849e+00
4.036686284154206383e+00
4.022534124996854921e+00
4.004918305167778136e+00
3.987264338437667810e+00
3.980039383312524492e+00
3.966475351424567641e+00
3.964508064752766181e+00
3.960902682759095850e+00
3.960230685175274878e+00
3.959157130185261941e+00
3.957425849810702889e+00
3.954201894937815265e+00
3.951434477774851128e+00
3.950431241004582539e+00
3.953659030110625583e+00
3.955338130399315144e+00
3.969045602613140211e+00
3.983640412039488599e+00
4.003150812506975242e+00
4.020381186596403644e+00
4.037240313975487105e+00
4.055275721127584276e+00
4.066778707493762468e+00
4.078971926137614723e+00
4.088618654850451506e+00
4.090851802571794593e+00
4.088316214904891055e+00
4.091264491652495394e+00
4.088628321675626509e+00
4.083413738557208461e+00
4.080907360716434340e+00
4.081287569350060984e+00
4.081900600709975180e+00
4.083977958364739536e+00
4.086886242877756814e+00
4.092286570102407595e+00
4.096578308456086503e+00
4.102397315521596255e+00
4.103641517884142331e+00
4.110337722745320832e+00
4.112966231317683352e+00
4.116910983977964733e+00
4.120623107653935691e+00
4.121552069646573280e+00
4.127320059946347541e+00
4.127327297133268402e+00
4.128610284294361499e+00
4.127321546828256693e+00
4.121018455135692982e+00
4.118909062786976882e+00
4.110476003941190726e+00
4.108694900550606377e+00
4.104113080183008577e+00
4.101445831035614553e+00
4.097030271538926627e+00
4.096608837008036019e+00
4.099321133367640257e+00
4.102191315745564282e+00
4.110403591873212470e+00
4.117294836541181446e+00
4.122494205415981661e+00
4.128446506222614332e+00
4.126497565669637879e+00
4.126073771914813726e+00
4.121798585691108130e+00
4.115608090620338722e+00
4.109965311886084827e+00
4.101958822127138582e+00
4.095180940596637065e+00
4.094115700441044225e+00
4.094206079191117453e+00
4.094291381639280303e+00
4.100398618932231898e+00
4.102994360958453157e+00
4.108230507599173187e+00
4.112040854000500900e+00
4.112184351399779558e+00
4.105905492384382072e+00
4.094283365875655889e+00
4.079567197659700106e+00
4.060770824712566451e+00
4.042664962303506471e+00
4.026282133533531926e+00
4.012482144980713983e+00
4.004695896752823003e+00
4.002529488240429423e+00
4.005291039965086952e+00
4.010639995957188120e+00
4.019625412835653222e+00
4.023818674795964334e+00
4.028425077957383138e+00
4.031648827732666973e+00
4.028969814117751902e+00
4.024154951317562734e+00
4.014647317814134198e+00
4.003368480569371890e+00
3.988393655602826549e+00
3.977603576288015308e+00
3.966390006606763219e+00
3.964240251470047660e+00
3.958259567418211056e+00
3.960925771172367771e+00
3.963816819637195010e+00
3.970128556462311220e+00
3.981829298061484668e+00
3.989105539091912789e+00
3.998433384526312029e+00
4.006510712948852415e+00
4.009796535421037866e+00
4.016059439581694868e+00
4.017299054330135455e+00
4.015259502199082675e+00
4.011325363708373004e+00
4.007525886221879219e+00
4.000697565248874099e+00
3.994030409247881774e+00
3.989937524468587071e+00
3.985773873171081672e+00
3.985446900563107686e+00
3.990011717890455056e+00
3.995124317591742802e+00
4.009084460391311389e+00
4.019257919775576227e+00
4.030459157598822451e+00
4.042095744563042992e+00
4.050129162893915336e+00
4.054425053761801401e+00
4.053909513231669592e+00
4.049668894033048971e+00
4.043721223197607628e+00
4.032893933367904360e+00
4.017727964518814865e+00
4.005869836609122103e+00
3.992028953880701891e+00
3.983382202337089062e+00
3.975491125017796445e+00
3.972959897141087993e+00
3.976457608081973127e+00
3.977501232334638370e+00
3.981550949754138369e+00
3.986026819962308121e+00
3.985633051037135388e+00
3.985981772600558859e+00
3.977950711516446081e+00
3.969418447326691801e+00
3.964220426885095350e+00
3.956832126743180300e+00
3.957583185106672730e+00
3.959831623575673198e+00
3.970908404137831305e+00
3.983958877570330515e+00
3.998480549451810084e+00
4.013830548827009181e+00
4.025595767883897835e+00
4.034711821437683810e+00
4.038997991628931139e+00
4.038134070636527184e+00
4.030495132982038875e+00
4.026772895317485279e+00
4.019137730349284787e+00
4.018878374152518695e+00
4.026310540207383326e+00
4.036060365799954752e+00
4.060185326140422823e+00
4.077167690375153697e+00
4.099352248875448801e+00
4.114382477989074971e+00
4.123377676597499430e+00
4.125927066536060117e+00
4.118698529817559795e+00
4.111448644922669260e+00
4.103618445333573561e+00
4.091657272095277520e+00
4.086992499242632526e+00
4.085146004747498338e+00
4.084337945074425491e+00
4.085395029433692926e+00
4.079446959272304163e+00
4.070821027215473897e+00
4.049797227545032463e+00
4.025900855160323921e+00
3.997622340639440885e+00
3.968405529874647009e+00
3.952079419917157832e+00
3.949019558521284168e+00
3.951784476510149080e+00
3.965380170100464952e+00
3.985400766721822308e+00
4.006441683349557081e+00
4.022415579299460475e+00
4.036003132579012664e+00
4.037233263388984916e+00
4.037464555422102030e+00
4.035669327735679879e+00
4.044739565329797948e+00
4.064182442938044204e+00
4.094764451239847780e+00
4.116881210965241067e+00
4.130661695176065962e+00
4.120966314983326662e+00
4.083718816700145915e+00
4.043565406251317107e+00
3.997936710772288293e+00
3.963033585031499051e+00
3.945363180258553371e+00
3.952953745718342127e+00
3.972231319372568237e+00
3.994740503352800509e+00
4.012231233978721612e+00
4.020208827892952641e+00
4.024782554668907331e+00
4.034125054193098414e+00
4.049319421006763342e+00
4.086592093555164951e+00
4.114351844479728904e+00
4.128923696832751844e+00
4.116230887154844531e+00
4.077331602903194963e+00
4.024766620979995047e+00
3.977439110859551263e+00
3.946951860378292931e+00
3.949149050603032673e+00
3.972254722030412299e+00
4.005112038877348013e+00
4.032538714056967954e+00
4.049237193411354241e+00
4.055908094270096242e+00
4.067121403824226711e+00
4.087918032482225961e+00
4.110031378369031430e+00
4.117921575422154312e+00
4.101539700515273168e+00
4.057771069299178635e+00
4.002081165530128715e+00
3.955245307144131583e+00
3.947736788072597758e+00
3.968989673015903108e+00
4.010220500457491788e+00
4.055685657666227684e+00
4.087544088823661603e+00
4.098660676047479967e+00
4.105084713122876927e+00
4.100448427011978758e+00
4.090944962116262573e+00
4.075050358629817460e+00
4.050880660108272302e+00
4.010305648198285944e+00
3.975656535119374446e+00
3.953655858729197448e+00
3.955349629820919422e+00
3.976487818978633904e+00
4.015208248729798868e+00
4.063798237890631881e+00
4.094086021051319690e+00
4.122115053716015609e+00
4.121799334194167663e+00
4.097798531108471920e+00
4.062402725391331515e+00
4.023878006962879006e+00
3.999759412349712662e+00
3.977836362208763354e+00
3.973145233420948497e+00
3.966933760701902845e+00
3.970598231780326781e+00
3.986661993060086395e+00
4.015417196436118275e+00
4.053337393132665945e+00
4.103018644979463225e+00
4.133764082959785036e+00
4.112231128718533135e+00
4.058384659417201057e+00
3.993133366887838598e+00
3.946330000120058745e+00
3.949964807845453674e+00
3.983358975663028989e+00
4.030323767670517476e+00
4.060719054647190518e+00
4.074616766367383569e+00
4.088298628337236451e+00
4.105196835949695533e+00
4.101285715658400832e+00
4.064992757706982651e+00
4.003899336132893616e+00
3.955928721403278558e+00
3.950829629557537803e+00
3.989977651866301933e+00
4.049770618147192636e+00
4.100441882661960413e+00
4.128338057726065990e+00
4.104789253601777155e+00
4.042566803366621997e+00
3.979702528027057706e+00
3.951111414137308486e+00
3.974038083595428983e+00
4.012754434880237753e+00
4.038659786023560905e+00
4.061816832188986481e+00
4.098810847242695843e+00
4.113359872582311283e+00
4.083601224149120412e+00
4.009763842439848069e+00
3.951539882587717045e+00
3.952266237447544572e+00
4.007434668028192704e+00
4.074415545029991037e+00
4.117215874036743273e+00
4.120105631010138936e+00
4.068658531425967340e+00
3.999644929184047459e+00
3.958454031694917941e+00
3.963604701390257556e+00
3.997677531805289508e+00
4.031317106031726105e+00
4.058806872509021169e+00
4.091166944731773114e+00
4.117918505840219012e+00
4.091862067835399408e+00
4.022638409135996795e+00
3.955407357131961454e+00
3.948820987364169088e+00
3.994183009811155927e+00
4.065194376968488399e+00
4.110352773627334422e+00
4.124733964497905525e+00
4.082640641481439125e+00
4.016969286654745730e+00
3.965479980000102600e+00
3.956747509309681554e+00
3.987448207914809473e+00
4.018557182654148185e+00
4.044847303766564650e+00
4.071584427490272162e+00
4.110850404033898009e+00
4.110008860588560076e+00
4.065834819913398235e+00
3.995119314107050457e+00
3.947801290591089085e+00
3.958592090330018909e+00
4.007381092641259634e+00
4.071144618004429283e+00
4.107324917794529462e+00
4.122888354913260223e+00
4.095571859446655694e+00
4.049468732785695302e+00
4.005872903057717593e+00
3.977831166206615698e+00
3.966378162235213445e+00
3.972907227625916082e+00
3.980575649948750794e+00
4.002632262251106354e+00
4.027552868236943695e+00
4.072993879342365453e+00
4.113827395072474857e+00
4.130743141654727779e+00
4.106770269702923137e+00
4.056464863399539489e+00
4.004285886630812641e+00
3.958006554032993396e+00
3.946301456811307062e+00
3.960583547165790641e+00
3.983790789059067805e+00
4.011797443052190104e+00
4.024989858527291631e+00
4.032610498300983615e+00
4.032414173648331435e+00
4.039608956655155403e+00
4.054320973831292640e+00
4.078362336660310561e+00
4.109854369308378885e+00
4.121225710797500774e+00
4.129055022516662454e+00
4.114688271013010379e+00
4.091980904996113999e+00
4.060793585694993268e+00
4.027132140582409647e+00
4.004365532801465122e+00
3.989866574581913294e+00
3.978266899741526252e+00
3.978189278055095812e+00
3.976559955052564543e+00
3.980896547328523827e+00
3.981477044979667035e+00
3.979905669739642438e+00
3.979163685354498714e+00
3.968970122156957547e+00
3.963298675525196213e+00
3.957612650108460528e+00
3.959175376643651489e+00
3.960823402248108582e+00
3.964798681252369228e+00
3.972235648866378810e+00
3.981311869394463354e+00
3.989902125269033650e+00
3.997358963134526544e+00
4.005193064301123762e+00
4.007730945454714089e+00
4.007162270026528361e+00
4.002346610582573128e+00
3.992671938871656057e+00
3.986289710443487788e+00
3.975269877483048830e+00
3.972086978459981488e+00
3.968260962590948182e+00
3.968847399672353227e+00
3.973833291257892864e+00
3.983264074992297399e+00
3.989678715141465215e+00
4.000856109291694551e+00
4.008217052682249815e+00
4.014499669160104034e+00
4.020500419929628144e+00
4.024636432308651202e+00
4.023157367407014462e+00
4.019953868716686252e+00
4.011388605434473398e+00
4.003526256230060199e+00
3.993427547766765784e+00
3.981908452081359240e+00
3.976784951434331195e+00
3.974167575559647059e+00
3.972944308651555456e+00
3.979931026118096682e+00
3.991169849266319680e+00
4.001429143936278798e+00
4.010365080439020957e+00
4.025718036795233878e+00
4.038889000286392417e+00
4.043985548843815003e+00
4.050206925835654559e+00
4.048992555706961483e+00
4.045973214561593423e+00
4.034727544789673104e+00
4.025851281678749949e+00
4.012168069223892353e+00
4.004004077627603131e+00
3.996207023473713704e+00
3.993015792815334475e+00
3.999772488445686669e+00
4.005886775516168896e+00
4.022337811397338925e+00
4.038836374433143028e+00
4.054874547336409840e+00
4.066009618793511748e+00
4.076792391042842745e+00
4.084468967498574798e+00
4.086876288488880959e+00
4.086856815473614013e+00
4.076641492672083977e+00
4.068012009097627946e+00
4.059335517566751150e+00
4.048995870920347073e+00
4.045600014827861912e+00
4.043700275274164646e+00
4.051972029464139702e+00
4.066634218178371007e+00
4.080340101001538322e+00
4.099134044985119019e+00
4.113110234345268346e+00
4.124918663416850428e+00
4.126777947529067347e+00
4.124712967135241826e+00
4.116776778275110793e+00
4.106932384225594035e+00
4.095992704888804958e+00
4.088989958555746540e+00
4.082962578750790605e+00
4.081241420767976358e+00
4.082871729664787175e+00
4.081234528182042354e+00
4.081373897613500112e+00
4.074743308657936325e+00
4.061662643108995496e+00
4.044112492248356006e+00
4.020739333424209860e+00
3.997548339399888739e+00
3.975657838963815749e+00
3.957224210778879758e+00
3.950676055256523433e+00
3.948480052165077137e+00
3.953358710820889410e+00
3.961272547118595888e+00
3.969806263876398233e+00
3.981127589660642396e+00
3.981865113412564661e+00
3.985023399612610095e+00
3.979669634663965727e+00
3.971746824394162267e+00
3.969683131949305110e+00
3.970438313893680959e+00
3.975985553296944808e+00
3.987648208611600520e+00
4.004642032222437642e+00
4.026886347294386326e+00
4.044436896923005342e+00
4.066319606317136071e+00
4.079947801477344704e+00
4.088769893266356092e+00
4.089977611538178515e+00
4.088061153229226363e+00
4.084905893678177691e+00
4.077401220830501494e+00
4.078210999106014256e+00
4.074303771967588084e+00
4.078797185132146730e+00
4.086998269678230322e+00
4.096301219540913863e+00
4.112940658087480550e+00
4.120264055104311041e+00
4.131589692155883675e+00
4.127550412517862810e+00
4.123196531670211940e+00
4.114233664576953053e+00
4.099825051641478701e+00
4.085942994602213219e+00
4.074553381277766562e+00
4.065158977341893909e+00
4.059214741249981273e+00
4.060728406234846766e+00
4.061875000077930231e+00
4.065939257140321672e+00
4.065747433129388355e+00
4.067156618622171926e+00
4.065055572845607479e+00
4.049630479454203957e+00
4.037989742970198748e+00
4.017360385079636664e+00
3.996104876219864988e+00
3.974719885862008528e+00
3.955936645664024809e+00
3.949155418173841525e+00
3.948033593265158459e+00
3.950372652722688560e+00
3.960386121281026739e+00
3.971052640545313483e+00
3.978402052117592014e+00
3.983605001906177723e+00
3.981093273443500724e+00
3.978572973324140172e+00
3.972619743515794610e+00
3.969421428843090460e+00
3.972109429392389313e+00
3.976764411490046669e+00
3.993863426340698908e+00
4.012843825310691948e+00
4.039339920486502145e+00
4.057341181466201263e+00
4.075405141476111659e+00
4.088729705159543037e+00
4.094367475209970131e+00
4.099864022573378008e+00
4.097270060202729880e+00
4.097750672379817161e+00
4.091578116808110011e+00
4.094207102362848794e+00
4.098937044577724009e+00
4.105275986565589896e+00
4.116059849795382419e+00
4.121963313450135225e+00
4.123187322950561118e+00
4.111965817774408727e+00
4.094962024006178147e+00
4.066864060467929143e+00
4.034259445056771476e+00
4.002276202755387757e+00
3.976333965251386715e+00
3.961482211060212144e+00
3.953558421740936080e+00
3.958223768427580502e+00
3.969126564225720522e+00
3.979695839049132822e+00
3.984876991816797887e+00
3.982996276548660397e+00
3.978762825379658086e+00
3.979477509597465712e+00
3.983273445286326986e+00
4.001111123917377554e+00
4.027029425586039046e+00
4.057519963048673795e+00
4.091968073474506085e+00
4.119071747161610730e+00
4.128937896399128782e+00
4.114554164436202477e+00
4.091944151186921452e+00
4.059085634915952312e+00
4.027295870636456776e+00
4.003474508392251607e+00
3.987031071296924800e+00
3.975486918639137279e+00
3.973294718072854614e+00
3.968272682859241840e+00
3.970525780426136908e+00
3.979143902623454299e+00
4.002116912394722448e+00
4.035504168179637752e+00
4.081550375598824054e+00
4.118465675747035704e+00
4.131289958845391297e+00
4.102414261400153528e+00
4.051694258587762221e+00
3.997310362770813974e+00
3.957969500315633216e+00
3.952480794131661312e+00
3.973002381055432242e+00
4.000513778805919962e+00
4.024034842569659709e+00
4.036509928802957781e+00
4.053412005552444519e+00
4.082983226550100042e+00
4.115832763535117067e+00
4.115198821033155596e+00
4.077171455235956365e+00
4.015473548077978627e+00
3.955305642887459339e+00
3.945663518701538752e+00
3.976426435858664288e+00
4.033937871542383036e+00
4.086578941833968415e+00
4.108870708813146422e+00
4.114127217611453169e+00
4.088195431906791910e+00
4.045965415553697930e+00
4.010741869319884856e+00
3.972632297613465813e+00
3.965126848298718087e+00
3.969500719369235320e+00
3.997978396756204589e+00
4.039771779196607682e+00
4.099833498041911994e+00
4.125835302310255415e+00
4.096241487609731280e+00
4.018076175557323104e+00
3.947945392013592958e+00
3.947456391730555403e+00
4.003290669481438968e+00
4.073493044061302193e+00
4.105075392467878892e+00
4.108920388382967914e+00
4.080303258533062305e+00
4.034416975856537135e+00
3.983272315033151045e+00
3.963788092496246307e+00
3.967238458578991711e+00
4.003338116148642989e+00
4.053364667999589166e+00
4.117077185982307874e+00
4.118437497135984948e+00
4.044467792094589953e+00
3.957907281697579549e+00
3.946815117558303943e+00
4.008535918898533446e+00
4.087361687662927956e+00
4.119500477453149401e+00
4.098758579138347180e+00
4.032856750745304808e+00
3.977797776955380726e+00
3.963314299898651250e+00
3.997767538884335448e+00
4.034649292291014433e+00
4.077716255195832140e+00
4.115475411798358962e+00
4.055697289771122982e+00
4.088990143194375371e+00
4.051915222458191579e+00
3.979130210493547093e+00
4.059288981959208620e+00
4.108574615798489482e+00
3.993103926570818807e+00
4.003031177259182449e+00
4.071660583178328352e+00
4.093513545726808367e+00
4.014816751097554537e+00
3.986075163168759872e+00
4.083615746315517825e+00
4.078976838245563563e+00
4.001227029135671742e+00
3.990415293368122729e+00
4.117160065001883140e+00
4.040537768759995707e+00
3.982618858669538575e+00
4.077175660805122170e+00
4.059340688018240328e+00
3.989444046009152256e+00
4.038304106928015891e+00
4.101216027054749524e+00
3.976613559666394071e+00
4.018614704199272580e+00
4.121035115832485829e+00
4.026087627503855515e+00
3.976906340438198573e+00
