3.446053553231895439e+00
1.348730411971128307e+00
1.113381650841848591e+00
1.092628613389175163e+00
1.086801597214120063e+00
1.093441158631604182e+00
1.091980492390518753e+00
1.093879243907134535e+00
1.098943880489496649e+00
1.089187915022306496e+00
1.089818416908716170e+00
1.097126036469487698e+00
1.096615676560233954e+00
1.101328727616444514e+00
1.095149442683226670e+00
1.093178803307982117e+00
1.088050841058725293e+00
1.091729176988527117e+00
1.098702029634315736e+00
1.096993513747239524e+00
1.091715999615380461e+00
1.088477058752407522e+00
1.096155674071207509e+00
1.100826763100506422e+00
1.093431660247219606e+00
1.092267989761282809e+00
1.102438520431905600e+00
1.094235796648264980e+00
1.099660941168120409e+00
1.090893246090075319e+00
1.097706250859129762e+00
1.100823626380588394e+00
1.094325959555435546e+00
1.086680871828632489e+00
1.099498386868423383e+00
1.085357266227928719e+00
1.094069722207367645e+00
1.093949635481532345e+00
1.089888579166968130e+00
1.089752821210002054e+00
1.092627000487374600e+00
1.088715700531901476e+00
1.092198650219825540e+00
1.094003801017786381e+00
1.090091337161232632e+00
1.093392983466229040e+00
1.096531089452424945e+00
1.095712843626905908e+00
1.094396765026238283e+00
1.092570211278099501e+00
1.093223149078476508e+00
1.092783201652764546e+00
1.090989580961699623e+00
1.095208620642778907e+00
1.091559350128735284e+00
1.092193070259547927e+00
1.095410409048945377e+00
1.095553301790093581e+00
1.088831539871662812e+00
1.091275282050414575e+00
1.090260896557749160e+00
1.088535694166063994e+00
1.092911468574938594e+00
1.089365812312024673e+00
1.095229266484494923e+00
1.090775599869902912e+00
1.096583286497851306e+00
1.096196169849953606e+00
1.092631976388683812e+00
1.092014164730718884e+00
1.092267802274483834e+00
1.089988835876767093e+00
1.089962718760288274e+00
1.089954799538312535e+00
1.103480591511784237e+00
1.087425835352982872e+00
1.091966910470715479e+00
1.096944458730616523e+00
1.090828345427712787e+00
1.094332675774376318e+00
1.099006533009039277e+00
1.090099851114344709e+00
1.091775568834212784e+00
1.095808908189876973e+00
1.092291951046464815e+00
1.091715355937549869e+00
1.095417766075480470e+00
1.092103011150465930e+00
1.093658027787833165e+00
1.091533627581830368e+00
1.090557455913092832e+00
1.097083076734088447e+00
1.100121864722823029e+00
1.093211395923345597e+00
1.089175323724658861e+00
1.093442329822627901e+00
1.095165654191897486e+00
1.094790371549931640e+00
1.095235949745512638e+00
1.100732149097197965e+00
1.094775492131344174e+00
1.088851908457334261e+00
1.092324614114873915e+00
1.096612397367338732e+00
1.092734090459986707e+00
1.094020365277209139e+00
1.095801166375411251e+00
1.094701629823894740e+00
1.094574872871081794e+00
1.093751657867391147e+00
1.092939951280127664e+00
1.091973642301236946e+00
1.089760415341692656e+00
1.090926131440208335e+00
1.091680321735786663e+00
1.091036376781251649e+00
1.093161877322218256e+00
1.095697934927526651e+00
1.102356031959391025e+00
1.093144182090411753e+00
1.099385326184008305e+00
1.090058824315096153e+00
1.092906693373609350e+00
1.094041044536591567e+00
1.096223391946740788e+00
1.100022486077216533e+00
1.093355615403092340e+00
1.093036762926977046e+00
1.094431358673658261e+00
1.095030190335526399e+00
1.092340937816740132e+00
1.089521284857989825e+00
1.091375112912528422e+00
1.088538682892925546e+00
1.096645288389896722e+00
1.089855170356610392e+00
1.093743980597830401e+00
1.099836868434841630e+00
1.091558211525030186e+00
1.092204320822486752e+00
1.093011313788558425e+00
1.091503540293679908e+00
1.091134891363413795e+00
1.096108772088285166e+00
1.097914774440962526e+00
1.091848082217024896e+00
1.094400100535633413e+00
1.089866515351664455e+00
1.094421883426963671e+00
1.092420763081716872e+00
1.095275053183491831e+00
1.094508307852359419e+00
1.103822189112291907e+00
1.087777794303204537e+00
1.087455613143536226e+00
1.088535127551552906e+00
1.087178037406411280e+00
1.091829696223941770e+00
1.090496393025423227e+00
1.091794823060208586e+00
1.090529216852123007e+00
1.090937278057247495e+00
1.089112649646829523e+00
1.093773115687740827e+00
1.086221435309757011e+00
1.091196306693912321e+00
1.094388726819348845e+00
1.088184442318172573e+00
1.090615111626240585e+00
1.092410781007994602e+00
1.093080072264570601e+00
1.090366820421508454e+00
1.094814610055921955e+00
1.090945377424195950e+00
1.097317265430892697e+00
1.092804112325832744e+00
1.094657866795380352e+00
1.093074419957360321e+00
1.087047752901765696e+00
1.087960858455062185e+00
1.098021095195147678e+00
1.094281895128172311e+00
1.092359572450689154e+00
1.097373276644689088e+00
1.089934376678287187e+00
1.092301436752682431e+00
1.091890402469204879e+00
1.093104050219209533e+00
1.095768116207304965e+00
1.093628408483552361e+00
1.094107369337329549e+00
1.098379084884125723e+00
1.094525989642511021e+00
1.094532537130977312e+00
1.092691843129551144e+00
1.097552677951121769e+00
1.095729687049998180e+00
1.096406686267451747e+00
1.090624586934005658e+00
1.093257611743789104e+00
1.085313698876612110e+00
1.091460211587102602e+00
1.089930089975847727e+00
1.094032517753571909e+00
1.094814065631660061e+00
1.090953821577877791e+00
1.086991682390447966e+00
1.091192675204061047e+00
1.089896789130320620e+00
1.099864010591409924e+00
1.092948759583044049e+00
1.094529100632101404e+00
1.089589345084975403e+00
1.094388812689986556e+00
1.096321073110189337e+00
1.094517516625471476e+00
1.097830644572423742e+00
1.091715335898344463e+00
1.093584440891335330e+00
1.094060470216078329e+00
1.096797295307248898e+00
1.102292387833986975e+00
1.090517886606266806e+00
1.089551504355256606e+00
1.089939435608873852e+00
1.090324668765943139e+00
1.098110173459654337e+00
1.090693486102164433e+00
1.092304955509988185e+00
1.095765845350487266e+00
1.094522543443628759e+00
1.093716498993555941e+00
1.094913311120741639e+00
1.093507096025139846e+00
1.094202773134070661e+00
1.094481987872411688e+00
1.095415757453769290e+00
1.090479036234843546e+00
1.092904110619759228e+00
1.092546805502019991e+00
1.092347396547368454e+00
1.095791201464489939e+00
1.094470092297736175e+00
1.088623769592097945e+00
1.089624705678706063e+00
1.095202090513083037e+00
1.094949843345012441e+00
1.093729472928198554e+00
1.101198359429129914e+00
1.094974605347030394e+00
1.094879850671157229e+00
1.095875312388560063e+00
1.088546085992437185e+00
1.088965896016554691e+00
1.098536532620113526e+00
1.097701255882048255e+00
1.091229182142026355e+00
1.093642887356906401e+00
1.094649132746679632e+00
1.098148152775212827e+00
1.095935857861069840e+00
1.089295188807872572e+00
1.093850183018428179e+00
1.091694613446438700e+00
1.095901450280519995e+00
1.092712645663025617e+00
1.098316403335023228e+00
1.093918061611924619e+00
1.095690825582009920e+00
1.087147363897006169e+00
1.096340847636179339e+00
1.095525453599632826e+00
1.099890994614897810e+00
1.096257055993809626e+00
1.094449066537320325e+00
1.091437765344118516e+00
1.099077227102752019e+00
1.090813262581697529e+00
1.090953665981982734e+00
1.092456017191304474e+00
1.105415208159473917e+00
1.091527218708675528e+00
1.099487088566685644e+00
1.095522347623217430e+00
1.091257016350832165e+00
1.102966618650415453e+00
1.092933271030016806e+00
1.096582193653247828e+00
1.088547805724024764e+00
1.088358388203719773e+00
1.089639242275280306e+00
1.095288344540177983e+00
1.091694550489807902e+00
1.091495927303681723e+00
1.095800262954531812e+00
1.095805553414630262e+00
1.095419087854074158e+00
1.090033403655977562e+00
1.090474144839624460e+00
1.095246990982133628e+00
1.098095334860126115e+00
1.097325071390544693e+00
1.093631911993332428e+00
1.090076723983494311e+00
1.090898861573838197e+00
1.096140402389399915e+00
1.095258207212668422e+00
1.090955338539881803e+00
1.090253021432164404e+00
1.097847023394765698e+00
1.091791013127267673e+00
1.091640919085817174e+00
1.099434165800631691e+00
1.094726661220126518e+00
1.095638080020115090e+00
1.088643076315767289e+00
1.096466652685754939e+00
1.102321196955235338e+00
1.090366525502369344e+00
1.091288836453079503e+00
1.092123220912334158e+00
1.091894524137951183e+00
1.096612133387721455e+00
1.097490105573456498e+00
1.095193035178668506e+00
1.089595398738342213e+00
1.097200840630607521e+00
1.101257510188857758e+00
1.091802457189490649e+00
1.085623501759272136e+00
1.087689984538508625e+00
1.094401278766896413e+00
1.098706540799762044e+00
1.092118267339051485e+00
1.096014687930604747e+00
1.089227553231127965e+00
1.093994559640859343e+00
1.094058710447393556e+00
1.094817915174020273e+00
1.090587818025134492e+00
1.097124341701456451e+00
1.089583543053112447e+00
1.093378558703812731e+00
1.097035639395122608e+00
1.090628392961013438e+00
1.093819902413483813e+00
1.090549025567970842e+00
1.098480902165614337e+00
1.092559828462077220e+00
1.086863145683267140e+00
1.091116913366361629e+00
1.086997300764735552e+00
1.088581446301391420e+00
1.091777375133853534e+00
1.092017808189298389e+00
1.094440890600176575e+00
1.098463276820724976e+00
1.090438697179650696e+00
1.095947186640651161e+00
1.091021006463780196e+00
1.096217612520610452e+00
1.092024161318095876e+00
1.089090040221300182e+00
1.097480582705694596e+00
1.090442258339267445e+00
1.091096606740758368e+00
1.089869932055708590e+00
1.089751107007651099e+00
1.093297270600723126e+00
1.093710568007010053e+00
1.087303755184006127e+00
1.093848434211211584e+00
1.097412910307578038e+00
1.090219530099693968e+00
1.100558064260495961e+00
1.095182919440073510e+00
1.090987857015549567e+00
1.097628200388161446e+00
1.099399072773605823e+00
1.097750793591016016e+00
1.091463622872144157e+00
1.093614639531122368e+00
1.094475505400013038e+00
1.090513986234867172e+00
1.089644272558984550e+00
1.085237996103547653e+00
1.091848326914490963e+00
1.097201398081448787e+00
1.093885679753993090e+00
1.093579318185984084e+00
1.091146604411567633e+00
1.092498630790527558e+00
1.092863717824372527e+00
1.094879004526346566e+00
1.091829317807699429e+00
1.088322366819185261e+00
1.088976835388683728e+00
1.093067443921954096e+00
1.090340434585095997e+00
1.092631791664448571e+00
1.093877546660265043e+00
1.097230800234473058e+00
1.092995987518079026e+00
1.087144043289585138e+00
1.091848920566546477e+00
1.097437790191356788e+00
1.091638901267752315e+00
1.089360912214905941e+00
1.097820743340633065e+00
1.096656029946078359e+00
1.087353070351095186e+00
1.094251288073250672e+00
1.095316701410435911e+00
1.090265512447331053e+00
1.100164610889836414e+00
1.098704875025191319e+00
1.093981939806784931e+00
1.098746441673194463e+00
1.094460842509073606e+00
1.090499044025426745e+00
1.092341058864187753e+00
1.093653076107534705e+00
1.101360662683781522e+00
1.099598378221773753e+00
1.086004650735309607e+00
1.092897602807145319e+00
1.089087191384648934e+00
1.088239275741293310e+00
1.096203860807727137e+00
1.092994979344345863e+00
1.095294945222187621e+00
1.095648634004276367e+00
1.089792165299524607e+00
1.089987246164490831e+00
1.097763097325721082e+00
1.089549703275533687e+00
1.090047954563668542e+00
1.091504312443486002e+00
1.095536186373068155e+00
1.092883297651807473e+00
1.091348787783640972e+00
1.090532394937051119e+00
1.091580506846615783e+00
1.090626764852429487e+00
1.089781009447944538e+00
1.093908763199106460e+00
1.092108191137885820e+00
1.093627599686626484e+00
1.092644712143317598e+00
1.091967562085831123e+00
1.093606167826546072e+00
1.090930465400652416e+00
1.088754381222273082e+00
1.090313473721031157e+00
1.094025162641489857e+00
1.096491965578170857e+00
1.094154725694265862e+00
1.093441843521660628e+00
1.091661284938569842e+00
1.091292113755525595e+00
1.086906422897206070e+00
1.093167359792140081e+00
1.092663205559358364e+00
1.094267602406491013e+00
1.093242914006244071e+00
1.096756093275313093e+00
1.091439277812240816e+00
1.102242257266749403e+00
1.094588995894302474e+00
1.100043392872591896e+00
1.095031478807926728e+00
1.092393974525009970e+00
1.095835413992622742e+00
1.095799261506710476e+00
1.097129137254272413e+00
1.085883643271502441e+00
1.092812348652404619e+00
1.091827566664296256e+00
1.094908368088723938e+00
1.091893527415478626e+00
1.093111074519221404e+00
1.091144267159282144e+00
1.092917244396715226e+00
1.093316101870978496e+00
1.091545321666140822e+00
1.095894601438051508e+00
1.087787220606721172e+00
1.092077235642231026e+00
1.095383367905773397e+00
1.090043396232628137e+00
1.093941138201373731e+00
1.091999896531740344e+00
1.092767026894878590e+00
1.091645522297022053e+00
1.091281465132148965e+00
1.090052349251183328e+00
1.093532277781985584e+00
1.100111337359324759e+00
1.092593720291164638e+00
1.087907769890415155e+00
1.090109986775554596e+00
1.091931196518748814e+00
1.095594512349782335e+00
1.088325242467608200e+00
1.087869413017085174e+00
1.091958465199167838e+00
1.095203746035970926e+00
1.090353112512585376e+00
1.097794090677672196e+00
1.099612213033097419e+00
1.092524504273914010e+00
1.095213856524092977e+00
1.096423822163514972e+00
1.091676831396406033e+00
1.095365453595170679e+00
1.092772718020887268e+00
1.089696148279402532e+00
1.091655482872029737e+00
1.087520262450833108e+00
1.092066260781463516e+00
1.091774118221604306e+00
1.089213002243477169e+00
1.089323739196487839e+00
1.089103821532591887e+00
1.092303560560081710e+00
1.088896751806409435e+00
1.088927292222935828e+00
1.092146554233672129e+00
1.089242535157759040e+00
1.096093568682762864e+00
1.095951302111478176e+00
1.091307925036265392e+00
1.095091348369843232e+00
1.097056444454410418e+00
1.095195572513833149e+00
1.089398645520905706e+00
1.091330943253116859e+00
1.092930491727686748e+00
1.095625762124155411e+00
1.092594049642553689e+00
1.092962610816410995e+00
1.091235712829593085e+00
1.102715693452684720e+00
1.085223238067815288e+00
1.091920399544557663e+00
1.092060685445026991e+00
1.093437158960605782e+00
1.089574246911634292e+00
1.098033796911399129e+00
1.092805573340936753e+00
1.093099149201781195e+00
1.092336264457841821e+00
1.096166523715029539e+00
1.109339912371383630e+00
1.092650452824071916e+00
1.095260741788049996e+00
1.097747736579301359e+00
1.092237380029205340e+00
1.096652145790995458e+00
1.088390925142163956e+00
1.091595482249083648e+00
1.106033004202318759e+00
1.095210100479281579e+00
1.097443780000899372e+00
1.093521199914931907e+00
1.097982777646244301e+00
1.092664147668713559e+00
1.087742795950582098e+00
1.095748685580738346e+00
1.091563064976961650e+00
1.090173273560007594e+00
1.092855828179642108e+00
1.089914617107278438e+00
1.101676489613702126e+00
1.091328599207742389e+00
1.094600761251559584e+00
1.091223195742625940e+00
1.097752990976120779e+00
1.096530457163435779e+00
1.097593607633509993e+00
1.096679114153153778e+00
1.089984681538935796e+00
1.091424802440052133e+00
1.095280633113781876e+00
1.091770979984375556e+00
1.099100090913257777e+00
1.106545985386340636e+00
1.091568291385726530e+00
1.096461840170854352e+00
1.093778291587506724e+00
1.094285921069272804e+00
1.089374150301491539e+00
1.091822157575493613e+00
1.091627631419367805e+00
1.091209470111847990e+00
1.092426961988558487e+00
1.091171501339027738e+00
1.101451118231891568e+00
1.094416026793773034e+00
1.091066889394400885e+00
1.092960687717059232e+00
1.093464846304817550e+00
1.096358439520141559e+00
1.095856868372595105e+00
1.094242725458458798e+00
1.093696202613988699e+00
1.092862959150679769e+00
1.092145235032449202e+00
1.090921569442919292e+00
1.095707606579472859e+00
1.088977332055476754e+00
1.093631416282990099e+00
1.092912608146615838e+00
1.086783464389342146e+00
1.090070601820240626e+00
1.090576422262287570e+00
1.090676396312647567e+00
1.095119025027165849e+00
1.087504049046947863e+00
1.089384101094968749e+00
1.094120573236190053e+00
1.093220519501092225e+00
1.089972809633135142e+00
1.094553678227720983e+00
1.091725140919451720e+00
1.097218292984973420e+00
1.096331597803818392e+00
1.093906330674564442e+00
1.093493082519142678e+00
1.090009091364730009e+00
1.087500114380560712e+00
1.093319916240561573e+00
1.090573399035990487e+00
1.092778509950274035e+00
1.091275201968539665e+00
1.097589758940734850e+00
1.089527804420573620e+00
1.096902148944220334e+00
1.095905112127480541e+00
1.093572351754114491e+00
1.097171711085025869e+00
1.094122601519928573e+00
1.096543003507596925e+00
1.093039665634470747e+00
1.091520064930105116e+00
1.097747235058140314e+00
1.088840341978466242e+00
1.100601404195528987e+00
1.095052704492656570e+00
1.091513651178044553e+00
1.092291496656112137e+00
1.099994449498340021e+00
1.096380931195568786e+00
1.090914545872739172e+00
1.088106601940635576e+00
1.091952216905748507e+00
1.091612658303252381e+00
1.092131442887233073e+00
1.096284495657878555e+00
1.093168539696000252e+00
1.092521384487111114e+00
1.094824282420461925e+00
1.090915895114671352e+00
1.095502192673676323e+00
1.091146690782469175e+00
1.097258004831783040e+00
1.089441399022802681e+00
1.089469217824961866e+00
1.091374189458270472e+00
1.090379215968083182e+00
1.092999938635973445e+00
1.094675710914182032e+00
1.091948002254477412e+00
1.095401602261899976e+00
1.092095645074245613e+00
1.092577008647736436e+00
1.086539837743536241e+00
1.101794560137396850e+00
1.090232234778290676e+00
1.093237973178269096e+00
1.093805128636762714e+00
1.093481168725764840e+00
1.090011032375255207e+00
1.097812742287989973e+00
1.095795370469843322e+00
1.094300527876803875e+00
1.100121785546688935e+00
1.097350159975051920e+00
1.095911443442851629e+00
1.090412628708762988e+00
1.088593854344864553e+00
1.089301250796445908e+00
1.092643746544481820e+00
1.090798649567167322e+00
1.092463418153667654e+00
1.090601550827086541e+00
1.096459011668355910e+00
1.101241689166223781e+00
1.091081872845848233e+00
1.092016900450628158e+00
1.092227109987545575e+00
1.087618707326853507e+00
1.098899169574840684e+00
1.089154773239932261e+00
1.090644584537275197e+00
1.089820827352893096e+00
1.088917972255909250e+00
1.092544471473422041e+00
1.091360806669444683e+00
1.090279924838770897e+00
1.090064975026572291e+00
1.092179969227312197e+00
1.092063321719640712e+00
1.095249022857485821e+00
1.094732296129911520e+00
1.094468686665298618e+00
1.088878670095862145e+00
1.093112945087651999e+00
1.088588067571946816e+00
1.091290112537050438e+00
1.086730119761054603e+00
1.095573048133778871e+00
1.091086684529058770e+00
1.086004928078626364e+00
1.094679262622549665e+00
1.093334399717129424e+00
1.097282785663639793e+00
1.102831964187733105e+00
1.094218480271360816e+00
1.093944127845575931e+00
1.093101045196239296e+00
1.093295890676160953e+00
1.092344033695913152e+00
1.089598757531117457e+00
1.089844511417368267e+00
1.094741988800839394e+00
1.093287677112686929e+00
1.095396293515961350e+00
1.096847852259938527e+00
1.098935951694487212e+00
1.098578244791798442e+00
1.091120923980706703e+00
1.089934644446182377e+00
1.094272997681783988e+00
1.088553653277521738e+00
1.094681741392290686e+00
1.090517607381079168e+00
1.093859391775193313e+00
1.092642827214517887e+00
1.092223842770605691e+00
1.093477254199493265e+00
1.091848246802173739e+00
1.093946910694805208e+00
1.090703079103604978e+00
1.098562594617011445e+00
1.092343894800467563e+00
1.095872482813277538e+00
1.096058703727764705e+00
1.091161146787774427e+00
1.092717312849186495e+00
1.092842712228020652e+00
1.094990721139523115e+00
1.089756187069079507e+00
1.092310074648127793e+00
1.090938417333070065e+00
1.098193482835372103e+00
1.096165788327765789e+00
1.095748936376210070e+00
1.086047196037696949e+00
1.090031666029076085e+00
1.094083501233372280e+00
1.094355980403604711e+00
1.097856399758927015e+00
1.088346081488781092e+00
1.099949066161161726e+00
1.094239677707125269e+00
1.094657107582467148e+00
1.094023294084173870e+00
1.090962517433419654e+00
1.092315201603589081e+00
1.085144182831150550e+00
1.097629945178054456e+00
1.093525586189517895e+00
1.090013587241366544e+00
1.086256841688798991e+00
1.092262303987690197e+00
1.088460955254588303e+00
1.091748371602313972e+00
1.092259766037983582e+00
1.090710207070588078e+00
1.089990962926630003e+00
1.091995759245524278e+00
1.103666147460507840e+00
1.097286487836440783e+00
1.090795794098917026e+00
1.094635178381586194e+00
1.104934077989486507e+00
1.089498573375351054e+00
1.097451259236412957e+00
1.092137297962604503e+00
1.091721054594556151e+00
1.088549779405145301e+00
1.089881133050057072e+00
1.089241026145087554e+00
1.091903345538012493e+00
1.089201219908440210e+00
1.096324491773668752e+00
1.089988378852347450e+00
1.091866693818543732e+00
1.095972157907565192e+00
1.094962631715618029e+00
1.097935627796512215e+00
1.094160089654369949e+00
1.097542792921553989e+00
1.091133894620531564e+00
1.094243964665237767e+00
1.093640195030252782e+00
1.088826474809118761e+00
1.097494229325032489e+00
1.090102681377628002e+00
1.092732821054348546e+00
1.087784571367106823e+00
1.091779268662708136e+00
1.092842401975322009e+00
1.094051083709053795e+00
1.091055784059386635e+00
1.095278501463728293e+00
1.089612995788216354e+00
1.088898339458623354e+00
1.086342182419816949e+00
1.091470404351284174e+00
1.091450276357722515e+00
1.097369868497631407e+00
1.090193534478451465e+00
1.098247039786977686e+00
1.092825029413840410e+00
1.094969384047353556e+00
1.094099481985228550e+00
1.093913223986976213e+00
1.091886399972136212e+00
1.093651006422364569e+00
1.088046746102198092e+00
1.090588396401237281e+00
1.094861623756124835e+00
1.092335179691656721e+00
1.096398677981171188e+00
1.094762388945935028e+00
1.090326532469678478e+00
1.088528108017972507e+00
1.092969728394531215e+00
1.084778766243793324e+00
1.091450641635317353e+00
1.089174446180589229e+00
1.094267247073439586e+00
1.093417032586444737e+00
1.098099958956946454e+00
1.095120618724918948e+00
1.087941300242227349e+00
1.092777217075997065e+00
1.092080217780373896e+00
1.100424678778484155e+00
1.092655620390390991e+00
1.088705039309860956e+00
1.089517081901880902e+00
1.092626824233480010e+00
1.091280591478952511e+00
1.093346010754026487e+00
1.089388502637501421e+00
1.092368477244183289e+00
1.090025215280010507e+00
1.092873746310163652e+00
1.089465742061234810e+00
1.093969086335290664e+00
1.092300585429958115e+00
1.099897546571679374e+00
1.095564769614834955e+00
1.092382428056763333e+00
1.093634718808773165e+00
1.094032848628473165e+00
1.095282388866424261e+00
1.093630148931810986e+00
1.091480495972950493e+00
1.095904138917196624e+00
1.095184310834570018e+00
1.086443133049088239e+00
1.096445651170602442e+00
1.095683207841395612e+00
1.096465483026600962e+00
1.086655747934854865e+00
1.096777990625898536e+00
1.089909543490689359e+00
1.093967753164053924e+00
1.097578862681551026e+00
1.095669444356665023e+00
1.095088374985607960e+00
1.095669684962902846e+00
1.091755203640388139e+00
1.094084699853021148e+00
1.090799284340864261e+00
1.090622136896833183e+00
1.096596937057119359e+00
1.097167045978029609e+00
1.094584130200479732e+00
1.094067950959302538e+00
1.097013080021219888e+00
1.091326066399457506e+00
1.094178140679108902e+00
1.097687570006228075e+00
1.091801925626014524e+00
1.092872155968511283e+00
1.095921661402468938e+00
1.099286907002221536e+00
1.097737555913506524e+00
1.089332522518851931e+00
1.091018801785261783e+00
1.091452059867592528e+00
1.091726496340553743e+00
1.091634132660796341e+00
1.092011389647809638e+00
1.093432839707109361e+00
1.088441052915239071e+00
1.089630302657110583e+00
1.095387654937134858e+00
1.091544057815717617e+00
1.094124156443633256e+00
1.088634145536697906e+00
1.095724755456618515e+00
1.094912342967111707e+00
1.091378123709459302e+00
1.088684910299322794e+00
1.092817055949514948e+00
1.092096733151061372e+00
1.089853185070295494e+00
1.097747263493631609e+00
1.088557184336814254e+00
1.095995388475520471e+00
1.093443644675239135e+00
1.092901991290626151e+00
1.093398777614856376e+00
1.092135760355541496e+00
1.097909329792269961e+00
1.087125407670718413e+00
1.095604757611585489e+00
1.089137146079282914e+00
1.097430021524540944e+00
1.091988928289055583e+00
1.091655430007805183e+00
1.101345328563807513e+00
1.099257845935452949e+00
1.096345071496849677e+00
1.091272764456851174e+00
1.096585814834577288e+00
1.097056101013787810e+00
1.091967691049228417e+00
1.094009704487797219e+00
1.092578462329811151e+00
1.095756968711424584e+00
1.092147234697034675e+00
1.091067791927863517e+00
1.095984402793088730e+00
1.089890896818513255e+00
1.094544615237670993e+00
1.092080861838263139e+00
1.093245462238251031e+00
1.099098068890089319e+00
1.096186297959820255e+00
1.093460716724631299e+00
1.093182345688651136e+00
1.101432760136898503e+00
1.092630643723087935e+00
1.097562361007791809e+00
1.105938189366247881e+00
1.091607072494208186e+00
1.095660601466036388e+00
1.101387021887982653e+00
1.090832441149619747e+00
1.092954253422808275e+00
1.092859554339350003e+00
1.092271657619974246e+00
1.088837620691614161e+00
1.092160254343640613e+00
1.089951507541223163e+00
1.094556388798338498e+00
1.073021535482226341e+00
1.078674839007774722e+00
1.101255639496213190e+00
1.091933857622098714e+00
1.094438129944492744e+00
1.093849093996966504e+00
1.097561120685025093e+00
1.100754994577709756e+00
1.092020599851750706e+00
1.094786975090582981e+00
1.091621821170926321e+00
1.087853066033495075e+00
1.095078957016106580e+00
1.095902750402719006e+00
1.095384934654328069e+00
1.090069412371410529e+00
1.093681654542930204e+00
