1.928103663854423111e+00
1.162726015986040196e+00
1.069060711209691039e+00
1.046533059099771901e+00
1.050229411401587098e+00
1.049347186393562614e+00
1.048857094334237683e+00
1.048474846820623974e+00
1.050795065100426529e+00
1.048215030418631066e+00
1.049227408531856698e+00
1.050307215197649802e+00
1.048730698879528855e+00
1.048462530841816065e+00
1.050482220622640961e+00
1.050093707687670630e+00
1.050308858753211450e+00
1.048390807278855030e+00
1.048593639991206139e+00
1.050743168464625787e+00
1.048819823383665195e+00
1.048830506671992735e+00
1.049037356042901159e+00
1.046592682380541595e+00
1.048805244743983955e+00
1.052177125375793221e+00
1.046152537941806404e+00
1.050299375795886059e+00
1.049643740061469765e+00
1.052285565736523765e+00
1.051939536028297484e+00
1.051250739914212806e+00
1.047960524698938301e+00
1.049290109138318217e+00
1.047067790279562649e+00
1.048866837789603990e+00
1.050654323285610259e+00
1.049415104447327440e+00
1.046129129065098473e+00
1.047559332265030285e+00
1.044976542553672783e+00
1.048360460610395783e+00
1.047225836950172351e+00
1.052360907481917573e+00
1.047919945730323654e+00
1.050511873230504101e+00
1.047923742279512904e+00
1.052442874471092971e+00
1.048578748092202417e+00
1.047769622148601920e+00
1.049194709907582013e+00
1.048495438530195223e+00
1.048511939750357724e+00
1.049976303349985374e+00
1.049236155344140720e+00
1.049945836280930855e+00
1.049122683191041627e+00
1.049916565271669544e+00
1.053517283074796529e+00
1.052249416597122567e+00
1.051009605989983386e+00
1.047844934348034718e+00
1.049347709950716245e+00
1.049166761218259136e+00
1.053692418360432814e+00
1.049472359097255003e+00
1.048248377274592968e+00
1.049059731411212892e+00
1.048437007337637228e+00
1.050164772255019141e+00
1.049703366454314057e+00
1.047847170273750406e+00
1.047310010682086512e+00
1.050354280939528984e+00
1.047870509538243455e+00
1.049914558505695483e+00
1.050172324369988086e+00
1.049512463865057033e+00
1.047987499932767186e+00
1.048656275456542497e+00
1.049171281640104647e+00
1.051249999438780502e+00
1.050112426285294109e+00
1.047814619754638743e+00
1.051007217320824472e+00
1.049353140744872848e+00
1.047686884057262180e+00
1.051579179749782877e+00
1.048494548549802063e+00
1.046014633275663019e+00
1.046751576422698449e+00
1.048665723410820760e+00
1.047441260576052802e+00
1.045584924248860403e+00
1.049616362106390310e+00
1.050476414658429114e+00
1.047095204221502041e+00
1.047064934331808361e+00
1.048422422386323438e+00
1.052300259857368969e+00
1.049207066153908574e+00
1.050315538125044412e+00
1.048730870244694691e+00
1.048454853267087428e+00
1.047413487937398191e+00
1.047420140696522672e+00
1.048855488392226087e+00
1.051903108323963165e+00
1.048028860100855608e+00
1.050884060495200112e+00
1.049685970470616958e+00
1.045426024733085546e+00
1.048207603778873676e+00
1.048943139106369715e+00
1.048385494711952859e+00
1.045748795794022357e+00
1.045942879190578267e+00
1.049066531082635700e+00
1.048098887150861858e+00
1.047690806322305601e+00
1.047703742250403858e+00
1.048219411786544208e+00
1.048031037555101852e+00
1.048777726464433568e+00
1.053564971484010737e+00
1.047771946048822844e+00
1.046803354059738789e+00
1.051765007247402961e+00
1.048570994904332254e+00
1.051647646386828283e+00
1.046591382965545103e+00
1.046796112725810746e+00
1.047285940826835127e+00
1.048240260014112746e+00
1.048008353523840475e+00
1.051297258643285160e+00
1.047061379898821754e+00
1.049525862219277794e+00
1.047538367792583358e+00
1.050143463723138160e+00
1.049927530351316696e+00
1.048430361428603907e+00
1.049812684531614693e+00
1.050418290289846901e+00
1.047216976722290527e+00
1.046364535072066948e+00
1.046485911237078792e+00
1.047189790647040653e+00
1.051508249647227000e+00
1.046049982869431405e+00
1.050868165989867542e+00
1.048878808088306469e+00
1.049710424774247697e+00
1.046776801052615946e+00
1.047906860085856762e+00
1.047054223168652376e+00
1.046419198168264231e+00
1.048624479244275376e+00
1.050162390143380975e+00
1.050451512447649893e+00
1.047546815347502713e+00
1.048565419270290011e+00
1.047914463236810922e+00
1.050194316395452132e+00
1.045561409638909645e+00
1.048011343587031075e+00
1.046742278465299991e+00
1.046118071909357683e+00
1.050134709353174323e+00
1.047457000058698240e+00
1.048878481982728372e+00
1.047188923849551312e+00
1.046165839189180158e+00
1.045294120641423463e+00
1.046636207305466915e+00
1.052083548519880285e+00
1.049110983553897425e+00
1.053644201974812900e+00
1.047257631347813911e+00
1.049072480453012268e+00
1.047517142056931361e+00
1.051325475725570557e+00
1.049401794530210985e+00
1.046750102471789567e+00
1.049676540580349648e+00
1.046411681997596599e+00
1.048605624742998899e+00
1.046908135562135911e+00
1.047280699302505447e+00
1.048059366442323448e+00
1.050840753698446317e+00
1.050877277110978447e+00
1.049262881130702540e+00
1.046064181283139716e+00
1.047274600315126314e+00
1.048590068249668716e+00
1.049868563293611778e+00
1.051305786629280981e+00
1.048922418270031187e+00
1.037663104857446061e+00
1.049331436262074035e+00
1.047967545639775233e+00
1.049662096441905668e+00
1.050296379588693929e+00
1.046924189641680769e+00
1.046697186294121895e+00
1.050170457392668011e+00
1.048730449024268152e+00
1.048686746776817946e+00
1.048446516758565927e+00
1.051655707000217932e+00
1.047094032417543730e+00
1.049939683983436733e+00
1.046865122587425478e+00
1.057310166317736888e+00
1.045744628951612798e+00
1.046474482113125992e+00
1.048981676796214568e+00
1.048997138758678505e+00
1.046187607832271604e+00
1.050032478502991529e+00
1.048953072489577254e+00
1.048484179341736988e+00
1.046151446743644131e+00
1.051974923892622149e+00
1.050909340203227238e+00
1.048682595503226844e+00
1.046803912207137754e+00
1.051690565658286225e+00
1.051315893797762691e+00
1.047192015460324921e+00
1.051856482493970235e+00
1.050762565470209964e+00
1.047579677349597560e+00
1.044939721804631461e+00
1.049330919573697063e+00
1.047532514126678471e+00
1.048564916264581592e+00
1.048594225211789244e+00
1.047798870956644812e+00
1.048993464192061298e+00
1.050014895526764525e+00
1.050992560440299428e+00
1.051034904546206628e+00
1.047274069096733928e+00
1.051498083076981338e+00
1.046887387234723299e+00
1.047832989003937065e+00
1.048639058288968418e+00
1.053839229579875969e+00
1.046943075530818001e+00
1.049178424915172991e+00
1.048598828347723888e+00
1.048686483356878529e+00
1.047791797106995437e+00
1.052562628437338388e+00
1.050510677279844263e+00
1.047926487524535322e+00
1.046871753853154008e+00
1.046933650346565603e+00
1.047986566049290857e+00
1.050322337621667934e+00
1.050484667217849388e+00
1.049842630408171829e+00
1.048773478017397398e+00
1.052111989447987783e+00
1.051279921173943643e+00
1.047830782268109884e+00
1.048812599812405377e+00
1.050280178040442269e+00
1.048626455704297467e+00
1.050337641569145886e+00
1.048295032757450729e+00
1.047771540711084137e+00
1.046864128366414848e+00
1.050661302263151686e+00
1.048860523548735602e+00
1.048448158696887011e+00
1.049535496026438253e+00
1.050254225621062742e+00
1.050804161195622921e+00
1.049203414623054220e+00
1.050603930851917278e+00
1.050634488739244921e+00
1.046627235157054470e+00
1.045035581002559777e+00
1.050527028294695020e+00
1.050811023493680718e+00
1.051957367683742373e+00
1.048006801483544193e+00
1.048547279837700463e+00
1.054114077969092511e+00
1.050437886077747018e+00
1.050955915626159420e+00
1.045635439468131311e+00
1.049982926821419360e+00
1.050400205298984480e+00
1.047227586581443326e+00
1.046790684020251661e+00
1.048648891548244366e+00
1.050982504948573482e+00
1.048555839627375530e+00
1.045840930211039410e+00
1.048905118412136295e+00
1.051739836885606127e+00
1.047028098978274313e+00
1.045980412848304342e+00
1.046974962223156780e+00
1.049766458274044911e+00
1.053088382048886329e+00
1.046026206889799193e+00
1.049827123351201541e+00
1.049542840875092642e+00
1.046911794501922843e+00
1.049542688477037355e+00
1.048081661621971472e+00
1.046608686716374637e+00
1.047599793480970654e+00
1.051208300631028658e+00
1.050609768254638476e+00
1.046548390253451366e+00
1.049551383247282255e+00
1.052917872270588751e+00
1.049235481042968932e+00
1.046140500817834385e+00
1.052955419463795783e+00
1.050961289148368172e+00
1.048631623450416273e+00
1.048832771225751248e+00
1.046907676816719812e+00
1.046712232597423409e+00
1.047759467356175422e+00
1.049995513044971407e+00
1.049272170329476950e+00
1.047414636824456791e+00
1.047436456014864792e+00
1.047347239688285692e+00
1.049849619415068824e+00
1.050942970380839281e+00
1.047261334321559989e+00
1.049990370112067195e+00
1.049132553040625471e+00
1.048966534616887492e+00
1.050010935539626322e+00
1.048315374818022283e+00
1.047940788309465354e+00
1.045850285692393689e+00
1.048994813352440492e+00
1.047626868327272920e+00
1.050509270778938742e+00
1.049879366383439372e+00
1.048133718432213701e+00
1.049843724620775687e+00
1.050117360623149754e+00
1.047889745867768951e+00
1.047611437559014202e+00
1.044824727494518379e+00
1.049928163274220561e+00
1.048198754783988829e+00
1.048908901785140735e+00
1.044753879678650854e+00
1.046538959962373339e+00
1.046619381041433483e+00
1.049052857745675249e+00
1.049188193767822463e+00
1.046639905717601238e+00
1.049243675961809785e+00
1.044672004283730748e+00
1.047515381531653578e+00
1.050454776083824315e+00
1.046579587615547036e+00
1.048877908237151546e+00
1.048192788541795872e+00
1.048100322557238284e+00
1.049664355127498228e+00
1.048151327145816936e+00
1.049566863884017431e+00
1.049781164696527380e+00
1.051161049891981003e+00
1.052735383553327519e+00
1.051286534634886749e+00
1.046317731022581965e+00
1.050207923170439095e+00
1.049559112846741860e+00
1.046857444514026625e+00
1.046240518177126155e+00
1.050782637688038257e+00
1.052116830186659469e+00
1.050100147825577368e+00
1.046812506937406573e+00
1.051557131935908052e+00
1.048436988199093589e+00
1.046384023245032546e+00
1.046403576276280667e+00
1.048064726076481712e+00
1.047001142309121891e+00
1.047784926251903448e+00
1.050629007938941095e+00
1.049328426147888127e+00
1.046285390630967704e+00
1.049371026639689619e+00
1.047729616510171713e+00
1.050302412578467459e+00
1.047752044245420011e+00
1.048971717181029994e+00
1.048651609646026550e+00
1.047834038560595316e+00
1.051391917013549282e+00
1.049312781180168352e+00
1.049280294269117064e+00
1.047809215597014898e+00
1.051483976036295953e+00
1.048370279416466877e+00
1.049437715453237496e+00
1.047006027994477506e+00
1.047990112155576803e+00
1.047615806899724777e+00
1.050802010041786971e+00
1.049662035192459264e+00
1.045843856226949642e+00
1.049970629557777535e+00
1.052308330642161671e+00
1.050679128683292163e+00
1.045599494949371433e+00
1.048962663111850935e+00
1.047174542407226294e+00
1.051612726448258650e+00
1.048561778608908091e+00
1.051390551423147635e+00
1.050549453221993224e+00
1.047392132834857437e+00
1.049057786880402077e+00
1.048460594388344047e+00
1.051528608708900636e+00
1.048195012398133175e+00
1.048006282101069164e+00
1.051405820283783266e+00
1.051635154519052318e+00
1.049641039925553798e+00
1.047915055453267907e+00
1.048634485273946204e+00
1.050278429651182233e+00
1.049949244774852408e+00
1.049201369871017864e+00
1.047578554751674051e+00
1.048733353198542328e+00
1.049583966929015899e+00
1.048557055779509417e+00
1.048015806626555690e+00
1.049750711172288353e+00
1.047403280348240040e+00
1.051313949052304020e+00
1.048267227488249853e+00
1.048217886119939601e+00
1.044856869914313036e+00
1.049187833687179161e+00
1.046559770239840148e+00
1.045949848246711333e+00
1.049975781722046309e+00
1.049310837773780980e+00
1.049360014800132079e+00
1.048859396878066175e+00
1.048988776590314753e+00
1.049348881226280561e+00
1.047676306073892727e+00
1.048733523411115476e+00
1.050460116873277006e+00
1.046773777727077137e+00
1.050117114037938171e+00
1.049131480766887448e+00
1.051170070898686637e+00
1.047407091575372373e+00
1.049284600220441233e+00
1.050445765930283715e+00
1.048940767881521463e+00
1.047665605827804880e+00
1.047434192637392014e+00
1.048636191483091284e+00
1.050291856316849293e+00
1.047937756619857774e+00
1.048512505888815616e+00
1.050725394643207133e+00
1.049060318974301298e+00
1.049070451321667985e+00
1.049389560017815359e+00
1.048223333078730279e+00
1.046918436284559384e+00
1.048469824235813475e+00
1.048878749637172536e+00
1.048405084562960443e+00
1.051013667007605124e+00
1.049732403158986305e+00
1.046674165552893054e+00
1.050674246338212381e+00
1.047591219867922696e+00
1.045851640040139419e+00
1.049823373299764162e+00
1.046116661535890113e+00
1.047992685512811217e+00
1.051175867014383369e+00
1.047472596838801895e+00
1.052540508430312549e+00
1.050453173762422976e+00
1.049711338080882683e+00
1.048915286890339527e+00
1.050010126757046969e+00
1.046875324265925000e+00
1.049474106304015608e+00
1.047423294176966335e+00
1.049247841663329739e+00
1.053625450935359753e+00
1.049132230644118646e+00
1.045965976286013399e+00
1.048956551887312294e+00
1.047600596195813027e+00
1.050380832319564250e+00
1.050406964698397561e+00
1.047068059707856769e+00
1.046344113716233037e+00
1.052714346935073042e+00
1.047798644472654583e+00
1.048907943564478584e+00
1.045188128405468708e+00
1.047241081176158328e+00
1.048644829653341715e+00
1.046746458309578465e+00
1.048001574448012452e+00
1.051806817495003266e+00
1.048895973283829663e+00
1.049261971540632166e+00
1.050562096286128400e+00
1.047878316135910204e+00
1.047988604937613699e+00
1.050523600661472656e+00
1.048892417320917092e+00
1.049958390669471164e+00
1.047967961152181271e+00
1.047901405610025982e+00
1.048549507894226185e+00
1.046130378497677427e+00
1.049497269441970415e+00
1.049732268750152686e+00
1.047612970881573569e+00
1.055402933509207886e+00
1.050808136761310463e+00
1.047401393263170277e+00
1.049768902548404270e+00
1.047483930371844396e+00
1.050244572822381040e+00
1.050261072660974904e+00
1.048963360795833966e+00
1.047907668276956805e+00
1.050736585616675933e+00
1.049078830273716623e+00
1.046916705258517544e+00
1.049600621342650308e+00
1.049876768812892491e+00
1.049922786811341435e+00
1.049177564427778764e+00
1.053555436110949595e+00
1.046985473882420026e+00
1.048975877719870109e+00
1.045557081425534607e+00
1.047963429204388230e+00
1.047640388795042066e+00
1.051291270361573549e+00
1.044734056763086061e+00
1.047805765801026245e+00
1.046767859944428558e+00
1.049307989814344255e+00
1.051032876641748492e+00
1.051450121876496890e+00
1.048227516676969007e+00
1.050618610694321609e+00
1.049082225777786981e+00
1.049502265575665616e+00
1.047725664000844992e+00
1.046556371715590350e+00
1.050046398590086083e+00
1.045986966111362548e+00
1.046851144402578981e+00
1.049545660054410412e+00
1.047110262206422560e+00
1.049566658206405600e+00
1.048396538137261746e+00
1.049550683389182115e+00
1.053832549320168566e+00
1.047430791916394321e+00
1.047029219366020447e+00
1.045597559025915446e+00
1.047658566791239254e+00
1.051394586211999105e+00
1.049522046877761738e+00
1.049906769109770766e+00
1.048698754763650598e+00
1.048913821735035334e+00
1.045027296254404492e+00
1.049912700322649162e+00
1.049025315288633520e+00
1.048561962572166717e+00
1.053087442791294848e+00
1.052685274152984185e+00
1.050640467879833562e+00
1.049654480311546623e+00
1.049686831380853613e+00
1.046524041304187191e+00
1.047656595920843481e+00
1.047497211207955692e+00
1.048643284221430827e+00
1.050264846925991868e+00
1.047847660093167432e+00
1.047957279893474647e+00
1.050641540257754913e+00
1.047799970064298369e+00
1.047799197528598736e+00
1.051201534670007209e+00
1.049062503215054232e+00
1.048117331664520924e+00
1.047957947048974159e+00
1.051067982993807215e+00
1.047402971201079724e+00
1.053481762343456918e+00
1.048610938359522127e+00
1.049180260166260759e+00
1.049184050572308236e+00
1.047622847342353003e+00
1.051325383557929927e+00
1.050238045223486960e+00
1.050409058314293320e+00
1.049066275240671864e+00
1.047996342137494041e+00
1.050807899761069697e+00
1.046931741961477202e+00
1.047805829018395585e+00
1.050376209498611768e+00
1.050110791258223042e+00
1.047972846519287016e+00
1.049632374053512063e+00
1.050105254508499009e+00
1.048188128496517324e+00
1.047623838942852492e+00
1.048917932557794863e+00
1.049091239792564467e+00
1.050931031000725602e+00
1.044641153619351392e+00
1.046060005193746312e+00
1.051168916627148731e+00
1.051518166668089949e+00
1.047593117675145180e+00
1.051777080249917118e+00
1.049175819273680199e+00
1.045923480149254958e+00
1.044727225065821719e+00
1.048025305698150333e+00
1.046519363764251143e+00
1.051063060245433167e+00
1.050428160217419249e+00
1.051165512823673209e+00
1.051361196735895787e+00
1.050916888807387206e+00
1.051229122878969635e+00
1.048614057409135381e+00
1.049800660874473879e+00
1.049355063436664626e+00
1.050344042755166463e+00
1.048101597090194126e+00
1.050282168384840009e+00
1.046100308096991283e+00
1.046439064486278214e+00
1.049866932901563965e+00
1.047995849431758719e+00
1.047386217844819889e+00
1.047841536115869499e+00
1.048431582872224821e+00
1.051661499408576006e+00
1.049322944293341386e+00
1.049518545144249471e+00
1.048669131845176183e+00
1.047026554595368530e+00
1.046475110859121704e+00
1.049070634118094425e+00
1.048643531731679568e+00
1.048285759715664733e+00
1.046187826157732426e+00
1.046924449049019712e+00
1.048828227545866687e+00
1.049156556813173324e+00
1.050442331650560224e+00
1.048254266849427685e+00
1.050051224435267327e+00
1.052533095456906986e+00
1.053001391694118771e+00
1.048697601580906857e+00
1.049503047729476446e+00
1.048111081997506799e+00
1.050181493028123469e+00
1.049064254748339531e+00
1.049528798276870178e+00
1.049080364677521082e+00
1.047469374119395447e+00
1.046948276349010332e+00
1.050498720720919987e+00
1.048698058177016668e+00
1.046459388858301365e+00
1.046251897078421145e+00
1.052625077624542271e+00
1.047022943649746463e+00
1.050098789793548093e+00
1.046818444844224594e+00
1.052694417542962002e+00
1.047416660340570793e+00
1.050199912019076365e+00
1.048000583867356506e+00
1.047265872322381108e+00
1.050532337793131932e+00
1.049247800782908024e+00
1.050164987129694083e+00
1.046523329508517675e+00
1.049336852940399467e+00
1.047545416849623212e+00
1.046629791914880592e+00
1.048599313432188929e+00
1.049387032982154189e+00
1.051418197733619664e+00
1.048415592480977931e+00
1.050135611749469788e+00
1.051021048543272718e+00
1.052380000201393218e+00
1.048530753902641610e+00
1.047284090429306591e+00
1.049127329183633162e+00
1.045319171891391896e+00
1.049443038018229801e+00
1.049839268946813009e+00
1.048713602267884237e+00
1.047133284298464861e+00
1.049785791813409697e+00
1.049403902121087695e+00
1.047110976386220083e+00
1.045373619112553332e+00
1.052912961551417226e+00
1.048966200729672948e+00
1.045797166078275664e+00
1.046564272587504618e+00
1.047563855782530640e+00
1.046609208664394775e+00
1.045063488399292417e+00
1.047668025033447803e+00
1.048335137881776902e+00
1.052625493891104824e+00
1.049183349935964626e+00
1.049497883264524312e+00
1.048407647407566090e+00
1.048659719289820824e+00
1.049797470875890149e+00
1.048661941169238832e+00
1.045824749047734814e+00
1.050470318349809418e+00
1.048552804521956539e+00
1.049705263195947147e+00
1.047502942411838944e+00
1.049770151595153633e+00
1.045517651188880848e+00
1.048429414322865627e+00
1.044720740644778489e+00
1.047147951610823302e+00
1.049357165025520233e+00
1.049120011587706403e+00
1.046227888975719278e+00
1.047972214086750009e+00
1.049835755243072821e+00
1.052954087084349677e+00
1.048043800798993619e+00
1.047629705400677347e+00
1.050297235531765017e+00
1.047633553821259333e+00
1.050717341731829624e+00
1.047659281415794563e+00
1.050276732556318260e+00
1.048364736222535676e+00
1.051531640036284410e+00
1.048954138772123956e+00
1.048590024722817260e+00
1.047439332727670758e+00
1.049221503915284126e+00
1.051471054966798491e+00
1.054602894518848588e+00
1.046391161356437172e+00
1.047981891131797516e+00
1.051405263758739217e+00
1.047376226419101330e+00
1.049938698638462897e+00
1.051128834540159041e+00
1.046836646463734866e+00
1.049689347914855464e+00
1.055114941859871536e+00
1.047348835664182243e+00
1.046295231346082710e+00
1.051447614332621239e+00
1.046418107105746120e+00
1.048572712729820333e+00
1.051518559130615538e+00
1.049686520337397289e+00
1.052269697510323621e+00
1.050027408126749995e+00
1.046764823805371503e+00
1.045612468267744566e+00
1.051604339372831820e+00
1.049776652246777742e+00
1.048256874210225842e+00
1.047224050357489000e+00
1.050894979992924583e+00
1.047602848432392930e+00
1.052446298203759678e+00
1.048265601340851561e+00
1.051722681452256447e+00
1.048409315520590912e+00
1.050282222942425570e+00
1.048795882863889029e+00
1.052561241623917621e+00
1.047100137531712605e+00
1.050194892224874499e+00
1.048192105762675297e+00
1.047793910768353154e+00
1.047212141248423212e+00
1.048136463318254163e+00
1.049503422609923575e+00
1.049186443589079420e+00
1.049136301024327977e+00
1.048736013511109899e+00
1.051889481085299671e+00
1.047885293481424451e+00
1.047446087619537725e+00
1.050304660764991516e+00
1.049092454421851617e+00
1.021369298998537234e+00
1.048642130646002313e+00
1.048412622940975369e+00
1.048774494680297709e+00
1.047312310387044976e+00
1.045876565974071415e+00
1.049601533125355202e+00
1.049489426167211192e+00
1.047853739514776228e+00
1.047806930512982682e+00
1.048789647525646851e+00
1.047908068490945199e+00
1.050824264183452428e+00
1.047078971363662570e+00
1.050534257797333781e+00
1.046649060624056382e+00
1.047749791859938995e+00
1.053522539631963628e+00
1.051003812171099616e+00
1.048759181712261457e+00
1.046837034465660787e+00
1.048437793560978770e+00
1.051053021597243786e+00
1.046857070568802506e+00
1.047902866051864779e+00
1.049114164746588251e+00
1.049487683274758165e+00
1.049452813474096358e+00
1.048836126836260929e+00
1.049844668633298728e+00
1.050542894865757138e+00
1.054178845496995809e+00
1.050744179630498154e+00
1.048639364245716354e+00
1.044764066180138284e+00
1.047566496594352525e+00
1.046042730642154472e+00
1.051695774785885718e+00
1.045551856389559386e+00
1.048125751157275909e+00
1.051870092981053828e+00
1.050422630809909164e+00
1.048971063739703835e+00
1.049368134488747772e+00
1.049362221588926003e+00
1.045559253994587046e+00
1.046493871534727171e+00
1.047286443078444318e+00
1.048779842842929799e+00
1.048993837558963582e+00
1.047148809124847535e+00
1.048088215457394945e+00
1.048091298644810543e+00
1.048677864636841317e+00
1.048862740818788053e+00
1.051955302475848564e+00
1.047511715630387918e+00
1.048035586550017273e+00
1.051196806867455535e+00
1.049285577735863839e+00
1.047964105742194008e+00
1.049936771464919039e+00
1.049141833645163890e+00
1.044847884425443407e+00
1.049389909449889302e+00
1.050987229750768082e+00
1.048599602931336472e+00
1.049520466398063734e+00
1.049289272479913659e+00
1.045297625011610387e+00
1.048652269802237136e+00
1.047879284879384976e+00
1.046704231211333713e+00
1.049297834891553594e+00
1.053139331362093367e+00
1.048519770834440035e+00
1.049818346572479744e+00
1.051626829788569362e+00
1.050027331573761158e+00
1.047204527738262891e+00
1.050177914895532805e+00
1.049252241543830122e+00
1.047955323070298483e+00
1.052125213319391683e+00
1.049687679071172441e+00
1.048107379239916703e+00
1.049592154017683132e+00
1.048025707624102631e+00
1.047107656079350413e+00
1.048066327158666766e+00
1.052319746208320472e+00
1.046802073068436423e+00
1.047319503749714720e+00
1.051688811254498646e+00
1.047126109401711691e+00
1.049281613745029818e+00
1.046744422707886368e+00
1.049165694128205706e+00
1.049398248809126022e+00
1.048122429264156663e+00
1.050099176030168779e+00
1.049629904109272482e+00
1.047952275810568823e+00
1.049756702472411707e+00
1.051320799776974457e+00
1.051795082953903782e+00
1.045877860355002520e+00
1.047217767749687001e+00
1.048930072094698351e+00
1.049742798509171182e+00
1.045819360432632683e+00
1.050717369502463194e+00
1.047092315925490569e+00
1.047578158358631883e+00
1.051021465313522141e+00
1.046882045506415171e+00
1.050405095043575709e+00
1.049580452076989134e+00
1.046409424035127822e+00
1.052230592218087235e+00
1.048788849807924528e+00
1.049501341495967299e+00
1.051129822852800322e+00
1.050662270682930055e+00
1.048619839960072575e+00
1.045781565410666136e+00
1.048934012598807586e+00
1.051054689812593868e+00
1.047966277219622100e+00
1.050714928029712114e+00
1.048017747202291350e+00
1.049056998659924744e+00
1.049260714252208571e+00
1.049071056940256153e+00
1.048089460810716522e+00
1.049253587364128659e+00
1.048162940361313522e+00
1.050147009440936863e+00
1.047393250583283031e+00
1.048420565964546691e+00
1.047357315950178780e+00
1.050165537216957823e+00
1.048701923009383696e+00
1.047241103808875140e+00
1.047116162647839577e+00
1.049295438984747975e+00
1.047642540219416940e+00
1.049185335376310979e+00
1.048495744192852186e+00
1.048665478073835367e+00
1.047322566006983147e+00
1.047733822273644089e+00
1.050112731131836341e+00
1.047048190503991449e+00
1.047514758695334836e+00
1.050259481676591333e+00
1.048591463757560183e+00
1.046985170322096481e+00
1.048097913171552431e+00
1.048529901767122352e+00
1.050853813633684686e+00
1.047299244656070272e+00
1.047567788454822235e+00
1.051424370090473071e+00
1.048144176411338391e+00
