3.725425012874746589e+00
3.924349597523105526e+00
3.746906163677294455e+00
3.476419689639112853e+00
3.794208287542101488e+00
3.889406656944431884e+00
3.144701760683896286e+00
4.130295761170337698e+00
3.806180880229659724e+00
3.747159983460564447e+00
3.784205606934919253e+00
3.332999693363503990e+00
3.657028078860001141e+00
3.587253153880850753e+00
3.634581227300473394e+00
3.141558110792429304e+00
3.429871921612759333e+00
3.221790762032342936e+00
3.689647707785832065e+00
3.440751269316178362e+00
4.049244445579102347e+00
3.993601475134255896e+00
3.497031750115349613e+00
4.220232750060483262e+00
3.667984301659242163e+00
3.175253604213993164e+00
3.650749771720666281e+00
3.380980412761027232e+00
3.608521962345893730e+00
3.863565801862426596e+00
3.674241219334107633e+00
3.670536158325424569e+00
3.374315287416704390e+00
3.316823913467839891e+00
3.765633963375608850e+00
3.528265729548761609e+00
3.666461791230382961e+00
4.012172607293379656e+00
3.573347839159573880e+00
3.476595623439975746e+00
4.259880632898275010e+00
3.650627821491425173e+00
3.471497517863933790e+00
3.699439116701010555e+00
3.257389875790158040e+00
3.654879686472365385e+00
3.268752260503670737e+00
3.660622542199133189e+00
3.880383369664488047e+00
3.569905864604109524e+00
3.468122807225541671e+00
4.066133375982348142e+00
3.720065269489958304e+00
3.960507829029172200e+00
3.858704883701440824e+00
3.666058500434977496e+00
3.555701831944494185e+00
3.189038332767129003e+00
3.535553668185842380e+00
3.988482855279018580e+00
3.416506616400667884e+00
4.023184915932804806e+00
3.439147199188375748e+00
3.667028257489258980e+00
3.526036657649129324e+00
3.289656061046532187e+00
4.052074363310098626e+00
4.092772234888333749e+00
3.439164236468608582e+00
3.903865867558442559e+00
3.131185641203155345e+00
4.158675168617224749e+00
3.637658947661985831e+00
3.449866520020647087e+00
3.912467987961523175e+00
3.559427434479246699e+00
3.688285524277012950e+00
3.532734938471974839e+00
3.605829982974519066e+00
3.944334746154529725e+00
3.563302209433194978e+00
3.501182766896488108e+00
3.855204630775548758e+00
3.638271617002996283e+00
3.492765509330019835e+00
4.267448650552137401e+00
3.278462241099052488e+00
3.788453764257744716e+00
3.688935650810398759e+00
3.639774745861742211e+00
3.607259707260021209e+00
3.779039443826368583e+00
3.631553956888795121e+00
3.584308060335691160e+00
3.893219256304337073e+00
3.508222330305596603e+00
3.901470458705110556e+00
3.894203058408528761e+00
3.484505163861586485e+00
3.912087820034594543e+00
3.801031229240635412e+00
4.236908796210252071e+00
3.728083737756434868e+00
3.704562491726859808e+00
3.649554650423971758e+00
3.327518583254156059e+00
3.476747212743608983e+00
4.191660494652712288e+00
3.837589078840444312e+00
3.568955476734878562e+00
3.171925109603859205e+00
3.689365396275971154e+00
3.685384223793596092e+00
3.258932697034865100e+00
3.030062829932456570e+00
3.539439547581644252e+00
3.299173444172151637e+00
3.788419856423870247e+00
3.125950272778515782e+00
3.501471054362925273e+00
3.829979340439884528e+00
3.523033998449542903e+00
3.784901107021968247e+00
3.992375332311243863e+00
3.321721861379009155e+00
3.109239453822854049e+00
3.711865070547984757e+00
3.852277371116760829e+00
3.360801868802479220e+00
3.208066053309918342e+00
3.433208360471268428e+00
3.382319290734884909e+00
4.131975554279822660e+00
3.819077053668439969e+00
3.693102016075672012e+00
3.615712894176697390e+00
3.692589243331919402e+00
3.311709687496154242e+00
3.451314393924728385e+00
3.380896638271209564e+00
4.398656271330741774e+00
4.063040560050439787e+00
3.560446006398509500e+00
3.167369872605995784e+00
3.869653260671447548e+00
3.688374722056918742e+00
3.432026756375195387e+00
4.046604488035051794e+00
3.722078574525901296e+00
3.503309927493940545e+00
3.642547478562005114e+00
3.539932834079074109e+00
4.144390649428209450e+00
3.402217630866630760e+00
3.770128767402331160e+00
3.837803891477310714e+00
4.116404935970976453e+00
3.495459061937231215e+00
3.295888928462516354e+00
3.512183493833926917e+00
3.537717323115542101e+00
3.495285265014575593e+00
3.934868860128727164e+00
3.625306179838934995e+00
3.616000404759511788e+00
3.593990773227302427e+00
3.717249253635474204e+00
4.079499032145961657e+00
3.653225751908133034e+00
3.816353632778436644e+00
3.644327049609408231e+00
3.648921367379111658e+00
3.640274707046029068e+00
3.667336878573113079e+00
3.291769218199105840e+00
3.997593129828683978e+00
3.373388819529802518e+00
3.522596311102274225e+00
3.569339553707555179e+00
3.678779161550640886e+00
3.981256225821252048e+00
3.779392769948499708e+00
3.673732289297630960e+00
3.338328050059033547e+00
3.839390926140330951e+00
3.406084391999909311e+00
3.095620615920156915e+00
3.081289542250202018e+00
3.628925451885436804e+00
3.728068553113939476e+00
3.566574222344987888e+00
3.839234051659504932e+00
3.622238459981467429e+00
3.841695937410645190e+00
4.156402778113467811e+00
4.280047052394032825e+00
4.056740380550684755e+00
3.796547082377223159e+00
3.333927428159811690e+00
3.923021946530088844e+00
3.464812710649947558e+00
3.534507816226244437e+00
3.453524134807177681e+00
3.898237076910687104e+00
3.266378940800813702e+00
3.234691200442246117e+00
3.456443922786367029e+00
3.724342649772513614e+00
3.205550522203519659e+00
3.841641328989624959e+00
3.134936852712646438e+00
3.865143677764737884e+00
3.768270351180465383e+00
4.348398367614680460e+00
3.826860414245058184e+00
3.580431026378177339e+00
3.954267384034819255e+00
3.591013224861421715e+00
3.475715377691554586e+00
3.538051438308318364e+00
3.647954552130998174e+00
3.138198173512338318e+00
3.887866002837895518e+00
3.639867173802709743e+00
3.965156698179582939e+00
3.485765516024896815e+00
3.452541567996330052e+00
3.623104531393566585e+00
3.885278477651901152e+00
3.594204158242636282e+00
3.451290027977057306e+00
3.966764486417045266e+00
3.915010569424152376e+00
3.712973779657651185e+00
3.453043277641032915e+00
3.470133301091804068e+00
3.278277962862897077e+00
3.310921456915215000e+00
3.364034286923488715e+00
3.528820357622939774e+00
3.471019035013061860e+00
3.438924037759532482e+00
3.971091464665038817e+00
3.542605787262393058e+00
3.661397837550976586e+00
3.126203565588041577e+00
3.916348517283235076e+00
3.787149056037121486e+00
3.430654702044988014e+00
3.791062012815774818e+00
4.042193861068726690e+00
3.725855084189298783e+00
3.666013855970982060e+00
3.915069338412211053e+00
4.166936459524229086e+00
3.722014501105896045e+00
3.386527573888935105e+00
4.034252675427663526e+00
3.694262864809179092e+00
3.941901720335385662e+00
3.395533222079086144e+00
3.973506308537570142e+00
2.947517324941339112e+00
3.351895946599219300e+00
3.834712163233776838e+00
3.606924449611467409e+00
3.844856522299694657e+00
3.779063277922906305e+00
3.768188249319481375e+00
3.351617322877431526e+00
3.452406361926548151e+00
3.673209439001140719e+00
3.465838518332603702e+00
3.458297796387770795e+00
3.725074364013771788e+00
3.946055727753619902e+00
4.746465083435271737e+00
3.723512239026487425e+00
4.879166622563305467e+00
3.699022760657665998e+00
3.267130152520753672e+00
3.701806044517748084e+00
3.331260590455312087e+00
3.691279146370022524e+00
3.775023079003914539e+00
3.217950241478830797e+00
3.469949968874936896e+00
3.657848589151385887e+00
3.552043367827399933e+00
3.927011320285604512e+00
3.751667909893660724e+00
4.526880519671338199e+00
4.230540280433148226e+00
3.741853368217919584e+00
3.725124353593297855e+00
4.040093018618719611e+00
3.815815264186277034e+00
3.290058899986561869e+00
3.160457990128338945e+00
3.541347441262108209e+00
3.191728083146713857e+00
3.261575826908719389e+00
3.584469817774232681e+00
3.640504197845017220e+00
3.529958032373221588e+00
3.333401112010258682e+00
3.457281881926697054e+00
3.875599921510042289e+00
3.813840457281686636e+00
3.428528187858528309e+00
3.994591997527076721e+00
3.391093646704955500e+00
3.881234552393956427e+00
3.483575400096306840e+00
3.759988541335374190e+00
3.218386479802239908e+00
3.359913083437735537e+00
3.354654322709730074e+00
3.812377296133270033e+00
3.558034649289579132e+00
3.500765996355852838e+00
3.410642664423491510e+00
3.858157888650571188e+00
3.234445370674778886e+00
3.871419321105103339e+00
3.778909310254483067e+00
3.546249028822264560e+00
3.355033686935367854e+00
3.735105661284230827e+00
3.615550401604019637e+00
3.409055928963200977e+00
3.498009748641963679e+00
3.572785442204984285e+00
3.798365378301024720e+00
3.371725103257753542e+00
3.738065473838035224e+00
4.084819666154371198e+00
3.817571249232388553e+00
3.758028175349104494e+00
3.733801612813753223e+00
3.152694331227613667e+00
3.253908316936414469e+00
3.349372428056894169e+00
3.643727939380630776e+00
3.335343757655052421e+00
3.815397552564438133e+00
3.978229904036999276e+00
4.097750793597365160e+00
3.907178098138640809e+00
3.935257184788798490e+00
3.904077262676393989e+00
3.230041038774615902e+00
3.599769405712195169e+00
3.734078941495566184e+00
3.774411310928635910e+00
3.563604158198051319e+00
3.699559520298943749e+00
3.871458547215169244e+00
3.618683653600244465e+00
4.372645916251070020e+00
3.558193871707527656e+00
3.567721019538969252e+00
3.470193919383361969e+00
3.729095836867370117e+00
3.671536283413213475e+00
3.470874795504879984e+00
3.555429079537918202e+00
3.462803834869542907e+00
3.555365471658698873e+00
3.981690583952310902e+00
3.691943576077255873e+00
3.205333875250727882e+00
3.708013847342511049e+00
3.404276407081652689e+00
3.641491209907468996e+00
3.520274781355214877e+00
3.934235192339404552e+00
3.665135685318113179e+00
3.444334406506040391e+00
3.503294999067357196e+00
3.546419400785731924e+00
3.795759981347342382e+00
3.745289386688996913e+00
3.728297703022956711e+00
3.475279908846588661e+00
4.109865773943329970e+00
3.810468721831683503e+00
4.055233534129353501e+00
3.441892538747178598e+00
3.724378106910777753e+00
3.223044343855150817e+00
3.326491029285748358e+00
3.373380369523767630e+00
4.106002106571677857e+00
3.579717369394922244e+00
3.998352588328149437e+00
4.089375496418871769e+00
3.559246025429427807e+00
4.249755879478154696e+00
3.072334142014209402e+00
3.738658143104050424e+00
3.737449572212100168e+00
3.670559700578523543e+00
3.987990450980533286e+00
3.293055352822615411e+00
3.264287096972710245e+00
3.759455774435228825e+00
3.535403873924578999e+00
3.188184042440826094e+00
3.703467408349060186e+00
3.574178872006648522e+00
3.415025307627085560e+00
3.529477611018941641e+00
3.611611860613738845e+00
3.665711905597308196e+00
3.448658178238367622e+00
4.050815415813311837e+00
3.320523870543962808e+00
3.901028281160367595e+00
3.502945075509952044e+00
3.199678821092549530e+00
3.332617603757238367e+00
4.240879917731147586e+00
3.155653222409075642e+00
3.650673825048930343e+00
3.391619569661985523e+00
4.320005346982530803e+00
3.390950303667035204e+00
4.064342101678198205e+00
3.221030145342448137e+00
3.840850633356875488e+00
3.802400629901785400e+00
3.489085883118291598e+00
3.460263141870308701e+00
3.662878490253225650e+00
3.502682858327761384e+00
3.997762109644667383e+00
3.786248309827819902e+00
3.498372960164072509e+00
3.562969667247352756e+00
4.379601232691699764e+00
3.816430459597731417e+00
3.420567618518445485e+00
3.737917977628661959e+00
3.214564454268394655e+00
3.662686461836995200e+00
4.034033150703440818e+00
3.630789674656009325e+00
3.297053658013183064e+00
3.467599041116235625e+00
3.419179952010889867e+00
4.609454886053438116e+00
3.673494472181563442e+00
3.499861193749312704e+00
3.856171707935112103e+00
3.908985747115441445e+00
4.515557876436709250e+00
3.467082467410259827e+00
3.329341891349061555e+00
3.770054071836226761e+00
3.593435735147438859e+00
3.700778991316885591e+00
3.363826008119092936e+00
3.792978846707756979e+00
3.380207092851239992e+00
3.460871630592411652e+00
3.399491104139885422e+00
3.934723213282962373e+00
4.171789593991053202e+00
3.589949863539765751e+00
3.447344674299481770e+00
3.476237024194907210e+00
3.395948158634019887e+00
3.232232251297345815e+00
3.979646058324539659e+00
3.654438727437173018e+00
3.790233084513523920e+00
3.733048177936987511e+00
3.716308147512644933e+00
3.508955766600481585e+00
3.723141922986927810e+00
4.080578959696143038e+00
3.815863670278110131e+00
3.579527412189452917e+00
3.209191468849581508e+00
3.454032702935015298e+00
3.776814591795788711e+00
3.753232213464810396e+00
3.406333905242319382e+00
3.413688141480254234e+00
3.420093017116147216e+00
3.389679879570715038e+00
3.305851535214191728e+00
3.966775116460313999e+00
3.508639104116986207e+00
3.874102966149452154e+00
3.961111725697852304e+00
3.850397569133845455e+00
3.667737183121863698e+00
3.740034266392833207e+00
3.867110504838795482e+00
3.392558253485707276e+00
3.043888895188950450e+00
3.691120117645824372e+00
3.685720818353788175e+00
3.887253676446073225e+00
3.417966656587420271e+00
3.610902015270807563e+00
4.023687032432946786e+00
3.261164030076292519e+00
3.580163174469381815e+00
3.022926514276504939e+00
3.741165564961583812e+00
3.849367959529212957e+00
3.446694504333060571e+00
3.847254416525207166e+00
3.465646809936229644e+00
3.915896003282842486e+00
3.695263530933790896e+00
3.405838435575508694e+00
4.035976908468417612e+00
3.117034061473698880e+00
3.855579154765468086e+00
3.330984339833980457e+00
3.619804823936045857e+00
3.371319204653741686e+00
3.749361802746939087e+00
3.597215197831887146e+00
3.702400920788756711e+00
3.731899327422164792e+00
3.356789858489367617e+00
3.761106424731517350e+00
3.872466556564892137e+00
3.501539062069032759e+00
3.823125475372853188e+00
4.091096620834551167e+00
3.479039237199739176e+00
3.678846858392274655e+00
3.534524626117101942e+00
3.069317621078759384e+00
3.689484499717003096e+00
4.167551801480746221e+00
3.559197676400092103e+00
3.675880640128005972e+00
3.226641009991673137e+00
3.703674999063025552e+00
3.597270281766699274e+00
3.630322212180916441e+00
3.631305755253542600e+00
4.271935327635000057e+00
4.001840244214582398e+00
3.371065483054191070e+00
3.275805325299843584e+00
3.649585536856164492e+00
3.216793360173973770e+00
4.282678447917884768e+00
3.743353077149145225e+00
3.658149083181009509e+00
3.924901477299736374e+00
3.456258268372094822e+00
3.229265509449905203e+00
3.179738213165361760e+00
3.217695884459890632e+00
3.386048832914198226e+00
3.616957950358631990e+00
3.364670817854392482e+00
3.366950579332333326e+00
3.903578324585661896e+00
3.555574915244394951e+00
3.459273434995258523e+00
3.403638147119870894e+00
3.462259176662675575e+00
4.280420029790812819e+00
3.823144349753463178e+00
3.975736069275638496e+00
3.615574837946740949e+00
3.528272884127010123e+00
3.535586957567483868e+00
3.305249130529635426e+00
3.745804610431166193e+00
3.410238840249058878e+00
4.663007878315059251e+00
3.498193097893194548e+00
3.669260838445778994e+00
3.925491063043756945e+00
4.023090193949157012e+00
3.241075434510696240e+00
3.507803508038339402e+00
3.654888127710983703e+00
3.470798379399448574e+00
3.808197374339159058e+00
3.533140384880655738e+00
3.523653523486364847e+00
3.981799265680727729e+00
3.676149975072333209e+00
3.662856394384300884e+00
3.490143495595545708e+00
3.217035746331078361e+00
3.249120805790528532e+00
3.870357976104183528e+00
3.781873077665155680e+00
3.499857238128441850e+00
3.402040584920740240e+00
3.302629575034929044e+00
3.677917382619772635e+00
3.890516943367599900e+00
3.679055647522445405e+00
3.403806027516040444e+00
4.249271005008183444e+00
3.174317962494729972e+00
3.470685582907389488e+00
3.534995081201446343e+00
3.444783666097308572e+00
3.504649983857157203e+00
3.528082371194463995e+00
3.787933993161467505e+00
3.517424682493679899e+00
3.330888572965606365e+00
3.361121966528047178e+00
3.641463897966222163e+00
3.924264810997798669e+00
3.805859341654679540e+00
3.629214135108333572e+00
3.657417117935572559e+00
3.737737207269256512e+00
3.932885584016843072e+00
3.390279265903313632e+00
3.942703861452596215e+00
3.690651704703562963e+00
4.231757048180632808e+00
4.180480244888110875e+00
3.549532459379099780e+00
4.161643095479045762e+00
3.781496377075540760e+00
3.700273713548501764e+00
2.873690182167747853e+00
3.445673054870877827e+00
2.986489815505711576e+00
3.551955210797994145e+00
3.714052965479480939e+00
3.563344282818431186e+00
3.172032721241290876e+00
3.305877377445368026e+00
3.560098460189059288e+00
3.636463037386784780e+00
4.132449079223633248e+00
3.188803083710475050e+00
4.030526100017483238e+00
4.031743854392973780e+00
3.529484146798214095e+00
3.625294156790373812e+00
3.843739128978335362e+00
3.615277101195346621e+00
3.859446025837064198e+00
4.157794758405801261e+00
3.574712388727539381e+00
3.777460756339424020e+00
3.495990526509948015e+00
3.521544076398730017e+00
4.202885526489472667e+00
3.463408573416817848e+00
3.774138533550493779e+00
3.278967051069593630e+00
4.287669023173200422e+00
3.739806177599751535e+00
4.144140086277769086e+00
3.998916531823283993e+00
3.690807258659708712e+00
3.406804132203646862e+00
3.356221136880631839e+00
3.723534911368381994e+00
3.854992341050810456e+00
3.496639106197423796e+00
4.089117643193399765e+00
3.443978586043218826e+00
3.762760147338806149e+00
3.391526215896713659e+00
3.417358231170127159e+00
3.283411609905985795e+00
3.062762928720061062e+00
3.512360177503900172e+00
3.604187760014292863e+00
3.775238972460950748e+00
3.791245806390545869e+00
4.018995921649811898e+00
3.435118439081970898e+00
3.701803333590496070e+00
3.597989699487207815e+00
3.537133706894210583e+00
3.449498186036976222e+00
4.121520353028066630e+00
3.882136721211283614e+00
3.400206341095870943e+00
3.268725911471034529e+00
3.359327442534786989e+00
3.554234301082395131e+00
3.643888430702987957e+00
3.581682781399700755e+00
3.571659652745859503e+00
3.916500385393475447e+00
3.164047562485768683e+00
3.180805332148724851e+00
4.036297546121485169e+00
3.412860879085089394e+00
3.377701340057213120e+00
3.400143616305475014e+00
3.757531283234549768e+00
3.685882259898909385e+00
3.873038481349354356e+00
3.488231960008848720e+00
3.606026773209576319e+00
3.665191351077519144e+00
3.647847832132323109e+00
3.622910739308974115e+00
3.772243411212134578e+00
3.440338692248417818e+00
3.419118571716201593e+00
3.605821519702013589e+00
3.570906232262242685e+00
3.530531419701805618e+00
3.911389354270824903e+00
3.446813149582830249e+00
3.873220633843458494e+00
3.757727194408247318e+00
3.273490424799112120e+00
3.482610315762425302e+00
3.471723370961242949e+00
3.367987914574253505e+00
4.057178906029438537e+00
3.428486844093238783e+00
3.553531299888927908e+00
3.836700707478145844e+00
3.113285045438934251e+00
3.402926730149938184e+00
4.362351828556469080e+00
3.645293007332932156e+00
3.236322611340856970e+00
3.458735421882580319e+00
3.863048805575507227e+00
3.589885787927244998e+00
4.348113256380609748e+00
3.423210266768839549e+00
3.578778250938668748e+00
4.140120613012666873e+00
3.760691930937969385e+00
3.559235236676760561e+00
3.568526810466631449e+00
3.493575136027459838e+00
3.540198869348718080e+00
3.558242236129832037e+00
3.623759555642506847e+00
3.981797054593085416e+00
3.234302836372469070e+00
3.495732686886625640e+00
3.399704292314890353e+00
3.327122302686468913e+00
4.181090529919798904e+00
3.458240712261245964e+00
3.702546985576545158e+00
3.947513437266244374e+00
3.929569480920721780e+00
4.020312885162877770e+00
3.248408024941948469e+00
3.639839194881596018e+00
3.575045075405504758e+00
3.580532985767866272e+00
3.428714052469846951e+00
3.456666899556213313e+00
3.957275590731365256e+00
3.449259951339201713e+00
4.117714451964378242e+00
3.558068564884121709e+00
3.674995974374513530e+00
4.248162269437913530e+00
3.908486264173177904e+00
3.545403446901172817e+00
4.251270324244280197e+00
4.323722538395395887e+00
3.610193079840120500e+00
3.345949249187711860e+00
3.545411984441236619e+00
3.326551641263721937e+00
3.420719340526877872e+00
3.506555701528363933e+00
3.816670580529728962e+00
3.226389595257642018e+00
3.502067108922353178e+00
3.820370008815405782e+00
3.413927464729191286e+00
3.293746651335780040e+00
4.127342508040611868e+00
3.302984760145864840e+00
3.977031555656006301e+00
3.662601569666529944e+00
3.383698098571444657e+00
3.914093196739896197e+00
3.460067698091750632e+00
3.464056533117619185e+00
3.405910010349149530e+00
3.668433878099916168e+00
4.023465039099362706e+00
3.605076438873100919e+00
3.810147316606736112e+00
3.400326789674403827e+00
3.614052701148835922e+00
4.016983959215544964e+00
3.480076146925488167e+00
3.674240804717510578e+00
4.026658596792889178e+00
3.447978119235073802e+00
3.612699026674643932e+00
3.543506494889161473e+00
3.604499650488502738e+00
3.932063889046166771e+00
4.205154244013791676e+00
3.601477629106327960e+00
3.816785071489562586e+00
3.983642380198456401e+00
3.546455841761441796e+00
3.647653028113794882e+00
3.457775279642583577e+00
3.298169445615452222e+00
3.721891398173208909e+00
3.865736336363418069e+00
3.440310223121246569e+00
3.793554874596066995e+00
3.647507771958210743e+00
3.645011182433588459e+00
3.687401657958050638e+00
3.392332637736636958e+00
3.631966726578310656e+00
3.022908307650281845e+00
3.962595641092844456e+00
4.080126656235965932e+00
3.197374859784274825e+00
3.605132103797613841e+00
3.441178224940364405e+00
3.678382856893166686e+00
3.106294046540100329e+00
3.481494687422773460e+00
3.923344479252552475e+00
3.739045988497298634e+00
4.064811036055049343e+00
3.393701561287532975e+00
3.681428685919773791e+00
3.259689915055639098e+00
3.089247803660656988e+00
3.462526554019114577e+00
3.414967435461922385e+00
3.411212257336096343e+00
3.480120693964964040e+00
3.311300280176046495e+00
3.493569481263400611e+00
4.084874609176880611e+00
3.239252376620953111e+00
3.808807449119640864e+00
3.557074272638401258e+00
3.656150016066102904e+00
3.388145955764584105e+00
3.439329730667025853e+00
3.567486292197479258e+00
3.689830208445000981e+00
3.277540984375103328e+00
3.320160544822025273e+00
3.699200094262924843e+00
4.247001986490205105e+00
3.641145692159828418e+00
3.641276125533577712e+00
3.753217744078764628e+00
3.505661044000690119e+00
4.419981749646655800e+00
3.853171990082840725e+00
3.575287500412260400e+00
3.737369472240474888e+00
3.550338860295565002e+00
3.393957021712340261e+00
3.935129597915799415e+00
3.543743107551302618e+00
4.265034800964292216e+00
3.733144925881988652e+00
3.689154643039807002e+00
4.080885903655798508e+00
3.917043994739722201e+00
3.800461908675805134e+00
3.287957775756822354e+00
3.514529651452099834e+00
3.382283122003991949e+00
3.815479908856291402e+00
3.637423553506497598e+00
3.773329669830262301e+00
3.394865614980798973e+00
3.753797112137943426e+00
3.790680511524156859e+00
3.601581864281246492e+00
3.396739972535824048e+00
3.691133262743458765e+00
3.819969607127310152e+00
3.901170830769574938e+00
4.013215437538788066e+00
3.697603211432917369e+00
3.455901522671354531e+00
3.978723080950432145e+00
3.573761386616780555e+00
3.523235201488366997e+00
3.605242758242357404e+00
3.996865357326207846e+00
3.545601155628686385e+00
3.160041118041975849e+00
3.325494575578309853e+00
3.794202319130364209e+00
3.555178489277441400e+00
3.491406364322791944e+00
3.612581956130527239e+00
3.499863807584747910e+00
3.711720382059111589e+00
3.579946694964307508e+00
3.844202574769438829e+00
3.942355206149043667e+00
3.477897634070794108e+00
3.605389176634985926e+00
3.262347263872386272e+00
3.740907019633022301e+00
3.469967652699728955e+00
2.797547160203628369e+00
3.813706414078978035e+00
3.635740875636412017e+00
3.729191929063758071e+00
4.063400440204308239e+00
3.766133573138020108e+00
4.019271439450787575e+00
3.226965947462472339e+00
3.729921236065137702e+00
3.560077507245212658e+00
3.836448163811882139e+00
3.847995891209740726e+00
4.722152739511490616e+00
3.701279189061941644e+00
3.562082736727673282e+00
3.629402548893107650e+00
3.450679943135913419e+00
3.736766672655594590e+00
3.442433740094006378e+00
3.691304031206659619e+00
3.174043212323659269e+00
3.504147014528903092e+00
3.722066226463483840e+00
4.024711262278962032e+00
3.309479444951451743e+00
3.927121453521928540e+00
3.232798681691278375e+00
3.590647440737320562e+00
3.600437687347842974e+00
3.760032247924142368e+00
3.689546612297429196e+00
3.506180607895318602e+00
3.471061680617021583e+00
3.469519156893958289e+00
3.282201360160770687e+00
3.524474925352295784e+00
3.206671669120282342e+00
3.723158941776297581e+00
3.404236780357076775e+00
3.546655589070794701e+00
3.924559466788619666e+00
3.728834472585050186e+00
3.475921229695050130e+00
3.538939271592427271e+00
3.468635318779534682e+00
3.597509703777590939e+00
3.831163685653669937e+00
3.814720412363593383e+00
3.483929533113200527e+00
3.811316640999133032e+00
3.673452133793375651e+00
4.054407064075451039e+00
3.494741469540854073e+00
3.433973659697451719e+00
3.460632119304206000e+00
4.096754361558867075e+00
3.701073858349992918e+00
3.645101694185983288e+00
3.729507970976417841e+00
3.431936804852022682e+00
3.986897853595241514e+00
3.575756420876457842e+00
3.227016967575213613e+00
3.176947953719392537e+00
3.832760455040855607e+00
3.178606088310177658e+00
3.667622411597363907e+00
3.939581275341633049e+00
4.244559694167587161e+00
3.600160438476795122e+00
3.599093159123903263e+00
3.558927530718767773e+00
3.348269645579184939e+00
4.187232493464928318e+00
3.568138782582185087e+00
4.424519274842766414e+00
3.538634063042783051e+00
