3.843864464548828153e+01
8.984828032494601047e+00
5.172811478263142249e+00
3.934713143176351569e+00
4.132420681282041208e+00
3.816224309844336471e+00
3.909078720010903840e+00
3.967053630290893196e+00
3.781905138926769716e+00
3.817281754763513835e+00
3.925130247402534245e+00
3.866829022226164092e+00
3.856327562742906778e+00
3.795898127307526959e+00
3.891962855366990492e+00
3.918176551215885262e+00
3.979225637670220639e+00
3.925680424998001516e+00
4.209560573832809460e+00
3.842175161108461356e+00
4.188633114014390202e+00
3.843375084065078440e+00
3.939901741244749012e+00
3.852929124093921853e+00
3.952538925539996306e+00
3.999046535352806853e+00
3.926698350302766372e+00
3.719182674002264655e+00
3.915439482437235164e+00
3.959667315519170838e+00
3.760949899230813465e+00
3.864864434446524388e+00
3.780653137059653446e+00
3.891400106111079893e+00
4.161893889490378307e+00
4.094336503437083330e+00
4.077073714057406484e+00
4.162183036415497028e+00
3.989869788451958499e+00
3.950640041569217775e+00
4.010394261631372359e+00
3.842835386148737875e+00
3.711752649710132523e+00
3.918687740098582228e+00
3.829679643373307574e+00
3.746772655395917972e+00
3.896269815040507289e+00
3.764506647047922705e+00
3.898461089569329907e+00
4.067035570966869074e+00
4.066544565245283849e+00
3.727313849971241488e+00
4.100201528597482437e+00
4.174112264509102665e+00
4.062793337857648623e+00
3.882533587726873403e+00
4.059506360324758312e+00
3.840792202515639797e+00
3.890197283586969146e+00
3.834402588695660530e+00
3.889135233419810600e+00
3.924752680525299020e+00
3.845161658724601139e+00
3.919542940565260203e+00
3.922811100276765828e+00
3.856641492228475077e+00
4.209333463478440507e+00
3.853823378777690323e+00
3.868526587826553342e+00
4.029612775007747949e+00
3.813295817167788648e+00
4.056544755668136659e+00
3.786194308669878161e+00
3.964421581613176038e+00
3.949115593320887463e+00
3.784278227977804665e+00
3.874603632026977884e+00
4.122787814133360484e+00
3.749161956064769097e+00
3.850862811784395934e+00
3.908359177700581721e+00
3.890428697439684225e+00
3.760293788562703465e+00
3.887286333780687109e+00
3.927110016047156371e+00
3.902933368928506397e+00
4.021450324887155148e+00
3.792881499234228571e+00
4.166944361101524663e+00
3.898466066765684079e+00
3.832594660668734665e+00
4.078406713058617683e+00
3.875087969727482484e+00
3.936860371931981017e+00
3.748025473099569904e+00
4.124940889672787492e+00
3.632261974589038989e+00
4.024921506420078288e+00
4.051636667113745816e+00
3.878888872843488489e+00
4.177279852758435830e+00
4.012483095764210361e+00
4.256434159337862511e+00
3.689048191021827350e+00
3.897743202447607747e+00
3.943875224658257572e+00
3.813802738962952077e+00
3.932360731067171766e+00
3.828321472011316562e+00
3.924748439101735098e+00
3.812875641696145124e+00
4.055961846902328638e+00
4.102322651882343685e+00
4.199207527177001964e+00
3.776368087145833385e+00
3.926145440549955623e+00
3.999443685133564852e+00
3.939158608164806896e+00
3.849372728931479859e+00
3.796986919218495071e+00
3.934924890741677395e+00
4.056699111123560186e+00
3.874165889408692998e+00
4.033429717454461993e+00
3.874405652323096305e+00
3.780170553925940258e+00
3.938987922974620748e+00
3.793808852585180524e+00
3.706740527873345847e+00
3.991509785694617118e+00
3.643350549819082129e+00
3.903023491272016088e+00
3.853792335982044737e+00
3.739835654288711897e+00
3.982371558144041757e+00
3.984911710249265937e+00
4.049257183031106599e+00
3.914760120592684078e+00
3.811372752383504814e+00
4.139152904320064330e+00
3.971618847246106920e+00
4.048747890592657939e+00
4.091940546287775149e+00
4.234899992583432748e+00
3.795266500813626376e+00
3.905311264289774709e+00
4.028970994913790626e+00
3.827744098425025943e+00
3.816597895790098782e+00
3.823660270795502303e+00
3.743943654976378266e+00
4.024782795630674315e+00
3.852748868592860809e+00
3.834783827879737483e+00
3.992878299603404457e+00
3.764199684186675832e+00
3.799327067308489791e+00
3.884707339560931949e+00
3.999356845268069005e+00
3.957576033035875351e+00
3.904794824924128438e+00
3.870779891154624064e+00
4.430840015662953491e+00
3.838482962918098540e+00
3.906320441446038405e+00
3.929618885807502959e+00
3.767147835973637005e+00
3.816400662276436151e+00
3.973184441451457882e+00
3.828090441835584112e+00
3.812677968340926427e+00
3.882985658559973796e+00
3.857794841873648295e+00
3.928907335390259714e+00
4.014111157159668153e+00
3.711237174367220781e+00
3.866214886114571314e+00
3.996720653214040464e+00
3.777855982073473839e+00
3.770520482535785867e+00
4.181155805217078303e+00
3.745864612057490550e+00
3.961449659038116966e+00
4.026299645559539009e+00
3.789980398037357201e+00
4.149107122181022511e+00
3.879072429294349256e+00
3.844292596905284576e+00
3.718544891465608515e+00
3.865853893908127059e+00
3.774981424652158690e+00
3.849872005551610687e+00
3.966308579412750834e+00
3.870248313612671964e+00
4.182876598131550772e+00
3.917735269698779277e+00
3.747122399588400654e+00
3.841362755445450805e+00
4.186694524219668700e+00
3.941293868640002085e+00
3.785753169091399251e+00
3.687104836215247428e+00
4.195935244861471958e+00
3.762216015109924427e+00
3.917584554535894270e+00
3.954223569093562318e+00
3.846383961305407162e+00
3.900860569985102000e+00
4.021692646621169764e+00
3.860893414498939080e+00
4.176192264471911386e+00
3.847759764012478545e+00
3.879606977997388739e+00
4.000565425010333520e+00
4.013321977648503847e+00
3.939716925209469700e+00
4.079435006466455071e+00
3.815914511283817756e+00
3.964069198480131284e+00
3.941827636967767834e+00
3.804206110396164409e+00
3.742712757763898335e+00
3.747628479473778196e+00
3.827548140499423379e+00
3.778092537164098541e+00
3.906937097508149215e+00
3.798121950004628378e+00
4.089002318901359345e+00
3.997916214312290606e+00
3.915595688018203901e+00
3.942676347712698703e+00
4.165563348618715800e+00
3.964804786699730244e+00
3.810937737840986550e+00
4.001382472134729973e+00
3.795682959091168929e+00
3.710525895360470283e+00
3.848445059110658484e+00
3.970264208694286978e+00
4.251673478146654972e+00
3.907472015125316389e+00
3.855482427602436868e+00
4.289896037391974559e+00
3.842618287663121190e+00
3.835664886463286738e+00
3.898167884418577422e+00
3.797704431693647464e+00
4.090349662044710399e+00
3.917701516781012749e+00
3.950059050064284705e+00
4.050588808421351494e+00
3.751675751037538475e+00
3.824818161438378272e+00
3.813164489005895774e+00
3.808496770582278312e+00
3.930125697309002408e+00
3.957171263299390507e+00
3.806867126938401569e+00
3.828618075715584546e+00
4.051733807361436845e+00
3.993761334948815467e+00
3.968538915152777680e+00
3.737360132123670464e+00
3.938359999413024504e+00
4.228211225843354626e+00
3.682631095280707978e+00
3.937206945147576853e+00
4.054526579117665896e+00
3.888490074740726499e+00
3.756225908463274532e+00
4.022520532648885094e+00
3.979178342733396434e+00
3.884041333830504428e+00
3.853752160367573953e+00
3.607706077791843935e+00
3.894434394049141712e+00
4.214821444994850452e+00
3.952956891879819246e+00
3.883089423544845431e+00
3.834488859981340259e+00
3.947448814119391969e+00
4.123247033697386321e+00
4.051787351496909828e+00
3.664978652810998661e+00
4.085319761734136357e+00
4.033297552750488180e+00
4.005843940617803689e+00
3.831928654805691004e+00
3.823372510975285188e+00
3.959257399263758970e+00
4.119933732141599414e+00
4.007476681567907484e+00
4.094947912117484101e+00
4.100860153348572901e+00
3.887812095991704631e+00
3.843171645604295250e+00
3.962262653651373423e+00
3.918453926111831187e+00
3.821989223542568315e+00
4.022985941818682853e+00
3.831321445966038297e+00
3.903124912346074726e+00
3.948575067565347041e+00
4.103251216812906499e+00
3.937141197643174273e+00
3.750421324620813124e+00
3.992643802807620546e+00
4.003069893373154997e+00
3.856015019966846147e+00
3.937852387196045800e+00
4.047399322977163649e+00
3.732942989177234328e+00
3.898883205803838070e+00
3.829791891359020095e+00
3.857706943155422952e+00
3.890416012250827560e+00
3.842008521803237375e+00
3.963290144594495246e+00
3.873289958489785967e+00
4.057229429243953689e+00
3.902127949027752951e+00
3.910815788282624439e+00
4.057184814551083818e+00
3.906409940806661485e+00
3.861820473274905741e+00
3.692339170284193450e+00
3.725987259224000425e+00
3.895704233682027340e+00
4.013243558077993711e+00
4.036514596589431569e+00
3.765851773004767367e+00
3.884955041773137552e+00
3.765160429103830531e+00
3.768345917128017586e+00
3.998003123020831939e+00
3.912318195821024691e+00
4.124209831794702019e+00
3.791680137207116719e+00
3.779088965949163104e+00
3.827430147266992932e+00
3.673603879548600570e+00
3.698421372063907420e+00
3.706641231765005262e+00
4.407551246833534719e+00
3.776005299891520117e+00
3.757973715059152564e+00
3.902509181664552962e+00
3.887815699109230305e+00
3.919359793661715052e+00
3.827966185154462408e+00
3.982587697323654918e+00
3.944818724351781825e+00
3.770918621374545587e+00
3.945294941018125279e+00
4.055660347014256928e+00
4.101818966172681158e+00
4.198728007779877203e+00
3.998234867429343531e+00
4.073699033306935391e+00
3.953917672248294934e+00
3.804876551574992050e+00
4.082197991102394674e+00
3.797110167498552347e+00
3.758153545147226104e+00
3.952732834986753208e+00
3.884861752142286129e+00
3.878453866181427845e+00
3.822946245593713321e+00
4.151404083285413549e+00
4.034525150183032594e+00
3.985660514687519917e+00
4.233659126386740468e+00
3.989473151052536970e+00
3.830386558840835232e+00
3.809326356536805402e+00
3.776789152839052921e+00
3.827015219657670997e+00
3.930528355999895140e+00
3.802994251893408340e+00
3.790876527356450421e+00
3.764425531886804954e+00
3.776206874059865104e+00
4.108894612343618746e+00
3.807810063112206933e+00
3.829447070087323546e+00
3.935040625939812742e+00
3.789813481240801085e+00
4.120316729690022051e+00
3.664769629530691297e+00
3.952062029478708993e+00
3.981067211212601986e+00
3.914159280976650113e+00
3.877460413690232865e+00
3.867313421597558420e+00
3.831753942679121838e+00
4.010112714728689909e+00
3.869797615968687321e+00
3.898234061483834001e+00
3.939601864023444477e+00
4.163292623024019257e+00
4.020820711337358411e+00
4.339750679110087717e+00
3.768487856516752110e+00
3.768810372207592962e+00
3.910554387676100419e+00
3.835287142968095697e+00
3.918263340092378755e+00
3.985672355150240431e+00
4.261833235238464468e+00
4.048012969533413496e+00
3.946083431998048674e+00
3.875722798414562575e+00
4.099798491041515724e+00
4.053917294368293511e+00
3.838067641786307327e+00
3.830514155142422883e+00
3.748624839009536469e+00
3.762758414236395232e+00
4.021163978867994260e+00
3.775327318710441027e+00
3.866509179598770718e+00
3.884264299621773109e+00
3.882708214644458256e+00
3.995795474522392254e+00
3.966689261318292914e+00
3.768847362284445612e+00
4.049907146906500444e+00
4.056845769847090111e+00
3.837795896499194725e+00
3.782081430249057519e+00
3.888109013376582546e+00
3.810468674735647099e+00
3.914016958031242943e+00
4.036491347668722973e+00
3.796707902556683223e+00
3.880268595853252123e+00
3.973461170117335239e+00
3.877610832270577568e+00
3.939041069396236328e+00
3.852420036101731338e+00
3.966446401793462861e+00
3.968238375849293842e+00
3.974328675608146177e+00
3.790834854306187829e+00
3.942422739519869435e+00
3.906390181177089804e+00
3.901747883649494320e+00
4.060889158916211272e+00
3.847762759380558784e+00
4.068756786289492666e+00
4.112222167012639318e+00
3.830825636445518878e+00
3.802003615424468741e+00
3.784651141055865420e+00
3.912024897698989534e+00
3.900608185598117839e+00
3.738597889033506316e+00
3.793863420507854745e+00
3.777757085526479042e+00
3.788647987751733393e+00
3.560538637143745078e+00
3.922574514617380270e+00
3.775078963152890488e+00
3.713112474341975666e+00
3.938090707268836699e+00
3.797727679897335396e+00
3.821712588601400729e+00
3.845361158439132065e+00
4.078698086045935867e+00
3.713978387907678869e+00
3.946499875491650489e+00
3.821678902887132967e+00
3.826610775030645950e+00
4.012894796545611875e+00
3.921324454578762442e+00
3.963610632061463246e+00
3.970726637609179654e+00
3.958793034855070836e+00
3.951194458259577491e+00
4.069678875793855788e+00
3.924266824707123735e+00
3.942312431474705114e+00
3.865664439620606352e+00
3.951874381541063741e+00
3.904811291373703419e+00
4.139719748816036216e+00
4.099072218276504920e+00
3.760253792557024521e+00
3.932745031232070421e+00
3.772594902283260776e+00
3.923829550167252656e+00
4.090379530095838767e+00
3.874969826970989129e+00
3.748282884107367430e+00
3.943726168673137966e+00
3.689394673380010925e+00
3.879996010846614052e+00
3.884888566397834087e+00
3.944193664098854413e+00
3.832565390711064612e+00
3.785306020963155493e+00
3.801569689665325047e+00
4.016762037831904664e+00
4.085168586210812691e+00
4.104113313658181994e+00
3.914676087727113618e+00
3.882056672878021697e+00
3.741263860259272711e+00
4.174644679293128213e+00
3.893335073397958812e+00
3.722843949873274827e+00
3.835131599088824395e+00
4.120973023210172670e+00
4.004469845203955991e+00
3.743587166311384884e+00
4.029777534820922824e+00
4.029427453667609349e+00
3.871662562497323545e+00
3.752314158478597950e+00
3.738806064954335540e+00
3.829998024484095431e+00
3.958929209166898833e+00
3.897913948248286076e+00
3.759191396518113404e+00
3.856444216989289409e+00
3.837912898383117000e+00
4.161441816982447861e+00
4.002535001312927498e+00
3.835963517224787900e+00
3.771534597283620727e+00
3.908196696140853632e+00
3.919868108472202461e+00
4.049393672265408917e+00
3.887143720253492418e+00
3.970776548935976091e+00
3.824001166720025324e+00
3.724326675955778043e+00
3.968794965224406113e+00
3.899086240592531727e+00
3.831371134676402779e+00
3.969273219195107227e+00
3.800728697140394186e+00
4.035568307752248174e+00
3.965925847267852244e+00
3.905405134666723566e+00
3.755199250843069603e+00
3.980819321490524754e+00
4.077578249353853934e+00
3.720648420457862038e+00
4.051289672789899932e+00
3.896736539307185776e+00
4.106420935568129593e+00
3.860310033676503050e+00
3.784783622643910217e+00
4.111471793811642961e+00
3.871739992502694960e+00
3.818283363799312102e+00
4.083651493214280670e+00
3.849060116814731369e+00
3.830280329342862444e+00
3.920258473043608749e+00
3.871656465746575293e+00
3.927272551957156299e+00
3.989950349010744635e+00
4.071926452749374370e+00
3.885829718177440384e+00
4.051858794097692673e+00
3.861682279633232628e+00
3.918739128953597550e+00
3.979480722174695284e+00
3.818574413556003133e+00
3.796287029287703341e+00
3.833230533533012796e+00
3.742878495596219324e+00
3.972290058944650148e+00
3.907105880070063542e+00
3.975025359802861313e+00
3.875235513559124989e+00
3.856320500573895416e+00
3.940879773262157215e+00
3.898528847369503669e+00
4.176536031117563219e+00
3.964108812530660941e+00
3.842190987543350200e+00
3.889593607946128184e+00
3.960378589107809599e+00
3.871479204553790687e+00
3.889014915486837420e+00
3.822103841949981096e+00
3.810423651103114651e+00
3.821850874135273024e+00
3.842731632970772804e+00
4.102556529528584406e+00
3.915672010063992126e+00
4.020398879024683403e+00
4.053503891814779436e+00
3.841131675084416219e+00
3.948704577443946206e+00
3.786911019651806765e+00
4.120044531903802820e+00
4.059678949681888582e+00
3.961639293233957471e+00
3.796506948652687896e+00
4.011945712602819292e+00
3.808790322667733985e+00
3.857951033886944714e+00
3.837829311204484117e+00
3.754146732687563048e+00
3.971283849753716844e+00
3.867551008712432736e+00
3.904436338487895508e+00
4.020288344197284758e+00
3.989943851195947744e+00
3.861122694310711978e+00
4.011492080213336919e+00
3.631608886376042289e+00
3.966924515683744268e+00
3.919598303043291043e+00
4.392631389319528346e+00
3.938079165145526694e+00
4.017580532110409663e+00
3.850526002387819613e+00
3.857100358498852799e+00
3.967885718248434834e+00
3.965643319752800711e+00
3.929643781767128363e+00
3.907117784653802328e+00
4.100381870881045110e+00
3.976727530091023421e+00
3.880157011295434888e+00
4.094516419267351104e+00
3.916551631275320577e+00
4.312975190876457532e+00
4.033079619728712650e+00
4.279781296633528243e+00
3.780862584274241822e+00
3.889917934631415442e+00
3.785447968154356246e+00
3.863711605090217382e+00
3.773083089328511885e+00
3.830589840046375816e+00
3.927254529420947993e+00
3.939983478857163490e+00
3.826492353780311273e+00
3.765740241731509563e+00
4.031154158438731372e+00
3.912849341204475362e+00
3.873815150600258495e+00
3.987146319747540524e+00
3.921850173289477048e+00
3.870983085876477769e+00
3.971327095470347679e+00
3.963918057336731859e+00
3.966421261955590971e+00
3.849417056578070095e+00
3.991217773014899439e+00
3.915264311964022248e+00
3.933960316459959916e+00
3.858061716356240733e+00
4.086415147980961393e+00
4.102392801826240998e+00
3.922073643063201054e+00
4.169390984755021456e+00
3.858640530313312667e+00
3.752065565322162399e+00
3.971499956795799591e+00
4.042047298879292150e+00
4.362367376851057799e+00
3.788785450348971295e+00
3.827501909967105487e+00
3.680099033628344340e+00
4.150513285334399782e+00
3.930972315187498012e+00
4.020380168616879857e+00
4.026499126674766948e+00
3.696540612796172187e+00
4.041335100285273541e+00
3.864670452385087440e+00
4.031786272562116302e+00
3.798455912311947902e+00
3.939772823114001454e+00
3.980164008912042473e+00
3.969121700014282883e+00
3.846129088589866907e+00
3.860048156533349317e+00
3.947741921117353670e+00
3.971022949226556076e+00
3.847533347037189522e+00
3.867714950079462533e+00
4.007745387896394895e+00
3.837669991113360712e+00
3.762010245273392339e+00
3.968342950487556031e+00
3.928617516984255431e+00
3.973202247633712769e+00
4.202823075190334379e+00
4.172583289611861090e+00
3.802759481791429419e+00
4.096008404883573206e+00
4.002226151379669083e+00
3.771929161696799593e+00
3.927146569968379630e+00
3.748664369795695173e+00
3.764478632357586285e+00
4.109812392996645691e+00
3.938014966744167289e+00
3.908433208217187982e+00
4.186041026866741177e+00
4.159689117421002891e+00
3.772233750359123228e+00
3.971199187075902248e+00
3.935607145527934225e+00
3.715564985454799185e+00
3.758278650941943688e+00
3.919230354694460239e+00
3.805423829473204123e+00
3.977593719784290549e+00
3.862958817911294140e+00
3.759165730863607280e+00
3.830812968681231112e+00
3.991103582417133033e+00
4.016557668515384982e+00
4.062405626162042260e+00
4.001557486899207206e+00
3.852868435676898073e+00
3.895973463707654627e+00
3.856283504335399570e+00
3.716907177903371551e+00
3.789577015338789767e+00
3.919663466251149142e+00
3.987374567304291073e+00
3.920012684533697556e+00
4.013981088635372174e+00
3.802253861096318133e+00
3.999988229338065082e+00
3.888343399603010120e+00
3.928259016192849451e+00
3.825301998305024931e+00
3.992936701562040724e+00
3.945038365011845016e+00
4.017623076019764206e+00
4.023102035988444847e+00
4.037580216820687795e+00
4.010025758292628417e+00
3.735083187512362901e+00
3.885789223179033414e+00
3.793740541870132876e+00
3.843995304423702297e+00
3.973003890835981711e+00
3.860438683417069861e+00
3.915980481588233086e+00
4.007120939511193747e+00
3.841756055839442130e+00
3.884003393654674952e+00
3.934801901236109511e+00
4.218174905733216740e+00
3.786530065826084979e+00
4.055680520605881689e+00
3.825646866823400494e+00
3.891007125821075885e+00
3.911904362363220589e+00
4.007578828441192620e+00
3.848739454716282538e+00
4.011436782965561498e+00
4.079903131223480806e+00
3.785532511785948184e+00
3.739793412989695032e+00
3.968644735386078093e+00
3.928538875412447506e+00
4.035662991819460643e+00
3.801806814146446278e+00
4.101774005593376238e+00
3.724603721381535504e+00
3.811440089689142496e+00
3.824621066813779890e+00
3.766520977602019205e+00
3.772481453199098667e+00
3.899976670004081214e+00
3.796022867582574900e+00
3.891202959829079155e+00
3.883684513090627011e+00
3.772861315514290936e+00
4.166763081873862795e+00
3.818958253509251666e+00
4.003592896314648542e+00
3.674807731281199530e+00
3.970441495600910642e+00
4.081487430613660372e+00
3.771819279315079765e+00
3.898667502601186996e+00
3.940063064619281796e+00
3.830815951317577461e+00
3.790140132287301622e+00
4.018876130617528020e+00
4.097072614669488466e+00
3.947160376109493996e+00
3.941018697596962106e+00
3.788395686436143439e+00
4.057897671770017034e+00
4.003693851255527569e+00
3.824947005248165777e+00
4.006624784357903479e+00
3.840694131174981152e+00
3.784539189188887320e+00
3.942093515251198443e+00
3.880033637348928366e+00
3.999559520237774279e+00
3.945162934381184261e+00
3.884368388917965653e+00
3.952466003497352443e+00
3.925603596879351009e+00
4.036197782490548391e+00
3.909020211720257265e+00
4.120119445092934818e+00
4.219673716270667896e+00
3.852853674515824611e+00
3.825189269121166191e+00
4.057365456014377258e+00
3.853599608842058544e+00
3.775428438854683932e+00
4.035390666359535139e+00
4.313682353705393879e+00
3.882423693427949907e+00
3.910308366690923076e+00
4.090133295643800793e+00
3.880844861904748644e+00
4.051956461092285799e+00
3.995677285265338607e+00
3.901992023241525942e+00
3.853038444086332781e+00
3.966607286075894301e+00
4.168954992788034275e+00
4.037378410944455709e+00
3.931819737682895610e+00
3.786798104038097801e+00
4.037560423900844242e+00
3.789316111259238173e+00
3.798540201890213908e+00
3.877984809200925032e+00
3.968844322633459765e+00
3.872018320997306695e+00
4.103991528240436892e+00
3.972976282119210278e+00
3.836142551118301824e+00
3.866819650747858716e+00
3.737239444355613838e+00
3.971927904199477499e+00
3.874232359027347972e+00
3.757137104453154741e+00
3.967064060785178814e+00
3.938997323728606670e+00
3.679591853184300376e+00
4.014292307095610468e+00
3.996544232448637324e+00
3.986727304058697907e+00
3.919073649440394824e+00
3.750798545224498515e+00
3.832346918910383149e+00
3.820801006525517352e+00
3.895729202006142700e+00
3.772174879583054974e+00
3.912321679904718241e+00
3.870468368962497241e+00
3.976866601350841357e+00
3.770477094340166424e+00
4.021176593867072491e+00
3.932832668696190304e+00
3.910981130972426278e+00
3.878256456136651042e+00
4.047824164609315822e+00
3.706584033103002440e+00
3.908420992563494067e+00
4.218963984833510317e+00
3.810304753458048310e+00
3.914732372860878495e+00
3.949980609481677618e+00
4.170509248003335223e+00
4.093470695412921856e+00
3.888064107676323822e+00
3.923929143316182699e+00
4.201611890579579622e+00
3.918190769434079623e+00
3.862108412790972167e+00
3.907438548766198227e+00
3.785777267844060212e+00
4.028753336472573388e+00
3.935909361901956505e+00
3.941617916485567363e+00
3.947249502773193530e+00
3.917640309723771530e+00
4.115047824185508851e+00
3.685366656910822769e+00
3.903651177240083037e+00
4.027359768861890288e+00
3.963563264502689254e+00
3.970328262627260685e+00
3.663753055960080385e+00
3.922216646233697368e+00
4.089873448812072709e+00
3.889332311355745642e+00
4.002066522890245004e+00
3.918965669027516530e+00
4.069547357300359103e+00
3.933462264535463770e+00
3.941434567992979421e+00
3.869633234046025994e+00
3.873839781901940338e+00
3.921824093756162810e+00
4.147763649697142618e+00
3.719409676703903767e+00
3.957965105952617968e+00
3.760509083111438056e+00
3.841193752314290055e+00
3.716494380642604067e+00
3.847557152664665026e+00
3.900442056086645515e+00
4.031177851363795916e+00
3.904792442573050248e+00
3.727553749849935816e+00
3.922296202777102003e+00
3.817138321296000836e+00
4.089546436968157117e+00
3.817845025428020289e+00
3.809914451898428922e+00
3.993507658400523130e+00
3.674514437185382842e+00
3.752616289986682840e+00
3.680333128901380757e+00
4.069182194231552252e+00
3.851150005926001541e+00
4.070913847120733564e+00
4.159822877778325712e+00
3.943612216670365545e+00
3.822719098179053976e+00
4.082573213560881875e+00
3.817839262142377788e+00
4.088547502112944265e+00
4.063667513061651526e+00
3.823759878631516340e+00
3.984682912922083986e+00
3.969064301666122674e+00
3.979600786986174477e+00
3.893345525751492175e+00
3.972083417508577075e+00
3.912390374601674825e+00
3.875727227292182775e+00
4.040791314450400407e+00
3.844558761837607364e+00
3.989406660840021157e+00
4.102819242196722449e+00
3.893503537791536129e+00
4.033344660587730779e+00
3.977193418434175953e+00
3.985522152044583155e+00
3.954178049065353751e+00
3.888574249445681197e+00
3.801991486508136120e+00
3.854237289521206478e+00
3.933275078758446952e+00
3.900570536670393995e+00
3.731016319229451206e+00
3.999588273294259366e+00
3.712071098603986652e+00
3.869434958799633950e+00
3.828395568248392777e+00
3.835214961592972482e+00
3.852983903797928100e+00
3.854597535419755250e+00
4.062804900531848951e+00
4.081739007366109284e+00
3.900259919017444954e+00
4.199786494904400591e+00
3.955079215334546650e+00
3.648227471735610905e+00
3.769048604355386800e+00
3.824889335678761881e+00
4.028347352071096843e+00
4.001322722039235558e+00
3.867520498886652280e+00
3.848197462124753887e+00
4.094082502840515225e+00
3.994499923243331807e+00
4.151672165529033620e+00
3.863465120054839552e+00
3.916356732130761742e+00
3.900784288477064266e+00
3.903960789131764031e+00
3.810418724413234148e+00
3.837383887990204023e+00
3.900898292157278124e+00
3.799469454570321592e+00
3.909379276431677486e+00
3.899190258572202694e+00
3.769575302643163095e+00
3.899681704551140715e+00
3.801843286788558984e+00
3.853407780021505413e+00
3.899443191297726319e+00
3.919824411290929955e+00
3.850725248623819930e+00
