1.116327204187770317e+00
1.065933957785767383e+00
1.077458580804359078e+00
1.105372293245807436e+00
1.065554137485833497e+00
1.084850505432323198e+00
1.087232815366784289e+00
1.079256327778226332e+00
1.081503009038085716e+00
1.078093359594145095e+00
1.097618610423998442e+00
1.082551769884768866e+00
1.084384543369194098e+00
1.094108675131346908e+00
1.124045381736446192e+00
1.089160530173768793e+00
1.125120607900788050e+00
1.103400519765092236e+00
1.118384257362969203e+00
1.069760497651687015e+00
1.083090731444459998e+00
1.078984413260277053e+00
1.089294802599400036e+00
1.066846340624316491e+00
1.083310104179714628e+00
1.076095116432237209e+00
1.080113971232517400e+00
1.072124186746807650e+00
1.074860640418480395e+00
1.090854301732123499e+00
1.089675085669124410e+00
1.108901816855342837e+00
1.068482714942529110e+00
1.092915585404105938e+00
1.077663653090642715e+00
1.085680095422186131e+00
1.077857832158988005e+00
1.082998568380587168e+00
1.085763736139067293e+00
1.081722766578959938e+00
1.070386737658651111e+00
1.087381226658481692e+00
1.101477808452177909e+00
1.068617563186386343e+00
1.105764533730904775e+00
1.072832125209683074e+00
1.074361828278137532e+00
1.101403399752082235e+00
1.072754390265898694e+00
1.080523130928522590e+00
1.077884996570135812e+00
1.094686331882099184e+00
1.085407311267384323e+00
1.092831776608633731e+00
1.109780407159944415e+00
1.089255261878936398e+00
1.084757176019236047e+00
1.107299479921607821e+00
1.083669861319786598e+00
1.079435457243582253e+00
1.072808809259204965e+00
1.088398178434775376e+00
1.063718802930664342e+00
1.081173489806857013e+00
1.077758974749887244e+00
1.087318314175627521e+00
1.098755508381817680e+00
1.065295959406586945e+00
1.075198803319079577e+00
1.100437029737697969e+00
1.077902675125859133e+00
1.074328995241951690e+00
1.092465622237501321e+00
1.087602354591558962e+00
1.087867478143062394e+00
1.069769260442056558e+00
1.078037927223297610e+00
1.080191089424332507e+00
1.087289766022905502e+00
1.072817633493413858e+00
1.067938250924322707e+00
1.081781063117454034e+00
1.097171730357699992e+00
1.106256972848488340e+00
1.089582317841979009e+00
1.116466407124065530e+00
1.106811584282214822e+00
1.090110182686125473e+00
1.077107859627637110e+00
1.073111975370082405e+00
1.115225406001153496e+00
1.082936013612021853e+00
1.084362629387843890e+00
1.072207643359465390e+00
1.076643673069334062e+00
1.069212950168276333e+00
1.084357028358110764e+00
1.074421103127754185e+00
1.098662178359271380e+00
1.079060433832707444e+00
1.097538775656789811e+00
1.082053048532121364e+00
1.073278418047429961e+00
1.095067662278884191e+00
1.066687951780580290e+00
1.075714217465284728e+00
1.069434973161820235e+00
1.072756387042471005e+00
1.098069313784808543e+00
1.052356452233405237e+00
1.058833487451399380e+00
1.079247499408925393e+00
1.076355466496211166e+00
1.096647269439101180e+00
1.073534579715165194e+00
1.065016329727269451e+00
1.094000006191888197e+00
1.099301080652836715e+00
1.090535968498515640e+00
1.076220948751582807e+00
1.084964581222667590e+00
1.079477771636199401e+00
1.084948548526257772e+00
1.093946570566604271e+00
1.087281099089643543e+00
1.097774709386234449e+00
1.078643597980302404e+00
1.098802480767784306e+00
1.075396182104505050e+00
1.076164929898811184e+00
1.072318941507775403e+00
1.079664695092281912e+00
1.094548920521513757e+00
1.080042117623653652e+00
1.075468145298073219e+00
1.073134568834181790e+00
1.107174433365054833e+00
1.087707803367559345e+00
1.081215557700161645e+00
1.077784086464738778e+00
1.085675894081133519e+00
1.090057303207019990e+00
1.110816079342399343e+00
1.109696166211109780e+00
1.071423507356709548e+00
1.103311426854003408e+00
1.088590504023791095e+00
1.085953237786167147e+00
1.098187596335187921e+00
1.096459228399562225e+00
1.096809217482939802e+00
1.102349099512219377e+00
1.081341531657132204e+00
1.077607755835129133e+00
1.068854587716142168e+00
1.070470230610891749e+00
1.074111414481113691e+00
1.100902480692287355e+00
1.095259991602993699e+00
1.078337631840537325e+00
1.087890737977297961e+00
1.078780192854298603e+00
1.090067660549861817e+00
1.086162145292824066e+00
1.086719121779167629e+00
1.090377166806599796e+00
1.074215759589621788e+00
1.079305567714497371e+00
1.085827872761378377e+00
1.078531086789563220e+00
1.080363674273528085e+00
1.096570684096487280e+00
1.096842523754948839e+00
1.091167998637594172e+00
1.065688210945847869e+00
1.061643719087272064e+00
1.117762967090952575e+00
1.092517109707367817e+00
1.085995013171567658e+00
1.093265269194719558e+00
1.065785866101389034e+00
1.075548285908882296e+00
1.071723075476950893e+00
1.074585545552635635e+00
1.071567937445020213e+00
1.070412666108682798e+00
1.089824597814261331e+00
1.078889619195174010e+00
1.091748584514096843e+00
1.084298829942237141e+00
1.086694197766517211e+00
1.124112699690570816e+00
1.082205273999094164e+00
1.096557781949715427e+00
1.093729166150162024e+00
1.099266445064044362e+00
1.090712425963604071e+00
1.078293019235776695e+00
1.101067796439515023e+00
1.112205190542068900e+00
1.058709957044778438e+00
1.079221676492316817e+00
1.069001660346940330e+00
1.076760341111691499e+00
1.112075670903224900e+00
1.092904003762877663e+00
1.072377591653602247e+00
1.078852386515511075e+00
1.082926074869649646e+00
1.085244272992994752e+00
1.068031080897448026e+00
1.067664946298496842e+00
1.079059363671687644e+00
1.059613030807994294e+00
1.082839821413982051e+00
1.076739709797541522e+00
1.056789211765454484e+00
1.099443635934509889e+00
1.071539612413379805e+00
1.089094945527841807e+00
1.070430390823642330e+00
1.070122389561252163e+00
1.074245355066381746e+00
1.077049049881765752e+00
1.091524892301777072e+00
1.093070128895097248e+00
1.084612850234285997e+00
1.110960989816211830e+00
1.109981485732359996e+00
1.093213532050622216e+00
1.086336847534058681e+00
1.089759315537463191e+00
1.101634878690696651e+00
1.091053111443248458e+00
1.083349294425892007e+00
1.077902036608561875e+00
1.087834395786362318e+00
1.109675157817125113e+00
1.074417856676140204e+00
1.076868113325839316e+00
1.073937686217779630e+00
1.105239006847122063e+00
1.104107678549008931e+00
1.091939113306845011e+00
1.080643742453288647e+00
1.078892918417223346e+00
1.078963497972033725e+00
1.083383986757474382e+00
1.107724854652132995e+00
1.071352882508553428e+00
1.076805142918562108e+00
1.072814208402260938e+00
1.114974002466252667e+00
1.099124834047119359e+00
1.071654597785788532e+00
1.096741223659838171e+00
1.085874950797765859e+00
1.075525489964608505e+00
1.082399560654574655e+00
1.094139364878822240e+00
1.080354006944078238e+00
1.075545483511433753e+00
1.093985293062202047e+00
1.068946563156004670e+00
1.070293609597900764e+00
1.106199868644743400e+00
1.097901891358171511e+00
1.090523376181102400e+00
1.093150571262634818e+00
1.076994461749426923e+00
1.067322352393321072e+00
1.077889312025438695e+00
1.116247964835428430e+00
1.074372052270250233e+00
1.081903028178136106e+00
1.077156104643068435e+00
1.084739048222260527e+00
1.075943755103244248e+00
1.097285419178828381e+00
1.093275351348772961e+00
1.087144202991511488e+00
1.079926226559619673e+00
1.077776180644909321e+00
1.089070795448209061e+00
1.090296556093479419e+00
1.087381823178275697e+00
1.072126588391947966e+00
1.075787992246587610e+00
1.068111428308055499e+00
1.068851195426060219e+00
1.075382016434069943e+00
1.099259987854795506e+00
1.088345077746412759e+00
1.063047320070114488e+00
1.064145935722152991e+00
1.098565427352522050e+00
1.103794963491729897e+00
1.115237669459035352e+00
1.065658967769772980e+00
1.100578658413832844e+00
1.089102137825630479e+00
1.095912263672633280e+00
1.099623968070670088e+00
1.090117246389572969e+00
1.104145112388345451e+00
1.098908706521989576e+00
1.113880684657880815e+00
1.081694746824495956e+00
1.109024041700805707e+00
1.095508397383887944e+00
1.080284905679434360e+00
1.071670059302852973e+00
1.087325710900984399e+00
1.070983744940702254e+00
1.103547650173400285e+00
1.083600520592828964e+00
1.096270048797166607e+00
1.089214034092310657e+00
1.098558880583850650e+00
1.073176611749288245e+00
1.073915578231607215e+00
1.083250058925391723e+00
1.071354284695573700e+00
1.085172082194057808e+00
1.077673069913607451e+00
1.087902913108840464e+00
1.082533200812318297e+00
1.074457072774897659e+00
1.084446837278436382e+00
1.094309834652204216e+00
1.095735452771889662e+00
1.075172870368597433e+00
1.080272359782317171e+00
1.077848203037305996e+00
1.079965855754329462e+00
1.081651996407531735e+00
1.070846718221175831e+00
1.077295863415586030e+00
1.088633132604210241e+00
1.098894265977884865e+00
1.118206051704685899e+00
1.104949838100688364e+00
1.098532225868376067e+00
1.085837855252379081e+00
1.067552420910156119e+00
1.082638507379221515e+00
1.087453357217466499e+00
1.078200070950930733e+00
1.090771098783355431e+00
1.108363469896517461e+00
1.095511648734177834e+00
1.067930907198506585e+00
1.080282488021176768e+00
1.107732378127766371e+00
1.071609947186466627e+00
1.074853047807958095e+00
1.082841410647836344e+00
1.096096476003002307e+00
1.062677686681286371e+00
1.087917498176241393e+00
1.114660357026269200e+00
1.090309516863384731e+00
1.073389123982814386e+00
1.072441187134412166e+00
1.081348348124516967e+00
1.062387623174315232e+00
1.111249075555628130e+00
1.076820908379530595e+00
1.077966882759494816e+00
1.097259913636155604e+00
1.085791888614876077e+00
1.072675223570048963e+00
1.069641524520560383e+00
1.089001632514026374e+00
1.096076729433749453e+00
1.108245673839404422e+00
1.091895849087713533e+00
1.075534928163476289e+00
1.086460875672476067e+00
1.092872915319206051e+00
1.093420828049079363e+00
1.094670391978147972e+00
1.082104071993191363e+00
1.112109797289759339e+00
1.090994924805256838e+00
1.085077473848935048e+00
1.083632074700870973e+00
1.101357883919780845e+00
1.083938718564450676e+00
1.075772507056910410e+00
1.073524132825772526e+00
1.100450938070530960e+00
1.070301512465154259e+00
1.096029532175228915e+00
1.068613668146017881e+00
1.075215113099679431e+00
1.083339472590251207e+00
1.094953140122011614e+00
1.087316927493948260e+00
1.080780639767913609e+00
1.077664709981449587e+00
1.082918329823890691e+00
1.064218619669328181e+00
1.078430377650851035e+00
1.118205141101396682e+00
1.099375754286731066e+00
1.091800134755170681e+00
1.122501035682635040e+00
1.068431904160934032e+00
1.049525337356117527e+00
1.063658513262043304e+00
1.105260766138882467e+00
1.084590682556393570e+00
1.084417598968810292e+00
1.075852439732031485e+00
1.091055870863883115e+00
1.083681091640705807e+00
1.071900055364339632e+00
1.075134066668439470e+00
1.079290498955203681e+00
1.104126616202151023e+00
1.098853892770456975e+00
1.063293664256850457e+00
1.097924105731659328e+00
1.071409636303503499e+00
1.060822620444675568e+00
1.101549277587038800e+00
1.105376312705913966e+00
1.081029623930645389e+00
1.070798319734496351e+00
1.094297105505228629e+00
1.089016597000131759e+00
1.061967761777683927e+00
1.074667925464017237e+00
1.080449377982366288e+00
1.082377899021168988e+00
1.092233584149580716e+00
1.086541188219590559e+00
1.074381782394276730e+00
1.081148813354384508e+00
1.065161455987600148e+00
1.072751975805998459e+00
1.093796760610524110e+00
1.066322066047931116e+00
1.093697667418125574e+00
1.094912050670561854e+00
1.095187417370566241e+00
1.103789981456203773e+00
1.078786911740305499e+00
1.064560530969386187e+00
1.065681399783574568e+00
1.102996121882595659e+00
1.072827546443407831e+00
1.107524055584480527e+00
1.109167782473132080e+00
1.075148985960589609e+00
1.091368475969840102e+00
1.092660972879525572e+00
1.091681452018962828e+00
1.073093958747278975e+00
1.079175327314235711e+00
1.092554265803279412e+00
1.065103470813645314e+00
1.074612037479986570e+00
1.090393791492160203e+00
1.078790367898242897e+00
1.088761579728783735e+00
1.096668069975138327e+00
1.087688836161911476e+00
1.080543785004152824e+00
1.077980702407645541e+00
1.112462207805757108e+00
1.072060014928435390e+00
1.078561695683958988e+00
1.097317829095841635e+00
1.090416084180638512e+00
1.100563189905374273e+00
1.094398359968942414e+00
1.086346762025689250e+00
1.104294981491882099e+00
1.082524317510141332e+00
1.093412369990080846e+00
1.113150643683373797e+00
1.093799904195698725e+00
1.076690746255859032e+00
1.076633564182390312e+00
1.065482659030556611e+00
1.095720991649561604e+00
1.069570248469293272e+00
1.075630624911369626e+00
1.084661567376864477e+00
1.062325646576676164e+00
1.078710697903493276e+00
1.062975219408670347e+00
1.081694096332989297e+00
1.075253597778753623e+00
1.091026684823816373e+00
1.084964159873140765e+00
1.087611283669488893e+00
1.079013375155712939e+00
1.074546306888353620e+00
1.079649107430088684e+00
1.092664402252045530e+00
1.061101053624107449e+00
1.076275246111101591e+00
1.104864220912809669e+00
1.092654141915679444e+00
1.091710480646164383e+00
1.079317973107762452e+00
1.083639756353347305e+00
1.078347627974319378e+00
1.090878012237873396e+00
1.083563644495391998e+00
1.075579951574895832e+00
1.110831027855585518e+00
1.122038650467445997e+00
1.094168268764995622e+00
1.072565475267790003e+00
1.076731802218434009e+00
1.086664406793654170e+00
1.093822963334713405e+00
1.071870521938186771e+00
1.085650070378610055e+00
1.104946403331582561e+00
1.068515504079813550e+00
1.086455176709869352e+00
1.072161931972968496e+00
1.088345824532614969e+00
1.132887239588405537e+00
1.082089965780369978e+00
1.064607858777307348e+00
1.071760465617765945e+00
1.064933327998018431e+00
1.065246168989845144e+00
1.098149251629921164e+00
1.075941332138095285e+00
1.066264724589872648e+00
1.080936502173049929e+00
1.090488984882787449e+00
1.088860615180243352e+00
1.088247861032411556e+00
1.083018300894033503e+00
1.064628668384886234e+00
1.070867974459600136e+00
1.105633561209174776e+00
1.070669492674542811e+00
1.075763356740900623e+00
1.068758536496931200e+00
1.092461372052626389e+00
1.093860463175319930e+00
1.087440660279024085e+00
1.083814695504180969e+00
1.085159510260160554e+00
1.074807627311608282e+00
1.083793816692580680e+00
1.099000735209131330e+00
1.080906494518323768e+00
1.063507341333381762e+00
1.079286844877189733e+00
1.087529425035095310e+00
1.087939824107038822e+00
1.071068760946997767e+00
1.089036275881292815e+00
1.072118820728773070e+00
1.074293747049859471e+00
1.073617614530373521e+00
1.073404660843396252e+00
1.083721250934888358e+00
1.076257425785067223e+00
1.102105628184928632e+00
1.063929328430430532e+00
1.077123889714335148e+00
1.100443198699656788e+00
1.081902108619262171e+00
1.111898946494553897e+00
1.083207777383095038e+00
1.098552174253542457e+00
1.079238745791498255e+00
1.073136762969498337e+00
1.097818612056900456e+00
1.084013398535944583e+00
1.084973590265678967e+00
1.070072185969436207e+00
1.075592393641254585e+00
1.067570125686676086e+00
1.082378595224739115e+00
1.084794646810423924e+00
1.090778946204040700e+00
1.073828922172484823e+00
1.093880354706441071e+00
1.067864485631501159e+00
1.083561390706610394e+00
1.076773657700028641e+00
1.074879502503842010e+00
1.093345850540840880e+00
1.092986214772247999e+00
1.073790634387844056e+00
1.074991514196686371e+00
1.096400923919853554e+00
1.083731045691489925e+00
1.082979587966938828e+00
1.080686718991087147e+00
1.072155531788644200e+00
1.083122609071338172e+00
1.084503729215442025e+00
1.108052299718001565e+00
1.071859735324390162e+00
1.102187491169825506e+00
1.072662526892382173e+00
1.097422312111727249e+00
1.097005210177048662e+00
1.070771003044004521e+00
1.081148093920473618e+00
1.081036836507931698e+00
1.099107042969134973e+00
1.096139065947079327e+00
1.086982814274212616e+00
1.091862315679770878e+00
1.096429623878697468e+00
1.084865543172961244e+00
1.080355821753534951e+00
1.079226370276288316e+00
1.092969504180776319e+00
1.085537314714569934e+00
1.082739335648012613e+00
1.079605142060528156e+00
1.098116993768783800e+00
1.093822741645599450e+00
1.090891211928255888e+00
1.091037832480218350e+00
1.112076235418589798e+00
1.095443315955066055e+00
1.076977001501752351e+00
1.082624605585299493e+00
1.083511823273675789e+00
1.068155344420670616e+00
1.083858663231214381e+00
1.100289519498899748e+00
1.075843558617469720e+00
1.086019802138934232e+00
1.082017376078534543e+00
1.074685612957360092e+00
1.073499967725970450e+00
1.068089171653042291e+00
1.079063774905907547e+00
1.087788936268518913e+00
1.112425054532433899e+00
1.095708629354215313e+00
1.102455336299135613e+00
1.071079331117553268e+00
1.080517185128348157e+00
1.083720386547155856e+00
1.065337851579345685e+00
1.122398243331431900e+00
1.073820706727850904e+00
1.106037529600549574e+00
1.085506719307955281e+00
1.086012630883697705e+00
1.079369448248393759e+00
1.068986337299193234e+00
1.087852510440353582e+00
1.081931572211032089e+00
1.075625288814706870e+00
1.077943325550481557e+00
1.069398110570851657e+00
1.076303310584266759e+00
1.068290932073823862e+00
1.101863883087453422e+00
1.072093713506045543e+00
1.098974010824822711e+00
1.079595604999790348e+00
1.065380528016912187e+00
1.084565119583812187e+00
1.084222626253179333e+00
1.123478878294367433e+00
1.080693964054872280e+00
1.099325023454618355e+00
1.080306597416180070e+00
1.109677550763872089e+00
1.104365536431011208e+00
1.071203667906849955e+00
1.085053771155662927e+00
1.099659380694063548e+00
1.108313076357506644e+00
1.110659116508303512e+00
1.085538981873983344e+00
1.088447218419068108e+00
1.093655581801983301e+00
1.065904033362969905e+00
1.083547131768646032e+00
1.068538772846034268e+00
1.095000994369411229e+00
1.101389758366370097e+00
1.069877819914534234e+00
1.082173949108061084e+00
1.085597608389008872e+00
1.090599209262031577e+00
1.081283639470355995e+00
1.088318600657109281e+00
1.094536368890274503e+00
1.083276326739505135e+00
1.094292395601706325e+00
1.086721482055994947e+00
1.097341683443936899e+00
1.090942966030118200e+00
1.100841859168538717e+00
1.094587511289685677e+00
1.089719975227359194e+00
1.128347161733130655e+00
1.083904752112185399e+00
1.071790131260022871e+00
1.091076859483257389e+00
1.098099099676971724e+00
1.066800117785130730e+00
1.098967953932652453e+00
1.069813719329205437e+00
1.092489913887622288e+00
1.078876740211526686e+00
1.076673736941071713e+00
1.088095611082485092e+00
1.070628287779988863e+00
1.078216600291953320e+00
1.097891439782832768e+00
1.085821435536302948e+00
1.120543677753122802e+00
1.098253848831663548e+00
1.099742255323730156e+00
1.102906114639377710e+00
1.102159794135415316e+00
1.098590851743978858e+00
1.097766963598929779e+00
1.085448287782406984e+00
1.080699712879767516e+00
1.099212558478786184e+00
1.091876148177886030e+00
1.110440655132274301e+00
1.113344619182069728e+00
1.075947612733421987e+00
1.085564870974255136e+00
1.068890295671083956e+00
1.092336715360379573e+00
1.082524047040241744e+00
1.081786249792909604e+00
1.097441524210794661e+00
1.083078174808010274e+00
1.075105570672319377e+00
1.082977977474347320e+00
1.071631011970450631e+00
1.089373600763520855e+00
1.059935799044906091e+00
1.081955061741996182e+00
1.078178263295891393e+00
1.088112047522042714e+00
1.088813608696908020e+00
1.084467104375707480e+00
1.091089957200752192e+00
1.074410030588032416e+00
1.076690929758461479e+00
1.113677681883293413e+00
1.067293739815394327e+00
1.103734405849041922e+00
1.082092902601744511e+00
1.074957588272172027e+00
1.064562869186618910e+00
1.081426756100306363e+00
1.071458744502587601e+00
1.104161330636127758e+00
1.076860936649962852e+00
1.081526513871811535e+00
1.086662964164490708e+00
1.080028895698562641e+00
1.102665987416400872e+00
1.083850544237915381e+00
1.082260726214767210e+00
1.077553598217655395e+00
1.070085679196639328e+00
1.101196069649300391e+00
1.078613894589356414e+00
1.109084225497655840e+00
1.093139732256598329e+00
1.082436635412153292e+00
1.094781517965485174e+00
1.103982955993071169e+00
1.095026295626579271e+00
1.085013058610809766e+00
1.101807108696404303e+00
1.074981490188263944e+00
1.081286468082666818e+00
1.093925660395344224e+00
1.078923445832328021e+00
1.091212549484001260e+00
1.094801453797747515e+00
1.071689433009889392e+00
1.078629036427955379e+00
1.070433336103961075e+00
1.078248958552617598e+00
1.075157266473196094e+00
1.081339113958575737e+00
1.084108472983317251e+00
1.079267690166044735e+00
1.058453196871861346e+00
1.098726714842830798e+00
1.070553371316878444e+00
1.097520639835947165e+00
1.079035915039563642e+00
1.110267672794130522e+00
1.070429260982266761e+00
1.079210634614740094e+00
1.075280284143657950e+00
1.104408559902987585e+00
1.077880980371123121e+00
1.077803511908519196e+00
1.088970194034308170e+00
1.101681809964439873e+00
1.067732311400981127e+00
1.077819758988260546e+00
1.084779777504043308e+00
1.078935742218872340e+00
1.071542524264909702e+00
1.088244295679529072e+00
1.078195422526857739e+00
1.087605260233172055e+00
1.066498316714867833e+00
1.088779412740971564e+00
1.077885748255202447e+00
1.086673314529248646e+00
1.093480862806060827e+00
1.091529580485502526e+00
1.102175791488285261e+00
1.076619019763461083e+00
1.078050967343996192e+00
1.100898531454583829e+00
1.091507843238913367e+00
1.090363013250203350e+00
1.096222599824029142e+00
1.059686239544146202e+00
1.082624889576980109e+00
1.083884207641157893e+00
1.091370250657877072e+00
1.087966962024105255e+00
1.089166614033754810e+00
1.078889935111441600e+00
1.088137377660245209e+00
1.081015617517217198e+00
1.073868404452663183e+00
1.086861458231378252e+00
1.086537036276404189e+00
1.076024838047250798e+00
1.088100518825501739e+00
1.065847410385713623e+00
1.078918306362361301e+00
1.083044695476118591e+00
1.076714835857877084e+00
1.067763656067123090e+00
1.099963575001272398e+00
1.075497434526358376e+00
1.073223628538416907e+00
1.081260573485506304e+00
1.080936404817167684e+00
1.090899814738498952e+00
1.092539604957414312e+00
1.078115089448657304e+00
1.075557352034421710e+00
1.086246752658657000e+00
1.075621504327369804e+00
1.086920159424748400e+00
1.080426812060782726e+00
1.080744636571222550e+00
1.072710009921066909e+00
1.091619050261903423e+00
1.100080650096572077e+00
1.085679465225370066e+00
1.086830476926065270e+00
1.084850278440515403e+00
1.108978733360383773e+00
1.076936210384394244e+00
1.078568774016393617e+00
1.057907506332008252e+00
1.068557027591985120e+00
1.088880273476375837e+00
1.075928519195294308e+00
1.085919753052413173e+00
1.072662408412230706e+00
1.072316696700286620e+00
1.078456731844760208e+00
1.100469721588170247e+00
1.102119256251418600e+00
1.092420649634606278e+00
1.093906369031821590e+00
1.106028345848155459e+00
1.102842554693876265e+00
1.091956085007054655e+00
1.064615582501691859e+00
1.082886762000113023e+00
1.104556033554073391e+00
1.101698221028963198e+00
1.106422250913419836e+00
1.090562936949662109e+00
1.085971400636684514e+00
1.073634226222551113e+00
1.082582105388106619e+00
1.101704280389949719e+00
1.085461847368575983e+00
1.086816195776282079e+00
1.075666388424787900e+00
1.058376345152957976e+00
1.089969605795917618e+00
1.064277746914738643e+00
1.083541973564898786e+00
1.085399765075373057e+00
1.090726584335051985e+00
1.085622648860354866e+00
1.073451462236217013e+00
1.087028216493826527e+00
1.097897225888023964e+00
1.102003268788640522e+00
1.079276150306155424e+00
1.095786159162911000e+00
1.097850005149065833e+00
1.085703140148957413e+00
1.091867094837766672e+00
1.068170489867866113e+00
1.098851353259061803e+00
1.078413687966018220e+00
1.085841441339826741e+00
1.098477114101318097e+00
1.091096742171483225e+00
1.073768005952321358e+00
1.078730800586480409e+00
1.088736973015062670e+00
1.076536270057565581e+00
1.084314199127372369e+00
1.113006920146303758e+00
1.078610221590139640e+00
1.071628452900146744e+00
1.068267686325972132e+00
1.073373558626621760e+00
1.072375904101318556e+00
1.080917820009783759e+00
1.090296673742552125e+00
1.065547202585741537e+00
1.096661323724822390e+00
1.091999716659322717e+00
1.098218162124350972e+00
1.082475948553908163e+00
1.080314547062433128e+00
1.083066323368109929e+00
1.096113867436608658e+00
1.087433652061724931e+00
1.083419760762666106e+00
1.081859604991374457e+00
1.095110641308338906e+00
1.076533828773307500e+00
1.088901998649385749e+00
1.101400641593218932e+00
1.089667192702340470e+00
1.088099690979323464e+00
1.070236940580441054e+00
1.082096333641604069e+00
1.086883991409115957e+00
1.076158357346812311e+00
1.092407174869223008e+00
1.081390736349640003e+00
1.070983651889711563e+00
1.084972930113679679e+00
1.081437952740434971e+00
1.069417368259464096e+00
1.088251130373372400e+00
1.076639931009433448e+00
1.071707966222380737e+00
1.085201000519159242e+00
1.074387937443671781e+00
1.078208007124814571e+00
1.078621516481131914e+00
1.054506658557906595e+00
1.072346104794121624e+00
1.075044397298623666e+00
1.116991625387330878e+00
1.068616107107699831e+00
1.111520503760172307e+00
1.076302723074432866e+00
1.092484663145216750e+00
1.079848908406829011e+00
1.115443927933868151e+00
1.092364120743202660e+00
1.097292312531366942e+00
1.107383599941233809e+00
1.077268284514326657e+00
1.060570782978178528e+00
1.109865043096073922e+00
1.092933691608107383e+00
1.073102603732901228e+00
1.080668684224389553e+00
1.084066119996170308e+00
1.097279790188943727e+00
1.106204185098306647e+00
1.093971154471450546e+00
1.063000423546655915e+00
1.081415510618302100e+00
1.110202650962858417e+00
