1.489679566192749505e+01
5.391040687232622197e+00
4.657994591804305529e+00
4.709890462418433010e+00
4.871337631895964471e+00
4.305457270681164239e+00
4.969096351579892712e+00
3.765734282858215654e+00
4.453280807492328464e+00
4.572039349654777318e+00
4.220156750113773114e+00
5.018205332983066036e+00
4.748305868911831595e+00
5.326067332391750675e+00
4.939638055456310184e+00
4.498141886370173204e+00
4.186496552964675821e+00
4.918623871532076919e+00
4.886973687447355275e+00
4.419841368164408202e+00
4.232696608624863188e+00
4.939896552151066267e+00
4.462432252210343009e+00
4.822975526824198944e+00
4.443197386195036458e+00
4.948906278669802816e+00
5.289176553859826768e+00
4.439351855633265842e+00
4.757128359252620342e+00
4.444296652323542318e+00
5.241540126986561354e+00
3.965560721715223114e+00
4.347274616734337016e+00
4.561313249566017802e+00
4.583756463596089681e+00
4.704679959429294733e+00
4.677202756940509687e+00
4.255476239173900055e+00
4.380296562830862328e+00
5.853363931816839560e+00
4.897405805329499096e+00
4.811029279102252865e+00
4.312938206937787733e+00
4.671725899660517989e+00
4.528663067260197295e+00
4.174197605956699419e+00
4.019227608443389776e+00
5.002210325823279291e+00
4.639593693514323824e+00
5.008973447905813892e+00
4.458852650824336017e+00
4.353628558850218155e+00
4.348289128020642380e+00
5.645708715922474141e+00
4.442634519806446747e+00
5.246606673935382048e+00
4.364994309196719158e+00
4.404771537997775432e+00
4.645456748731488616e+00
4.595831371020744349e+00
4.772064711322133057e+00
4.484587629134458631e+00
4.904548656425777864e+00
5.099852624823617120e+00
4.131075369190702951e+00
4.460208884424830877e+00
4.274270556270186816e+00
4.209255713929982434e+00
4.285708385216240757e+00
4.603943129959068514e+00
4.660193676238132632e+00
4.325817943980234226e+00
4.759662012478156790e+00
4.949776361629281141e+00
4.591675834877359641e+00
4.644212621662868301e+00
4.667338279066672868e+00
5.160485900804226311e+00
5.122666056965226922e+00
4.439109234316684471e+00
4.494254102589964717e+00
4.320095328500334730e+00
5.083823021179620483e+00
4.740140522357462416e+00
4.524803678992516787e+00
4.706439883956149650e+00
4.405568875651428407e+00
4.801046532410741641e+00
4.601156977168314732e+00
4.394048931649356504e+00
4.643537941536418856e+00
5.175886302564210339e+00
4.453755574143469786e+00
4.934643338862088058e+00
4.529849189950074795e+00
4.456171296202326104e+00
5.174040248632440608e+00
4.496206167447507340e+00
4.584475136755650659e+00
4.367529933592857461e+00
4.139202800398633642e+00
4.537629796243309421e+00
4.738794995576591340e+00
4.351375238342612306e+00
4.632707721627296493e+00
5.631564060142103756e+00
4.315522832975927869e+00
4.035124257471650822e+00
4.529423029604153328e+00
5.148440787376790340e+00
5.037049674122563658e+00
4.891146281057338285e+00
4.312960068112496437e+00
4.669687064690316802e+00
4.398939818416693903e+00
4.429655512680160001e+00
4.877182030472732244e+00
6.148185301308923378e+00
4.806264465767948302e+00
4.555044691027882564e+00
4.592833468269992281e+00
4.055060012965818750e+00
4.193181344725731563e+00
4.634724856752271194e+00
4.329977124348105555e+00
4.605746036612368144e+00
4.633261477168138853e+00
4.653459443759066616e+00
5.034169303831066422e+00
4.667160917971942879e+00
4.830733493675533730e+00
4.279794748387708125e+00
4.316411623218194826e+00
4.716734020939354899e+00
4.860443655886820480e+00
4.402763327233550683e+00
4.581976935116608196e+00
4.414048167559254665e+00
5.718788430813892099e+00
4.327805926998102848e+00
5.251029354469991972e+00
4.613253029937890659e+00
4.117678253637103936e+00
4.869650955772364398e+00
4.873628830722959826e+00
4.407131464680463573e+00
4.530911195215101550e+00
4.402482144992907465e+00
4.460742790478244402e+00
4.468675697822200199e+00
4.791939137116359326e+00
4.598459340009986462e+00
4.515260222703928683e+00
4.363344606291441607e+00
4.070233084053199057e+00
4.669636302729926136e+00
4.776081993946765358e+00
4.211067714915917470e+00
4.680813170777399890e+00
4.074939435043183344e+00
5.064077718071628986e+00
4.344936710780829436e+00
4.195455209810218911e+00
5.162193389332546900e+00
4.824563905324441571e+00
4.618084900121375291e+00
4.238667314385557106e+00
4.377533551719328564e+00
5.119528655886343316e+00
4.595868157090265527e+00
4.677854836505594527e+00
4.772313292984321720e+00
4.444540873212116772e+00
5.823340020616659451e+00
4.496517548080743332e+00
4.226292088848944140e+00
4.515721853481810655e+00
5.317850389601536776e+00
4.574892024661615153e+00
4.630956191459236315e+00
4.262405593284509742e+00
4.125822074199080092e+00
4.378661327005457515e+00
4.609362634957232530e+00
4.211162056233454187e+00
5.759841355745113134e+00
4.912481963101179794e+00
4.482902310263514600e+00
4.442073436555180166e+00
4.347039201012679932e+00
4.545628183728267935e+00
4.273762782583226283e+00
4.747306483740237226e+00
5.110564051575469335e+00
4.207593065603063565e+00
4.463781787409316415e+00
3.955046191555304791e+00
4.552249137091482822e+00
4.373128396474525559e+00
4.461606501034151684e+00
4.759931865047029476e+00
4.368372903164144283e+00
3.945851229774772762e+00
4.431093012031388056e+00
4.731039488047328767e+00
4.627353058792406770e+00
5.617571149258103524e+00
4.418706572717013614e+00
4.499846396447014563e+00
4.103929382738864540e+00
4.464124955861977107e+00
4.211065263876490938e+00
4.500861000167999393e+00
4.603747035769348628e+00
4.708493521673253746e+00
4.615777517639472194e+00
4.633246456942775815e+00
4.621778173585742167e+00
4.918456796734782088e+00
4.086217159376848151e+00
5.050206674668159756e+00
4.732343943615818560e+00
4.681714051510040164e+00
4.806770894218351131e+00
4.245494511851599206e+00
4.317267288049036367e+00
4.548671036463123762e+00
4.925966678100158092e+00
4.365473425826384535e+00
4.541234228497232905e+00
4.268200570877225708e+00
4.257180464578942392e+00
4.353489877234317795e+00
4.659929167187806698e+00
5.114777477031186237e+00
4.597494471587428855e+00
4.703449883958146671e+00
4.742495040586811150e+00
5.003417437210052832e+00
4.179469196634884476e+00
4.563937273873328593e+00
5.301143339280910638e+00
4.868913266613820845e+00
4.579171599892453592e+00
4.537912310302698593e+00
4.915164805905743783e+00
4.343912208348120529e+00
5.229130387222553189e+00
4.372447865845678905e+00
4.250006845338750949e+00
4.435864891021972234e+00
4.202293586617857457e+00
5.079249034262652174e+00
4.601424324616248285e+00
4.285846500907632084e+00
4.652110078387551084e+00
4.228269505508094106e+00
4.151245149087444908e+00
5.474089343900030435e+00
4.777903990745236307e+00
4.272385144292449866e+00
4.025323840748717075e+00
4.301318493993099956e+00
4.899104430878545635e+00
4.601000145882665926e+00
4.184387119831893820e+00
4.529078051042326081e+00
5.258713381797186948e+00
4.170658225223902171e+00
5.213244652860393735e+00
4.439373696729583152e+00
4.491823452843041409e+00
4.150630400789513175e+00
4.370148333856482381e+00
4.627541985761541632e+00
4.677074612097188222e+00
5.221454938141560476e+00
4.626145820524595109e+00
4.645377994439126468e+00
5.346630629210908481e+00
4.978008566295461179e+00
4.732234743670322707e+00
4.486919622479032199e+00
4.307930812812292842e+00
4.930581856791391715e+00
4.285409553746019284e+00
4.366336571413578227e+00
4.747656886740406534e+00
4.537808486596172308e+00
4.336618213709177994e+00
4.172305226747472062e+00
4.550972280815843263e+00
5.036576654167975953e+00
4.461602891599664389e+00
4.154098762622402852e+00
4.176686797402832774e+00
4.433563738713433899e+00
4.226279736048685010e+00
4.789775760153045070e+00
4.441057696307674441e+00
4.567939810281464119e+00
4.296246202915456003e+00
4.511012985156182431e+00
4.690353375969245953e+00
4.257084192042226434e+00
4.455067438954861458e+00
5.365702498014985444e+00
4.554916485879219934e+00
4.543268412934854616e+00
4.457462713209394245e+00
4.871488278617189138e+00
4.054956583675374482e+00
4.202037692635749444e+00
5.060234082551801293e+00
4.375578324162460397e+00
4.552421802004786855e+00
4.269213616080687501e+00
4.744945782011938284e+00
5.099926296140751880e+00
4.257572951003465000e+00
4.751583059232158845e+00
5.652020670396551871e+00
4.322819903902545668e+00
4.297770054417646257e+00
4.829902809796245755e+00
4.745022439704627004e+00
4.612280074169419208e+00
4.540690385318604250e+00
4.614554755353173832e+00
4.239829912482360186e+00
4.509947068939242243e+00
4.379116789766110962e+00
4.362291045056313266e+00
4.895904096460616195e+00
4.187136037960178747e+00
4.235578966660351163e+00
4.843993304879743889e+00
4.747169129973626944e+00
3.972630654262399919e+00
4.286056758571743508e+00
5.166575953186133496e+00
4.325034446724883352e+00
4.181824501025887209e+00
4.916531325816857034e+00
4.269094828209866854e+00
4.491417065329059710e+00
4.690221265689649144e+00
4.590263681110484661e+00
5.072640361299162848e+00
4.619049070709408511e+00
4.757774999938585658e+00
4.577416842533841290e+00
4.813535686870637598e+00
4.956234107762839791e+00
4.567169168980568017e+00
4.240552356618349172e+00
4.330972086151594347e+00
4.923260068735444861e+00
4.851820740985043123e+00
4.908430757566821789e+00
4.718676163071760854e+00
5.005553484695088429e+00
4.532833283361860310e+00
4.576657586951353274e+00
3.986997468099042319e+00
4.485391583361389323e+00
4.434952991076672291e+00
4.312832065703258166e+00
4.291776895731840291e+00
4.444112376927074948e+00
4.615029623299141015e+00
4.619336642975476082e+00
4.241747109742568966e+00
5.761492632251457024e+00
4.842548310018287339e+00
4.654612588909375681e+00
4.195981281172124433e+00
4.266291132096486471e+00
4.447388652016933897e+00
4.850574214308435828e+00
4.422387435546423440e+00
5.203195983440772387e+00
4.544578388714442418e+00
4.819437198807365874e+00
4.249674965959172823e+00
4.008717793997729650e+00
4.674412305694279013e+00
4.182925003296441346e+00
4.709592253315569188e+00
4.591361028072662442e+00
4.482198038606655111e+00
4.493473043159849745e+00
4.280419919540325857e+00
4.612629373776323760e+00
4.459732216918737890e+00
5.061916631024695690e+00
4.938025258083017732e+00
4.902709231788333177e+00
4.685341613061063448e+00
4.564109925738512707e+00
4.519766994101219737e+00
4.478174649598798851e+00
4.555417383087077887e+00
4.259465576604913650e+00
4.091357996085803528e+00
4.642876272495334966e+00
4.176710821758398140e+00
5.422296923977453886e+00
4.351655083398136448e+00
4.142620843974298417e+00
4.199790530584403214e+00
4.908330411527534132e+00
4.811800485713252584e+00
4.409369469510146189e+00
4.858030919954125615e+00
4.925824082907107382e+00
4.540711530985306332e+00
4.416088823314679779e+00
4.631695251961682303e+00
4.827266390481178782e+00
4.683870351362371842e+00
4.262632483402076566e+00
4.183171439601328423e+00
4.561967273120786537e+00
4.845297647433062238e+00
4.549805015814255782e+00
4.755108039573691769e+00
4.492550135080425555e+00
4.578948967211748489e+00
4.177022082977426720e+00
4.162300299100238021e+00
4.490381182281444339e+00
4.728224737438925018e+00
4.292746207622013088e+00
4.681890667661773087e+00
4.625902183059738881e+00
4.579209047469350757e+00
4.083870789970786674e+00
4.645381855583454289e+00
4.571983374429692049e+00
4.745294271550787535e+00
5.443303894825670675e+00
4.709685096723058351e+00
4.456662862857955432e+00
4.185545186441565590e+00
4.542004681070591410e+00
5.118219292980641377e+00
4.295355600073773594e+00
4.368730113775989743e+00
5.579487926696295119e+00
4.379097107926610555e+00
4.796710785481004713e+00
4.868530536342148274e+00
4.656680670043930270e+00
4.556521399563506769e+00
5.124176120891320352e+00
4.329799528311641943e+00
4.890363060476987656e+00
4.362749720555950894e+00
4.119898312676996355e+00
4.126414906958620676e+00
4.347672435175551797e+00
4.553099977989462310e+00
4.632833575100869794e+00
4.599996309944105022e+00
4.371225104067541167e+00
4.355518485426043362e+00
5.261695991543359874e+00
5.395777990065102614e+00
4.193560615832609528e+00
4.709537431401384922e+00
5.245899982181767562e+00
4.495486004452697415e+00
5.168917444791270910e+00
5.069576409617499557e+00
4.873358160659284621e+00
5.059088964698796431e+00
4.336684278105436441e+00
4.902817828841789627e+00
4.388260559639023839e+00
4.532993080939726305e+00
4.318077684090772195e+00
5.192610917298539519e+00
4.729667183468445835e+00
4.700290255613569279e+00
5.241248348793942746e+00
4.675380562291058695e+00
4.220989889688420149e+00
4.313255832091755337e+00
4.244707432083189680e+00
4.452586603279207189e+00
4.393605520192728875e+00
5.333639238490445855e+00
5.605437155296959517e+00
4.134106712042577847e+00
5.446200704623229250e+00
4.381167553399624381e+00
4.344019647705955833e+00
4.802531539464831134e+00
4.515133184818878043e+00
3.926373327916854894e+00
4.704695565126889356e+00
4.443248652682719957e+00
4.592331034892692010e+00
4.442510371299589700e+00
4.128729852575271586e+00
5.327773285913421475e+00
3.951274638679751483e+00
4.570425667217499210e+00
4.817680947046949491e+00
4.697648817708478752e+00
4.357642760445801677e+00
4.876441728760553929e+00
4.404464309992301985e+00
4.362322401246474080e+00
4.372674751306903751e+00
4.983301133984627818e+00
4.823483631088338441e+00
4.417908168411780245e+00
4.507336891882596674e+00
4.414512019775260754e+00
4.488614219414809980e+00
4.740486184339691711e+00
4.078018368145614581e+00
3.949092035363212627e+00
4.621696045367412964e+00
4.869695828294132056e+00
4.375115159683216959e+00
4.646033250139479875e+00
4.596605162573816905e+00
4.412338377798022293e+00
4.562660389251586679e+00
4.489801033581107603e+00
4.959141094083584278e+00
4.917244685588266329e+00
4.692610262982488400e+00
4.315938942593504635e+00
4.201427017815321463e+00
4.327728453491169525e+00
4.737035409842209610e+00
4.448504604307082388e+00
4.614512445949928043e+00
4.333470892090848459e+00
4.527890204294246601e+00
4.421675044168918767e+00
4.738915085299733931e+00
5.077911865922613899e+00
3.950215089475356489e+00
4.445488223339769007e+00
4.350888882530931312e+00
4.540154674285911796e+00
5.522496417563997895e+00
4.608168520681156011e+00
4.669373554438503326e+00
4.593984770745871415e+00
4.798017482167723280e+00
5.155793863806325206e+00
4.566250793866574398e+00
4.627062548201694270e+00
4.207803511023194609e+00
4.676881428150637454e+00
4.614007705953319771e+00
4.230765563768736470e+00
4.300926056865072233e+00
4.107018804552128088e+00
4.386127056973242233e+00
4.216718141056829516e+00
4.943881410515779784e+00
4.636468545857464818e+00
5.123545881727411100e+00
4.935758125626134252e+00
4.860927497841813327e+00
5.636755073430820495e+00
4.769224444822858011e+00
4.812995640897490546e+00
4.138707750605568947e+00
4.746253902080742826e+00
4.321422258422642493e+00
5.010333301278057760e+00
4.772652125238170839e+00
4.617461711665883151e+00
5.441577681096631203e+00
4.341756155802037220e+00
4.844878424381526827e+00
5.316640849906337785e+00
4.362358855084887743e+00
4.137772401778161857e+00
4.646552822188841247e+00
4.858010012749865325e+00
4.309531499362084794e+00
4.536467637944950226e+00
4.293851566640124240e+00
4.489764719294460527e+00
4.570372259727048636e+00
4.854145751692199084e+00
4.655521151559851134e+00
4.295414005225009824e+00
4.384639515566146173e+00
5.056143030711205633e+00
4.386350862888480862e+00
4.136019792122479721e+00
4.499962114739381569e+00
4.393116076745930521e+00
4.198753458033648300e+00
4.727040550558272436e+00
5.216691965183875901e+00
4.388860021856102023e+00
4.654733751803246555e+00
4.520626185874559333e+00
4.250889034793987165e+00
4.638066183666536446e+00
5.010370611025361853e+00
5.571013367104241887e+00
4.234800320491544312e+00
3.955543551146333048e+00
4.054024388623377995e+00
4.708859498555410639e+00
5.092987960189889307e+00
5.056303816963427344e+00
4.506382580985562214e+00
4.928901405302535288e+00
4.944561570022890429e+00
4.853873696017927841e+00
4.625671459110733075e+00
4.381330847914473914e+00
4.713446405887000701e+00
4.306192849903448305e+00
5.032032531580687085e+00
4.226349992652753684e+00
5.048393008548289096e+00
4.384086903715203931e+00
4.692596637844626883e+00
4.738769010139176174e+00
5.225125245571439869e+00
4.565867574537804785e+00
4.555997956901364887e+00
4.529342090299914858e+00
4.542979918553578855e+00
4.606508783152382769e+00
4.140023700879437385e+00
4.256953239717404358e+00
4.645593014706609125e+00
4.931646055021719377e+00
4.150468406047359338e+00
4.857837067370624595e+00
4.636821948169520091e+00
5.177050504234110839e+00
4.765712231338254945e+00
6.113541621651769731e+00
5.248395045066117426e+00
4.017147283030323202e+00
4.622117459133227690e+00
4.774628421313432902e+00
4.855110795950979607e+00
4.917647628934899373e+00
4.856693105320427861e+00
4.930621785404458279e+00
4.679734571693047407e+00
4.316174285630555829e+00
4.560206899470458097e+00
4.771374463045995995e+00
4.591320397811296417e+00
4.296043174126222830e+00
4.533038145188550416e+00
4.642566696931342385e+00
4.536756524311953420e+00
4.136467212688472728e+00
5.212520964634202336e+00
5.433224000346419835e+00
4.742495885760391161e+00
4.826942282528903228e+00
4.760803012886518637e+00
4.429598805264434169e+00
4.422322152453234345e+00
5.028106898953865311e+00
4.573539003240959744e+00
4.812567019123194179e+00
4.446084140493154813e+00
4.395193949024975844e+00
4.400335723526170639e+00
4.699538031231434765e+00
4.404183573498197113e+00
4.703641460480605829e+00
4.185708260897013311e+00
4.911757171715305681e+00
4.288706543761178658e+00
4.818208846582840543e+00
4.558395900020894231e+00
4.818583486578456920e+00
4.929969177396299251e+00
4.607418833149852233e+00
4.809601201003968818e+00
4.514682375486433585e+00
4.676759909510842306e+00
4.478192916475507879e+00
4.703304023763445585e+00
4.443275629267050775e+00
4.374399157816661443e+00
4.058534136937811176e+00
5.121209265224404561e+00
4.698791706028017323e+00
4.380293028408623002e+00
4.341185345152089425e+00
4.552762078289910974e+00
5.071267553202328138e+00
4.743994635605887744e+00
4.526678730201082246e+00
4.833634702914643810e+00
5.320215448932429148e+00
4.498387991496473504e+00
4.164652264705974716e+00
4.805214711286661000e+00
4.705110183233731647e+00
3.702398292477915742e+00
4.505993630362980618e+00
4.714546061825044987e+00
4.836224583524164622e+00
4.590461917467584918e+00
4.617901298394154530e+00
4.728386296645961551e+00
4.804242394564091079e+00
4.284341788186100786e+00
4.729435033774669783e+00
4.998675015022214119e+00
3.929764132366505347e+00
4.642951881597154440e+00
4.413112774116965120e+00
4.397964647127611038e+00
4.807489771155829317e+00
5.240571899057514749e+00
4.547773692725963102e+00
4.296065739561331753e+00
4.704336320744245903e+00
4.146463530163251754e+00
4.503277026319799425e+00
4.511882959527397929e+00
4.437864954731892020e+00
4.855013774456475417e+00
4.942124821514366495e+00
4.278632678622187768e+00
4.890067803660144818e+00
4.428798527523625239e+00
4.893116245585583890e+00
4.597158207788666573e+00
4.573841341844619102e+00
4.507207034321989880e+00
4.594830007461585986e+00
4.602315172886503269e+00
4.340325694458920580e+00
4.524847197122078057e+00
4.173401812320902238e+00
4.686200124948617152e+00
4.624108780732511192e+00
4.754712433622723111e+00
5.111274349853877297e+00
4.265163479064326246e+00
4.838982824855719400e+00
4.164269831115681164e+00
5.187137562799183144e+00
4.638838970568836650e+00
4.623009714902448053e+00
4.452089818842330793e+00
5.658703367094230607e+00
4.504898777037588786e+00
4.724668223307349813e+00
4.382586613788868490e+00
5.746569862437287846e+00
4.659058856778040436e+00
4.664126877947611050e+00
4.279588582540275965e+00
4.640973068183641637e+00
5.612115466441164990e+00
4.871358191335906973e+00
4.487081251254298131e+00
5.038527182080538402e+00
4.595296102915045644e+00
4.458683974761624036e+00
4.282746490753457813e+00
4.559014748095759018e+00
4.245526796856569085e+00
4.394800243103975212e+00
5.229282453546533205e+00
4.644028806753254024e+00
4.680476863896849693e+00
4.477194524188455205e+00
4.798382592914482991e+00
4.553019211570771496e+00
4.716163022633332425e+00
4.958317912805087602e+00
4.770529546527663811e+00
4.540810705337154474e+00
5.336169937600043767e+00
4.823343094678304688e+00
4.611535589525375123e+00
4.858630416320149692e+00
4.272654446890330249e+00
4.319092507766908007e+00
4.411263139181336612e+00
4.136137721830004388e+00
4.385105090898136382e+00
4.737464294016836774e+00
4.307131111414191693e+00
4.264282289437947959e+00
4.443208064249914102e+00
5.011057180387584076e+00
4.526136208089186042e+00
4.645297469335008422e+00
4.449971828868241275e+00
4.706596855799807244e+00
4.405371332655392713e+00
4.498523312385662720e+00
4.694618371701286819e+00
4.866603068325456860e+00
4.285764466493186653e+00
4.203505068099540054e+00
4.822982796847358422e+00
4.428484021315632901e+00
4.764566920222924828e+00
4.716169455655154330e+00
5.157452115974972884e+00
4.604594251684515527e+00
4.574161620159067354e+00
4.665878746099565433e+00
4.477998370452192844e+00
4.550586726267944471e+00
4.490738451365547945e+00
5.401493315006836937e+00
4.612965830502521847e+00
4.767910920587696388e+00
4.928653553968941559e+00
5.087036089554541896e+00
4.659566359101917854e+00
4.828041183562453931e+00
4.457717400704177990e+00
5.123768692494806487e+00
4.761458889860532118e+00
4.615143143426079675e+00
4.799705406019141307e+00
5.139729544144252316e+00
4.934190687297590472e+00
4.659354449924415498e+00
4.474422613112296609e+00
5.090355621685277221e+00
5.012007992136399359e+00
5.256204627504123650e+00
4.101002730475432401e+00
5.276447996243393668e+00
4.168897990332469661e+00
5.693220996737768047e+00
4.598211764907135013e+00
4.533006574646595510e+00
4.505636982182967820e+00
5.065956299178090205e+00
4.300483263851592852e+00
4.880914960282935589e+00
4.635936155141821224e+00
4.722832699598527029e+00
4.559498711035669949e+00
4.717006298641895690e+00
4.756743545206683521e+00
4.531268836310676562e+00
4.438631640102374654e+00
4.799344983191219605e+00
4.403493244174238264e+00
4.307234075533632911e+00
5.063449463479509305e+00
4.536323097876541866e+00
4.237988239180931593e+00
3.980844345109346705e+00
4.593190728069807882e+00
5.045764693924117417e+00
5.104292751602939049e+00
4.397719484953257485e+00
4.204346060941630547e+00
4.142500758662143845e+00
4.704554633977182654e+00
4.377557305925459552e+00
4.585090364664183404e+00
4.727254369881603857e+00
4.856355149333758447e+00
4.351494072419144210e+00
4.866739985575087246e+00
4.155427203616173237e+00
4.421162418401909378e+00
4.618738973099606682e+00
4.776126606917528328e+00
4.405197873597837877e+00
4.157863100299900694e+00
4.544857735864338721e+00
4.139751475281236104e+00
4.961822654604547189e+00
4.409361422397643615e+00
4.569598291161755199e+00
4.570391123550612278e+00
4.281688930189845088e+00
4.792131666825598657e+00
6.093110817593855089e+00
4.743088020472029598e+00
4.016444536228631179e+00
4.257804570494609919e+00
4.567687219358927742e+00
4.843224762747039058e+00
4.699280801458506573e+00
4.922144048518990012e+00
5.567819742266536309e+00
4.777507592245886059e+00
4.777961145105899199e+00
5.348663378812352320e+00
5.223536543686231326e+00
4.225210961208906824e+00
5.201592083368896446e+00
4.379439956689862967e+00
4.481265704770359015e+00
4.184356486599714486e+00
4.597419305143525037e+00
4.952620655179790887e+00
4.688549253939081396e+00
4.692792168599393854e+00
4.917251763028082756e+00
4.575167392714408088e+00
5.697723726388359111e+00
4.788745572962752384e+00
4.593846996141127903e+00
4.563015506141237410e+00
4.832984419099116913e+00
4.450195576516446927e+00
4.652697002292973671e+00
5.050451976900383499e+00
4.928549999065222842e+00
4.061944498542232829e+00
4.122432839473777477e+00
4.185800221354271322e+00
4.398804662558071676e+00
4.680232063511220453e+00
4.670280575582951954e+00
4.926854511190966512e+00
4.361171634145495801e+00
4.478974256309509627e+00
4.097007856530249903e+00
4.541766531375042604e+00
4.412762112930351144e+00
4.781820048044608029e+00
4.686131618288293055e+00
4.892318657904221268e+00
4.414665244899951269e+00
4.739618749000906739e+00
4.815252145441242249e+00
5.000292797544743983e+00
4.671105659761869866e+00
4.736057143640183043e+00
5.037312632853658378e+00
4.687183992871570837e+00
4.693706736364087639e+00
4.681170052239775892e+00
4.203680417245223566e+00
4.878256423805254371e+00
4.619729496670214708e+00
5.084729295979430574e+00
4.623428100992873269e+00
4.072109039719508772e+00
4.301179230094416717e+00
4.801347618419277374e+00
4.930524333922224223e+00
4.862884942565784741e+00
4.372962728652409758e+00
4.639281733931150953e+00
5.537245143385881363e+00
4.453686090485697413e+00
4.314100163170238034e+00
5.496503577607094293e+00
4.077339014779663096e+00
4.853541263191016419e+00
4.038640388153397431e+00
4.587583866322121118e+00
4.571709505345753044e+00
4.912757214527398553e+00
4.960362849818323205e+00
4.451647839425947772e+00
4.427089591148763326e+00
4.265479873458236426e+00
4.997218169761503681e+00
4.307568447307950521e+00
4.242612017876506769e+00
4.265144153505169733e+00
4.390760029141365983e+00
4.485813542965203737e+00
4.576872775776915425e+00
4.609039817147596807e+00
4.912385457399268240e+00
4.291671771195509244e+00
4.496699776218569866e+00
4.389518878468638974e+00
4.803627336744457743e+00
4.767379772329000787e+00
4.400114170411805858e+00
4.591427200255046692e+00
4.665892255638462771e+00
5.660044168800938635e+00
4.428835113882842123e+00
3.891499707898423033e+00
