6.329581049932821147e-05
4.335639907240757581e-05
4.683194854909144514e-05
4.373357837207961593e-05
4.354787845440419080e-05
4.456101060483373184e-05
4.271297462329179433e-05
4.513121198706839405e-05
4.423472286373014727e-05
4.583066588592670703e-05
4.352044954684183983e-05
4.467256353665368382e-05
4.412002564673284983e-05
4.592044269217613060e-05
4.579713338845668144e-05
4.359053820330347184e-05
4.767914970088317505e-05
4.344008257107702132e-05
4.423036287477697472e-05
4.526941701130825284e-05
4.231856327317214768e-05
4.319806619104006433e-05
4.852961148945609166e-05
4.398334568008284749e-05
4.395413262512412584e-05
4.273226450322454976e-05
4.303909505485227374e-05
4.449183962697376705e-05
4.312433869389922314e-05
4.390671985163699441e-05
4.208960706595429852e-05
4.335896925371466329e-05
4.720804024682838450e-05
4.231548274260680452e-05
4.278221192724896826e-05
4.562386440919514910e-05
4.589578996593351518e-05
4.233395939451194395e-05
4.595318452236007740e-05
4.912349042467492756e-05
4.571909886852106378e-05
4.398962423494653159e-05
4.326748015307473440e-05
4.557786215902578616e-05
4.526978501943327069e-05
4.499537697138958852e-05
4.356327807368375857e-05
4.260895670927776773e-05
4.388366577146040232e-05
4.330936981555997200e-05
4.313513977711646229e-05
4.497924303858635099e-05
4.276261456359513118e-05
4.323821951171493203e-05
4.414341444283572291e-05
4.391298939590935352e-05
4.518025053502445966e-05
4.252298915369703787e-05
4.360594231797917394e-05
4.356034538305407575e-05
4.140770461562672168e-05
4.184867078336403789e-05
4.302011486682945227e-05
4.358793765105918068e-05
4.317809372782792707e-05
4.184283534288517223e-05
4.370526469994827601e-05
4.234104574839124064e-05
4.287471094996053397e-05
4.204736430958294754e-05
4.506418128489008161e-05
4.317138857315282473e-05
4.587682249729748969e-05
4.516787764700401145e-05
4.355471271661892093e-05
4.212635067027386139e-05
4.888916322093467146e-05
4.261677834731255292e-05
4.486739771505864299e-05
4.458438030260275574e-05
4.545257731348270900e-05
4.801129208491569368e-05
4.452350457720271346e-05
4.490595731306034396e-05
4.336848816590735785e-05
4.230897365050626403e-05
4.367018178670533166e-05
4.486234404423267657e-05
4.235969476774896654e-05
4.434783666226917712e-05
4.171156089954556066e-05
4.357265248831668870e-05
4.341392165485690461e-05
4.335575660292998026e-05
4.324609507410747381e-05
4.461832346933275234e-05
4.602063520039263375e-05
4.248363721887685976e-05
4.283465610660849306e-05
4.418427948529269966e-05
4.467201530399130503e-05
4.325324941832482087e-05
4.765032672957980592e-05
4.259824199019167330e-05
4.216430788087010894e-05
4.400349121172329346e-05
4.526021429474363597e-05
4.279711336183910497e-05
4.572081802599565152e-05
4.345536721399876137e-05
4.286959267203196787e-05
4.272030226610720163e-05
4.648223989364471661e-05
4.334176214021445445e-05
4.287399210240955077e-05
4.781415485856360122e-05
4.555523907980440904e-05
4.228628873918319908e-05
4.276686921181677760e-05
4.390299535101649365e-05
4.495792506239330784e-05
4.412162627295281546e-05
4.559953779273908124e-05
4.746804433110007036e-05
4.318099944229083289e-05
4.349254199440262905e-05
4.261025661580552322e-05
4.341562871555431269e-05
4.519120962314016374e-05
4.359626327599564356e-05
4.715604334229235464e-05
4.527565230459050630e-05
4.312785897671717717e-05
4.367526550536439590e-05
4.473737211051453640e-05
4.927754463273460511e-05
4.177771186365601111e-05
4.342881439892523518e-05
4.344313568013587239e-05
4.326440082581120626e-05
4.568296000160290492e-05
4.414309834430690799e-05
4.353823829035470175e-05
4.480056727034931066e-05
4.308695603767828431e-05
4.231658080352554646e-05
4.341690886904173927e-05
4.180365058901461332e-05
4.304218873522519436e-05
4.630502812214925380e-05
4.717858025588245429e-05
4.298035552600059208e-05
4.364352175125283388e-05
4.321989758752562799e-05
4.400231059768171910e-05
4.285363778115137550e-05
4.374672903235737528e-05
4.904330569676465274e-05
4.362141103454879906e-05
4.274036732094156095e-05
4.807986508977195799e-05
4.290287290808179210e-05
4.325367299000393555e-05
4.261722768230641442e-05
4.390128755682258364e-05
4.598938536471411435e-05
4.291621213299763750e-05
4.264575718971223237e-05
4.296356136790568058e-05
4.509964479469870288e-05
4.406275778870385638e-05
4.243221934185762746e-05
4.418395837291520063e-05
4.166926703535777835e-05
4.445790580879071109e-05
4.260299016158381786e-05
4.514950492716326990e-05
4.269172988142526577e-05
4.537089716919982671e-05
4.745330204078469126e-05
4.245662975182014413e-05
4.177713002303339295e-05
4.234679624682482644e-05
4.556876452156140262e-05
4.386258507319433427e-05
4.492151549607644091e-05
4.238755727162651492e-05
4.312851378026972334e-05
4.279508003930585061e-05
4.569247239697634295e-05
4.477926744952096422e-05
5.056408815724241005e-05
4.236949944769828044e-05
4.405987704101288656e-05
4.394413474240227202e-05
4.221293026347562138e-05
4.529328614452937126e-05
4.261887198803052617e-05
4.306658454303157721e-05
4.275068167916094283e-05
4.447937888378343632e-05
4.314325475893937090e-05
4.224536760653440498e-05
4.777656729388374160e-05
4.255297090446583526e-05
4.195935468171871715e-05
4.200462189971485775e-05
4.306566840363377363e-05
4.238710186486273552e-05
4.401970075769756277e-05
4.235519526542320549e-05
4.549846106694877077e-05
4.338256850621433937e-05
4.305685308167468689e-05
4.411549057221932882e-05
4.293605767428227798e-05
4.348969121004798928e-05
4.638406527731790886e-05
4.228805204612728105e-05
4.300296049655961988e-05
4.291200611238297097e-05
4.556888674045011226e-05
4.176791212505186147e-05
4.495061709996294840e-05
4.194811709928729008e-05
4.279323279705086428e-05
4.510108754506734683e-05
4.261896149277682598e-05
4.379442651272676948e-05
4.337386380774909094e-05
4.664154312941682387e-05
4.262986086651286916e-05
4.227978504078913613e-05
4.474142192250180988e-05
4.428626660520144616e-05
4.696131318592813245e-05
4.392868766464953811e-05
4.220374351853619743e-05
4.362611344712099946e-05
4.349207418318624892e-05
4.833003851372158315e-05
4.565862606583234392e-05
4.306619282676687343e-05
4.314951164893211474e-05
4.508169309328194943e-05
4.260671195926583253e-05
4.247254201554522831e-05
4.502951770437843614e-05
4.354247149329393577e-05
4.325456154178014632e-05
4.538614713050400360e-05
4.177454436199211856e-05
4.649531726839144414e-05
4.347932276897399151e-05
4.247983531727199451e-05
4.420907386429828012e-05
4.270280599686857026e-05
4.241303312798280799e-05
4.349139286470633017e-05
4.309507824468240063e-05
4.481991256628445330e-05
4.766982790145655839e-05
4.223472357356906524e-05
4.482720237860338049e-05
4.430299653814302486e-05
4.641743802297378774e-05
4.298309416773353887e-05
4.313659263748849653e-05
4.273766294703631855e-05
4.430325388795736233e-05
4.190441736340442711e-05
4.269225106196593918e-05
4.424625449685714429e-05
4.311721004735865747e-05
4.329230572707602526e-05
4.309635048706778981e-05
4.409525170814522298e-05
4.327555412140512086e-05
4.460054546661505910e-05
4.192886095669023401e-05
4.307954104435857872e-05
4.628783867154040389e-05
4.214461888938676867e-05
4.758677293317923365e-05
4.177768669958002186e-05
4.280456129492648431e-05
4.424963353852721124e-05
4.393650616191695978e-05
4.611168574625377353e-05
4.202606772237792436e-05
4.348915620108073253e-05
4.201520963710582809e-05
4.326162259352723421e-05
4.244238397156236125e-05
4.439124797921867083e-05
4.184125103085586662e-05
4.430731155182134350e-05
4.384829923117617123e-05
4.345880568290564825e-05
4.632989612326486345e-05
4.330311387032222424e-05
4.281868424583713708e-05
4.359745488903411754e-05
4.281212155620086484e-05
4.226611915095232030e-05
4.738400815907769441e-05
4.231898055573374051e-05
4.261670751721454732e-05
4.311126712041819987e-05
5.079426145386122145e-05
4.415690722756062222e-05
4.358334708309882647e-05
4.377411646723276763e-05
4.493768850259468581e-05
4.258186490687763546e-05
4.792198909158523025e-05
4.345319524233211359e-05
4.517217628963729399e-05
4.713421784123099514e-05
4.417814649234703728e-05
4.355736119783183344e-05
4.270066019487293982e-05
4.347403243643506611e-05
4.607088657722344430e-05
4.295317323924693621e-05
4.464010671823574934e-05
4.182725705537097832e-05
4.260690152858917908e-05
4.226560001715710366e-05
4.408087172384058457e-05
4.178509762660053664e-05
4.706321837602772342e-05
4.785827298403867546e-05
4.390555847388529496e-05
4.301055059129726233e-05
4.793145700143013293e-05
4.373745132992860819e-05
4.416911219883246304e-05
4.271707567545117342e-05
4.416397931212061122e-05
4.599114164865440865e-05
4.308869612160908473e-05
4.269998064675484587e-05
4.282993993264045443e-05
4.201905448916437959e-05
4.404828652921309178e-05
4.264411709063412493e-05
4.597738300215407740e-05
4.237587853919981724e-05
4.304534010731951024e-05
4.397189662238476022e-05
4.264847938126373861e-05
4.232643410732866437e-05
4.250728795039865788e-05
4.284165267957829661e-05
4.525167419618017739e-05
4.327673047545951612e-05
4.333485438519033163e-05
4.621990118850235481e-05
4.376189002192666541e-05
4.501172949440205282e-05
4.225547285691773260e-05
4.454182553701519149e-05
4.209516257354053602e-05
4.277409155170695793e-05
4.221294051208312602e-05
4.142715103838262851e-05
4.292030360343712506e-05
4.338817284183011427e-05
4.322004371947545088e-05
4.553294612780381905e-05
5.000824247014950147e-05
4.313007472039660664e-05
4.601824522916689406e-05
4.348940334115541364e-05
4.274206487220467271e-05
4.468983304118883093e-05
4.430552562342656906e-05
4.234295093238499557e-05
4.496488259726097409e-05
4.631460415916636395e-05
4.389845682518236312e-05
4.266652803637498165e-05
4.244784162835100474e-05
4.737380322712369081e-05
4.247732494967066676e-05
4.362589817290677324e-05
4.252633729026393473e-05
4.301545177244135671e-05
4.523230926572319567e-05
4.327313674564503055e-05
4.514641539848713079e-05
4.190069462030517891e-05
4.304466352261944722e-05
4.199193770737235390e-05
4.469822275873707942e-05
4.378813704273357415e-05
4.260518402023454596e-05
4.241545243314278902e-05
4.928782553924732486e-05
4.286279222053220771e-05
4.363596562460044653e-05
4.447531377629901453e-05
4.311963093293439553e-05
4.329907055259531434e-05
4.335590209906231400e-05
4.169389983416034494e-05
4.205239932181412349e-05
4.476200324164129922e-05
4.385725211443570267e-05
4.453057301676867363e-05
4.442533598480976665e-05
4.394990116514404204e-05
4.446154685733181785e-05
4.218024099935471533e-05
4.310052843465436907e-05
4.386795532279368965e-05
4.637484495689861837e-05
4.343216420144789650e-05
4.667297621254954808e-05
4.233737845792022659e-05
4.189473452784660279e-05
4.441297212692838848e-05
4.468391233554429618e-05
4.333561400057950325e-05
4.534101349869505292e-05
4.315390326680922063e-05
4.279863546203839660e-05
4.337783793613877146e-05
4.500610997378518067e-05
4.401529370395072495e-05
4.217077463421385424e-05
4.335701394577714867e-05
4.310161373447370320e-05
4.286359807612994088e-05
4.258060876140145901e-05
4.439435235769882714e-05
4.489930642946803405e-05
4.269564528801344318e-05
4.285715447705577391e-05
4.249047578717069700e-05
4.285602981641325879e-05
4.436289761937638334e-05
4.261523709438956310e-05
4.346060639646643411e-05
4.233569751959551607e-05
4.339913253720006903e-05
4.463926920026761133e-05
4.427302809390081662e-05
4.277960509355960679e-05
4.218965913132212615e-05
4.219260322066412561e-05
4.400257247504530409e-05
4.284311912956918165e-05
4.359347614353332735e-05
4.171601431361193958e-05
4.290367582234056007e-05
4.175840689971710868e-05
4.253657353821003518e-05
4.391014753640369209e-05
4.706155269310769302e-05
4.577888786358375506e-05
4.185264545563324858e-05
4.695159658041658969e-05
4.379895501348812098e-05
4.463229828695063642e-05
4.322569972929850410e-05
4.375868747218390639e-05
4.373624623568906120e-05
4.613514161177152174e-05
4.614389061935737888e-05
4.347273953886874215e-05
4.238617625365681492e-05
4.389593869152199929e-05
4.240245111065910690e-05
4.489273426247391880e-05
4.277919214393404893e-05
4.350165309772283692e-05
4.165274362815202339e-05
4.280070741883641754e-05
4.558836986069792716e-05
4.501075446871784501e-05
4.429652707485234799e-05
4.284573814116462656e-05
4.408879090874478259e-05
4.222562137437787838e-05
4.303297717672881310e-05
4.423572555747426233e-05
4.265645759559401849e-05
4.320663351020470968e-05
4.335765373914846619e-05
4.811310678060050041e-05
4.406189331661692439e-05
4.283258700033442718e-05
4.252199913685923433e-05
4.394765572703467353e-05
4.354997306377470396e-05
4.213335710816030810e-05
4.304731318810701616e-05
4.371427857167088687e-05
4.651219646393219063e-05
4.320773702091341718e-05
4.264893435267440270e-05
4.350038755881680599e-05
4.239607461961514588e-05
4.698349462960181089e-05
4.506485825792332941e-05
4.745409166162450166e-05
4.353196353708888201e-05
4.342028040044950348e-05
4.409218035128503066e-05
4.412666747949948515e-05
4.231058688243858170e-05
4.779640783338108122e-05
4.275171801882641370e-05
4.265827723530723835e-05
4.197595482107085898e-05
4.337141783572348802e-05
4.417101828934003461e-05
4.386106536548850645e-05
4.583552140991751139e-05
4.307128969313260238e-05
4.239834266357000715e-05
4.568327865220837966e-05
4.229375355086148345e-05
4.577416506181466592e-05
4.523743483495886657e-05
4.731130317578957601e-05
4.851724496816484268e-05
4.271067203474742020e-05
4.764996584336451236e-05
4.531330749033035573e-05
4.232968466530430374e-05
4.555327868515545364e-05
4.344518032978414717e-05
4.611265584766768670e-05
4.188693555148609895e-05
4.458767295497901250e-05
4.332727163866760089e-05
4.696619930396993140e-05
4.293386235961246772e-05
4.244452189085067386e-05
4.374565700684812517e-05
4.327979356154037659e-05
4.720627910249194703e-05
4.345758647937108366e-05
4.384794422087240394e-05
4.252889631010370975e-05
4.220898752975031556e-05
4.383378926693387855e-05
4.428750688126147631e-05
4.267328261828501264e-05
4.300598959053768733e-05
4.297738825157991201e-05
4.199533362401228036e-05
4.472659100854599497e-05
4.329340257021532275e-05
4.272604384238929055e-05
4.297368354314134271e-05
4.317505052146822009e-05
4.308036787371596042e-05
4.176953881315600454e-05
4.251399194646065811e-05
4.347187222153535148e-05
4.273996922501937374e-05
4.304256290602496640e-05
4.548281031500553406e-05
4.319163247890271375e-05
4.503531685229850661e-05
4.292053608664424898e-05
4.340869333340998027e-05
4.331455855966722692e-05
4.490847158083844341e-05
4.659429786013645264e-05
4.207005298466746397e-05
4.363294147123206803e-05
4.269329866568988941e-05
4.397882861068360560e-05
4.348936446620738029e-05
4.977475872710160137e-05
4.470709241416780051e-05
4.273420638577398448e-05
4.293088487252307782e-05
4.297931440798026504e-05
4.389574887539776844e-05
4.535172960773519005e-05
4.387182438128982932e-05
4.292581213697375318e-05
4.280791483648010141e-05
4.346493734692187858e-05
4.242385012514722270e-05
4.307072916625933365e-05
4.216789331054155771e-05
4.255153179308197539e-05
4.547227762944672946e-05
4.435134468081040589e-05
4.239557774533108520e-05
4.233209498516208387e-05
4.396772590795410902e-05
4.401551816522892289e-05
4.424903988047539642e-05
4.340832342849973652e-05
4.843515603919436898e-05
4.323903592505360565e-05
4.285839048355318855e-05
4.577167669451223935e-05
4.505867064182303476e-05
4.321679124619803880e-05
4.323282984588156164e-05
4.280708031713640379e-05
4.446093979143072287e-05
4.437403528946214738e-05
4.524574396317670614e-05
4.277596570026234702e-05
4.223349700129524201e-05
4.291066306511178970e-05
4.274496967515860530e-05
4.317494270806389772e-05
4.295419046402012089e-05
4.258243458589056231e-05
4.598179520905641899e-05
4.301161457442568458e-05
5.003178945425207466e-05
4.213394554025258557e-05
4.369515912932492519e-05
4.607041192962332371e-05
4.421994487961608918e-05
4.313387325240533197e-05
4.291322236852063816e-05
4.504456577294063408e-05
4.261462999353859445e-05
4.435702388506547055e-05
4.729107711247097513e-05
4.588279013478507981e-05
4.320115071554417281e-05
4.271279079554592221e-05
4.323254591763834041e-05
4.372749939316422191e-05
4.671269407423786496e-05
4.568076429138591323e-05
4.398552263253341479e-05
4.484532017179706934e-05
4.495594513570744878e-05
4.303425984266929453e-05
4.226723956874105931e-05
4.283165946658528658e-05
4.319741875247627754e-05
4.228274849891811894e-05
4.312989741026513138e-05
4.552404397919323896e-05
4.376331679095704055e-05
4.397526905143825848e-05
4.152129494575274189e-05
4.475624944128626015e-05
4.708787470411432061e-05
4.560740603427484551e-05
4.245778552047929389e-05
4.264287146725760598e-05
4.338474467606000267e-05
4.311356844251412751e-05
4.292102042217964481e-05
4.465285579360645684e-05
4.678598657869706070e-05
4.279233265414764239e-05
4.195691767052765037e-05
4.310403815749714012e-05
4.629033241203293675e-05
4.337961520693209538e-05
4.326932341824104959e-05
4.440291471201693188e-05
4.306600491047081741e-05
4.197762101717928524e-05
4.768189735124971654e-05
4.292236732959881293e-05
4.368620610605067139e-05
4.701941203734093786e-05
4.611426488396731219e-05
4.790653194480775365e-05
5.130509672248446392e-05
4.449674079007696090e-05
4.412216844073250802e-05
4.264549752978617113e-05
4.346630400145583126e-05
4.328193187170161757e-05
4.254482427525967884e-05
4.402163259658190626e-05
4.905243980685276524e-05
4.498921856722603034e-05
4.283714156463063361e-05
4.374465232806110207e-05
4.219704757006630379e-05
4.198346814356991743e-05
4.332067387100177697e-05
4.417342469644964430e-05
4.538308216433219124e-05
4.872352661554253558e-05
4.384648783749690686e-05
4.275832248308395085e-05
4.581801287238344421e-05
4.296181800715189402e-05
4.378669361532513255e-05
4.275748714975480464e-05
4.455184476266410478e-05
4.535421717445836854e-05
4.251816311389103472e-05
4.285529220696260825e-05
4.503094850200793441e-05
4.279321163039785279e-05
4.335967321783082309e-05
4.455872405734354416e-05
4.696014600025676317e-05
4.475319124949539684e-05
4.330300610543762961e-05
4.286333884408442287e-05
4.493232914414855764e-05
4.270200671757260288e-05
4.244890994239986236e-05
4.341589295445726071e-05
4.278375900846581961e-05
4.455722372154634136e-05
4.249917947977819481e-05
4.277430365579904680e-05
4.331142014003707872e-05
4.264731412820155947e-05
4.471567196511092929e-05
4.362073274644120654e-05
4.242251453781252534e-05
4.206533564978179730e-05
4.684362035688889039e-05
4.451572079761455762e-05
4.399946733837194337e-05
4.327741287921115925e-05
4.242349329923592917e-05
4.518265401027038062e-05
4.589464311363494200e-05
4.292603203765498133e-05
4.387150670914219532e-05
4.526908541215092009e-05
4.312263721909944493e-05
4.960745693245147180e-05
4.243049320526930774e-05
4.248180647372010302e-05
4.414185710942913584e-05
4.154015066091018533e-05
4.223825854666461878e-05
4.283521456466812875e-05
4.328309223789140938e-05
4.201314252329356078e-05
4.710437559952432366e-05
4.524361770690564553e-05
4.282201544947189281e-05
4.385442231463445228e-05
4.224319132617088460e-05
4.258844642336046324e-05
4.317842912623215374e-05
4.268752921030252614e-05
4.477814836548967052e-05
4.364830609335476380e-05
4.436307666224691934e-05
4.270939889440248142e-05
4.750429750661808696e-05
4.957566528810480405e-05
4.714182746418775369e-05
4.297840844276372212e-05
4.405494429100851401e-05
4.309543327235273536e-05
4.340213531658077798e-05
4.453280671232206535e-05
4.199944691011587059e-05
4.776074603997651019e-05
4.542144337749182321e-05
4.273476363884215061e-05
4.308519984832818534e-05
4.642596912813062740e-05
4.360167303892461215e-05
4.358133650941974378e-05
4.239940568227441349e-05
4.377084214157242882e-05
4.270217324484149247e-05
4.281602074481017810e-05
4.450062532015544239e-05
4.303963493531524085e-05
4.288350537139122885e-05
4.323635009907413176e-05
4.334475627138599367e-05
4.603129418205604851e-05
4.505527018876448394e-05
4.434862551068952596e-05
4.598290708218491225e-05
4.360104270749180408e-05
4.200627062907834856e-05
4.372824396206950504e-05
4.317776871343575746e-05
4.247917643325878822e-05
4.298486270863613077e-05
4.439540697175333941e-05
4.262478035484067282e-05
4.212629868486639364e-05
4.500279077592463447e-05
4.240396187276649519e-05
4.300444365429950623e-05
4.498339922355881954e-05
4.464612049975847237e-05
4.246727200787889976e-05
4.227199978400600670e-05
4.193547042331854897e-05
4.554078912873739279e-05
4.373725515747693921e-05
4.609181981488431662e-05
4.227663417160276368e-05
5.037683877663813879e-05
4.222890197827484189e-05
4.314671207486217211e-05
4.373554188014770077e-05
4.362408092409958258e-05
4.182700992652683600e-05
4.321320172645402364e-05
4.460963378530293183e-05
4.241262870893137185e-05
4.350992237961848473e-05
4.211261647952133433e-05
4.452058898905740346e-05
4.389649638884501426e-05
4.338575171023867789e-05
4.374128518851067872e-05
4.314391676857336531e-05
4.275892172769937350e-05
4.426801899148481403e-05
4.219585755511855559e-05
4.411930776834696989e-05
4.227844486002477111e-05
4.364332530971664622e-05
4.858503721133891932e-05
4.293753452237839821e-05
4.379303636859155471e-05
4.257501810378720524e-05
4.493689618739199482e-05
4.287139061398012954e-05
4.797841125849644218e-05
4.337582701591397320e-05
4.350721215781455929e-05
4.196619382840505186e-05
4.259893163825912040e-05
4.858480795343179346e-05
4.216505387428965296e-05
4.734492373593630671e-05
4.491907139531786821e-05
4.294865424266082287e-05
4.362323337311645096e-05
4.257786460308120318e-05
4.747155209857946640e-05
4.365284067122034178e-05
4.203175973934141635e-05
4.265905317069226111e-05
4.349416227903390026e-05
4.349236635954798050e-05
4.172055465531060648e-05
5.029077634940464560e-05
4.235214601459753858e-05
4.287082275118911243e-05
4.170288282492477837e-05
4.273399933477938954e-05
4.187695356537136199e-05
4.249244980307938506e-05
4.702951488475376983e-05
4.350549785642018370e-05
4.530086456327243768e-05
4.200550838855072805e-05
4.503826857398356007e-05
4.431497312163564347e-05
4.449399621720831135e-05
4.578590091543128279e-05
4.325294318605844217e-05
4.359985791626228306e-05
4.378636274524022831e-05
4.277802095751996971e-05
4.282992545063307781e-05
4.455383126176281841e-05
4.280399116572092635e-05
4.324099921536072769e-05
4.226362974839983558e-05
4.342922009384518129e-05
4.685898565477672798e-05
4.257474179107354921e-05
4.258037185362860015e-05
4.383877338980392258e-05
4.292825417226369371e-05
4.177860425630235548e-05
4.489682864777509740e-05
4.510900639777889743e-05
4.263562561199183868e-05
4.217591709617667144e-05
4.238085706355195550e-05
4.263761020085369782e-05
4.770990997395775798e-05
4.302289305165746833e-05
4.382991472642146295e-05
4.397473927490313118e-05
4.272021413806892132e-05
4.528589817520726834e-05
4.178461090276279602e-05
4.443564047488564864e-05
4.257868049636394787e-05
4.810005760580646081e-05
4.340169235926385393e-05
4.334325404016024747e-05
4.222288501094107464e-05
4.358085693948710276e-05
4.419082472468434668e-05
4.297392597503991410e-05
4.223413797464200197e-05
4.252624770965953257e-05
4.701206651819597710e-05
4.377851989710097636e-05
4.562239422741997329e-05
4.206677237619282949e-05
4.394966673553496873e-05
4.282631120989438181e-05
4.276795798113352653e-05
4.774706831444469976e-05
4.570769751199736040e-05
4.739359375874100489e-05
4.275734985099590146e-05
4.536399400606751887e-05
4.391519385317633166e-05
4.291480835994612887e-05
4.299410053534507919e-05
4.550488117367193567e-05
4.306462309458061088e-05
4.324152058067829785e-05
4.399890622950073060e-05
4.641401171966120457e-05
4.428831519247996532e-05
4.940990700019302375e-05
4.909633863565278882e-05
4.300171741127206194e-05
4.443453044822679463e-05
4.347339944527965042e-05
4.321887596367670801e-05
4.295851517687454671e-05
4.197018644199714872e-05
4.643960379917884163e-05
4.334782281123423012e-05
4.214254901142550460e-05
4.404985873074879985e-05
4.438218652541305156e-05
4.498172163002583777e-05
4.326639108042205651e-05
4.798908847435608724e-05
4.350067495489443850e-05
4.615665599566936216e-05
4.245871313754695910e-05
4.790724801906172327e-05
4.469048809551754965e-05
4.656306951128118596e-05
4.499003032723839570e-05
4.278410619228730644e-05
4.221004309384484871e-05
4.289034647968984620e-05
4.510233450318817223e-05
4.296860474224048216e-05
4.176410487897636194e-05
4.310089538946185850e-05
4.474095243083062965e-05
4.428806056542503050e-05
4.617692054483979756e-05
4.234558550351984229e-05
4.654565576783068512e-05
4.227552242400192401e-05
4.342973991060775925e-05
4.222845147794503876e-05
4.340687569383584201e-05
4.175456234795924860e-05
4.823129604096957002e-05
4.739138442756905654e-05
4.554359991730512421e-05
4.258662982650678682e-05
4.285170758554480389e-05
4.494793431774809638e-05
4.253718338021952742e-05
4.292186463665332229e-05
4.431111482535466528e-05
4.370165969935652377e-05
4.189484855164012268e-05
4.236303480611530004e-05
4.306272004666736656e-05
4.499934279890371815e-05
4.336046848696523679e-05
4.379182075964642608e-05
4.525912595299968626e-05
4.270374018423455699e-05
4.330507801951485945e-05
4.322693189866532040e-05
4.237037240847622475e-05
4.325304149686329226e-05
4.691279493580277204e-05
4.229672974832296369e-05
4.357317579926548281e-05
4.294051153465155008e-05
4.712715739434318244e-05
