6.478117743400166262e+01
1.715209219672652807e+01
5.988470840662307282e+00
4.842448570432334343e+00
4.727645495839235323e+00
5.024905250531164214e+00
4.720387581013165246e+00
4.704164754283895356e+00
4.578780039884978947e+00
4.738617271115256102e+00
5.014739519814817470e+00
4.743908830708035040e+00
5.069515299537080466e+00
4.733947131883732951e+00
4.833519818401232904e+00
5.184131291688729881e+00
4.812813384655359350e+00
4.772031808816286080e+00
5.061989462569682630e+00
4.742581402706875338e+00
5.076163359461522973e+00
4.646987816453777675e+00
4.620767770413587883e+00
4.658128655916500271e+00
4.915349033167927928e+00
4.817113075119737076e+00
4.451120738611866301e+00
4.656423347187211625e+00
4.736118905149774072e+00
4.778423023424034355e+00
4.677324172962123328e+00
4.890143519146916695e+00
4.940518821168922159e+00
4.692510342330452389e+00
5.022230160470528837e+00
4.576718836914287714e+00
4.532753955689323710e+00
5.389421235152316747e+00
4.997159937336164148e+00
4.808269811487507539e+00
4.818254686157737332e+00
4.750797346262092269e+00
5.119533215125641412e+00
5.175536727592744413e+00
4.759855693510912644e+00
4.941471050245482388e+00
4.888113885018030125e+00
4.511408098431330060e+00
4.737041674053639184e+00
4.663741919243062028e+00
4.549514429419944328e+00
4.611200308931077352e+00
4.698058752509383318e+00
5.139480796107286587e+00
4.986047585366163659e+00
4.904525066365247099e+00
4.671647814853489677e+00
4.542586413571471304e+00
4.935159779950506476e+00
4.864796643196378056e+00
4.734990683919558130e+00
4.869317617472128212e+00
5.337298306729099551e+00
5.108335030180797709e+00
4.757234842497655158e+00
5.023797526990888329e+00
4.478116607672427918e+00
4.660447591409446311e+00
4.902435984408969105e+00
4.610239463136877269e+00
4.962136689064367445e+00
4.797183454886891241e+00
4.679002880015808330e+00
4.639275289760228738e+00
4.724784474991106542e+00
5.152062098839475190e+00
5.089979049027285818e+00
4.589164310946260095e+00
4.914151990726999486e+00
4.627263148190090547e+00
4.940425853035523396e+00
4.998922700567838717e+00
4.721911645808903657e+00
5.021807319632599409e+00
5.253057185177883781e+00
4.979832187686451306e+00
4.952761092109764895e+00
4.771208987580667582e+00
4.573321570147708570e+00
4.865336745190765200e+00
4.951998254645927133e+00
4.759151646184409223e+00
4.846247110348827825e+00
5.279036109649185349e+00
4.673231349341120833e+00
4.897637302829622286e+00
5.020219436454383732e+00
4.767223611640398317e+00
5.087823735042037221e+00
4.817804272222798723e+00
4.879215667200046624e+00
4.921202864981967018e+00
5.235660952355264186e+00
4.977110609886155501e+00
5.196447281808095120e+00
5.673126416189790078e+00
4.972459893462370495e+00
4.811102555497194899e+00
4.980211231589905196e+00
5.181467330914401259e+00
4.789346427016112351e+00
4.635237324962514727e+00
4.815950413537325225e+00
4.658817075967235155e+00
4.882380001014849924e+00
4.746653696887116247e+00
4.846696470746486796e+00
5.002296576741485978e+00
4.866969148788359512e+00
4.895774309394275825e+00
4.832387943740776848e+00
4.664135062953717714e+00
5.360115357421619819e+00
4.690106775127860672e+00
5.079337329916950416e+00
5.033743672224604282e+00
5.036523140142812771e+00
4.652697203825601591e+00
4.890462042722469427e+00
4.922306812077223981e+00
4.808620358404093409e+00
4.933450945529299858e+00
4.959670362110675690e+00
4.979839431598258592e+00
5.481768746305354156e+00
5.457938050332271196e+00
4.740653142184079627e+00
4.970521103432382404e+00
4.716642549071693225e+00
4.777900071166474305e+00
5.095747108381888602e+00
5.166724536284650782e+00
4.546854424391354677e+00
4.753773910238555445e+00
5.127297057140051351e+00
4.718974864617143439e+00
4.769914863036997410e+00
4.786786110662042404e+00
4.640203305620674179e+00
5.018159276524755796e+00
4.807532063134103417e+00
4.961342736901880990e+00
4.752679917929548914e+00
4.887449744088860015e+00
4.629844177999621557e+00
4.706495132332695341e+00
5.222641049250592360e+00
4.601739616516919540e+00
5.069545228028261796e+00
4.684228654017266180e+00
4.685694275941812315e+00
4.776986582718484975e+00
4.659715078242409270e+00
4.767707129610640138e+00
4.884128450811843436e+00
4.728685398753886382e+00
4.881707459223899370e+00
4.948504126598054498e+00
4.587548260020084534e+00
4.782312881244315861e+00
4.661227465922751279e+00
4.730661025103525041e+00
5.013730323577051173e+00
5.024846094009502551e+00
5.223858174453457792e+00
4.829786536283196874e+00
4.902234898498109672e+00
5.094188496734579630e+00
5.252077037986333075e+00
4.774872418394886964e+00
4.852012777684914013e+00
4.674640724579812279e+00
5.168164351114748811e+00
5.180253495034619071e+00
4.782697580651273483e+00
5.005106981586981085e+00
5.138516048806399894e+00
4.841819059689742133e+00
4.689747557898815700e+00
4.654138086605365210e+00
5.156933206609906506e+00
4.755048669598264333e+00
4.824061583572936129e+00
4.727156313728881010e+00
4.949147458585658299e+00
4.729493251331732928e+00
4.800156984898932500e+00
4.818926686508151924e+00
5.229284144249490396e+00
4.955417067031206102e+00
5.274168977581737749e+00
4.777841547943659783e+00
4.598371999034858604e+00
4.718523847945494509e+00
4.641628203760545190e+00
5.043250180514103675e+00
4.940414584366476625e+00
4.689178106847456284e+00
5.264102369482022148e+00
4.583920551212293582e+00
4.880442246977305665e+00
4.829822169802375775e+00
5.131070775284894303e+00
5.258852671515785282e+00
5.138255049771261795e+00
5.114797045537795128e+00
5.066845351173379974e+00
4.817066176489629648e+00
4.845315214655055769e+00
4.897023629303082437e+00
4.704205782194408769e+00
5.293301891510186152e+00
4.732936308740039344e+00
4.830527430607401307e+00
4.723406724520135214e+00
4.860622871373647236e+00
4.584572514410617750e+00
4.827892696290673413e+00
4.881935054240916116e+00
4.773268043056394738e+00
5.034500316218777805e+00
4.576581228602830009e+00
4.953343132652787695e+00
4.889610636034117164e+00
5.161118208657468287e+00
5.045853059185628098e+00
5.015814837262509762e+00
4.836119016316199115e+00
4.973008811119584927e+00
4.737704028396291456e+00
5.057929161077226787e+00
4.720557339654821050e+00
4.967009631892688404e+00
4.461283314897481311e+00
5.040086942643945633e+00
4.847390864397597809e+00
4.969957620477805094e+00
4.574189903068871743e+00
5.025803975468241092e+00
4.673358714971111993e+00
4.852025472892082192e+00
4.845181858484983728e+00
4.835854002367657500e+00
5.256945208573649886e+00
4.915788161302304893e+00
4.748087348532104457e+00
4.801509918550068257e+00
5.057481674130678506e+00
4.841165105384795275e+00
4.863058377288809631e+00
5.392357981744485329e+00
4.838288412810356043e+00
4.692578190804224114e+00
4.819228774805431215e+00
4.807301075661362333e+00
4.879455431534607257e+00
4.578415393599352790e+00
4.814050515866180824e+00
4.950887038486583513e+00
4.910356764507123550e+00
4.716524681197672209e+00
4.844705797600036057e+00
4.863246307627628440e+00
5.001577433548233920e+00
4.693219603065691636e+00
5.299923617675052157e+00
4.800259200480582855e+00
4.816110572670686985e+00
5.294172756305227878e+00
5.133611163120312071e+00
4.894666971500396535e+00
5.180198258006541323e+00
4.873374330093274587e+00
4.741585960446079717e+00
5.073152876587752935e+00
5.164633091907577800e+00
5.007620915982861298e+00
4.765346951533731890e+00
5.376762500903926600e+00
4.878537046686353129e+00
4.709463578158079144e+00
4.911884008879240149e+00
4.732162251696477639e+00
4.835510407276876421e+00
4.788757621162129219e+00
4.870004256593618130e+00
4.702547534682237185e+00
4.726058214793715351e+00
4.676664454710460994e+00
5.007412555071547366e+00
5.030963833091842474e+00
5.207366076169091862e+00
5.090666265160471937e+00
4.600939370746851331e+00
4.915863235088915317e+00
5.183316499767380847e+00
5.132241508203888358e+00
4.715978735475081507e+00
4.904784764359242821e+00
5.006074182550169560e+00
4.704413049534636571e+00
4.793845963812628064e+00
4.627410910117287557e+00
4.991534982370699147e+00
4.855651168073657153e+00
4.650021597954966168e+00
5.324146498406385319e+00
4.829639061078451867e+00
5.204808316705291205e+00
5.066201765586439087e+00
4.895029357705708684e+00
4.601389093662812790e+00
5.771092628272771918e+00
4.658390705850492530e+00
5.071657305546101391e+00
4.918515069824493935e+00
4.920705142056982062e+00
4.756451956563070738e+00
5.643398141660375344e+00
4.980098728412037268e+00
4.862686060173897040e+00
5.171361989977866891e+00
4.964457646674930835e+00
4.894616567212368707e+00
5.386416988525923877e+00
4.858372347363491883e+00
5.028476763377225822e+00
4.921217494979318374e+00
4.876047934201332978e+00
4.835834171367364043e+00
5.079694026625906744e+00
4.707216300137236686e+00
4.739967589817781324e+00
4.593414567135872595e+00
4.904635377133496732e+00
4.879883579932664084e+00
5.506850063226465863e+00
4.854563349410236484e+00
4.959771235650634047e+00
4.707508611818781219e+00
4.903496856551526228e+00
4.653210160384920968e+00
5.061124546602315810e+00
4.937397214798671996e+00
4.817916385616359598e+00
5.137051663640871624e+00
5.024946823762464376e+00
4.782212105128359703e+00
4.686426865380660445e+00
5.091113078004697812e+00
4.887419168779310041e+00
4.873642146894018090e+00
4.956893264110725283e+00
4.928234681047523935e+00
4.793688118384699770e+00
4.814519185820172353e+00
4.823827969813520689e+00
4.983060933107686274e+00
5.012250880882850090e+00
5.336254037438977527e+00
4.976788384817208311e+00
5.308009894358831637e+00
4.623962625424858253e+00
4.864075564951964026e+00
5.137394233853277647e+00
4.779057224037045692e+00
4.896780637463816532e+00
4.614645702400448357e+00
4.836396795849472241e+00
4.926417771961562053e+00
4.670155040453630946e+00
4.976164877408464804e+00
5.156609188493821883e+00
4.674169586843652802e+00
4.915478871178577513e+00
5.370048950974388724e+00
4.755609913384011733e+00
4.937920542302367544e+00
4.854437714002425075e+00
4.749254407788072285e+00
4.779329561627327472e+00
4.933029329205543156e+00
4.951143109891136262e+00
4.558684754302985809e+00
5.211866064026049017e+00
4.983126900744244026e+00
4.688732409154940051e+00
4.949419592044162819e+00
5.226104587449897920e+00
4.651477380369782644e+00
4.846487925675497799e+00
4.631802811119857921e+00
4.478329500873864610e+00
5.029862899608932736e+00
4.712284442256414074e+00
4.753046568858146692e+00
5.034782194588556692e+00
5.206232240412084877e+00
4.973711852351407003e+00
5.147998838692897650e+00
4.834505619674866139e+00
4.866214122847129175e+00
5.263741382442264083e+00
4.657849072345068286e+00
4.868755084739391670e+00
4.971251488092016224e+00
4.593309228256416965e+00
5.230937381802104547e+00
4.872449991319090401e+00
4.942196738524160082e+00
4.718015485780674645e+00
4.687653037903341868e+00
4.845322971589569150e+00
5.057766556621055898e+00
4.978866283280780181e+00
4.766626149331050222e+00
5.084487531297193996e+00
4.912111592297635276e+00
5.141731366765244893e+00
4.846321642613860448e+00
5.300834058964089657e+00
4.821775058019327709e+00
4.958321514070000546e+00
4.720129935082625572e+00
4.683235114310392078e+00
4.761463489379814007e+00
4.848430803599621974e+00
4.668596056536222783e+00
4.782101845502100268e+00
4.923606129683183674e+00
5.003161042210544807e+00
4.883071868964992568e+00
4.689810415132477317e+00
5.030548881399756311e+00
4.798609042401448477e+00
4.807474414761125026e+00
4.936414072713003698e+00
4.883312974370777049e+00
4.866229337305259861e+00
5.014493081629505689e+00
4.707129984132039979e+00
4.773567523504342880e+00
4.801050373370381763e+00
4.874283205549135189e+00
5.157325402285314553e+00
5.111303191739529517e+00
5.110720635968111658e+00
5.448250394498081128e+00
5.423957797626220767e+00
4.778389341957246295e+00
5.147905218185116816e+00
4.972512434967438999e+00
4.907983897802944639e+00
5.112128451297997422e+00
4.630103424339797158e+00
4.763781483763194657e+00
4.882005841029172011e+00
5.089232967962099785e+00
4.997052198356524144e+00
5.173036543344231575e+00
5.256652771023645698e+00
5.029909239647515129e+00
5.389600030058669944e+00
5.004993448408294299e+00
4.899572732516488394e+00
4.687885768600049907e+00
4.742617124073506218e+00
4.917920786713102288e+00
4.910376413271937857e+00
4.662042543938856198e+00
4.733757083723218351e+00
4.985700393848538248e+00
4.806662770349485747e+00
4.704110384770992859e+00
5.045436220014051898e+00
4.530976463151132450e+00
5.128680512793179602e+00
5.020969409378088777e+00
5.084151539612813409e+00
4.877941161474798726e+00
5.061219817222746720e+00
4.842488085578103174e+00
5.026647027276816893e+00
4.660426598110867680e+00
5.013148766242514043e+00
4.639852943443610656e+00
5.016570765344524396e+00
4.598023743616981740e+00
5.011390023452278797e+00
4.860764090576783936e+00
4.625291542466410277e+00
4.466382120740774120e+00
4.874728379256502819e+00
4.894317488578629138e+00
4.923007285175898140e+00
4.878712855442444152e+00
5.003161147650593499e+00
4.879271149730205259e+00
5.168657227647027952e+00
4.805459958937153608e+00
4.935176358313951184e+00
4.943228823290478857e+00
4.945741418292064040e+00
5.026207243613302289e+00
4.694271671436622384e+00
4.769778036363280016e+00
4.656730714944699479e+00
4.913073614830026692e+00
4.685647628919510588e+00
4.833800888230198822e+00
4.764934053074346920e+00
5.044120879886087039e+00
4.927692008740441665e+00
5.117356339746572225e+00
4.974464677889455011e+00
4.760323364996813744e+00
4.866998115152846083e+00
4.748050924467979605e+00
4.667365828852102716e+00
4.722052796907276750e+00
4.794849112770640076e+00
5.181600377982025663e+00
4.805007737302851467e+00
4.858501242482457627e+00
4.654961139834616013e+00
4.630171171612024850e+00
4.959793715682656590e+00
4.970440966995878007e+00
4.536904319373265437e+00
4.602192078156044808e+00
5.048989254349133482e+00
4.662134145402796470e+00
4.961697787789294267e+00
5.240844264576966616e+00
5.030764845707185628e+00
4.931370138031796913e+00
4.618249452310419834e+00
5.107966486664313521e+00
4.548315578136589821e+00
4.774210043399855330e+00
4.862207232915749522e+00
5.139607703262139005e+00
4.647660024729949768e+00
5.194707114749339105e+00
4.963214765395828287e+00
5.155251265436640473e+00
4.879371316203656939e+00
4.842021945915246484e+00
4.708456870054027910e+00
4.672346237345746722e+00
4.847565386864602033e+00
4.767597454802089629e+00
4.977259724647106864e+00
4.935913814159954782e+00
4.805512513470174163e+00
4.854221962907148580e+00
4.816307406128644608e+00
4.839115386479758918e+00
5.141308796169102635e+00
5.000538974339179710e+00
4.895895328470722063e+00
5.128501803127573311e+00
5.241351487509607665e+00
5.109405529945432178e+00
4.913516422911596848e+00
4.468138017125522055e+00
5.100293064440896806e+00
4.743582677253231239e+00
4.535117691661390005e+00
4.753234428072976137e+00
5.460554259846075453e+00
5.148958672692129035e+00
4.868843370938542137e+00
4.439507833085388988e+00
4.816627276539926505e+00
5.120974596771731946e+00
4.840512340228693589e+00
4.956392118183369000e+00
4.675401361923078092e+00
5.750966250793498880e+00
4.633969324736088247e+00
4.949277622334769866e+00
4.658559886601307376e+00
4.814138013742505606e+00
4.923263114162322651e+00
5.163931148410446426e+00
5.266458131056475978e+00
5.080886147051635326e+00
4.969191726299538203e+00
5.251499973232195195e+00
4.772534132406182295e+00
5.023639232959403067e+00
4.786982415944684988e+00
4.948861376303411497e+00
4.975463170629832454e+00
4.819247422453123875e+00
5.200868237577431330e+00
4.634655032341138181e+00
4.746533461305387114e+00
4.668113270561137007e+00
5.326701018737053595e+00
4.473649111744954610e+00
4.626042394659960699e+00
5.643496488170851144e+00
4.655365717934405900e+00
4.779049288064672218e+00
4.824450970022592600e+00
4.815119591731140680e+00
4.872305832643855972e+00
5.337332057993077861e+00
4.629079180394946036e+00
5.130816791254904530e+00
4.729734538454700044e+00
4.762627213658001679e+00
4.914829692416474494e+00
4.998317433915764774e+00
4.976971416296688489e+00
4.730102678241151715e+00
4.846735486637473223e+00
4.734786303053367007e+00
5.088774146433795664e+00
4.933427509824988455e+00
5.052966797925975584e+00
5.210437607777921087e+00
5.107047632868476406e+00
4.791808277615507983e+00
4.766168631383079557e+00
4.638047674507713936e+00
5.119303480416801833e+00
4.786815220108165292e+00
4.997604280415298916e+00
4.750105302262588758e+00
4.564502795248505329e+00
5.175818808732267406e+00
5.050664868622660286e+00
4.872279247896461385e+00
5.523748067524748784e+00
4.486918727399996421e+00
4.798604349646911515e+00
4.787832567266890216e+00
4.788060167494792907e+00
5.484621128226350173e+00
5.335007553487542964e+00
4.815250341245418397e+00
4.884938953821421848e+00
5.032107077081331425e+00
4.931108805163860964e+00
4.964299722494761369e+00
4.565399339125643330e+00
4.701828246119266197e+00
4.879760466728267687e+00
5.181240804566255242e+00
4.869581439603405393e+00
4.783493566171433287e+00
4.973866045667333147e+00
5.044334780854194733e+00
5.165126882399347252e+00
4.901411448545502481e+00
4.725226439876035300e+00
5.050626685993904630e+00
4.897170043595674649e+00
5.044244121934132075e+00
5.047381543239145785e+00
4.839869346372282166e+00
4.979085392544360111e+00
5.027336447115935414e+00
5.244781342919460521e+00
5.203273353456722816e+00
4.954250797797391748e+00
4.842611589506972791e+00
4.902670007535588681e+00
4.649755088411236414e+00
4.756560518216530475e+00
4.787407380405230839e+00
5.079592746669699288e+00
5.013658777921503606e+00
4.632700278998889587e+00
4.983582056574526575e+00
4.320098878427829803e+00
4.790996642466328836e+00
4.839321870920109347e+00
4.879116416250621313e+00
4.741528371476903203e+00
4.833821772819613116e+00
5.231610883404536949e+00
5.010879245271534721e+00
4.801814820539314965e+00
4.810990289751448934e+00
4.449950646284787759e+00
4.796105513419645305e+00
5.105880822927905349e+00
4.751434241658513358e+00
5.145367547910601580e+00
4.810471643124770935e+00
4.939283999227969346e+00
4.943984644570439180e+00
4.905013680843552493e+00
4.827175488477628562e+00
4.691313363505001277e+00
4.704993731669422807e+00
4.925395555896734834e+00
5.241543438623248896e+00
4.834195052254692371e+00
4.620085370142912318e+00
4.896993395760564027e+00
5.234263723804376767e+00
4.833521864542732693e+00
4.638413161974346721e+00
5.046596990712776787e+00
4.828438532153343843e+00
4.860520171675064560e+00
4.894461111175005819e+00
4.937717632336862117e+00
4.621973680186678202e+00
4.821118694924537706e+00
4.879883058718433197e+00
4.698896672985522827e+00
4.801017422049538297e+00
5.364445274993933310e+00
4.686230089049907122e+00
4.868886789806682103e+00
5.041440719514461044e+00
4.715969638643446871e+00
4.762631598953401380e+00
4.774134113398828205e+00
5.322458624293377127e+00
4.866510299337809542e+00
4.762113590010161879e+00
5.467376362641649834e+00
5.112963203160898473e+00
5.070728651417642396e+00
4.766804566221272133e+00
4.808823038160050523e+00
4.802853359711758863e+00
4.725528403527337495e+00
5.693127919806289405e+00
4.746628063557958299e+00
4.981515509109302187e+00
4.821838638876330130e+00
5.452638804468880274e+00
5.041850258893119552e+00
4.825018929804849144e+00
4.814792763569707645e+00
4.940318516335470811e+00
4.827258900865220248e+00
4.916875985499046919e+00
4.839641712399380680e+00
4.819983115112688843e+00
4.803979411983585912e+00
4.528833179055490099e+00
4.712395502601737007e+00
4.683380960703678930e+00
4.812678747602919138e+00
5.209824326607803258e+00
5.422922801123694292e+00
4.896922763453290806e+00
4.860263320220775007e+00
4.966784930349531280e+00
4.720563487239440192e+00
4.670941610157353985e+00
4.663964356790056165e+00
5.079705623164961104e+00
5.162489993609657546e+00
4.692589676852226610e+00
4.888617801873643032e+00
4.760648217090700740e+00
4.994424665279798781e+00
4.888350017161688932e+00
4.870337105321008941e+00
5.216800595463114476e+00
4.607152935481290790e+00
4.893391960619656977e+00
4.648470397257655762e+00
5.094671793178765284e+00
4.684990360899546680e+00
4.927536983196825204e+00
5.295654462627563674e+00
4.666201521842923583e+00
5.065404071168228661e+00
4.908438887802408779e+00
4.925521207366849730e+00
4.934642758661484940e+00
4.639461779547445097e+00
5.010965209973218037e+00
4.791884328712263219e+00
5.275255127272336253e+00
4.484312026501012127e+00
4.750610276915025132e+00
5.039489135027938715e+00
4.834071015684581418e+00
4.593681176093179275e+00
5.286682078681489649e+00
5.082095809695808875e+00
4.665106323168658697e+00
4.616031310423927891e+00
4.828739403546219222e+00
4.758755616046778769e+00
4.917121760311383483e+00
5.241476861910417284e+00
4.795945725862357456e+00
4.889360776554192434e+00
4.683840181404715253e+00
4.576002450781977871e+00
4.909089912476786388e+00
4.754101841977672827e+00
4.752676911617121469e+00
4.877673438934643890e+00
4.768189496662535554e+00
5.301764171096671419e+00
5.147059794230334440e+00
4.934503115177257371e+00
4.765074766825580177e+00
4.749875177620364930e+00
4.616539236132717328e+00
5.223384801047894044e+00
4.826998358278394186e+00
4.931966490563950423e+00
4.615665493546986298e+00
4.756346546669655950e+00
4.804291045717132391e+00
5.128278086171827788e+00
4.787844197057709472e+00
4.793075603838209631e+00
5.195956297734452001e+00
4.775118635088441366e+00
4.708113400964347051e+00
4.999456814113429459e+00
4.697027136380846457e+00
4.713498191210752530e+00
4.822033752889614000e+00
4.970937930061528398e+00
5.158422000742834967e+00
5.334843683742022336e+00
4.794319249414791706e+00
4.947606449396031003e+00
4.965359629632065008e+00
5.091929279979666489e+00
4.843974369788829115e+00
5.089967359316697859e+00
4.693522446698073836e+00
5.534818260826384062e+00
5.106679429650442081e+00
5.190830144557939008e+00
4.860317380994295000e+00
4.900209589800756937e+00
4.931937086765901590e+00
4.987975459208858986e+00
4.766944321886135150e+00
4.594940932002532286e+00
5.042536398966698918e+00
4.436341620442650679e+00
5.120019153523564626e+00
5.019756938450639971e+00
4.784272697961993615e+00
4.681436433104452455e+00
4.944689876724526201e+00
4.965501725072234862e+00
4.845362425669382134e+00
5.268277645525550668e+00
5.179246627227892752e+00
5.197418997266122886e+00
4.836403988048956215e+00
4.753674337252657089e+00
4.761924860994487751e+00
4.899499270171009613e+00
4.810299744466103533e+00
4.937563582037394205e+00
4.849507129782833381e+00
4.881470566452981608e+00
5.151163496062345359e+00
5.160365191339812974e+00
4.812225957603096127e+00
4.904890915573903776e+00
4.825971490654008100e+00
5.253111852631263901e+00
4.785694709818786308e+00
4.522628389719414166e+00
4.699122599684552704e+00
5.059207640974353382e+00
4.851762958066213827e+00
4.804620865298310228e+00
4.561743021522365105e+00
5.029073878050438040e+00
5.001916418735083525e+00
4.706396272469996589e+00
5.086601302018308957e+00
4.994314315448217023e+00
4.681263496878337982e+00
4.764141102068527367e+00
5.553874652565137460e+00
5.101534592283467617e+00
5.101786175559396064e+00
4.956176856073884807e+00
4.943470358468017523e+00
4.836600697464359833e+00
5.099159515045878166e+00
4.585006041529437582e+00
5.065895898526867391e+00
5.247471599811459164e+00
4.859355467594542510e+00
4.864100300436556168e+00
5.217013076592325049e+00
4.950571131260973701e+00
4.790705986512996617e+00
5.056283617966723654e+00
4.907287443476029409e+00
4.942911188562228553e+00
4.825049980807957439e+00
4.811274923949945936e+00
4.789281729399483822e+00
4.970738420553010961e+00
4.802204044050146337e+00
4.713630025845839455e+00
4.868323728968933395e+00
5.208913666520244234e+00
4.755059625611078644e+00
4.909349059298324214e+00
4.802687807206978299e+00
4.785616441197734439e+00
4.767718224242616820e+00
4.784801687163549033e+00
4.812372737419146951e+00
5.075353532276515978e+00
4.725280718335286956e+00
4.620783359980850769e+00
4.539966889061606281e+00
4.941923584261364688e+00
5.127470486773530567e+00
4.708060549475994172e+00
4.681754694206915701e+00
4.727401497344660974e+00
4.788108582413522996e+00
4.734891338853878473e+00
4.792878159144335015e+00
4.885328418764554037e+00
4.785230499208829258e+00
4.697150905151548095e+00
4.850701369507839367e+00
4.881511695883431479e+00
5.254918952701708612e+00
4.898773934608367853e+00
5.059001847868307422e+00
4.749149295138847648e+00
4.816899522633714348e+00
4.720128814359438429e+00
4.877195094111808515e+00
5.682093758958262519e+00
5.129414744341375787e+00
4.751136923169078763e+00
4.937869480602707029e+00
5.083509113876535146e+00
4.756124748739060770e+00
4.795756630094487605e+00
5.312736227493568997e+00
4.868169828125266996e+00
4.785065358711920958e+00
4.995341912320535371e+00
4.800008701225259244e+00
4.853926377086811961e+00
4.712321741205302672e+00
4.870384523803810595e+00
4.619237764442907235e+00
4.945513576776596310e+00
4.824812152996493353e+00
4.899913156266994640e+00
4.819963557541179888e+00
4.940619369489540169e+00
4.722126285791383715e+00
4.896048916580132193e+00
4.768972656542489474e+00
4.658620605371543100e+00
4.915267597955539358e+00
5.400489866889460089e+00
5.372623522209920566e+00
4.958366754741765803e+00
4.852412318533400715e+00
5.127528490158745456e+00
4.867004020252728047e+00
4.681571711683395698e+00
4.874042751162442677e+00
5.031494682784168226e+00
4.701117272443880779e+00
4.886005184202440788e+00
5.223053916304183808e+00
4.780466422391548065e+00
4.630002720350764989e+00
4.808015117007923500e+00
4.798334847893413802e+00
4.966352901896792460e+00
5.179000919825117677e+00
