1.160551294250925292e+00
1.169688663850391164e+00
1.159928897054621766e+00
1.168675977239548525e+00
1.160815815419139474e+00
1.169305318360851720e+00
1.165917368979221713e+00
1.164580864507333891e+00
1.164690320459150330e+00
1.167571493246450043e+00
1.166129811143018724e+00
1.167474103064300328e+00
1.168014012843550775e+00
1.165023740424958376e+00
1.171416895348128095e+00
1.164761854035646582e+00
1.160103409445741418e+00
1.164512104754073185e+00
1.172010551020394642e+00
1.168095416747872983e+00
1.166341336210294788e+00
1.168353900844432136e+00
1.165129988926103310e+00
1.159926575093112255e+00
1.165444383594261168e+00
1.158427608426579214e+00
1.166503645982504445e+00
1.168314193401034373e+00
1.163680305249910063e+00
1.163304620081867746e+00
1.170501458411816964e+00
1.161330038685614019e+00
1.158075179803587096e+00
1.161382443698205869e+00
1.169694774843740515e+00
1.176526200463210881e+00
1.164071475545684242e+00
1.164767059166552654e+00
1.167617921437712036e+00
1.164321811358102865e+00
1.168561714377670313e+00
1.166666115282605221e+00
1.162946576961723766e+00
1.167613611619064296e+00
1.165207385541622509e+00
1.169370583360360039e+00
1.169810661399881102e+00
1.165394731697430908e+00
1.166248008128568214e+00
1.165138446268521033e+00
1.155159246774881909e+00
1.164896839077190327e+00
1.165530415608461601e+00
1.165702666163096701e+00
1.173566539920519514e+00
1.163818799446174612e+00
1.162926907777640073e+00
1.162561885960397445e+00
1.162399454440028235e+00
1.166435010693101404e+00
1.161500201171711710e+00
1.166317638339688934e+00
1.168057426618674288e+00
1.169096414921920069e+00
1.166048050731825159e+00
1.166647165665817054e+00
1.167957270414440307e+00
1.156151206849004298e+00
1.164318807140436451e+00
1.163498080902937160e+00
1.160006839282496260e+00
1.165060076853785542e+00
1.166162564041257843e+00
1.157653745858147731e+00
1.161020871859310466e+00
1.163141208041212460e+00
1.162131128980186556e+00
1.156900264328083905e+00
1.172652814577902491e+00
1.158827115858513057e+00
1.163670698552168314e+00
1.167838177171213188e+00
1.164069926239101882e+00
1.157636810305683994e+00
1.164468012279588960e+00
1.166214932536921767e+00
1.163220564437261961e+00
1.158800196896307977e+00
1.158572496052164835e+00
1.159855439968990654e+00
1.162190935986034734e+00
1.174713281283248145e+00
1.160902399015766084e+00
1.162343229395393696e+00
1.163208167092018241e+00
1.169551676087535075e+00
1.164414531936558639e+00
1.157950946425086780e+00
1.168576106035158046e+00
1.167829282010738101e+00
1.160537968451579083e+00
1.157469554912707643e+00
1.168167666322600606e+00
1.160916649002743162e+00
1.160133159254496116e+00
1.161816210519685866e+00
1.164033452441161520e+00
1.168702235630616260e+00
1.173207098352711419e+00
1.162027666343103061e+00
1.158360839799124964e+00
1.163322629594249591e+00
1.169456843706021321e+00
1.164664002502338924e+00
1.161267430261469169e+00
1.167389348287127815e+00
1.157641485304962137e+00
1.162180587346226757e+00
1.163547486243942997e+00
1.163033486855662657e+00
1.168544124852389121e+00
1.158474034427051436e+00
1.157645020847290818e+00
1.176074499305533205e+00
1.162235438565872192e+00
1.166032957635841250e+00
1.171427610272528730e+00
1.163628725239124861e+00
1.168828234220876450e+00
1.157847987259393197e+00
1.160195253151397488e+00
1.163352161248683903e+00
1.156277224016414085e+00
1.168109286816383596e+00
1.161354499308184574e+00
1.175696652577533641e+00
1.165559666678435580e+00
1.169612459965457596e+00
1.166465233160079551e+00
1.165775203470188481e+00
1.166270167567694083e+00
1.161538137535281567e+00
1.166337143109375196e+00
1.164332764352883576e+00
1.165970669579609265e+00
1.158944538731687901e+00
1.162436589560768230e+00
1.166649694041488106e+00
1.164592567825234459e+00
1.169668936433228890e+00
1.169182333866246815e+00
1.170187984220671940e+00
1.171451569883580568e+00
1.160922623176432911e+00
1.163254158104460645e+00
1.158305701435857094e+00
1.160341111924399593e+00
1.167096696551410018e+00
1.163443025563441591e+00
1.166482171041852478e+00
1.166206216611676005e+00
1.166943083658060543e+00
1.161445027744147485e+00
1.162946908882995567e+00
1.161865038705634845e+00
1.165328807578217996e+00
1.167756330591708469e+00
1.165211064558279608e+00
1.159300444111938555e+00
1.159882272255640112e+00
1.157710696447011189e+00
1.162354335379442327e+00
1.164980919445625318e+00
1.175781376068112838e+00
1.164201542737758555e+00
1.166524478303108792e+00
1.167401499614609595e+00
1.161971789063323213e+00
1.165986801722775690e+00
1.170655178634527616e+00
1.166606771987128255e+00
1.163987681080254744e+00
1.156808043290885601e+00
1.158102189091481327e+00
1.160027992077767411e+00
1.153918023971944207e+00
1.165144124350536270e+00
1.163533188941221042e+00
1.164468760515696921e+00
1.160266966101383135e+00
1.161496411753470293e+00
1.167769274718725825e+00
1.168729194926907411e+00
1.162004253899685313e+00
1.163735099896665792e+00
1.153743339006481294e+00
1.164911789533803033e+00
1.167394429735373995e+00
1.174368892221561600e+00
1.170808807460311129e+00
1.166858774065143933e+00
1.162874144729768799e+00
1.168950964113978808e+00
1.165203269379341933e+00
1.170529364472806311e+00
1.162072428054280904e+00
1.160279219653763461e+00
1.166846059141150693e+00
1.160889411168322782e+00
1.155890624340502715e+00
1.162098607655228433e+00
1.158969788792673539e+00
1.166246295034407465e+00
1.157467903795885267e+00
1.164486285980272484e+00
1.169246504371626916e+00
1.158912347148403077e+00
1.163860128170952413e+00
1.160836615329646770e+00
1.155442017799383381e+00
1.169579635040334242e+00
1.154818148309094017e+00
1.169792195164626625e+00
1.162697062551842020e+00
1.165827908742983920e+00
1.159963990763349884e+00
1.160618754187221047e+00
1.167624814271903899e+00
1.157221857255670505e+00
1.163974881465803524e+00
1.165187675487408203e+00
1.172813068889635657e+00
1.165233705841167033e+00
1.152383358951469594e+00
1.161903609123412728e+00
1.175611897956215346e+00
1.168591263669809033e+00
1.167076241755535371e+00
1.166242063425445119e+00
1.156497318628872728e+00
1.167111406918620142e+00
1.155586128675621937e+00
1.163817463229929849e+00
1.168860343392139622e+00
1.161628076241745022e+00
1.166868522790177831e+00
1.161479202267235777e+00
1.171857518721501457e+00
1.164740114143802074e+00
1.166627868289345393e+00
1.166958262021039916e+00
1.164501577251831010e+00
1.164213691534023098e+00
1.161363293819177800e+00
1.166506662302637221e+00
1.176982896245421184e+00
1.166507587058408513e+00
1.165269864254868892e+00
1.165278122705750041e+00
1.163216497907978653e+00
1.164647524570959991e+00
1.161156507268255478e+00
1.165227823760861758e+00
1.164243074015812285e+00
1.158797989180051724e+00
1.165706181561321220e+00
1.173304650752599931e+00
1.165441477075005894e+00
1.160122830387539272e+00
1.164025873691055146e+00
1.168448327163951861e+00
1.170534360275861774e+00
1.156934917876118796e+00
1.157018192675643320e+00
1.157959765391955553e+00
1.163321797202753416e+00
1.163971428302837285e+00
1.166259019710118361e+00
1.167110177398113624e+00
1.170282880725235453e+00
1.159964966262195363e+00
1.164975261334044054e+00
1.162214902784711068e+00
1.164516260969309602e+00
1.161877175021578612e+00
1.164676007556900039e+00
1.167293510674396240e+00
1.159857890271524195e+00
1.167312293170238879e+00
1.162918763084752394e+00
1.166724783237291785e+00
1.165374691714039290e+00
1.166978755135325674e+00
1.162718116912571098e+00
1.157431051967523494e+00
1.162596962093538355e+00
1.164904354178823320e+00
1.168719667201808754e+00
1.170921817732154091e+00
1.159423950861188546e+00
1.170690009615097615e+00
1.161384576603654573e+00
1.170921654364487141e+00
1.168547780777754896e+00
1.164358434078647031e+00
1.165554993818138430e+00
1.158919301415893388e+00
1.166015541741121986e+00
1.164745126942916764e+00
1.165482926631152605e+00
1.168656165091784382e+00
1.167225759824542131e+00
1.164883153020879192e+00
1.169935452917831853e+00
1.157475561984486534e+00
1.166409717278387603e+00
1.163991998389037663e+00
1.161484604892416339e+00
1.165744133589014409e+00
1.164303605078863546e+00
1.164005675767644687e+00
1.156846491116902520e+00
1.163147571180963569e+00
1.162611573117524166e+00
1.160291787798114260e+00
1.166515777657495923e+00
1.159909459201882598e+00
1.165837763626455192e+00
1.168951571160682823e+00
1.165118185626504266e+00
1.170094434647039439e+00
1.166273883045032989e+00
1.172892772880740120e+00
1.164226730603975080e+00
1.164685024999868368e+00
1.159283385173653258e+00
1.164646766958331581e+00
1.162188493478901963e+00
1.163056314379453005e+00
1.165094239088867889e+00
1.165379895651311726e+00
1.165271363927816495e+00
1.164494558738872865e+00
1.171352915453111265e+00
1.165210471565223616e+00
1.157430642576168678e+00
1.160842755051817665e+00
1.169925782292481564e+00
1.164786232003750976e+00
1.157350273631412296e+00
1.166564461171727629e+00
1.164012287064442930e+00
1.164094910413196127e+00
1.158838199702815430e+00
1.163621141616540511e+00
1.167464113280065607e+00
1.167516964995984008e+00
1.158103499026772454e+00
1.164225093125245802e+00
1.170697435839112455e+00
1.158772263998199437e+00
1.161950142849711209e+00
1.165546643962169115e+00
1.161481156273341586e+00
1.156055895093453412e+00
1.164505353561312129e+00
1.166012638261990864e+00
1.161526759680482801e+00
1.166617104609889877e+00
1.163772480160756739e+00
1.170244008439940586e+00
1.159296941711276174e+00
1.168924857674428663e+00
1.162138153902009696e+00
1.166080558436076275e+00
1.172458853221649555e+00
1.162510973064385444e+00
1.164209454039222491e+00
1.165068329803317537e+00
1.158015076269113708e+00
1.165880210094719649e+00
1.159340825042346923e+00
1.165822276086982745e+00
1.164630860824768632e+00
1.167502147732239814e+00
1.165416917405856401e+00
1.164764423073658683e+00
1.165896280685036812e+00
1.164655089352362172e+00
1.163669061529765791e+00
1.158525691101828681e+00
1.164207552203613494e+00
1.156735901769536223e+00
1.163229330056576805e+00
1.169890110810560158e+00
1.161182516914713858e+00
1.162992353384921129e+00
1.159484634767327993e+00
1.173211216461786943e+00
1.163283256778840702e+00
1.158673344048399168e+00
1.161984435091668377e+00
1.158316559200261109e+00
1.173818465727246796e+00
1.165365351391302928e+00
1.164443313712217209e+00
1.160202054257546189e+00
1.168759936578168901e+00
1.162738019207677942e+00
1.172823818288478925e+00
1.159222886306399358e+00
1.162960258030451888e+00
1.162672373857383201e+00
1.163907548938817760e+00
1.160314791658395128e+00
1.169477693101297788e+00
1.162588800900491215e+00
1.158408972326998132e+00
1.167505595323098611e+00
1.166747062026816995e+00
1.173100693793550198e+00
1.163990806433145009e+00
1.166144749305222827e+00
1.159978960074979693e+00
1.161034525386603899e+00
1.168683456146066613e+00
1.164389036771280139e+00
1.159584621545447503e+00
1.167885435408350325e+00
1.161879952537892002e+00
1.164354150624712370e+00
1.164543570023488073e+00
1.170832722307402429e+00
1.164662983022871190e+00
1.168522618078185138e+00
1.159445697692397026e+00
1.161489481201554153e+00
1.169066865996243543e+00
1.173194052284786570e+00
1.164230977312637583e+00
1.163441101917737752e+00
1.165189564806305311e+00
1.169008702963576285e+00
1.171573199051179515e+00
1.162544336521762256e+00
1.159409622847787480e+00
1.163596007687163203e+00
1.162275764509407727e+00
1.172984739495596118e+00
1.159930941327136811e+00
1.164547994557693977e+00
1.163859640658530203e+00
1.159125395440293804e+00
1.160008984267826504e+00
1.154341168169603415e+00
1.163751808118351549e+00
1.170999099878097249e+00
1.156418776873047394e+00
1.169997601786608499e+00
1.167731256646320492e+00
1.167263723441276602e+00
1.165033673502602118e+00
1.162713791567415944e+00
1.160389385971925202e+00
1.165162899388923812e+00
1.163855057351478539e+00
1.169290258159769724e+00
1.167828700344718529e+00
1.165878217569760622e+00
1.163739794951835105e+00
1.166475302651658774e+00
1.167434307564214402e+00
1.164532819066455671e+00
1.163106428309669926e+00
1.166385410107658283e+00
1.163088118191729192e+00
1.163447588618578443e+00
1.162352915848237300e+00
1.171431375905933381e+00
1.163533894779765099e+00
1.162484096324760241e+00
1.161023705035029163e+00
1.166900510596945217e+00
1.160724866210510520e+00
1.168341289756417600e+00
1.158370215739562337e+00
1.163438055813025285e+00
1.174590412375511539e+00
1.170777000389315647e+00
1.158189240496135364e+00
1.164292744899360743e+00
1.166385892894918230e+00
1.165070070461063700e+00
1.166709876688557967e+00
1.163039888360684060e+00
1.158427083747141317e+00
1.160897551478807799e+00
1.175740301557719469e+00
1.167429869770593820e+00
1.161726195424438446e+00
1.162868748842736943e+00
1.164544573079548062e+00
1.166883306139194110e+00
1.159612511794301026e+00
1.158946096315716545e+00
1.167276296656323709e+00
1.157589155223534894e+00
1.155854551858183532e+00
1.169119722682006257e+00
1.163068248584556263e+00
1.164494397047373342e+00
1.168146607967954997e+00
1.163989418291505373e+00
1.158775549958268813e+00
1.161775853719871465e+00
1.170122066010654160e+00
1.167788368366161622e+00
1.160270022785100386e+00
1.159057301547828711e+00
1.154259219353187982e+00
1.165609247903697909e+00
1.176459350732093956e+00
1.164932548616300245e+00
1.163842612903591700e+00
1.169114472851608744e+00
1.164977588144682219e+00
1.166902080591468938e+00
1.169735239567321283e+00
1.161114268503582680e+00
1.164519304685829981e+00
1.163394879630686995e+00
1.163414987448729399e+00
1.162810191843522745e+00
1.163389625434851249e+00
1.158100964998741045e+00
1.171620046789470404e+00
1.170642490652447520e+00
1.161938730618877091e+00
1.167713540723346322e+00
1.163691221573978751e+00
1.169842236866434515e+00
1.160333665646830825e+00
1.167473343084020065e+00
1.160154756138480181e+00
1.160427121391889749e+00
1.169630744773532127e+00
1.164632478883907973e+00
1.161172460513922422e+00
1.167503047970508856e+00
1.167847954382749132e+00
1.166217877247084589e+00
1.157071235731536918e+00
1.165074634451048086e+00
1.161693391330587133e+00
1.163463045930263950e+00
1.166746332249960938e+00
1.160086375452883178e+00
1.163899234078947797e+00
1.168939102947511355e+00
1.165513604111710677e+00
1.169408695734829085e+00
1.155090727075898549e+00
1.171760687626434816e+00
1.163479293459185326e+00
1.161376156123957504e+00
1.162851208593830732e+00
1.165618646689323024e+00
1.169731338617763239e+00
1.166978649517149247e+00
1.161034299049750640e+00
1.171041529013888916e+00
1.167347155377423062e+00
1.164870993552159506e+00
1.159770032694699582e+00
1.165523177312918435e+00
1.165688278207047235e+00
1.164793561511622277e+00
1.157063126796912256e+00
1.165196944123271017e+00
1.166602687665857063e+00
1.160611601563075412e+00
1.164669483903564950e+00
1.164949231476405611e+00
1.157086041601040449e+00
1.171305612887098668e+00
1.168219707496596982e+00
1.164804006591215080e+00
1.162485868554522961e+00
1.164136540702021438e+00
1.167958474021717041e+00
1.160861082395625354e+00
1.153505363589252264e+00
1.172462179419954786e+00
1.166426324535084547e+00
1.164983344515604147e+00
1.165569314486142094e+00
1.168122396972784749e+00
1.165660604452800397e+00
1.162950563903365486e+00
1.166818977163606386e+00
1.163195576814544330e+00
1.157344749902807113e+00
1.164122280150621691e+00
1.160514573142794603e+00
1.163619301876922973e+00
1.162034206703073336e+00
1.166473220298462454e+00
1.170966378113456496e+00
1.168619505002638226e+00
1.160721894051825576e+00
1.163258175434906505e+00
1.168043755131880301e+00
1.157553599655273935e+00
1.165777972823009989e+00
1.156708469749631263e+00
1.163590708171588606e+00
1.173933467127583619e+00
1.159657629972687287e+00
1.160652101386506763e+00
1.158845876459912771e+00
1.158808312722095168e+00
1.168843913853787608e+00
1.164451409340078181e+00
1.165672312772028096e+00
1.169636931879843189e+00
1.172823681311266020e+00
1.159500001239980538e+00
1.161380308142544227e+00
1.176100054993203692e+00
1.168512833109425886e+00
1.171167002758478404e+00
1.162721582200044734e+00
1.162098623886895776e+00
1.166482794482253116e+00
1.165804421307231609e+00
1.162620599755031181e+00
1.157022222710682335e+00
1.163477415891835509e+00
1.164076593185485509e+00
1.158209833100883879e+00
1.161557032668780742e+00
1.166897291169071149e+00
1.158951254040670786e+00
1.167526504087605055e+00
1.164841288811100828e+00
1.153056019012382416e+00
1.154605016252427729e+00
1.172574346803037848e+00
1.163689852892666687e+00
1.157609718749208261e+00
1.161979993828707869e+00
1.165830778769815890e+00
1.165011230034372236e+00
1.160222892434805919e+00
1.166478009911502411e+00
1.164380265493739852e+00
1.166465109151941348e+00
1.173643901979786408e+00
1.164669048847539967e+00
1.166827315327622072e+00
1.170648785266222180e+00
1.155111788500449599e+00
1.160770585526296195e+00
1.169729124976179202e+00
1.167883127472371330e+00
1.160593963125013506e+00
1.159634003479256492e+00
1.156458018405834176e+00
1.162489395371872014e+00
1.160147132310740847e+00
1.165585765465957602e+00
1.165198646329448362e+00
1.171033384526621202e+00
1.158225949746873651e+00
1.161572018656930938e+00
1.159868250081212082e+00
1.164975315068083717e+00
1.159321961877669116e+00
1.163259527069941068e+00
1.163474734369785102e+00
1.161684604935740328e+00
1.151057904468680393e+00
1.166231994237535430e+00
1.162912312227690315e+00
1.175846897305445227e+00
1.162192156040541047e+00
1.162187746160274093e+00
1.163253238054932304e+00
1.171916259329299548e+00
1.161344952830341004e+00
1.161362953617096627e+00
1.168258118528978651e+00
1.164053104258106819e+00
1.162259080637029207e+00
1.164018048947855322e+00
1.171437100672735543e+00
1.167468927576500448e+00
1.159676678604214084e+00
1.165648672937821484e+00
1.166062281844433945e+00
1.162073561162842106e+00
1.161707724411150888e+00
1.162987845330650805e+00
1.171868447379819989e+00
1.163694594925989589e+00
1.160692328161064157e+00
1.170382811996240724e+00
1.172778056981029993e+00
1.157592289294525845e+00
1.166956436670339547e+00
1.161847694156776578e+00
1.165506523545969175e+00
1.164549346035298028e+00
1.167219504762040394e+00
1.168614982094255961e+00
1.163293326423818330e+00
1.164825463553988749e+00
1.159347210107270376e+00
1.168763879734766808e+00
1.164838512589383646e+00
1.161971704053664567e+00
1.167258384395484017e+00
1.169482179653969389e+00
1.167348355351481848e+00
1.165677015882918610e+00
1.157407116117848078e+00
1.166523700992120105e+00
1.160292183154070234e+00
1.160714409386096824e+00
1.163273473830259919e+00
1.165143728875410511e+00
1.165818116734351539e+00
1.167705405628254089e+00
1.164163260421487989e+00
1.167727643594986819e+00
1.160125040151696263e+00
1.167481709973144266e+00
1.153379057748926684e+00
1.159635295158774726e+00
1.165333637997413962e+00
1.163773698137514190e+00
1.171167014324295153e+00
1.169607809536702625e+00
1.159755620155611400e+00
1.166051396887166858e+00
1.162697336314858054e+00
1.175634211801814821e+00
1.162632705662189236e+00
1.160331555752933230e+00
1.168583927477026885e+00
1.162666142421353577e+00
1.163265699381099028e+00
1.158176453622508761e+00
1.156471856027581291e+00
1.164302823014154775e+00
1.164212265174169758e+00
1.163133132112768919e+00
1.158996169397144893e+00
1.162821269599700669e+00
1.166579622745902878e+00
1.164510912561049327e+00
1.169314312869532912e+00
1.162521809639190939e+00
1.173221198054367420e+00
1.163419310493470471e+00
1.154691734058561181e+00
1.169004164574612092e+00
1.167247133055532515e+00
1.167805246360298144e+00
1.169119039473568655e+00
1.159778918775611789e+00
1.170068791193263680e+00
1.160473614629881078e+00
1.162234805885656863e+00
1.166305462717812436e+00
1.171733134099110396e+00
1.164822805430588915e+00
1.158321673528641904e+00
1.167055844782038942e+00
1.168350565875919456e+00
1.167308641648292511e+00
1.165278702300679869e+00
1.159283662494489997e+00
1.161283784879053149e+00
1.162483284037123754e+00
1.161580078993747822e+00
1.163346741612414137e+00
1.165968767817161966e+00
1.169802602537707292e+00
1.162707316785857481e+00
1.162645581486993818e+00
1.164067805674497746e+00
1.164743381720884763e+00
1.161144254618521998e+00
1.167086623893472730e+00
1.162909522609393953e+00
1.159737767131258313e+00
1.161267303835251896e+00
1.162291714218929961e+00
1.172441593200909793e+00
1.174999120150457710e+00
1.165583354646862357e+00
1.163776960265454186e+00
1.161865369692206551e+00
1.160691118734579419e+00
1.161181483437910833e+00
1.156548439604208056e+00
1.166384634263128106e+00
1.171759346475999441e+00
1.158567312916654712e+00
1.156792361811995073e+00
1.156701067001629113e+00
1.162843292588152000e+00
1.162206569935361644e+00
1.168496947354096704e+00
1.168399103267582451e+00
1.165838479388527471e+00
1.161402007673771442e+00
1.166682087687580749e+00
1.168395685276189200e+00
1.168856232505195880e+00
1.168823310401970739e+00
1.166472485287252780e+00
1.167162458442165596e+00
1.161331748102653716e+00
1.161591976688020944e+00
1.163193994627261807e+00
1.166682887657471301e+00
1.164677624601413219e+00
1.163562829930554932e+00
1.169701186086882672e+00
1.161909734446793019e+00
1.163794079137308479e+00
1.160179013194963193e+00
1.169163995820427182e+00
1.169699391264183985e+00
1.175953855877734489e+00
1.170648469141774006e+00
1.164659496125239446e+00
1.164020183015822996e+00
1.166085703662961714e+00
1.160677090628322139e+00
1.170470935029095827e+00
1.162907109722599586e+00
1.162966832541373563e+00
1.169731669811937769e+00
1.166993419191816539e+00
1.171282256305425484e+00
1.157454228881970471e+00
1.161353408788361685e+00
1.166202016529412910e+00
1.171068677671763592e+00
1.159795893261118316e+00
1.167869091426785966e+00
1.164986500953887116e+00
1.166251883589737748e+00
1.174786910398281981e+00
1.157546276524047624e+00
1.166280880892208716e+00
1.158054646141797761e+00
1.161710823729337427e+00
1.163185655493190529e+00
1.164739528799628943e+00
1.170289450680821242e+00
1.168188777288482916e+00
1.167158531589204573e+00
1.159625884875322255e+00
1.168486856197189505e+00
1.164629451190087872e+00
1.163708782969864464e+00
1.167913921075571571e+00
1.171071437776720403e+00
1.166100550314919770e+00
1.175872279584891933e+00
1.172030642972063719e+00
1.165707587511146004e+00
1.161787693168985447e+00
1.168634617800559772e+00
1.153790509548922039e+00
1.172353496978946419e+00
1.158694740208705554e+00
1.170813299389952711e+00
1.158922958193007835e+00
1.166420172586825066e+00
1.165883118595884227e+00
1.153709238027680772e+00
1.160310933367380226e+00
1.168358772085210218e+00
1.153349354916786362e+00
1.160115878551103874e+00
1.165657242131700633e+00
1.165278408878468230e+00
1.169149945596415163e+00
1.157933945374616247e+00
1.165035607775282367e+00
1.165284589636980339e+00
1.161308236275540473e+00
1.164604104594257450e+00
1.167155851611698214e+00
1.168807660616151267e+00
1.166426486550289576e+00
1.159042340327025578e+00
1.165573213236712258e+00
1.164682342170046514e+00
1.157770777600860335e+00
1.167250441798126204e+00
1.160103281995278124e+00
1.170211502612379606e+00
1.162238077481287934e+00
1.163167201312012233e+00
1.164104624319060255e+00
1.158075066579886458e+00
1.165945945224871494e+00
1.167885484375997152e+00
1.163207943062766869e+00
1.173324521333172887e+00
1.166758583729346599e+00
1.164406854117849388e+00
1.164114985289125270e+00
1.172205738485193605e+00
1.164746593742036040e+00
1.172732954322425636e+00
1.162553736825855166e+00
1.166960671210435896e+00
1.164048574765060184e+00
1.161025709519217353e+00
1.158788392322339433e+00
1.168092313366066115e+00
1.158126722732313096e+00
1.161137342418501861e+00
1.156536107180461181e+00
1.168790254763654834e+00
1.162171452052565668e+00
1.161370126367876177e+00
1.160936148431814807e+00
1.167103123501923356e+00
1.162336618518900799e+00
1.164074811121024844e+00
1.162107762520202980e+00
1.163285474189534874e+00
1.164567979349910409e+00
1.160581023707091486e+00
1.164120150232037521e+00
1.170294817993750014e+00
1.160049131889543839e+00
1.162234753267622267e+00
1.162430858886248863e+00
1.164553953531512809e+00
1.157964549316343295e+00
1.162430996110164649e+00
1.167186864754760300e+00
1.166145417593746014e+00
1.165817172659680656e+00
1.165095759443485202e+00
1.171972505671973197e+00
1.168591130698202640e+00
1.165442863825790987e+00
1.155251650813666098e+00
1.162189167749009266e+00
1.164646497804968872e+00
1.162724272846397566e+00
1.162102098475135348e+00
1.166029063973565316e+00
1.161546596595696146e+00
1.161866892639206617e+00
1.163410978513284233e+00
1.167958907152194969e+00
1.168180530283035479e+00
1.165354712298144912e+00
1.166204294177465739e+00
1.164266315812175545e+00
1.167269143939859477e+00
1.163529973421793429e+00
1.167303674914743405e+00
1.164091529873955144e+00
1.157008110302981008e+00
1.154771075504291034e+00
1.168659310118361994e+00
1.173047961584005039e+00
1.169834854404609548e+00
1.166036377210211361e+00
1.160018387561704944e+00
1.164697780778972680e+00
1.168094478370626188e+00
1.171137065665968979e+00
1.164494438529042775e+00
1.171171987408215598e+00
1.169612361768000763e+00
1.168432379406964206e+00
1.157730849478839419e+00
1.159960618841952007e+00
1.160705044890259829e+00
1.164865764985097307e+00
1.165005250572683781e+00
1.162084981768569003e+00
1.165258755659297041e+00
1.162445813243780934e+00
1.164600108753693908e+00
1.163413949671087799e+00
1.163519159328392671e+00
