3.589330345837464797e+00
2.079803050706282797e+00
1.461417660161442589e+00
1.451681202275176163e+00
1.458143301614677201e+00
1.453277254568810406e+00
1.450671473306525572e+00
1.462855727518686422e+00
1.469840106747767550e+00
1.458819437578062983e+00
1.456827718162798213e+00
1.447736026570363377e+00
1.448084180941705545e+00
1.453095359775472994e+00
1.446474882593560274e+00
1.451655209432415550e+00
1.451579679843045145e+00
1.444906200471991697e+00
1.452037617963525706e+00
1.446673874317969677e+00
1.447641215863801678e+00
1.455606495055043803e+00
1.457174786501475250e+00
1.440404082662604335e+00
1.443240086275648038e+00
1.452880192647635571e+00
1.437590264340002255e+00
1.453250652782002605e+00
1.443114114764701528e+00
1.441825226337926091e+00
1.454498494299043987e+00
1.444817989177152651e+00
1.463792894018407509e+00
1.454148223425919761e+00
1.449288433844300616e+00
1.456231156592258547e+00
1.443041044211985868e+00
1.450523978125336511e+00
1.456708383957676434e+00
1.454279367468042983e+00
1.452568291001357537e+00
1.460062575704572652e+00
1.443439261070324831e+00
1.451632302443242706e+00
1.446208876816918343e+00
1.453924827323298974e+00
1.459954184547292533e+00
1.449941372590611621e+00
1.450119918071008041e+00
1.445965594539929455e+00
1.460997490277367694e+00
1.442319780468136248e+00
1.448859274839088496e+00
1.461541175952075333e+00
1.453149122281256922e+00
1.444687000737273852e+00
1.456132385775175342e+00
1.438578653970281174e+00
1.453962505513639369e+00
1.443810585107616618e+00
1.456273474083215946e+00
1.465274418591101524e+00
1.458132880315961222e+00
1.447054537338571922e+00
1.456515391222371614e+00
1.460680028621496707e+00
1.452675665034739882e+00
1.439768212263790481e+00
1.449477516651348052e+00
1.446714498186712605e+00
1.452288834850895771e+00
1.450231449997618549e+00
1.459331175364195987e+00
1.443211387819417046e+00
1.446120169746312856e+00
1.440953614590070764e+00
1.443848212605781445e+00
1.456880079350042489e+00
1.448702434133118500e+00
1.454087088514471882e+00
1.443780213985939254e+00
1.441368670438403443e+00
1.458600650515684993e+00
1.462401374056023329e+00
1.447031382429103896e+00
1.451596209346904365e+00
1.438688276725042847e+00
1.461186388494815080e+00
1.462371969083636980e+00
1.455339503308543225e+00
1.444417604574667280e+00
1.454970789710821277e+00
1.461978774126029279e+00
1.456762992622334663e+00
1.449742381359925059e+00
1.462328029027514464e+00
1.458564068634733868e+00
1.447149142460359306e+00
1.454919886743193613e+00
1.457733644932273087e+00
1.460789318474540632e+00
1.459060561213964657e+00
1.458089473785500134e+00
1.444429632880879444e+00
1.437462595965270262e+00
1.445319697147145588e+00
1.458143104399094225e+00
1.458510574477827726e+00
1.448097770015923214e+00
1.447723329225657052e+00
1.439440685745265514e+00
1.456831359998750575e+00
1.441515979390834312e+00
1.450382646455407043e+00
1.454313259970632100e+00
1.457830034872629410e+00
1.450423571116018717e+00
1.449150687565021522e+00
1.449453675471874536e+00
1.459032808038132956e+00
1.451763763752549563e+00
1.470662379895225191e+00
1.467532063402736897e+00
1.456378048182556117e+00
1.445049163699450467e+00
1.447527373893297220e+00
1.457642868022395177e+00
1.454172473631314633e+00
1.445581129453191727e+00
1.456589667759787154e+00
1.458206129796997041e+00
1.448991321719391934e+00
1.452975249475214614e+00
1.459822247660877315e+00
1.454190811654714643e+00
1.431702228015999889e+00
1.448752650489179894e+00
1.451386437239806204e+00
1.440749495276576697e+00
1.443563744315408126e+00
1.453570703680595155e+00
1.461833056549961984e+00
1.450207493992968333e+00
1.447245245653226320e+00
1.446126975331894382e+00
1.462523753714275010e+00
1.445044959863001521e+00
1.451100479702951418e+00
1.454069245004674604e+00
1.458734657164774129e+00
1.441089549050042606e+00
1.441421184017121826e+00
1.459846866818244271e+00
1.451892470651930278e+00
1.438974509423591730e+00
1.447371608561979217e+00
1.448489515211596190e+00
1.443910528810847138e+00
1.447768501894520110e+00
1.450130709878965973e+00
1.444466129412858901e+00
1.442004263020984611e+00
1.465912776741585155e+00
1.451149851810678459e+00
1.443171897537405712e+00
1.467630387156194871e+00
1.453735497102347063e+00
1.453572812829011740e+00
1.450048827719463196e+00
1.439826411953892826e+00
1.455846638846844066e+00
1.447073122604040529e+00
1.448119489548030270e+00
1.453232184413567385e+00
1.453302234995002218e+00
1.462590326447744671e+00
1.442811251555447871e+00
1.443816576271530261e+00
1.463230688286460968e+00
1.445712104823772881e+00
1.453776575987264730e+00
1.450339070923921891e+00
1.450496132879439681e+00
1.454392962945715517e+00
1.452532338104463472e+00
1.452815234339002393e+00
1.451035525769166057e+00
1.446524839467483226e+00
1.455919578198045183e+00
1.446063215031786475e+00
1.466243369835674937e+00
1.444450812267636275e+00
1.455000179950977302e+00
1.454375784719684317e+00
1.447708519193328547e+00
1.444634345274414144e+00
1.461164718823311892e+00
1.442172771606223147e+00
1.459655872244218555e+00
1.446424148247501540e+00
1.446571499490412194e+00
1.445596074080394144e+00
1.459836697909695724e+00
1.447675315702394272e+00
1.461235427808411647e+00
1.452367602942067792e+00
1.454053002813477935e+00
1.445590905319849462e+00
1.451421140362611606e+00
1.434008228504011884e+00
1.448875289160770130e+00
1.456082453724403925e+00
1.458541923383560590e+00
1.437428440605199143e+00
1.449568158618614211e+00
1.461463115350013720e+00
1.445634794215026941e+00
1.454464122124390801e+00
1.454947322985680636e+00
1.442852462676169845e+00
1.448523602198361404e+00
1.454615335519930275e+00
1.465720785097909484e+00
1.453762841439613096e+00
1.469647120144462749e+00
1.459832413586351185e+00
1.442193593813010377e+00
1.463367568716636535e+00
1.442723727613038243e+00
1.447116085332869728e+00
1.461193138701006422e+00
1.453836999141829844e+00
1.450619227823557011e+00
1.449983524574650851e+00
1.460538872784140629e+00
1.449200205713269796e+00
1.451178936672044228e+00
1.439992947942985824e+00
1.459790097852923907e+00
1.454270707135161489e+00
1.457089013020151480e+00
1.438596882481451456e+00
1.439299008503080790e+00
1.449755286191036552e+00
1.447172564799426020e+00
1.444299848913626061e+00
1.453956732740421032e+00
1.449470385546440365e+00
1.449303768761691202e+00
1.448381792938420176e+00
1.451631025118328644e+00
1.459495688284380366e+00
1.456446368837587713e+00
1.460691288492653728e+00
1.449980758819941817e+00
1.451051790126779872e+00
1.441509292066004644e+00
1.440451960954194810e+00
1.446386159460657961e+00
1.453709788189274432e+00
1.449023041451914295e+00
1.432300991482531316e+00
1.437828277784759079e+00
1.442530380385802502e+00
1.434269784413088944e+00
1.456286009893235533e+00
1.456404529431244432e+00
1.449605291489003855e+00
1.452101357731738540e+00
1.442208083762406723e+00
1.439598616128849651e+00
1.441390504173426956e+00
1.446004668074957866e+00
1.461032089310411175e+00
1.445156031509319261e+00
1.446739578108119817e+00
1.464097992631609335e+00
1.452343334640999961e+00
1.452160993373173170e+00
1.459671896094011601e+00
1.444464265390122515e+00
1.446363239457069128e+00
1.451129054877664748e+00
1.444380105250379520e+00
1.455487479813817098e+00
1.445984408661408427e+00
1.453504261549017684e+00
1.446490483344173628e+00
1.444551071687480315e+00
1.451805164182625951e+00
1.453871129753917080e+00
1.450423278022020090e+00
1.440878892874801309e+00
1.450544761514211745e+00
1.447964591539378620e+00
1.457930488023306603e+00
1.449493005981734806e+00
1.440561096690549547e+00
1.444839872669139158e+00
1.443797508458400047e+00
1.459328971799689345e+00
1.444947656504168343e+00
1.437700723916259582e+00
1.444250103660388973e+00
1.449396927767625520e+00
1.440043511918367880e+00
1.433284619722006825e+00
1.438124299465501910e+00
1.461791309610962264e+00
1.464236204374026906e+00
1.451013622686767812e+00
1.463512533725094711e+00
1.446889131397169681e+00
1.445017363128693555e+00
1.455576004936288248e+00
1.440697065912661889e+00
1.447317373274875196e+00
1.462535538795179280e+00
1.452771355086418303e+00
1.429555006444607868e+00
1.445740579041624896e+00
1.441239984395410012e+00
1.452163909281514176e+00
1.446998508542826301e+00
1.463282842162382691e+00
1.442449093894444756e+00
1.455482663931397802e+00
1.440193775796642317e+00
1.448831381490289338e+00
1.462945416903673745e+00
1.455537935125305271e+00
1.455883917659222204e+00
1.460857031557892594e+00
1.460025967478037590e+00
1.457309894893206836e+00
1.447981536066387021e+00
1.446321996429960288e+00
1.450143342101455346e+00
1.442786768438180989e+00
1.449423699199638760e+00
1.448048434004015395e+00
1.443412299921716935e+00
1.446975608838354965e+00
1.446785085436632201e+00
1.458073866813403896e+00
1.461085498426846874e+00
1.462557185761733880e+00
1.445953589045612331e+00
1.451791518236579481e+00
1.446053890744112724e+00
1.452615871330854791e+00
1.452745591513847634e+00
1.443941582576932170e+00
1.462881792814419324e+00
1.449426278922474998e+00
1.448180237804339798e+00
1.456208352263582473e+00
1.455787373910906179e+00
1.457412423233950927e+00
1.448210788074330013e+00
1.447240968780513226e+00
1.445370556778565296e+00
1.469301487857591848e+00
1.460960900258194695e+00
1.450718884319665891e+00
1.458060789939523261e+00
1.458778281381373665e+00
1.461967409949333829e+00
1.441449271776692242e+00
1.443068691174580698e+00
1.449204094926909603e+00
1.463145887608391149e+00
1.443917041876598084e+00
1.450130480364643981e+00
1.455506981278188450e+00
1.451481712993223594e+00
1.451353620340365858e+00
1.449220816799744238e+00
1.441743267641069748e+00
1.451039373877936800e+00
1.452101744362937374e+00
1.448843862125477777e+00
1.441282241508334616e+00
1.460732287561695264e+00
1.447416291739132665e+00
1.445571278186431607e+00
1.458852561124156511e+00
1.446159850725648566e+00
1.452858791766066249e+00
1.451492333763900300e+00
1.435565125470751990e+00
1.439650495250356155e+00
1.452121529476604112e+00
1.450420731091815574e+00
1.450295906569468274e+00
1.467280898290331370e+00
1.462162245034627883e+00
1.466437636391098254e+00
1.448925639728920745e+00
1.447248521939375809e+00
1.446125083884636675e+00
1.443598514315066694e+00
1.456483525855797767e+00
1.447028255787095485e+00
1.455657746584775092e+00
1.449945731884866085e+00
1.454033255318649021e+00
1.449715158308237051e+00
1.453558070825259563e+00
1.449563291663122477e+00
1.446790914538688133e+00
1.464341523841514947e+00
1.443377270318893402e+00
1.452361343601098698e+00
1.452956399944174359e+00
1.442682273589466657e+00
1.449316804394767733e+00
1.458201830340348781e+00
1.444855651865496693e+00
1.447080642371308512e+00
1.459322422926260465e+00
1.453649685006074499e+00
1.443406423459579813e+00
1.452376532552856148e+00
1.438613938707635098e+00
1.444983983417379214e+00
1.450902634171686190e+00
1.456218611251701711e+00
1.469390539253675465e+00
1.447697884558672099e+00
1.448091768309107241e+00
1.449523736554532594e+00
1.463302047618560975e+00
1.465398853787126088e+00
1.462920359579336527e+00
1.457170286780096857e+00
1.459429064179000646e+00
1.446961579079339977e+00
1.452837471941964109e+00
1.439398398353465947e+00
1.455484115992725203e+00
1.455378700504618150e+00
1.439863428754956320e+00
1.448115460521281150e+00
1.433461729313052713e+00
1.448847292246746354e+00
1.446005710789104004e+00
1.451743139204496602e+00
1.452814769075310597e+00
1.440747633820719908e+00
1.453323333640457626e+00
1.440102100948837061e+00
1.457150537685534264e+00
1.453696031841580805e+00
1.442975433008848452e+00
1.459643621902176891e+00
1.447074831097068026e+00
1.447967064112740454e+00
1.451224108792294132e+00
1.447328374689934583e+00
1.453610663951085735e+00
1.438187829990200450e+00
1.448310752510012067e+00
1.443732202780972695e+00
1.451445030782258394e+00
1.450225203669866847e+00
1.466794731918714234e+00
1.438099870061874785e+00
1.458409558412797180e+00
1.447752045211152971e+00
1.452683426378510001e+00
1.455134868072453846e+00
1.457845117519898537e+00
1.442021324938439708e+00
1.447672925692270018e+00
1.462042022059034885e+00
1.464085889565413190e+00
1.445394643280889735e+00
1.453220075709319659e+00
1.450340536128764235e+00
1.451582538349031060e+00
1.454580541266793814e+00
1.444511786568984935e+00
1.449641409723069430e+00
1.455222981327805698e+00
1.450391738007846154e+00
1.440531273533423473e+00
1.442279110122048014e+00
1.460405537304101831e+00
1.450996159432218713e+00
1.456145356089885157e+00
1.456232064055473341e+00
1.470424408792540438e+00
1.450932405399335767e+00
1.454448058662743515e+00
1.450378963270144705e+00
1.440207896956905653e+00
1.445352037516657306e+00
1.458430114718098691e+00
1.445403397666335632e+00
1.467687334451686310e+00
1.450519867597864998e+00
1.451108758832686529e+00
1.462170188609093424e+00
1.447992504980007311e+00
1.448231821505241879e+00
1.442622209772951525e+00
1.454968323493845306e+00
1.444836255664200042e+00
1.451471002125788390e+00
1.454743317953804072e+00
1.457054738999572496e+00
1.448726481276960909e+00
1.457629593927283640e+00
1.448595503046988808e+00
1.440041661400199624e+00
1.442565681891254448e+00
1.446801485144949551e+00
1.464215759723479504e+00
1.436263540752548140e+00
1.462049730395331926e+00
1.452422623283360581e+00
1.452028220234099498e+00
1.449625917239726558e+00
1.456501235240334147e+00
1.444632422646509928e+00
1.460279220133444023e+00
1.460082491266610383e+00
1.454742315908807315e+00
1.449295589676257601e+00
1.461037672108217889e+00
1.449436935304857732e+00
1.454170879819337792e+00
1.450446291572015545e+00
1.456083799572254645e+00
1.466761316021537143e+00
1.459449033227262715e+00
1.459862310319724132e+00
1.452236281822558039e+00
1.462885104167678030e+00
1.452833417361865109e+00
1.448491081410968384e+00
1.460972498569770295e+00
1.459305647939764139e+00
1.456247903492405849e+00
1.449093603998519830e+00
1.454338127577138984e+00
1.451581520147316562e+00
1.450927456930311665e+00
1.441348142430996848e+00
1.455198895650746893e+00
1.445715762466596388e+00
1.456039933751620774e+00
1.457876185054245211e+00
1.444758741287200499e+00
1.452817594151577740e+00
1.459268435267792263e+00
1.450460066274770421e+00
1.453204318172108156e+00
1.447960389186552010e+00
1.439838994743392719e+00
1.455988873573376141e+00
1.460092933925220215e+00
1.458799182043539977e+00
1.456709519085613191e+00
1.449043459020671776e+00
1.445258117897725514e+00
1.463118710175862924e+00
1.447332911334646255e+00
1.453435418174470417e+00
1.455167695349672163e+00
1.468860722014221354e+00
1.448193224129488144e+00
1.449695947534723084e+00
1.444409911310605477e+00
1.460960903214762352e+00
1.463480266515864159e+00
1.439787678278798166e+00
1.440901480624315001e+00
1.445287991433583663e+00
1.442319029981311784e+00
1.445072879922908449e+00
1.452088133477088094e+00
1.452994599009877597e+00
1.460542937724325085e+00
1.451179877224509474e+00
1.455701997942362214e+00
1.441211881807478390e+00
1.464992796791413365e+00
1.448971465861097263e+00
1.442903183776881981e+00
1.457652511509670568e+00
1.448100037500642312e+00
1.445070276199378778e+00
1.452157079606269274e+00
1.446553318763365237e+00
1.453028474126387914e+00
1.453291671784063821e+00
1.451861533247066793e+00
1.449681523685368401e+00
1.450893325086756169e+00
1.448576574668655637e+00
1.450392631677130728e+00
1.440767031030016243e+00
1.447962527528358967e+00
1.454274805268191084e+00
1.440228612535568331e+00
1.450157084762987880e+00
1.454752141304464175e+00
1.450884957460269797e+00
1.454722562757478910e+00
1.440825342333574621e+00
1.445371610205312018e+00
1.451955608681452237e+00
1.447811467830782961e+00
1.453213826653339646e+00
1.460957963252158098e+00
1.456588640338810414e+00
1.440123395656260019e+00
1.449615042052736280e+00
1.447545132355656960e+00
1.445640259253903492e+00
1.457772401578824262e+00
1.453434767762156410e+00
1.445909179859661275e+00
1.455353647477359402e+00
1.468979716064457541e+00
1.455194470285920527e+00
1.451749715688292586e+00
1.447519859718841007e+00
1.459154206928937159e+00
1.448325995016993328e+00
1.444749575060493951e+00
1.459525769346026625e+00
1.449219309646412546e+00
1.444041049131942422e+00
1.453299327826560461e+00
1.457341018220077888e+00
1.446247217561421383e+00
1.442370448875861078e+00
1.457606599895804989e+00
1.437813575766151430e+00
1.455487451281773259e+00
1.439481819040592692e+00
1.449946385184500253e+00
1.451418391725777246e+00
1.447251316122571962e+00
1.442225786557033151e+00
1.440730930656605402e+00
1.441639472253666066e+00
1.447811717012195576e+00
1.448869133251472485e+00
1.459040715033331104e+00
1.465702301674289387e+00
1.445725815824288496e+00
1.458498431708354026e+00
1.462326608509875614e+00
1.453223188118083709e+00
1.453776061304699052e+00
1.451640426246387117e+00
1.453462920065548003e+00
1.446772102575944574e+00
1.466738113295890988e+00
1.446808978441840976e+00
1.451424404527701384e+00
1.452080809410771334e+00
1.450710794788539815e+00
1.440478459729151561e+00
1.446866318248330785e+00
1.451632031616360230e+00
1.443260409210833428e+00
1.453845170804042741e+00
1.451562091133820287e+00
1.445305678590516951e+00
1.449049745285699409e+00
1.454790735807751645e+00
1.470859864300483988e+00
1.453710054599076429e+00
1.444732048280819026e+00
1.465239417631958974e+00
1.444662371102591214e+00
1.459119910890796845e+00
1.443799735301726450e+00
1.455703163205900541e+00
1.444992848453205303e+00
1.444578287402312089e+00
1.455718986807234661e+00
1.443119012772058340e+00
1.460293077907219628e+00
1.447218886504969548e+00
1.456801633980276733e+00
1.447105727051999580e+00
1.446313985796659818e+00
1.441054414843834675e+00
1.447069814974354607e+00
1.450378714621141985e+00
1.451447510922824424e+00
1.450350119152986172e+00
1.451293461464287171e+00
1.456839205451132102e+00
1.433681789398311368e+00
1.447297173218052846e+00
1.445537249028032933e+00
1.456775066016596565e+00
1.463193643740336336e+00
1.447244255900310250e+00
1.450212168072089858e+00
1.452032750681991891e+00
1.454641985332324916e+00
1.449130503788632840e+00
1.446789320856910477e+00
1.448401428446179251e+00
1.455492096226042698e+00
1.455145789902407838e+00
1.450263948123878821e+00
1.470211665852272809e+00
1.444824980064429498e+00
1.454855158862672804e+00
1.447656239292425706e+00
1.459585084433684399e+00
1.466791756169830263e+00
1.449394533270588870e+00
1.439538415553328399e+00
1.445941843836473950e+00
1.450149703693676351e+00
1.472352231879736628e+00
1.459411800494538447e+00
1.452304522872709613e+00
1.448261116578499985e+00
1.467440492758971926e+00
1.450497890288694469e+00
1.459873843851878572e+00
1.456113078662247151e+00
1.451141767093220958e+00
1.451655016541411936e+00
1.457675946879124274e+00
1.445616229919754803e+00
1.456500251124635881e+00
1.450849195957501170e+00
1.439343267601440379e+00
1.458626281788492518e+00
1.442974762470186967e+00
1.448407679521012126e+00
1.454684698034395263e+00
1.459998024557493057e+00
1.455458200407071079e+00
1.445238702578980128e+00
1.462130887092485398e+00
1.449971590299369950e+00
1.451854111983759577e+00
1.436183293076463752e+00
1.448861135548460410e+00
1.460753086368596243e+00
1.448480697292899189e+00
1.448284960325399773e+00
1.455564676022132353e+00
1.449061175379042110e+00
1.455181673858411795e+00
1.470622303849072887e+00
1.442131508143585927e+00
1.449100970798239185e+00
1.457558587252209659e+00
1.459269754712890554e+00
1.449007313202061553e+00
1.446004600236382220e+00
1.441430773922590003e+00
1.446825550222383017e+00
1.457576870052094353e+00
1.438820595256755430e+00
1.454708297851837751e+00
1.454925605412924261e+00
1.451413871719177129e+00
1.445762852038194879e+00
1.449711459084571885e+00
1.445035896773486650e+00
1.435298252444879630e+00
1.457046455435519583e+00
1.455925097417938296e+00
1.452765832266816659e+00
1.454320013055461658e+00
1.456585477979762677e+00
1.440660181574671350e+00
1.445383698476551793e+00
1.439003523091891390e+00
1.444037969240273167e+00
1.442523371420819656e+00
1.448796727107163562e+00
1.443155800020954560e+00
1.441466717138605969e+00
1.447774636767209744e+00
1.455371460183585208e+00
1.457682088260231934e+00
1.447805359237256839e+00
1.450017958408410967e+00
1.455494719250483238e+00
1.456763748889281285e+00
1.452755048948859873e+00
1.444872339718957788e+00
1.454580081269481129e+00
1.445189164821038430e+00
1.457812253434807026e+00
1.451665375342791720e+00
1.466878173680673747e+00
1.454712215834724542e+00
1.453741251498298359e+00
1.446373952931997886e+00
1.438316998265340096e+00
1.451864002944049492e+00
1.440545832471013643e+00
1.448457569352418650e+00
1.451462214026749020e+00
1.449784409789482531e+00
1.452360105880342367e+00
1.441346931774162510e+00
1.448398604114732091e+00
1.454747121085346651e+00
1.454166061922836484e+00
1.448021227000330091e+00
1.442244642634533669e+00
1.452924916119721077e+00
1.445244463942703783e+00
1.445475560354980038e+00
1.449577429171403198e+00
1.444490714838231327e+00
1.443806583419978251e+00
1.445878096117749312e+00
1.441243624540037516e+00
1.451840296448911882e+00
1.450152638452676612e+00
1.449045601628238922e+00
1.444949739868543137e+00
1.451217051555132587e+00
1.446483008431027617e+00
1.446233661962721184e+00
1.447215404785331616e+00
1.446802252556562474e+00
1.440454148806925794e+00
1.446920125621522057e+00
1.464679654537965225e+00
1.455184906512063447e+00
1.446843735605771952e+00
1.448761086368967721e+00
1.443022420387776394e+00
1.438327891696607352e+00
1.453368633804862808e+00
1.444734643550193098e+00
1.457720807234794691e+00
1.456057222166542209e+00
1.458388873160948451e+00
1.438252821390492153e+00
1.456307007502886997e+00
1.449588229833290498e+00
1.459029751889177051e+00
1.445270324355483194e+00
1.456161613749598072e+00
1.439479312844778258e+00
1.460659046854634546e+00
1.447727596556007024e+00
1.447246822019746304e+00
1.446837309238377056e+00
1.467000510765836596e+00
1.444106467407972438e+00
1.461186994950562257e+00
1.443714635494503629e+00
1.450995291220964489e+00
1.448301726993850957e+00
1.446734914397822758e+00
1.452043671081658882e+00
1.450807820463556608e+00
1.437601228590390745e+00
1.463952945336828071e+00
1.445784508598962681e+00
1.451331917276887484e+00
1.447520324317126628e+00
1.469718516764546790e+00
1.453313419119090399e+00
1.439883931718635157e+00
1.445820215867352321e+00
1.462660749250255021e+00
1.456007784487558521e+00
1.454496413115077047e+00
1.454278735604866313e+00
1.439215316981417248e+00
1.460240832520832477e+00
1.449875539142106096e+00
1.437909629337755568e+00
1.447744323507197173e+00
1.457854117983350850e+00
1.452498271504369276e+00
1.460215192573549148e+00
1.466333230087135453e+00
1.455761445681245769e+00
1.447032625515231485e+00
1.455698276530140944e+00
1.453062628365472397e+00
1.450964892990362021e+00
1.454601085071237199e+00
1.454674213153374529e+00
1.455070504950475074e+00
1.435458561086226492e+00
1.446536635122450898e+00
1.441909204004820699e+00
1.451435134234258628e+00
1.455645970967226921e+00
1.442465193529488543e+00
1.454156373757175880e+00
1.445663470941890072e+00
1.450706155361624283e+00
1.454338664399729586e+00
1.452567713753322165e+00
1.458575750145035599e+00
1.443755062874449324e+00
1.455199095623028516e+00
1.449179621452556299e+00
1.454613216886755156e+00
1.444495718320251587e+00
1.459229218144334261e+00
1.444598853122769810e+00
1.448014039762803851e+00
1.454553691815483996e+00
1.450180309081921193e+00
1.450548358946540439e+00
1.448688971613190990e+00
1.468219162791824184e+00
1.444088224071951032e+00
1.458073538400587177e+00
1.462548772736828040e+00
1.457771630856163458e+00
1.448995388374184401e+00
1.455695750013168199e+00
1.467357244227180946e+00
1.447349273089224564e+00
1.448141732725154895e+00
1.449873898773162306e+00
1.448183973179636208e+00
1.448099404955917491e+00
1.463413545104409685e+00
1.447626228500899392e+00
1.446603336852695598e+00
1.456183198923287403e+00
1.456541286841790628e+00
1.459953336849696193e+00
1.446222192333409318e+00
1.451411499839738495e+00
1.454379121208615899e+00
1.438670016536689023e+00
1.448561605974951316e+00
1.446672351450534855e+00
1.442420305745395259e+00
1.440610439103354512e+00
1.449367461394248435e+00
1.458835305086917833e+00
1.453183029616238686e+00
1.445931582353570555e+00
1.443445700495814110e+00
1.456182403275838366e+00
1.444563401116125689e+00
1.458260630803609903e+00
1.465841661480251412e+00
1.460722904930590316e+00
1.466968412017593870e+00
1.450453569163872247e+00
1.445009572842790968e+00
1.457875510404244013e+00
1.452708571516276415e+00
1.450753722851916061e+00
1.450158741730572576e+00
1.462486820154544231e+00
1.443903588367434265e+00
1.449263451575917960e+00
1.445988613059271621e+00
1.454571423089520366e+00
1.442253679305903757e+00
1.453055512790049519e+00
1.447506824363647304e+00
1.449575989486723282e+00
1.440210868650996456e+00
1.454973693654944888e+00
1.451319169049432700e+00
1.446111423527248752e+00
1.437730565143429784e+00
1.452437854283406882e+00
1.454932616090770958e+00
1.453576687821419355e+00
1.454185144272649666e+00
1.455728376790380807e+00
1.494243901624019877e+00
1.444214704119890058e+00
1.444473047631863682e+00
1.459874907638554209e+00
1.439083070264750797e+00
1.454658612267218709e+00
1.451548417039375760e+00
1.449929527999814782e+00
1.447038891139859063e+00
1.442395201559421469e+00
1.457827897673872330e+00
1.446479384242912669e+00
1.451742579696771340e+00
1.452343350974351521e+00
