5.725494464151226204e+00
3.024972794540147447e+00
2.817356435649926105e+00
2.913237317388465808e+00
3.076161653965042042e+00
2.641876565335015137e+00
2.708548859432589051e+00
2.980337685512416179e+00
2.978205836554967956e+00
2.591777554272348461e+00
2.683209473236524811e+00
2.785334495223297235e+00
2.973680195431462447e+00
2.949699206667060203e+00
2.779513573315269159e+00
2.932074786305987946e+00
2.707749192291647677e+00
2.736605802986256109e+00
2.705259484110119850e+00
2.829550357210620870e+00
2.799920834203180053e+00
2.895939430631949474e+00
2.964057722331189026e+00
3.437101587271883307e+00
2.974748722522315258e+00
2.866564153434462803e+00
2.971552428991035555e+00
2.942402333150015536e+00
2.860461825658423329e+00
2.766173819640981968e+00
3.062083897727081894e+00
2.632035287608421648e+00
2.911041705809803037e+00
3.081304140442484574e+00
2.732154997421247788e+00
3.196678558261181635e+00
2.831059948333385812e+00
2.900057354193990466e+00
2.989769498016559446e+00
2.575777241340779788e+00
2.556043210971104429e+00
3.074950488183495256e+00
2.727843551683913237e+00
2.861308826247864534e+00
3.117882952333882240e+00
2.595274291907043729e+00
2.845991510238996103e+00
2.811065564113809589e+00
2.874102181491820396e+00
2.790662821637260649e+00
3.011003117690291386e+00
2.894417389204776647e+00
2.683727270094722783e+00
2.915495693072555738e+00
3.020544527694105863e+00
2.793429979169933741e+00
2.875306205003836713e+00
2.769794280233815353e+00
3.070363620887953893e+00
3.006821114161576602e+00
2.872838860407589845e+00
2.891320826777223907e+00
3.030290198519505207e+00
2.618052832699285126e+00
2.838942315575075259e+00
2.732820671631754017e+00
2.583879930633132815e+00
2.860732898054906492e+00
2.824219300568314939e+00
3.026692500006388897e+00
2.744666469234916306e+00
2.702008855920166930e+00
3.014221622334137152e+00
2.872194214714965277e+00
2.757296166318357944e+00
2.879575555624368288e+00
2.899262220713435756e+00
2.904208240299328114e+00
2.993094626686611193e+00
2.895187798642142152e+00
2.923566950523095898e+00
2.929546896361253872e+00
2.797819269622516369e+00
2.740673142055108702e+00
2.741028890738707702e+00
2.908143003050659203e+00
2.816390206575910771e+00
2.878643127114711486e+00
2.818579813977232451e+00
3.094777661496143306e+00
2.805147198178838508e+00
2.895072171017317064e+00
2.781819951461169449e+00
2.671069131113917194e+00
2.723653350121696182e+00
2.769226199434160485e+00
2.828520213859699872e+00
2.654085957837442944e+00
2.958663886005635568e+00
2.727625624648012170e+00
2.867790344621498733e+00
2.849963783233340209e+00
2.958126963130087272e+00
3.022804247696882385e+00
2.758864426530904801e+00
2.903268017209564622e+00
2.807531975935146473e+00
2.878524579628099822e+00
3.434035757893390883e+00
2.901436375902263443e+00
3.019886746901777386e+00
2.816410787663734983e+00
2.769885784943826312e+00
2.763899998894460808e+00
2.898076788648146884e+00
2.797014748860436217e+00
2.829422640489027696e+00
2.919490595371346586e+00
2.659679494084187912e+00
2.774771973599893027e+00
2.745767025606686840e+00
2.636591825277598833e+00
2.860310153232284769e+00
2.956125797639646891e+00
2.685780810412318420e+00
2.884104749820660007e+00
2.876083745637179057e+00
2.884255285299212712e+00
2.675384429997643920e+00
3.000798392140291426e+00
2.983804807178557894e+00
3.350407125822221666e+00
2.668044115516370773e+00
2.837280383074766821e+00
3.034153784639449736e+00
2.697102128977772129e+00
2.948731794195634137e+00
2.949757402488785818e+00
3.086309685586603901e+00
2.700628256278773787e+00
2.908425270747644120e+00
3.180772053630480656e+00
3.235963539966856928e+00
2.819537641603673706e+00
2.580495956530353130e+00
2.874082892067383099e+00
2.662158901308497416e+00
2.920833926245417267e+00
2.983627294387561246e+00
2.532834271087269329e+00
2.941118417161492804e+00
2.699743203592471552e+00
2.753551479800893098e+00
3.333293305124516159e+00
2.848790798305347760e+00
2.695041686915555790e+00
2.943454138857430014e+00
2.749747011614775971e+00
2.711154841528820914e+00
2.699277961181110186e+00
2.868433643489654017e+00
3.166415986285014750e+00
3.177124099078960207e+00
2.893543024565456534e+00
3.020681562954017352e+00
2.797791089296720823e+00
2.826805091466912057e+00
2.994839257957726542e+00
2.869098611395918930e+00
2.970855649936924525e+00
2.641112378718049936e+00
2.817523240441780707e+00
3.249507760890947061e+00
2.806664063574867640e+00
2.935101961346264776e+00
3.021058954011010211e+00
2.735796943790740787e+00
3.097336965776806839e+00
2.688888845406809391e+00
2.951222772458103716e+00
2.761075371093245856e+00
3.002835077624891991e+00
2.942332329058082507e+00
2.803188589970696754e+00
2.761141337180403443e+00
2.988022331719342617e+00
2.626630258081598335e+00
2.939754909832633878e+00
2.980283600935796695e+00
2.905290041082634112e+00
2.747402448649933770e+00
2.955328515484913598e+00
2.955071419003711508e+00
2.819395614907578729e+00
2.859445816442511390e+00
2.816372994714254840e+00
2.729166982448945511e+00
3.006797482984908232e+00
2.890450253160095517e+00
3.035970450671884979e+00
2.847167284113322872e+00
2.996385153070920460e+00
2.864566900670000749e+00
2.767693165897297636e+00
2.762305305656872267e+00
2.781747068789638178e+00
3.111999315565472823e+00
3.081076952673672320e+00
2.639889553939708922e+00
3.149005835884653770e+00
2.917640188852101080e+00
2.692052154375920825e+00
2.845645616682498602e+00
2.985355483799210674e+00
2.845074648693334485e+00
2.983194838536835647e+00
3.183842289293647099e+00
2.689336505305490288e+00
3.433703418257675555e+00
2.734562267474412778e+00
3.051957531678844759e+00
2.850727586331293750e+00
2.923890991614969348e+00
3.030089149513809144e+00
3.316851328210219219e+00
2.880373633487998131e+00
2.802620760455778903e+00
2.877372180629192755e+00
2.826495494075966342e+00
2.741277562919509414e+00
2.819978240862313967e+00
3.054454666536934315e+00
2.961522042277775935e+00
2.754390983001910431e+00
3.183997814616223110e+00
2.908966513861839687e+00
2.718421458036139882e+00
2.907083943029920459e+00
2.976071067909175305e+00
2.821117041243067280e+00
2.799053036551663265e+00
2.792813272408450231e+00
3.046974108374870482e+00
2.809167070175423664e+00
2.882180384615355528e+00
2.957961368454124162e+00
2.861208430068615360e+00
2.814157807079264995e+00
2.786771553234375975e+00
2.794440779880920100e+00
2.720833241769829769e+00
2.632544429006919540e+00
2.849344349289528733e+00
2.887372659763969285e+00
2.881401849637516221e+00
2.740811591002661807e+00
3.075956223204213913e+00
3.043524451293367683e+00
2.923103400772750327e+00
2.715864880397829584e+00
2.812373363397889126e+00
2.771871397390497371e+00
2.858594190187937922e+00
2.795599079754562233e+00
2.792639147478464423e+00
2.903722535161856300e+00
3.054427463595681846e+00
3.142405530605863362e+00
2.923504351800534806e+00
2.713655816533602216e+00
2.667731532634175284e+00
2.800440473519052009e+00
2.917614851968559186e+00
2.858834134979061581e+00
2.701891691894142689e+00
2.733025621357005441e+00
3.085967583831387806e+00
2.937649446153406618e+00
2.893375157348048177e+00
2.815892437297785378e+00
2.833490606878495743e+00
2.903461016372395509e+00
2.871063378968815805e+00
2.805834993077297224e+00
2.901268835030222704e+00
3.059435574869711516e+00
2.857844445390988586e+00
3.067468496704697234e+00
2.911820805945225299e+00
2.815776493876167574e+00
2.797812753251201379e+00
2.830862687408373102e+00
2.775272448380186496e+00
2.868498840128424821e+00
2.943749913906855031e+00
2.617826835173350464e+00
2.790415521786755004e+00
2.988849847265956594e+00
2.789614071799587869e+00
2.854030888884857564e+00
2.899315391018314259e+00
3.021430153220426185e+00
2.777426858825289724e+00
2.647921600121457608e+00
2.704319566837380506e+00
2.844099110597593683e+00
2.922037808610191689e+00
2.912483893374897992e+00
2.855379923283538179e+00
2.918451518792006816e+00
2.841705515827613215e+00
2.819612833558450049e+00
3.032956693759579547e+00
3.044461148017498786e+00
2.702907298325501806e+00
2.666417233462412550e+00
2.733066397671091163e+00
3.181371599129699579e+00
2.936596295901287235e+00
2.912775077582657968e+00
2.662146533965001005e+00
2.821921097754138241e+00
3.003352332068415009e+00
2.608042740380679625e+00
2.918103267042059024e+00
2.905057960329965550e+00
2.765785679361886462e+00
2.890906677921175394e+00
2.883200229648723134e+00
2.870042542469757318e+00
3.099103266004405555e+00
2.976895539136030333e+00
2.957864703435781895e+00
2.649082790961052591e+00
2.783778886773644601e+00
2.769717347903514426e+00
2.710595621912943898e+00
2.826791350257634949e+00
2.948180617117731384e+00
2.936008827351460848e+00
2.826274173771480047e+00
2.693550359474467193e+00
2.898521790077373872e+00
3.005325980247710582e+00
2.670567691396743104e+00
2.842507212756347990e+00
3.092721473117159725e+00
2.804824963171475449e+00
2.953486424305054037e+00
2.865654473067421382e+00
2.971325039839050053e+00
3.006276071626209578e+00
2.837316830613859864e+00
2.787641892000852550e+00
2.733568652853508585e+00
2.886858787267949644e+00
2.679419194913601032e+00
3.187516553521959839e+00
2.834702479830102373e+00
2.988747463790889736e+00
3.008609020141387536e+00
2.818228664843582365e+00
2.872925362482726896e+00
2.900710024732942482e+00
2.675894810978885374e+00
2.872478839538731066e+00
3.065059328210144152e+00
2.716843351461347478e+00
2.798242877862893607e+00
2.935292021339623858e+00
2.882272459094304295e+00
3.085747141605422073e+00
2.747683335894037793e+00
2.781273308107594211e+00
2.885713823641628206e+00
2.900923732382521436e+00
2.830951711920926428e+00
2.844190649106672186e+00
2.711926165169577629e+00
3.010471472003718230e+00
2.933507489688869541e+00
2.846084478746935265e+00
2.686046709684899003e+00
2.801008539453966328e+00
2.926986065148958094e+00
3.077167987677255745e+00
2.922341775961360355e+00
3.224408750344292418e+00
2.709634715060647903e+00
2.902794989714156504e+00
2.766019783695869982e+00
3.025106877602067534e+00
2.726477099149499317e+00
2.934379510050066031e+00
2.925552575464448246e+00
2.734683424984773570e+00
2.785418963276932391e+00
3.128385339650410657e+00
2.842005146363128620e+00
2.871232273285902803e+00
2.779315564347597522e+00
2.773355790598068804e+00
2.749190742428388567e+00
3.042152767430815974e+00
2.885279420750407109e+00
2.753421172074369316e+00
2.677670731226263978e+00
3.226590430735372994e+00
2.818131411179142454e+00
3.072451408536112094e+00
2.523373838676613357e+00
2.908192200119338100e+00
2.727268204347080616e+00
2.861229250416395864e+00
3.032730929284321419e+00
3.117858416430750346e+00
3.022708371618249679e+00
2.693743220621459766e+00
2.717137232167240235e+00
2.749810033714024993e+00
3.012233951439081459e+00
2.923298552441415676e+00
2.964561913260090442e+00
2.980890189957351222e+00
2.899174413584612253e+00
2.737692071739172839e+00
2.927643481250356228e+00
2.827513981016881228e+00
2.952876160169317199e+00
3.114411652467063085e+00
2.886091963221482093e+00
2.595601182201276558e+00
2.756653891952568269e+00
2.810566581858993995e+00
2.874747289758334379e+00
2.957506493997073882e+00
2.798349441832622020e+00
3.007837899059545350e+00
2.923364731136623540e+00
2.873633659356446213e+00
2.784895348089025724e+00
2.778269790632446945e+00
2.851801963558084463e+00
3.045301601401887215e+00
2.773617696446899927e+00
2.810381638915462776e+00
3.147773818903126131e+00
2.633613529625476346e+00
2.810914367002397718e+00
2.878834264334774407e+00
2.946905883345994237e+00
2.875458150882850283e+00
2.984685025761379507e+00
2.716759467258938798e+00
3.046856863645902358e+00
2.716367665218011318e+00
2.965253486162076957e+00
2.894384714093428457e+00
3.107483442429838760e+00
2.649067936242365917e+00
3.387699544309743072e+00
2.877544523961414580e+00
3.022042494263446955e+00
3.018040756808932024e+00
2.787459892752102597e+00
2.972955886107701229e+00
2.930640456235640734e+00
2.978617067868771340e+00
2.833158325714255632e+00
2.753124424075566345e+00
2.691312472386879762e+00
2.843263896793066348e+00
3.033435918325110947e+00
2.929111511883101038e+00
2.920869269647793143e+00
2.747950572249432621e+00
2.855015271653891240e+00
2.848444540163677541e+00
2.925983718593563765e+00
2.775284916759015008e+00
2.928581563008148425e+00
2.824534558597146638e+00
3.090681402931734656e+00
2.854367278785716167e+00
3.171382466123420674e+00
2.738498254488472838e+00
2.852055307964162623e+00
2.965615186741442422e+00
2.904709219065415571e+00
2.645844230894582427e+00
2.886967336718136323e+00
2.990468553246863781e+00
2.753224414117316332e+00
2.822366134583006225e+00
2.940392681002467867e+00
2.876233352659951947e+00
2.738039687322575855e+00
2.873619591288886888e+00
2.773013727381398397e+00
2.873027976763126823e+00
2.826640957036678614e+00
3.152575006586456841e+00
3.058292892115203276e+00
2.743350346810104146e+00
2.911992479992720817e+00
2.913049844037683744e+00
3.074541943274905265e+00
2.729544727611786126e+00
2.920806254789296119e+00
2.845557171275833408e+00
3.279603589394504137e+00
2.901914096771201379e+00
3.146576351595345322e+00
2.979411309881418113e+00
2.881202794733080275e+00
2.880644977723849198e+00
2.985561271449526544e+00
2.891496441533971229e+00
3.024765093152485207e+00
2.676807508881482889e+00
2.776399586856372892e+00
2.815268906968300122e+00
2.955856924807512609e+00
2.668670004379114946e+00
3.065667657937470647e+00
2.981259866865022978e+00
3.013531336773604963e+00
2.879788747893138989e+00
2.823141007544688552e+00
2.850522774935150494e+00
2.590279851341629858e+00
2.855956666106221675e+00
2.783786509227493600e+00
2.895106830140877996e+00
2.850230174204892997e+00
2.706362184410186167e+00
3.046074958896837881e+00
3.103675115535762696e+00
3.030522773570632378e+00
2.935133204758611836e+00
3.147489831098503998e+00
3.083551000055623881e+00
3.009628691944124412e+00
2.919731116829805906e+00
2.787132880631003395e+00
3.172120686552559743e+00
2.857420054443069457e+00
2.811153435705899373e+00
2.978014513703873156e+00
2.601683073916579048e+00
3.052956884817454419e+00
2.746869946721897549e+00
2.831899283816515123e+00
2.792246967154033754e+00
2.852506796737605654e+00
2.779057709695617273e+00
2.881975354717135840e+00
2.803916889578366600e+00
2.980033954781497130e+00
2.714983774743934042e+00
2.752452990843256675e+00
2.918663904201536319e+00
3.121292142672652759e+00
2.826421413065141497e+00
2.959421208383663515e+00
3.210175350238231307e+00
2.874634276823578194e+00
3.190365630420836318e+00
2.925939878284275153e+00
2.928486699980643149e+00
2.692186731629771401e+00
2.825757183505239301e+00
2.774065853667714521e+00
2.687670202818121190e+00
3.210509327959618187e+00
2.558591416720806144e+00
3.283394883805558440e+00
3.025662701616841588e+00
2.848552337305822579e+00
2.850992653087722317e+00
2.760759842667176223e+00
2.803250143540536143e+00
2.833200008872959419e+00
3.170454883029490745e+00
2.684541840624195430e+00
3.096218408261116384e+00
2.832608012301959910e+00
2.932401259229083568e+00
3.042249147959038336e+00
2.865145290165727054e+00
2.895566699932969890e+00
2.811020415449957621e+00
3.100864945147636664e+00
2.759810502704876711e+00
2.921575490066485425e+00
3.114383274823349090e+00
2.809191414285405308e+00
2.874987954022632852e+00
2.840361852233988849e+00
3.068346434150129198e+00
3.074377688270653941e+00
2.783083847650461795e+00
3.105256588105297588e+00
3.166439011947845383e+00
2.809431896656596539e+00
2.862777192830884054e+00
2.822310711221049040e+00
2.677311919070225255e+00
3.085310262672422255e+00
2.678573170673900883e+00
2.981309501305874576e+00
3.047110599829801814e+00
3.124387203527831947e+00
2.909990501357357928e+00
2.601045590587214740e+00
2.984309046405940524e+00
2.805863299559214319e+00
2.825880171282329378e+00
2.784211228728628029e+00
3.237448383820544340e+00
2.839006672782060647e+00
2.794595716376123029e+00
3.176271512509569739e+00
2.756093490089104758e+00
2.895686441537630884e+00
3.103272321725357052e+00
2.858524351544189379e+00
2.725174487995125183e+00
2.982305115892150749e+00
3.454609221859840318e+00
2.973743737106044893e+00
2.713972695905845889e+00
2.737371974047466683e+00
2.887469856706350591e+00
2.836166071900277252e+00
3.002288377081835158e+00
2.846149116581086602e+00
2.807781284310019387e+00
2.712050481112350919e+00
2.666849606747334622e+00
3.021587802642121456e+00
3.093064981884999121e+00
2.870806077336759632e+00
2.865744749660747992e+00
2.936354915486995232e+00
3.162127201144497413e+00
2.855634683441671484e+00
3.000773088057439697e+00
2.851860318090406743e+00
2.742387994456047196e+00
3.087007405718696695e+00
3.071101447492706082e+00
2.979063898472239291e+00
2.978378305586685926e+00
2.754583084274883742e+00
2.703184708666841018e+00
2.808130049928177829e+00
2.853552990457849603e+00
2.821645151030113485e+00
3.091068148351666434e+00
3.124783124581473892e+00
2.836298954788576410e+00
2.665521107478593610e+00
2.857824117287117716e+00
2.968569560214336267e+00
3.190615083874243751e+00
3.114897233593806547e+00
2.737081258854212162e+00
3.193004302280866291e+00
2.692507087731724980e+00
2.718299364769155790e+00
3.182959450260898659e+00
3.026067079210721822e+00
2.574116891470628499e+00
2.970451562483704677e+00
2.810518210582913401e+00
2.837289620648208111e+00
3.074348273053945757e+00
2.868835032262698537e+00
3.112126109590959366e+00
3.127303714356020947e+00
2.870674334320070020e+00
2.716971486752695064e+00
3.166268492373460752e+00
2.874085931424239959e+00
2.471056603351972747e+00
2.812064779746272336e+00
3.125761224647931158e+00
2.625273925578373913e+00
2.808018499609277630e+00
2.896332625501943703e+00
2.724744292048417726e+00
2.998058053144393664e+00
2.845453247059411162e+00
2.690537878216174406e+00
2.910627104122668563e+00
2.733309073301351422e+00
2.796652535246905824e+00
2.697374112982480199e+00
2.819734518179427329e+00
2.691385223427365858e+00
2.840363144308295951e+00
2.815981179558588732e+00
3.371426019974691268e+00
2.998793862538599253e+00
2.840764394911587054e+00
3.045265318117400977e+00
2.718753187834960450e+00
2.983716911876112654e+00
2.724562697699177694e+00
2.719129054081785846e+00
2.846965286706912401e+00
2.651359406552560305e+00
2.833644062037584899e+00
2.765430907915021219e+00
2.710051267147205678e+00
3.044879540333849555e+00
3.052968938501470664e+00
2.842143029888742234e+00
2.660895974166332945e+00
2.978687015037026153e+00
3.144080520037955573e+00
2.854363223176618725e+00
2.831223716999293760e+00
2.989450598148063243e+00
3.076445720614286117e+00
2.854551478053730218e+00
2.837065930499961475e+00
2.880905803657451081e+00
2.851570368338093076e+00
3.346559924311661494e+00
3.168074180604335766e+00
3.017150068010439501e+00
2.999819278288506030e+00
3.119574611312533108e+00
2.810725230061706714e+00
2.770924307865926917e+00
2.776630035180589484e+00
2.718786769239613488e+00
2.876867805149528223e+00
2.736382458096906500e+00
2.676889959469900937e+00
2.769240354647818592e+00
2.745328076730109146e+00
2.779182412065960506e+00
2.916468449172364252e+00
3.440591462478200580e+00
3.151530629194799982e+00
2.714953895389505600e+00
3.075400919127531107e+00
2.549446175706201689e+00
2.986191372168407021e+00
2.909932614809882523e+00
2.922654928310564948e+00
2.703170449752205773e+00
2.951626607789284318e+00
3.065010515170357053e+00
2.914085522598480082e+00
2.620859572738488019e+00
2.872260770185274037e+00
2.563691751114003825e+00
2.823609116616788928e+00
2.731296361844716358e+00
2.940554900154664697e+00
2.819654187739631279e+00
2.878624738950056994e+00
2.897304656237014164e+00
3.026998381506088354e+00
2.768976292294564878e+00
2.794011951064621524e+00
2.805952735306070700e+00
2.665011287258418626e+00
2.816097916298883952e+00
2.938279870409186145e+00
2.991281251232945415e+00
2.953956883145654633e+00
2.928525848205066229e+00
2.850350874933045286e+00
2.870402139972082711e+00
2.897669636347421918e+00
2.839937847178517938e+00
2.869908916936185328e+00
2.690095112918951425e+00
2.875079605987557851e+00
2.800141903700154256e+00
2.984300340622116021e+00
2.961793394614483876e+00
2.774118689571372087e+00
2.840270065222436635e+00
2.690676904678099390e+00
2.806871131258921626e+00
2.732670185836744370e+00
2.681583372815464994e+00
2.761496384707934126e+00
2.886513683654911677e+00
2.790215171136212646e+00
3.240178725810219262e+00
2.825255231494825381e+00
3.043039582889359274e+00
2.816404779666207503e+00
2.750599651393890177e+00
2.978664189501995629e+00
2.899922616063139724e+00
2.750450111817620780e+00
3.047492746038884981e+00
2.872408067467948189e+00
2.801265569526696364e+00
2.705528998451546485e+00
2.755479253232693271e+00
2.838034312930743486e+00
2.774222365400935253e+00
2.871051035593506828e+00
3.039174893740694827e+00
2.837625858753254793e+00
2.852268782125920499e+00
2.753823817878519264e+00
2.671222575038894487e+00
2.841751393318530106e+00
2.597127452951065063e+00
2.757155577386442680e+00
2.808610154372096268e+00
2.974869334984838964e+00
2.823070656279771384e+00
3.037311297227942131e+00
2.707532989006133484e+00
3.124785040373775580e+00
2.636339843794337945e+00
3.017281588748500720e+00
2.825951481131371956e+00
2.937887720686331861e+00
2.984562267750974662e+00
2.757493840427987841e+00
2.725630023619877829e+00
2.917287007516509156e+00
3.049304041498516860e+00
2.832546272029473400e+00
2.717318887680751249e+00
2.965663311393864632e+00
3.097582592879003283e+00
2.675779836109151155e+00
2.741981617516626279e+00
2.805771568305007069e+00
2.749617706930334027e+00
2.909500110716314758e+00
2.872991926706495835e+00
2.928837190288199999e+00
3.134600111779556109e+00
2.787223199425965081e+00
2.725662406463613241e+00
2.705617333707408978e+00
2.960883363436543014e+00
3.035756663123524213e+00
2.696905479856615884e+00
2.472938662762829587e+00
2.889904211647316590e+00
2.728831103280959791e+00
2.864511545378227719e+00
2.728801233916196445e+00
2.931620287489108634e+00
2.889957086251653262e+00
2.961042097313034915e+00
2.762958257218643521e+00
2.933131639971519267e+00
3.057907368652251101e+00
2.611065191380002481e+00
2.872870643595855533e+00
2.788839718838012072e+00
2.721496461508981390e+00
2.952598289589904113e+00
2.703089080452525383e+00
3.150809401108833896e+00
2.956568756364281736e+00
2.687626536180441672e+00
3.047810552696970987e+00
2.902442867796827475e+00
2.629536990883071024e+00
2.992070713036517393e+00
2.636285733682769639e+00
2.852514830615132446e+00
2.616499720966361853e+00
2.793878340441418029e+00
2.725176501930082651e+00
2.930924612889362013e+00
2.960698135224892891e+00
2.814303380705288848e+00
2.803176804857155702e+00
2.796413132494181220e+00
2.708117842860147562e+00
2.831433661598192320e+00
2.898669557934357766e+00
2.879199125240066603e+00
2.903039829352102696e+00
2.873106024312942264e+00
2.979669917875723772e+00
2.701594788155982307e+00
2.864404154793195989e+00
2.782054360983993835e+00
3.147464043320627791e+00
2.887384153574324763e+00
2.833064044803006887e+00
2.835474706806592415e+00
2.821792391047768245e+00
2.762120933436022163e+00
2.826841841091388918e+00
2.696921615010956064e+00
3.033836647195915059e+00
2.720319624107617518e+00
2.835626334770749768e+00
2.930924024830067864e+00
3.101189043136237000e+00
2.827309854927283705e+00
2.698667347782310877e+00
2.627393307321391536e+00
2.853899786801895377e+00
3.091967627246443140e+00
2.761213832378406341e+00
2.949737710000358337e+00
2.577237800440054905e+00
2.748768265819552248e+00
2.602819596294325244e+00
2.745697569776050173e+00
2.794947345919062798e+00
2.638125369273698784e+00
2.638830412377903389e+00
2.946138022091203457e+00
2.929319353962915429e+00
3.005932480119548167e+00
2.708078092483745980e+00
2.840110561597835925e+00
3.151538067943301602e+00
2.695462469216117540e+00
2.989045260023269091e+00
2.989247477581756574e+00
2.654064112797827057e+00
2.902596339096380262e+00
2.765377426557190432e+00
2.717474542600231580e+00
2.740099711499018653e+00
2.950888298404710230e+00
2.889330959935507259e+00
3.034948227896623774e+00
2.732798048746767794e+00
2.907125485667552578e+00
2.983187205995417202e+00
2.967648167195769737e+00
2.949896357828164728e+00
2.926354370900773105e+00
2.946022676295011244e+00
2.701607429739593780e+00
3.036127670127252820e+00
2.804733112271087236e+00
2.715159699082297262e+00
3.206728170364983921e+00
2.852358588586419330e+00
2.863400389547917424e+00
2.747114682873262215e+00
2.808884584918607707e+00
2.463735793312245015e+00
2.648876779230205258e+00
2.662137299903306165e+00
2.974128241811104800e+00
2.755079380482837959e+00
2.806780859802794570e+00
2.687906168011868324e+00
2.895744838132949361e+00
2.915730629925274542e+00
2.621063659593545037e+00
2.834042494655284017e+00
2.947521045417510255e+00
2.909877842981453799e+00
3.084264584557927513e+00
3.031230521074056661e+00
2.991675495784070993e+00
2.714645359207791486e+00
2.830162071441464811e+00
2.922954768285629168e+00
2.917919322428959905e+00
2.780684636360299500e+00
2.663122149072920219e+00
2.970833812030080345e+00
3.170549549000062584e+00
3.059352390511806519e+00
2.942424877665046345e+00
2.789276681333730856e+00
2.946252703414319551e+00
2.827860078591541093e+00
2.661613099150786255e+00
3.057143310249458068e+00
2.888901433471578795e+00
2.772285204177014073e+00
3.169220506813224869e+00
3.063503885029182694e+00
2.801288229920360973e+00
2.854835980255258310e+00
3.041772148811495491e+00
2.655530131999806809e+00
3.023982201463188080e+00
2.837099829384624794e+00
2.947528659573996457e+00
2.799429033736013039e+00
