9.447385272506531706e+00
2.263661913386992630e+00
1.925540565501372203e+00
1.995358967335191913e+00
2.155141435190163435e+00
2.048271377639693913e+00
2.116716031391825847e+00
2.027034290009764650e+00
2.045198327174256203e+00
2.088761091108733758e+00
2.013192907477188154e+00
1.979878911083948756e+00
2.171846784728938662e+00
2.029729655445352776e+00
2.083178200349062426e+00
2.118135531299547569e+00
2.086010351141950103e+00
1.908352792719868019e+00
2.127056090259356491e+00
2.128331540195942839e+00
2.050237009723306247e+00
2.080314598121611791e+00
2.132528814643682047e+00
2.042348205320531296e+00
2.123510505787627789e+00
1.968649577076850621e+00
2.033606813014599446e+00
2.022836931066970934e+00
2.088864426170831567e+00
2.129062555606398011e+00
1.976405448770211404e+00
2.101927519653987719e+00
2.088775925568686631e+00
2.017117269965096327e+00
2.181415834803942300e+00
2.094761877655387572e+00
2.150206945192939312e+00
2.061824516693162135e+00
2.033174172987397554e+00
2.051869177571830072e+00
1.997507440822035241e+00
1.929011667523786500e+00
2.002726389792525818e+00
2.100153191323525625e+00
2.121524623181884284e+00
2.081586268384132410e+00
2.049182015634473331e+00
2.115419140720610436e+00
2.029746100886710369e+00
1.903796784015847177e+00
1.924946601497885101e+00
2.104710195784393889e+00
2.168738163660881124e+00
2.121204035817965572e+00
2.055280864747695890e+00
2.178388640353470240e+00
2.102302006659187317e+00
2.088953763348894821e+00
2.156863339515618261e+00
2.103533700304033527e+00
2.054139917875879018e+00
1.993441279910432851e+00
1.970821050672637575e+00
2.025574317461100282e+00
1.997884803882269189e+00
2.063857041698903938e+00
2.102302380819394578e+00
2.112929953132311134e+00
2.160727517642649254e+00
2.101073436694672392e+00
2.140124031119623460e+00
2.108752476653789287e+00
2.076896520302629057e+00
2.133874453721067876e+00
2.070695506807893160e+00
1.956217305162867293e+00
2.066252592825215118e+00
2.090252263059714011e+00
2.150500870577513712e+00
1.947231028304289957e+00
2.188399527729932181e+00
2.214563666960505106e+00
2.060037419021242489e+00
2.106235512692293366e+00
2.068521408307225862e+00
2.085735891673573761e+00
1.971257350719926471e+00
1.870749225725239606e+00
2.036704089451311983e+00
2.083398641101137816e+00
2.126721886321683908e+00
2.027330973739906561e+00
2.134992160140659845e+00
2.047572613359483373e+00
2.101063689784064437e+00
2.077265607168790051e+00
2.036944232957840217e+00
2.122859325299086830e+00
2.019328163228359507e+00
2.100561647050795067e+00
2.051890635801397522e+00
2.081658821308614460e+00
1.960693544003209166e+00
2.059550789749448718e+00
2.042898817964080571e+00
2.082099985786712626e+00
2.010025800124032980e+00
2.118607659898167572e+00
2.131542959430226869e+00
2.121249913426365374e+00
1.907252120422442410e+00
2.121158828928585649e+00
2.016405684331472159e+00
2.103632504253483138e+00
2.081812406673021698e+00
2.111380226703841956e+00
1.993887075012025445e+00
2.068457007404360226e+00
2.058075910341385928e+00
1.958598072534672774e+00
2.046087293853969147e+00
2.103377203157582809e+00
2.142264350005591567e+00
2.111789970817723017e+00
1.987523681126949437e+00
2.152256641380869695e+00
2.021814881572188138e+00
1.990955137350952864e+00
1.961402601654148148e+00
1.988436069411474438e+00
2.185721244333815871e+00
2.072631375642433493e+00
2.186844639108206589e+00
2.144798527260339149e+00
2.059802475476768535e+00
1.890681720659999732e+00
2.080297776242904906e+00
2.002716925716639285e+00
2.167709911028322001e+00
2.122628806164103210e+00
2.045595258006323025e+00
2.048342603861756483e+00
2.134640995801004859e+00
2.048712182382227631e+00
2.113585551099977256e+00
2.133816441989409007e+00
2.112561243691035706e+00
2.013570219145815354e+00
2.040084754462055283e+00
2.134601690405934615e+00
2.019759339102830342e+00
2.041371736120012770e+00
2.055604621899790097e+00
2.065105412130551432e+00
2.028059636944796296e+00
2.017537755318513426e+00
2.085950537181595621e+00
1.923089981126905323e+00
2.072357371203667142e+00
2.036810809250903631e+00
2.019655817086528415e+00
2.044600238185661389e+00
2.174202580555565589e+00
2.083228519972714299e+00
2.020438579374372434e+00
2.008901842105612623e+00
2.008135628236256132e+00
2.045479118825793030e+00
2.098650005794138629e+00
2.180181285220572196e+00
2.047985152265980435e+00
2.019683441201348906e+00
2.038677659574004597e+00
2.110161508591576141e+00
2.124278972321079983e+00
2.144154844161210161e+00
2.156753238661615946e+00
2.074644164721053397e+00
2.126352619711783021e+00
2.103633326956457328e+00
2.102073643150686788e+00
2.158913267105477818e+00
2.138313561804500385e+00
2.052802329391989922e+00
2.078581828052092462e+00
2.124504731897630005e+00
2.094165092757938940e+00
2.055354700958484937e+00
2.071325738567402652e+00
2.053914116208356955e+00
2.076941918194894932e+00
2.118776051910158831e+00
1.977760485817526392e+00
2.125895751927209698e+00
1.911195447642658474e+00
2.028475049581001333e+00
1.966105078871856593e+00
2.186229451063058882e+00
1.964918271318197185e+00
1.943379538268753315e+00
2.151952981846933621e+00
2.057136143927914329e+00
2.033717765628836549e+00
1.932867539321631689e+00
2.138595389113787881e+00
1.998624614914799258e+00
2.099367925822531067e+00
2.075363062405387371e+00
2.081969297138304142e+00
2.015059148017884993e+00
2.111440148579070808e+00
2.117919184406980460e+00
2.086553217328863674e+00
2.164005484734574214e+00
1.915228875801367359e+00
2.004804121781165627e+00
1.991746605945389881e+00
2.056498571897694916e+00
2.026741950534218795e+00
2.059053442077667384e+00
2.174495413581875258e+00
2.054906268109431888e+00
2.050630774129891254e+00
2.094119931386201561e+00
2.093072736484082874e+00
2.109386848315243590e+00
1.998704715929071840e+00
1.987394710474360782e+00
2.046103237543403175e+00
2.125664229244773384e+00
1.930286220735253133e+00
2.066082723071728022e+00
2.079806284351767509e+00
2.105052137397003253e+00
2.049321549813806875e+00
2.148449193770720189e+00
1.960474522804294573e+00
2.076755029491272886e+00
2.032955837774567343e+00
2.120632287123727977e+00
2.135923126600856925e+00
2.075111761107931052e+00
2.088528565542451254e+00
1.958077245726290050e+00
2.142207391679636252e+00
1.976103340979889822e+00
2.162570037565416659e+00
2.062334183344139760e+00
2.057581235487878413e+00
1.897948703086722144e+00
2.107273590290660970e+00
1.980989250015385394e+00
2.068757864452001272e+00
2.165670217441230339e+00
2.118260271813188211e+00
2.054608934404250853e+00
1.992363648068144366e+00
2.072045417981054793e+00
1.990500040994513054e+00
1.977408857032279199e+00
2.037833954148919879e+00
2.068318534303765333e+00
2.027736465357172779e+00
2.065084860034575698e+00
2.087736845811055009e+00
2.065980234368897328e+00
2.160334265972847057e+00
1.920986460950984354e+00
2.085635211631772901e+00
1.994938831767346210e+00
2.212565337726041470e+00
2.152519452511304721e+00
2.120661221238635097e+00
2.164342283135778811e+00
2.021973170829663324e+00
2.058005133411078713e+00
2.050275477649195821e+00
2.063006556247735546e+00
2.153044695886849880e+00
2.084144401627772591e+00
2.004390874251699373e+00
2.123268469252949320e+00
2.194528140968253993e+00
2.098244472876455546e+00
2.025596841006385151e+00
2.129474940132991989e+00
2.137361717835319030e+00
1.992079062134781253e+00
2.079163048307274941e+00
2.002151392831414078e+00
2.139547023814215354e+00
2.125929103161091849e+00
2.142559833947406567e+00
2.015531182254461928e+00
1.945145780715977546e+00
2.181086658832834591e+00
2.151981070903072446e+00
2.005833055447994617e+00
2.083781292372248295e+00
2.095076914830215742e+00
2.111156309423804167e+00
2.099770309621945774e+00
2.011996536853644990e+00
2.013839342487190098e+00
2.028572189300226203e+00
2.082103624582810841e+00
2.156544622645372389e+00
2.122432071221342920e+00
2.088106057998452947e+00
2.106168685197958634e+00
2.197469056073467542e+00
2.033903785849286550e+00
2.091137914112460194e+00
2.147168001122944148e+00
2.012961160016228934e+00
2.004437130362648478e+00
2.176686931408227998e+00
2.101712746942411059e+00
2.084941645252830433e+00
2.027085540030012289e+00
1.916249797788842635e+00
2.052275158429358370e+00
2.015510783912158654e+00
2.150443382018985883e+00
2.095389461659633579e+00
2.151992445265370257e+00
2.068639269255547308e+00
2.127385208293127938e+00
2.081641323787066788e+00
2.075140348636017151e+00
2.004789633042820540e+00
2.084387478036890951e+00
1.965541626553219068e+00
2.064735150556579413e+00
2.071127317956290792e+00
2.047704084643309663e+00
2.173028811339065669e+00
2.105108572881315254e+00
2.131234908994912303e+00
2.008169701409120211e+00
2.229170475727091816e+00
2.151851118130546414e+00
1.943355424363658823e+00
2.018090783994774817e+00
2.035993014418361113e+00
2.068994124229035947e+00
2.124810972519405539e+00
2.026947485201277654e+00
2.080223076476111377e+00
2.087148812572637180e+00
2.112774919118322714e+00
2.063265077319184293e+00
2.122008905768488773e+00
2.086137963139675477e+00
2.100779396794481002e+00
2.127024119920263967e+00
2.073325384999381793e+00
2.181235181612814156e+00
2.022165555428113048e+00
2.104642125115266271e+00
2.123057320081387811e+00
2.118136913546028843e+00
2.073061126352977457e+00
2.022077195365382885e+00
2.027195986036542497e+00
2.141609920599887307e+00
2.186880730588859123e+00
2.159996315410628753e+00
2.092648594562230180e+00
1.998478917933432131e+00
2.032066992377183023e+00
2.072139035599399381e+00
2.035697020197042129e+00
2.346054426509563751e+00
2.238883800750034236e+00
2.009980932393551800e+00
2.123819637225111467e+00
2.125737294827112489e+00
2.052043393613339539e+00
1.997185829449669603e+00
2.125071952113621432e+00
2.066090849782351579e+00
2.035119078199576492e+00
1.995248403859037900e+00
2.079706369718663073e+00
2.066821878103090260e+00
2.186769184359558693e+00
2.022681683642453265e+00
2.102465546640962302e+00
2.033752632810033489e+00
2.036390694593962714e+00
2.127749649330997972e+00
2.089316937417048603e+00
2.071138539935994061e+00
2.057577352898345424e+00
2.186658716537709157e+00
2.121358329227364781e+00
2.038940906591111712e+00
2.126816666482936657e+00
2.100929675305995392e+00
2.005803993016223696e+00
2.139170031071351730e+00
2.046335695891288164e+00
2.085203481117770874e+00
2.071404887289198360e+00
2.038708241673107047e+00
2.028507186840128540e+00
2.015003435165564127e+00
1.996308559917709724e+00
2.124052190409433383e+00
2.129357134779318983e+00
2.139068412428570820e+00
2.055832646009945641e+00
2.130729830110687839e+00
2.001653832213096340e+00
2.017622453782911496e+00
2.078943051785855367e+00
1.975723313144719828e+00
2.160480317583559184e+00
2.040140538667891246e+00
2.097956604334228370e+00
1.956979359612907698e+00
2.015955810015696681e+00
1.984859248127425424e+00
2.087465908679065674e+00
2.137762930362490987e+00
2.128656109330323343e+00
2.112693313333832812e+00
2.098073387704495918e+00
2.044912460156628420e+00
2.046394753301940650e+00
1.984643243119265321e+00
2.121024152257343420e+00
1.965457986072846053e+00
2.124656308684666151e+00
2.035782987701593605e+00
2.181159740930876278e+00
2.167435234710198610e+00
2.105049013982867923e+00
2.131594153639126965e+00
2.018521054188364250e+00
2.114650431846150536e+00
1.926136823352313732e+00
2.096339456172823912e+00
2.041564156280792020e+00
2.040430533258103196e+00
2.069664193406385966e+00
2.067497841108093315e+00
1.963137087866963393e+00
1.995733204717986098e+00
2.034554417109731617e+00
2.074588059394634421e+00
2.087134070191608792e+00
1.977006691533162552e+00
2.192613221130831569e+00
2.019507602189294371e+00
2.055284125449345467e+00
1.922537040863296687e+00
2.090249304029241806e+00
2.079438769006705101e+00
2.045614870665474871e+00
1.945306984408447404e+00
1.985323264128642906e+00
2.025830548502448814e+00
2.052271007202070230e+00
2.031322389856487831e+00
2.041825784439865732e+00
2.035543053026474869e+00
2.114254099766873729e+00
2.036110310858687100e+00
2.071927946907893947e+00
2.141144965166931424e+00
2.037593642953182016e+00
2.026504144359272619e+00
2.056398677802401931e+00
2.048973930341097649e+00
1.997965527219906612e+00
2.166554957684627247e+00
2.055637942906964000e+00
2.007524648466605388e+00
1.983103379617626727e+00
2.184245048770513620e+00
2.087319948998817676e+00
2.110459558367553168e+00
2.093526180462101038e+00
2.163768292088203538e+00
2.099313505342180530e+00
2.076386518836636164e+00
1.999887232696464068e+00
2.080359032259484930e+00
2.125784788274053483e+00
2.107599384031028311e+00
2.149983962790204206e+00
2.132989325873287267e+00
2.065974471872356499e+00
2.036804844295423411e+00
2.008889996769041897e+00
2.151167278799375637e+00
2.009681418262527330e+00
2.051199309450701058e+00
2.015096850847523768e+00
2.018452175203968579e+00
1.981458500360706143e+00
2.067504657816493729e+00
2.094108439665868904e+00
2.077734184645222637e+00
2.021645228081332846e+00
1.981464904898695201e+00
2.101704513133844987e+00
1.968665827745321284e+00
2.005699681400908041e+00
1.985764552516845471e+00
1.931061430890017805e+00
2.087884445571939196e+00
1.993004199641563945e+00
2.098106508424646854e+00
2.121618948325793230e+00
2.039126333079554154e+00
2.019919741286702042e+00
2.075750819999218511e+00
2.006639636545784811e+00
2.146859649818793514e+00
2.116274626043133988e+00
2.082378555443396007e+00
2.115531989751296749e+00
2.085463844452392745e+00
2.028324897422967510e+00
2.093787951049217000e+00
2.059922010333093745e+00
2.115705496239751682e+00
2.146970122100885003e+00
2.163591847075613028e+00
2.100324378011563464e+00
2.150809173000591379e+00
1.991914135303334721e+00
2.038730446349597436e+00
2.027756722063839501e+00
2.013503834920568725e+00
2.051594022229371372e+00
2.033755117076689434e+00
1.995978983322247657e+00
2.122678748005473182e+00
2.181573584655904785e+00
2.020084270913285796e+00
2.141168231589831272e+00
2.081980768588413078e+00
1.988090620516834939e+00
2.132511977511635237e+00
1.962685824130191881e+00
2.147792363542804228e+00
2.145467988550973093e+00
2.080794992178787606e+00
1.892940608499105615e+00
2.006672143419996335e+00
2.121368091367544118e+00
2.174863687632441867e+00
2.075345979606872504e+00
2.142162924545130132e+00
2.097422288331522555e+00
2.092054025196960154e+00
2.137068300252411124e+00
2.074743859105596666e+00
2.037889236230317813e+00
2.051275090010780122e+00
2.148718269571685546e+00
2.000257470099033874e+00
2.187931155009977147e+00
2.026684945209241029e+00
1.904609307833177390e+00
1.912423939426117103e+00
1.960870509834928388e+00
1.988323777332127174e+00
2.065249437693203127e+00
1.979881164837540064e+00
2.010016059354915008e+00
2.102956150285597570e+00
2.013399797614593645e+00
2.091723927933541560e+00
2.114324793672011982e+00
2.121771987273577853e+00
2.011679253502686837e+00
2.078928835547263265e+00
2.110999503355500018e+00
2.142693533298764219e+00
2.143538077563748256e+00
2.093389880208075926e+00
2.109260831318260365e+00
2.157613121624967434e+00
2.109048182509524416e+00
2.027372801673518410e+00
2.153344390768854311e+00
2.088333813876825928e+00
2.119065929907057999e+00
2.019232680558137538e+00
2.009461198880599930e+00
2.034014776244724043e+00
2.191545868532336350e+00
2.074243350899453109e+00
2.027347870833065002e+00
2.109346466862199065e+00
2.055493468007306479e+00
2.189870474336242712e+00
2.092471285808896742e+00
2.058717714573676361e+00
2.047482790353378768e+00
2.127295693663303400e+00
1.981876591382182307e+00
2.031718670262636639e+00
2.101105456052991816e+00
2.151217597566519757e+00
2.095189468438539926e+00
2.115187954011666260e+00
1.940199208145509946e+00
1.990597720084538391e+00
2.066249405583428178e+00
2.088201909208207585e+00
1.922118692854782651e+00
2.087013708035693416e+00
2.085632176880125588e+00
2.057387840734878015e+00
2.148900365963599679e+00
2.028382987273238847e+00
2.011821201681696980e+00
2.047300645613153058e+00
2.064236035707879058e+00
1.936122759010581396e+00
2.073371802379893492e+00
1.891433645578838529e+00
2.105388198491717322e+00
2.181985988993763392e+00
2.156282271365099756e+00
2.147542154729656261e+00
2.197216925410465649e+00
2.141555636003152241e+00
2.140133993877416430e+00
2.088569650645339504e+00
2.045424043779612511e+00
1.995526047087877730e+00
2.085531430153061194e+00
1.999678477191531245e+00
2.009840238788253686e+00
1.961562557937602813e+00
2.017179677760180034e+00
2.088805978158703613e+00
2.106809635382095980e+00
2.047088088208607548e+00
2.054149471925275527e+00
2.053635438531028701e+00
2.009635023694634981e+00
1.977740881634354464e+00
2.003212997154473651e+00
2.075999596164832983e+00
2.021397276335129778e+00
1.943526025923002498e+00
2.046516105355631332e+00
1.886528164646597450e+00
2.107922314745757753e+00
2.138826088080093335e+00
2.076098920626347155e+00
2.159743444693947190e+00
2.021956519309941580e+00
2.009210661352105021e+00
2.085707429109414424e+00
2.111142826248928017e+00
2.113341585422405799e+00
2.032166412012340828e+00
2.135048724352153204e+00
2.132002161858150835e+00
2.024018997774434503e+00
2.103432014981264864e+00
2.124181928038102019e+00
2.116626462271572251e+00
2.069199943158965382e+00
2.015247205974305178e+00
2.068086733880777128e+00
1.989827719029523490e+00
2.043385186842964441e+00
2.064338228808245024e+00
2.139377904285477694e+00
1.957655691774122131e+00
1.998416748854799696e+00
2.085096633029173141e+00
1.993777309872837300e+00
2.115108355983833732e+00
2.054860215139492574e+00
2.100287116889971273e+00
2.042356062333544831e+00
2.030257885657075434e+00
2.073101819810287516e+00
2.086919925271068621e+00
1.992056457160980010e+00
2.043296077163583302e+00
2.063581828028172804e+00
2.105430372146472884e+00
1.996945387499682534e+00
2.116066302768776719e+00
2.069393697501208162e+00
2.061873331524198161e+00
2.024120416619878959e+00
2.040633417516414028e+00
2.031186425325640421e+00
2.091305539848605122e+00
2.094674462223246270e+00
1.989980088134499336e+00
2.085135392237656315e+00
2.118788666772755569e+00
2.028812483222460106e+00
2.068300515175427012e+00
1.988205220191479938e+00
2.149280858093291169e+00
2.036650807804024854e+00
1.892219131832040269e+00
2.121812670424425118e+00
2.041418334091889886e+00
2.045381183682276838e+00
2.173920545083392941e+00
2.048167425530304175e+00
2.068452217040797070e+00
2.108523039210293604e+00
2.005589378704816461e+00
2.003497685298194941e+00
2.117982363572539661e+00
1.996555770564542698e+00
2.148399056962472908e+00
2.106182674207303762e+00
1.998913674253150141e+00
2.067441997219154892e+00
2.032258370705038342e+00
2.007499163394176556e+00
2.063732595034682316e+00
2.152707265310363827e+00
1.986897911735814981e+00
2.081402371287570663e+00
2.167450433015972511e+00
2.078510649761105000e+00
2.104963280738119114e+00
2.099586502829622781e+00
2.167260896559397132e+00
2.016081219875087704e+00
2.197821911464648448e+00
2.038946299179526189e+00
2.138359391271642096e+00
1.988124245039889493e+00
2.112974779741288334e+00
1.967004671255082382e+00
2.067789066584476032e+00
2.083656078117277488e+00
2.101742739196153842e+00
2.032432139005617699e+00
1.891467289647394523e+00
2.023571690995039418e+00
2.027727211724123624e+00
2.086451813367488750e+00
2.137664192105047434e+00
2.191097100905677220e+00
2.014092517366066648e+00
2.009583561480458247e+00
2.031464683809992344e+00
2.073583207569321463e+00
1.949686932701267361e+00
2.107526777599478152e+00
2.166650502411537449e+00
2.068591842815761694e+00
2.108215978097179644e+00
2.060216973568602672e+00
2.037290548283973823e+00
2.060131673622432658e+00
1.975790491785479830e+00
2.112352561189629885e+00
2.059905566105251218e+00
2.039061412715176491e+00
2.083168386498388980e+00
2.173351327242931230e+00
2.066489682761229130e+00
2.004685227035310824e+00
2.179590423468950267e+00
2.098014703271422920e+00
2.183715796145434762e+00
2.118642875206064868e+00
2.135613039717020101e+00
2.101726332031246702e+00
2.057886884115697423e+00
2.085200438407798007e+00
2.011021306183818691e+00
2.180133747270564193e+00
2.083690033008523734e+00
2.050527334517216360e+00
2.081314433959052579e+00
2.082020817224913056e+00
2.098705619396880717e+00
2.064464861476573709e+00
2.003644933763763181e+00
2.101999913704855061e+00
2.156484050205313974e+00
2.152432494959657383e+00
2.112461396405897585e+00
2.067607139312448439e+00
1.995818134726905058e+00
1.906968557165962030e+00
2.027519542396151397e+00
2.085616235963771103e+00
2.079452912694226274e+00
2.089825295718884757e+00
2.073830154481097310e+00
2.133905487722413508e+00
2.035719352508298829e+00
2.137156260579539335e+00
2.122201571697376998e+00
2.095169653771336460e+00
2.055652306141383612e+00
2.161618140057776749e+00
2.098903734474821814e+00
2.099466066002964038e+00
2.155838877568731160e+00
1.976478881419259759e+00
2.150659098586054974e+00
1.996805349671666230e+00
2.064045807556087464e+00
1.957853038858905936e+00
2.047344132702519470e+00
2.110581856395900235e+00
2.104741898708155201e+00
2.103051362759149168e+00
2.165566618645702768e+00
2.246635964305625954e+00
2.052119022219943911e+00
2.065104109376539210e+00
1.971168036391191647e+00
1.941346171297124723e+00
1.913000327303228110e+00
2.017613896891589764e+00
2.050040179329560619e+00
2.088999383150416556e+00
2.171411754892615509e+00
2.040276227458224234e+00
2.058219177836638103e+00
2.045472207463379100e+00
2.057081236663391710e+00
2.184794799259636822e+00
2.027573962538300467e+00
2.000343455331330400e+00
2.108465647432375967e+00
2.140340648343516783e+00
1.905685070800027470e+00
2.162374256217567847e+00
2.085455636605170415e+00
2.117056850733816997e+00
2.171853303145792058e+00
2.013107449038980423e+00
1.995876186659610863e+00
2.113315607965570830e+00
1.978123538380817559e+00
2.087011203043383833e+00
1.994179815883282858e+00
2.214567616918263315e+00
2.001845967485351263e+00
2.177042435146323118e+00
2.026185006876295880e+00
2.023896321041372737e+00
2.051898761811046690e+00
2.077788545006729937e+00
2.051173719451420130e+00
2.065154154654631480e+00
2.116293792786726691e+00
2.128995663684458250e+00
2.072587766928944752e+00
2.011765124346948319e+00
2.116250757639275282e+00
2.091337030185528967e+00
1.961573156997172607e+00
1.988616026877416232e+00
2.056531524639216180e+00
2.094703002532783742e+00
2.072421450920878261e+00
2.019654556237107101e+00
2.018797937910251861e+00
2.071816868207785767e+00
2.002709882889220250e+00
2.140963470377204025e+00
2.052190068419963431e+00
2.015920111170694362e+00
1.987445511704523771e+00
2.028515113971577577e+00
2.115119581130466386e+00
2.112725757844903463e+00
2.076986678963169020e+00
2.062001293941751356e+00
2.037648920338378744e+00
2.125263804983343885e+00
2.087375943655008115e+00
2.035256821038882169e+00
2.114491929397983583e+00
1.996598230940623164e+00
2.052521748824548187e+00
2.078027242734870494e+00
2.133741682434356246e+00
1.973453456603044387e+00
2.030712906337593715e+00
2.064212951984822464e+00
2.010476140236320042e+00
2.117265600520923385e+00
2.107603908887368149e+00
2.127460203420465046e+00
1.920337797420290427e+00
2.117142147861118762e+00
2.058071628537208486e+00
2.135228447520607364e+00
2.043786188202869614e+00
2.126413064040852507e+00
1.975228855619758583e+00
2.046953051527911960e+00
2.078973679436440403e+00
2.101765810560188630e+00
2.038726504283405294e+00
2.078677753748463974e+00
2.000374299828227898e+00
1.958356567969676609e+00
2.105149612524369385e+00
2.026914760111219405e+00
2.135831826716195536e+00
2.027880263846431053e+00
2.053353360294126517e+00
2.127214346491629993e+00
2.123358426375108632e+00
2.112496778453496482e+00
2.009780305045095083e+00
2.074921674680129335e+00
2.009314540231121882e+00
2.085544340810416841e+00
2.070334339084596742e+00
2.111711945594234141e+00
2.206429845593211869e+00
2.070093561064951793e+00
2.059946317537440397e+00
2.038085842883488930e+00
1.984922664203552678e+00
2.091349607119027176e+00
2.051188109417384275e+00
2.128053685685256102e+00
2.026741270478445323e+00
2.038047373470085688e+00
2.095304703351672071e+00
2.057436030744781874e+00
2.137327595385217105e+00
2.098135289715321594e+00
2.136568652786271283e+00
2.044548312143992241e+00
2.041178730643588679e+00
1.984825296539507677e+00
2.046547510822063209e+00
2.070109646591686392e+00
2.235476649625753431e+00
2.108840710319057621e+00
2.113790849797232863e+00
2.028478972284240900e+00
2.116807729968685603e+00
2.081304954673961038e+00
1.950295764064676751e+00
2.157550568224752663e+00
2.095617699201572925e+00
2.062433472890742525e+00
2.184690866450950342e+00
2.070394937451325301e+00
2.060436308419606455e+00
2.107236129289151716e+00
1.990884082924096354e+00
2.162791999515353947e+00
2.074310669146374408e+00
1.936040506805848160e+00
2.069369275152340926e+00
2.170392537424908230e+00
1.986404228167593322e+00
2.036479430729464024e+00
2.006561158635868924e+00
2.004104873907396112e+00
2.122960152167089998e+00
2.192117982187510528e+00
2.158432575890206984e+00
2.177871168151829906e+00
2.095258442241679564e+00
2.079690193205941728e+00
2.080624596996335729e+00
2.009990905154470209e+00
2.033110095856831556e+00
2.117586244218414127e+00
2.126923912922799254e+00
2.110323136189250715e+00
2.046257621502835633e+00
2.051418076102168975e+00
1.958412660972894681e+00
2.107832724728218476e+00
2.053937933350538980e+00
2.127222402224057785e+00
2.080982958595460452e+00
2.035421406134732880e+00
2.035175366244402095e+00
2.107808974919152423e+00
2.104573689996341201e+00
2.088117688573494668e+00
2.137257888074387768e+00
