7.024013616147396777e-02
7.370259933107270456e-02
6.875576052302129204e-02
6.956413724228369122e-02
7.847275096988350074e-02
7.255886087032113740e-02
6.792542135458527752e-02
7.003366078233536074e-02
7.268138061912661485e-02
6.866579035748225646e-02
6.981988926948409779e-02
6.869851572979028542e-02
7.176178783431912123e-02
6.954850845121907099e-02
6.941835561932867271e-02
6.953203000469579398e-02
7.021801030630782370e-02
6.790498501057425085e-02
6.883220480160856525e-02
6.978409213268305100e-02
7.549593043444328966e-02
7.089916899276801909e-02
7.029501201936577681e-02
7.607846935752013429e-02
6.861521955653851479e-02
8.692017313941581558e-02
7.104007334383886929e-02
7.396718429663852457e-02
6.963851447031485509e-02
7.111408660025096695e-02
6.901845108448249888e-02
7.612186971543431768e-02
7.540502689393539792e-02
6.935744155772835540e-02
7.331643487670397308e-02
7.420263056932042967e-02
7.017761210094183855e-02
7.303801331871165314e-02
6.871701377940653277e-02
7.029052496591906007e-02
6.822626707558061832e-02
7.903573936398271271e-02
6.900193857929100283e-02
7.385831389322966567e-02
7.014185099360345510e-02
6.982082681210780017e-02
6.925706593435893010e-02
6.951527165736713643e-02
6.860663854557474961e-02
6.911324102915358814e-02
7.063699066400845605e-02
6.780652529349447122e-02
6.849537244487383103e-02
6.870535622983790780e-02
6.943401153069095333e-02
7.283239912922394310e-02
7.805090333963365934e-02
6.799365600164031243e-02
7.057335397503651520e-02
6.884648356485896514e-02
6.954846395412378479e-02
6.969391594362112086e-02
6.930274727879656704e-02
6.812089030788265331e-02
7.235746691192211644e-02
6.975714645355503285e-02
6.974549187649449478e-02
7.129661210179628894e-02
8.087634770480314761e-02
6.931726991518516456e-02
6.903935840516908784e-02
6.960615599808672727e-02
6.911569743359634310e-02
6.909144896016163051e-02
6.913475262976433167e-02
6.975692839253332111e-02
6.982771500964035649e-02
6.788455921997910147e-02
6.971458775450230239e-02
6.961622179989042369e-02
7.570809159934664689e-02
6.866469218704282507e-02
7.048718147745623719e-02
6.944106487408234496e-02
7.079649791678577220e-02
6.906676468644436240e-02
6.930503755199504679e-02
6.931484787973728190e-02
7.140043839805117198e-02
6.915839911458994405e-02
7.283466460481452520e-02
6.969660814486575151e-02
7.116851257761037941e-02
7.033116572185930948e-02
7.189255807799656284e-02
6.967797482588519720e-02
7.505500351026704597e-02
7.171164651354842989e-02
7.167540875682616719e-02
6.853612138361662998e-02
6.993572990480374785e-02
6.889239843070001090e-02
7.018104652698860246e-02
7.766980719741185812e-02
7.023930019465193797e-02
7.125793274741319683e-02
7.006705389804743223e-02
6.965723569244869351e-02
6.871745151949713859e-02
7.029855997379672039e-02
6.901802069415392815e-02
7.278297133525167550e-02
7.385485097505870011e-02
7.012376134355249868e-02
6.877124806023283965e-02
7.307702355247416848e-02
6.853920574868334337e-02
6.869667926165030913e-02
7.096059301727425384e-02
6.965138014909839914e-02
6.856376035553203574e-02
6.882423599961072502e-02
7.067419569483232578e-02
6.949712451442408012e-02
6.949604127758067518e-02
6.987587264609357307e-02
6.950957815905541015e-02
6.918117451434888099e-02
7.032076179519791692e-02
6.877238673541148650e-02
6.880773790065447537e-02
6.841736533047101942e-02
8.917925187612779636e-02
7.206316425881947874e-02
7.222127123107234536e-02
6.869783891047534508e-02
7.310623502595890721e-02
8.247474846853078412e-02
7.394265230229368768e-02
6.974240929134258027e-02
6.911948096817806253e-02
6.966318443907600078e-02
6.890500553122345939e-02
7.000667731845135189e-02
7.225097271384019193e-02
7.039945156898917700e-02
7.624960969470681582e-02
6.920124372217349717e-02
6.987753956997948268e-02
6.933577272171891070e-02
6.911003616930581905e-02
7.160919128997129957e-02
6.846964094503985021e-02
6.905891037887668116e-02
6.821746230287992208e-02
6.949035970068045964e-02
7.459018589248463116e-02
6.943471887824159694e-02
6.864905619910313672e-02
7.442745005839719596e-02
7.003471464614420550e-02
7.480836536926518954e-02
7.109344121361196867e-02
6.903819281355050297e-02
6.901360912922101243e-02
6.842816698015689869e-02
7.024187004528766043e-02
6.873909161352577402e-02
6.958375699578928097e-02
6.937673452502571281e-02
7.307685302627470181e-02
6.914138606397593478e-02
6.886440379688249513e-02
6.886598843090031841e-02
7.091876255340515134e-02
6.969564403839745292e-02
7.788091281676150224e-02
8.419251462120121154e-02
6.879689706234780322e-02
6.859200607795511162e-02
7.447681105107809008e-02
7.252907672933613104e-02
7.364592628676890074e-02
6.865044666208838797e-02
7.026743660590215046e-02
7.062040843470376861e-02
6.914224450328615434e-02
6.871679015745409125e-02
7.494448952280939602e-02
7.109462997887532054e-02
7.574701777388581636e-02
7.088969906880437932e-02
7.437560125701446478e-02
6.912218711471680710e-02
7.095014768618988776e-02
7.695990222663970370e-02
6.881885480029061031e-02
6.859916023754084047e-02
6.948221486295194649e-02
7.102475088407179948e-02
6.849693354015519431e-02
6.900037626931597445e-02
6.936361485874492638e-02
7.038908895656621756e-02
6.992775674152287846e-02
7.050946055013744551e-02
7.176316840944885200e-02
6.917137893885082212e-02
6.953896925750280289e-02
6.970587043656037429e-02
6.879979379718359489e-02
6.872546359970861662e-02
6.835818808754960674e-02
7.396329186577954573e-02
7.060225454451556082e-02
6.949794996408679981e-02
6.957928783380003257e-02
6.886673557247861843e-02
7.337187089867447387e-02
6.929842087723674104e-02
6.914246468829529646e-02
7.209930797109562195e-02
7.098167219407590378e-02
6.957316163386288721e-02
6.998189715138324052e-02
6.927227968877207320e-02
6.899571292821976565e-02
6.894965312462442153e-02
7.007887104633739317e-02
7.001320939718690128e-02
7.167288453077493016e-02
6.967743586538123479e-02
7.071508860932389229e-02
6.940483919633211318e-02
6.948924527753777558e-02
6.920227523395722224e-02
7.128822787243453696e-02
6.928173330045071798e-02
6.951510269734265113e-02
7.130886573917784299e-02
7.120904274075585960e-02
7.545556443671598557e-02
7.041939057893781273e-02
7.005119827591062276e-02
6.874628879319009955e-02
7.003644590473392939e-02
6.895640496683923260e-02
6.988380475159641780e-02
7.433840363378219074e-02
7.012361590137920764e-02
6.938124633884772130e-02
7.052267361702482806e-02
6.977156930784569888e-02
7.024449943332107538e-02
6.841081612271705803e-02
6.924426265998732954e-02
6.931322191114334952e-02
7.429473654860944964e-02
6.977682689311162645e-02
6.952212248147802975e-02
6.849447965518003223e-02
7.884757170960197958e-02
7.057374353677958734e-02
6.910336757990456769e-02
7.351772041811419078e-02
6.867610557352712974e-02
6.855910382166449657e-02
6.883433375770500739e-02
6.899619882731002074e-02
6.839537074982465770e-02
7.003296699714736673e-02
6.829540622719178222e-02
6.903510070853884073e-02
6.990883486587241846e-02
7.081177869435517636e-02
6.985786647153502393e-02
6.925148266329753111e-02
7.004669260268253650e-02
6.911221953073397317e-02
6.908921935330983310e-02
7.096123405008446239e-02
6.895815056314229252e-02
6.916671693019854628e-02
6.945662041615653648e-02
7.008345421471334769e-02
6.919897414750073028e-02
6.994521853708374204e-02
6.974182042804674686e-02
6.942516646713317585e-02
6.868916349214455874e-02
6.908480551879402076e-02
7.544410748377751441e-02
6.810465455345363073e-02
6.980331478042528515e-02
7.852635268155154502e-02
6.914209374577569289e-02
6.918262516427979569e-02
7.061136333800085985e-02
7.091152240136185114e-02
7.006150355978377209e-02
7.089972773943441220e-02
6.871503009203866474e-02
6.984643037525826992e-02
7.163693487836386709e-02
6.964307430065151683e-02
7.051808097321400626e-02
7.243508127794608120e-02
6.916843690915444598e-02
7.098849138732749031e-02
7.029548325160628330e-02
7.083321536253046891e-02
6.955633392208175614e-02
6.929517809530187644e-02
8.790521633314550554e-02
6.836105332639162702e-02
6.908296619872718314e-02
6.917907297474919226e-02
7.095829079462039057e-02
7.344898389256374061e-02
7.652192755558134829e-02
6.983417330887987939e-02
7.573029834114199110e-02
6.901365826640726286e-02
6.918992796010105251e-02
6.998035139917202496e-02
6.976443184579977919e-02
6.983167446647953192e-02
6.989002323511271653e-02
8.448456350324326514e-02
7.127740176768110336e-02
6.951542837060709079e-02
6.938276226542651470e-02
6.864874642408176630e-02
6.949559011686866350e-02
6.915996600920142068e-02
7.104437270977975727e-02
6.957859991766875141e-02
6.969901590489652188e-02
6.903733232945968856e-02
6.913603167791733395e-02
7.094665141780151507e-02
6.994094094779140791e-02
7.061408884755619730e-02
6.836584160511950670e-02
6.887084812853322413e-02
6.986637745637566677e-02
6.961224457664065557e-02
6.944887565949578456e-02
6.861031159712908944e-02
6.907862187349059213e-02
7.031938392737527299e-02
7.784084577741036404e-02
7.259582864358934962e-02
6.940459756193316510e-02
6.966440584825885074e-02
6.993785057857361542e-02
6.851349006263016128e-02
6.971932962820603930e-02
7.609732178008184189e-02
7.136218258983470508e-02
6.971223647721405681e-02
7.078585861319003358e-02
8.018518629716789303e-02
7.112477826643152923e-02
6.944858646339385766e-02
7.041621247793682092e-02
7.068269380922127809e-02
6.860962111954936604e-02
7.769581597019226127e-02
7.409011107959974363e-02
6.942550195675441238e-02
6.956999777824683651e-02
6.902841419334658501e-02
6.826060480130606567e-02
6.974469276135598916e-02
6.904588908472056308e-02
6.949292386588992732e-02
7.083353424325332381e-02
8.424528311203868802e-02
6.972220615175156455e-02
6.951816475753720692e-02
6.912933423942334288e-02
6.980231223921937178e-02
6.933904515634253807e-02
7.019949691883638210e-02
6.939389430478634657e-02
6.889007392155563347e-02
6.859903456907331942e-02
6.974915767514887344e-02
6.852807765941475171e-02
8.137565762892291776e-02
6.853380927033853043e-02
6.906923124984067075e-02
6.915314226833442490e-02
7.006811090957469623e-02
7.567287341525139044e-02
7.446101359178614043e-02
7.484409453880848384e-02
6.893515173169867394e-02
6.842243443971260386e-02
7.645656043266914337e-02
6.896781266149047684e-02
7.090581921318216130e-02
6.861134676788113729e-02
7.786106935811017149e-02
7.237844325713614635e-02
7.234868914040105958e-02
6.871105440203810477e-02
6.902194239845872714e-02
6.828532086591111716e-02
6.895975438911899902e-02
7.237645844904663783e-02
7.140977927690357607e-02
6.870078474613100505e-02
6.961337996612798618e-02
7.059991593723002890e-02
6.924227319137662984e-02
7.890082129132391930e-02
8.105411865330706955e-02
7.147437203282677731e-02
6.961306006408013447e-02
6.974141009567608185e-02
6.943826461147165063e-02
6.888274095970002564e-02
6.859694173280495022e-02
7.069183232149897633e-02
6.859974460095041859e-02
6.878990130701780059e-02
6.884532959350511683e-02
6.899340494743831653e-02
6.961770168553985116e-02
6.868687094259613712e-02
6.815663467330246306e-02
7.412086523219514611e-02
7.033491834748702154e-02
7.266329263415094442e-02
6.869083353547686399e-02
6.936737698707702571e-02
6.959149394021868495e-02
7.588257028785762304e-02
7.061833029856502686e-02
7.078787916241052747e-02
6.937329366440982137e-02
7.032990519070349278e-02
7.823961958250817694e-02
6.905441845898351028e-02
7.116504880086374496e-02
6.978582726895819766e-02
7.451655960609272766e-02
7.148564508643362458e-02
6.909610533611301730e-02
7.254967068303205813e-02
7.047393658130608751e-02
7.092742208686977912e-02
7.127871986938488780e-02
7.003705069645195513e-02
6.883699880464377863e-02
7.626307964836169517e-02
6.943914976467348288e-02
6.879741763939958843e-02
7.313398210551926015e-02
6.805840493033178673e-02
8.058049226414965016e-02
6.831079946709417428e-02
6.925156858521748504e-02
6.821950798108254721e-02
6.928454807962533546e-02
6.915304121863677378e-02
6.905372459054351375e-02
7.500405119086835104e-02
7.194315612727335274e-02
8.311430792425895941e-02
6.834343231512571282e-02
6.900519664008805676e-02
7.103920121730379622e-02
6.891196448556589915e-02
7.496177464301669036e-02
7.035488084105137596e-02
6.825121866955065342e-02
7.280191170177900684e-02
6.834954163799714100e-02
6.960457484748536205e-02
7.544030910534091361e-02
6.862122885580972109e-02
6.947597339266906036e-02
6.963801201885945480e-02
7.327115159399648359e-02
6.926101620039348816e-02
6.976976533816364734e-02
6.872591916224896069e-02
7.067328901961798804e-02
7.003347299289969241e-02
7.217137927488519178e-02
7.232311151176348818e-02
6.803214334167081989e-02
6.953779503480596313e-02
6.921014642285419627e-02
7.019566640762871235e-02
6.913285576825986545e-02
7.141220672520345869e-02
6.987533800982387300e-02
7.068498760746969034e-02
6.978881892286747934e-02
7.046562712059588340e-02
7.596620221072407364e-02
6.932219745486040141e-02
6.973415827821802249e-02
7.001403705593305105e-02
6.896353295086890545e-02
6.952866930936550671e-02
6.988538095513117943e-02
6.926309118169501899e-02
6.898306708639816154e-02
6.942441614864000576e-02
7.105172294802269972e-02
6.936456908127809629e-02
6.942479302342979830e-02
6.854835957293668736e-02
7.271681293546998492e-02
7.052278565209525729e-02
6.897223750349727733e-02
7.193044026215288100e-02
7.636383416717294759e-02
6.915919717984024551e-02
6.869271633201776139e-02
7.772297903773689454e-02
7.178804001114759414e-02
7.358886406247105993e-02
7.250233766026582816e-02
7.481926830248232518e-02
6.960520524764436667e-02
6.946183950716548761e-02
6.949054488850707478e-02
7.106856662210575548e-02
7.605341069872104121e-02
7.321684244444405520e-02
6.956396893435919104e-02
6.938287550048394259e-02
6.957984336557364313e-02
7.007804758825882108e-02
7.267235128569150826e-02
7.063428525092708965e-02
7.075298856999098773e-02
7.227475197247461292e-02
7.109886423084442464e-02
6.857879227009558432e-02
6.972801826080395060e-02
7.256828685377515742e-02
6.991718946418959413e-02
7.524524045268093930e-02
6.927359848248432206e-02
7.190133109673473022e-02
7.515556762957251169e-02
8.216975303979248690e-02
7.470439701462990023e-02
7.005009779587351160e-02
6.929362590172151448e-02
7.040942304994325662e-02
6.962482211839700341e-02
6.927865083159351345e-02
6.926492999029990050e-02
6.895077290813571291e-02
7.044079796893856771e-02
6.937707502486739619e-02
6.920639290204964877e-02
7.165600718992948259e-02
7.850505684223875458e-02
6.889457719909820865e-02
6.899754689075295044e-02
6.911728065377811814e-02
8.137428424608957045e-02
6.983097843348044786e-02
6.882479369771150879e-02
6.973666031082903505e-02
6.915719486149353445e-02
6.926484583650739657e-02
7.173870899958356695e-02
7.046158968952288826e-02
6.863158838733057765e-02
6.919112877962685371e-02
6.862509574361512488e-02
6.829206823565635298e-02
6.904951037069463615e-02
6.865898290587384156e-02
6.968832145966621927e-02
7.621303801973859648e-02
7.013050371576821929e-02
6.856094250566809045e-02
7.234985086633374807e-02
7.028810620042620638e-02
6.920073250569137857e-02
6.892204256375725202e-02
6.991766224590535705e-02
7.482278164421789224e-02
6.919160080964986692e-02
6.858774453186672337e-02
7.618393519414559667e-02
6.972912684800722238e-02
7.005227448117253009e-02
6.948400748736283106e-02
6.933549271532037095e-02
7.107767098801945349e-02
7.090754681633312795e-02
6.920548442300120118e-02
6.994742708413187460e-02
7.024834899055422410e-02
7.448731713393683118e-02
7.282804307688135748e-02
7.557389656497894015e-02
7.080277548963581635e-02
7.124710002791019570e-02
6.874022991048986397e-02
7.046368851383608134e-02
6.831114853559716593e-02
6.953392157221105485e-02
6.969094486819754630e-02
6.890920755300274092e-02
7.787994345446745681e-02
7.277729741953760378e-02
6.851970149659990239e-02
6.869629101990765152e-02
6.993826252740170668e-02
6.895076219640708381e-02
7.280766296159608963e-02
8.253123516450230901e-02
6.983380624377057144e-02
7.012767768821462355e-02
8.100344931456324171e-02
7.814339347284002257e-02
6.987041768734356117e-02
6.956959909790660923e-02
7.337936986110134285e-02
7.417358382995643817e-02
7.797151157252582565e-02
6.923618268656207830e-02
7.038430217094751584e-02
6.914491279889617426e-02
6.850670174647799371e-02
6.825420570331233727e-02
6.901558418584682886e-02
6.882580691076999047e-02
7.025699930338429045e-02
6.984810786090611678e-02
7.886430249679463045e-02
6.892590235757155293e-02
7.100744216172132084e-02
8.073534488792823149e-02
6.881618956265145304e-02
6.953535988925814426e-02
6.860083698606762870e-02
7.180313878280793205e-02
6.774795870368667539e-02
7.250378108172955693e-02
8.586303404585886312e-02
6.831609891082345010e-02
7.422183641084086070e-02
7.017079880356985599e-02
6.950194555653811668e-02
6.955380557961397814e-02
6.879581068198678540e-02
6.903762567045076959e-02
6.961480949044104860e-02
7.334980260035958710e-02
6.853257519471041281e-02
6.934069803452941327e-02
7.066942730745322254e-02
7.182169359671874975e-02
7.004579936299371035e-02
7.028341746802212187e-02
7.741272553176480054e-02
6.937133713823109837e-02
7.053679239734282624e-02
6.929660647861812794e-02
7.042811643263521826e-02
6.935873075699572343e-02
6.801372112879140730e-02
8.309563643056094850e-02
7.038511065767523445e-02
7.064398071849747884e-02
7.422808230224878234e-02
6.924255234672423154e-02
7.023159370922860134e-02
7.049482315014009293e-02
6.914296463211629107e-02
6.841121208216996430e-02
6.896043643309432425e-02
7.049155951625879490e-02
6.914485601976705365e-02
6.972357382977148466e-02
6.874860505059643412e-02
6.929029190878162325e-02
6.940776605173243352e-02
6.870186545827594582e-02
6.937707049913117985e-02
6.966268417690510417e-02
6.919959345606588319e-02
7.029678497818439564e-02
7.040368754303932830e-02
7.261950339415335076e-02
6.797530298873070975e-02
7.186967449161686672e-02
6.862081429860344972e-02
7.189832764210690730e-02
6.933973081759900459e-02
7.154115367247161628e-02
7.050204191382454522e-02
7.059703993139117284e-02
6.889805154697987988e-02
6.910979363450933666e-02
6.897895043618028355e-02
7.247354011125470286e-02
7.186867158628867935e-02
6.993450882059849827e-02
6.912273650312321382e-02
6.988803825930942071e-02
7.174728820279703545e-02
7.034340205261756240e-02
7.567829260876546282e-02
7.023793412821195681e-02
6.895888249759776767e-02
7.009352398109489068e-02
6.875946022287177106e-02
6.877323222467471298e-02
6.912779860830067791e-02
6.899647433887451387e-02
6.964271339395505800e-02
6.966782428193356302e-02
7.512245210985304955e-02
7.027559832848970234e-02
7.123662248616449699e-02
7.230060916833330742e-02
7.360381108465244293e-02
6.894601750052151146e-02
6.967268321187071456e-02
8.314192990859207988e-02
6.912974638007141071e-02
7.169340387023986905e-02
7.047118101259546019e-02
6.928611934320764998e-02
6.922179883354433183e-02
6.859711219527636628e-02
6.794446371717638433e-02
6.926701465636472821e-02
7.022171183935567440e-02
6.807466427461109082e-02
6.943385351364095293e-02
6.986388745050299554e-02
6.957564137910465796e-02
6.795925687730998421e-02
6.835649792269525571e-02
6.952025529315740415e-02
8.389074897067158587e-02
6.974306150341436084e-02
7.019337797551690461e-02
6.962423092631839228e-02
6.973270132503063545e-02
7.818994484589610050e-02
6.862041091369162904e-02
6.943252824263133893e-02
6.957311350873141009e-02
7.908625408963521064e-02
6.970328406688652834e-02
6.870597489314300699e-02
6.914406171123226030e-02
6.887755079247818990e-02
6.956823595485313316e-02
6.934605243495796378e-02
6.941460569131750746e-02
6.866426933383681930e-02
6.788436930552092796e-02
7.166082066366330494e-02
7.105816358884775585e-02
7.919143717159374263e-02
7.977506133235352792e-02
7.436196458749691485e-02
8.194807213470790830e-02
7.146396717198824633e-02
7.562753912072789353e-02
6.898078768958355866e-02
6.885432123034422591e-02
6.931886106004662984e-02
7.303608780527966193e-02
7.103787448680479177e-02
6.890213022792358866e-02
6.902354327818008284e-02
6.958759745759227067e-02
6.811237734337710625e-02
6.888552360479791026e-02
6.934089376136255700e-02
6.867596922090743461e-02
6.815254996375531837e-02
6.871205938501917521e-02
6.875027437933334262e-02
7.191684238072000579e-02
6.835714830590743085e-02
6.938982296486903567e-02
6.767202411585121480e-02
6.843127645547381066e-02
7.001878221044424699e-02
6.969899224111368585e-02
7.142615436848243071e-02
7.280079758881639884e-02
7.065648264691072600e-02
6.943722908119380477e-02
7.212182348336948490e-02
6.944719134626811674e-02
7.313141281302255881e-02
6.926796443176161389e-02
6.943435407987240404e-02
6.908507065512921319e-02
7.096992832272247531e-02
6.963153032302565881e-02
6.983908465065019611e-02
7.054586625000328071e-02
6.950126018455071719e-02
7.554023663311609793e-02
7.604547601082053965e-02
6.910288376665928156e-02
7.909482109131624195e-02
6.920766695163373117e-02
6.894713126879443987e-02
6.868721594144286402e-02
6.868199947291998841e-02
7.201561284890349579e-02
6.862453387224680401e-02
6.953508438492184141e-02
6.883661623697111265e-02
7.180956935841335820e-02
7.300178786154648547e-02
6.927564680874315206e-02
7.306025065617441361e-02
6.917101463465774591e-02
7.021917314217734907e-02
6.962663847622749258e-02
6.947161418110510411e-02
7.285210337880700104e-02
7.235131913030558304e-02
6.922154474849707972e-02
6.901666315067453428e-02
6.830088413596087371e-02
6.978750445978518235e-02
6.945307920804187629e-02
6.934485775717304235e-02
7.049517779239272697e-02
7.001074202255323786e-02
6.986620148174316203e-02
6.891897685794959316e-02
7.453788704478681026e-02
7.062595911749712518e-02
7.257347910570459415e-02
7.316002903087696907e-02
7.050106561237104441e-02
6.856486303880804378e-02
6.915848088067207133e-02
7.718566874362683961e-02
6.948037230048287327e-02
6.946410473369908634e-02
7.117248285018649978e-02
6.893144685181780418e-02
6.914624349243374268e-02
7.103148851761408034e-02
7.793958198041059382e-02
6.909650753732804462e-02
7.015000805976583098e-02
6.971757183418103576e-02
6.818896622178952094e-02
6.947148953631251955e-02
6.863690801625710325e-02
6.952659249561353449e-02
6.985881016683692657e-02
7.040090817962434133e-02
6.934563253242628789e-02
6.890856460435765274e-02
7.670335945621165052e-02
6.931469986354224511e-02
7.063638975823657851e-02
7.090802793539270621e-02
6.903507664238346664e-02
7.007817767450925939e-02
7.029199436270040791e-02
6.908114632071185590e-02
6.848082176936252929e-02
7.027929822073680777e-02
7.072835512390789059e-02
6.952334346037268575e-02
6.938290767330158870e-02
7.006964031929636960e-02
6.869903291710476034e-02
7.367827844748615906e-02
6.936274789686570907e-02
6.882871520304954804e-02
7.168174063962082232e-02
8.021009216346215720e-02
7.001753444529702775e-02
7.006480061129974346e-02
6.920957738030572570e-02
6.845306776835895224e-02
6.945369892450434235e-02
6.924771510898604376e-02
6.853408709247789388e-02
6.866079202182405472e-02
6.982529950222356174e-02
7.668331447838917792e-02
6.992385923630013711e-02
6.976095098205725709e-02
6.844130489758244729e-02
6.874564201250873974e-02
6.919795186784366559e-02
7.185377802574695327e-02
6.886401954713199103e-02
6.977722238431066648e-02
6.895265549898188517e-02
6.831990023950919311e-02
7.040430567758913794e-02
7.462955966972024957e-02
6.970416966665102243e-02
6.943308528732967944e-02
6.978472020050097147e-02
6.805870467418498326e-02
7.142339205004978597e-02
6.939840160380886247e-02
6.872601582714890633e-02
6.980322502236208093e-02
6.935646303345323338e-02
7.014099336627041548e-02
7.934778303153197654e-02
7.184878191460511432e-02
7.058579188442772046e-02
7.403907355652254718e-02
7.031319822738048286e-02
6.896797289179762425e-02
6.868785790180607920e-02
6.884991902883870474e-02
7.373848893169303309e-02
6.881201176155572752e-02
6.966648737264867497e-02
7.387459398432988378e-02
6.928204573568991220e-02
6.949607361782586534e-02
6.837653713951344359e-02
6.879933154797716888e-02
7.231517263399936390e-02
6.995773738578099643e-02
6.900417971933531236e-02
8.084809271790723006e-02
6.867274610282052272e-02
6.875818090243121516e-02
7.142417661015731944e-02
7.381943483760169955e-02
6.943797249913861991e-02
7.122244847905626064e-02
6.875377088165722517e-02
6.969792224125782865e-02
7.199744482825271019e-02
6.977893343418239969e-02
6.821598405902974671e-02
6.959104270132800141e-02
6.923694456334486547e-02
6.919769287881367970e-02
6.962154864433187096e-02
6.956865386705055054e-02
6.879579273240388204e-02
6.913627354349495546e-02
6.912018511199617687e-02
7.020612155212699323e-02
6.933724986018142966e-02
7.346165408429132515e-02
6.915679618335913992e-02
6.969530860532582861e-02
7.100011460019337028e-02
6.864803257620238908e-02
7.494062350119710947e-02
6.991226248975918045e-02
6.899134381806719396e-02
7.597518511905387850e-02
6.954554410365285100e-02
7.182060976746712511e-02
6.995718224428927601e-02
6.966959474665755658e-02
6.878914520642663566e-02
6.923487073103978817e-02
6.892026392344953456e-02
6.974681621494165096e-02
6.904464713654399899e-02
6.901905932420586420e-02
6.928140386289641239e-02
7.603413503523752393e-02
7.067872465596757026e-02
6.974832644574532892e-02
6.966308606982596352e-02
7.138000574930743192e-02
6.919205401183886606e-02
6.958124726911953106e-02
6.783947017172332894e-02
6.971913527728752780e-02
6.835347947710948557e-02
6.894612806708222408e-02
6.922610935146278344e-02
6.965460049175266344e-02
6.906157382339209172e-02
