2.042513472500137872e-01
1.912339558709159337e-01
1.739385190657130598e-01
1.917864533720701481e-01
1.719950784854174242e-01
2.042984805744279264e-01
1.878428097717406708e-01
1.676672486160421527e-01
1.843082412510725354e-01
1.914479573381490385e-01
1.714637053253769139e-01
1.747741643885659668e-01
1.723375102402488479e-01
2.031679019501285433e-01
1.763059894483579582e-01
1.952943751262969929e-01
2.144372629290601517e-01
1.748618194926962743e-01
2.010087759761388093e-01
1.842972047975469652e-01
1.818116421564771601e-01
1.786916333051080941e-01
1.821876936333268748e-01
1.875829864400112568e-01
1.890196537504771623e-01
1.829408327162579950e-01
1.756564961583672035e-01
1.807223386452042335e-01
1.860017777266779471e-01
1.897603173485696848e-01
1.821768870518990224e-01
1.827199237515824970e-01
1.997722445076854370e-01
1.863939484327463425e-01
1.935741855131844769e-01
1.861299450929301547e-01
1.862996121779378345e-01
1.976704512670443281e-01
1.627891847079090681e-01
1.621618629838396386e-01
2.087374137649084249e-01
1.774158666630314407e-01
1.719210226296964683e-01
1.972515120498089247e-01
1.657860177831154691e-01
1.987975064351330257e-01
1.786801176327953433e-01
1.659474308188934044e-01
1.923751731849670243e-01
1.833022692880867388e-01
1.764660100724845249e-01
1.750681760334635295e-01
1.983351729554204967e-01
1.888832687050240600e-01
1.850172813078137524e-01
1.983844055112121418e-01
1.928236450836690041e-01
1.908399735283869691e-01
1.744745315007764364e-01
1.717902464283559971e-01
1.897261303921429498e-01
1.890096160133155068e-01
1.803360779506189560e-01
1.890977437621079449e-01
1.925603858114059153e-01
1.911592185111105902e-01
1.778118010410679461e-01
1.876775936538667144e-01
1.844865603047021463e-01
1.809692950016049129e-01
2.142417809874120893e-01
1.917777503526321425e-01
1.811107928078115326e-01
1.913401701612744976e-01
1.926801959722804769e-01
1.705108835281315682e-01
1.902091025423129356e-01
1.644890705260262653e-01
1.887699575052702305e-01
1.861174724168777606e-01
1.859802412662940330e-01
1.953807025290255628e-01
1.940966438727799726e-01
1.802159025567827422e-01
1.823130629899356592e-01
1.647899003409734886e-01
1.801057393748966284e-01
1.881876684166772784e-01
1.859084265333275088e-01
1.950623594737353195e-01
1.808760221843934701e-01
1.942014187360188715e-01
1.890000311922975240e-01
1.736794814254038477e-01
1.996643261587094098e-01
2.056776681131293194e-01
1.973055607849028004e-01
1.917986703479000743e-01
1.927315993602363442e-01
1.818538354852764216e-01
1.849459880651314614e-01
1.695218589737818304e-01
1.722403509774467767e-01
1.877747092323433231e-01
1.915286788527248429e-01
1.949163207394867536e-01
1.775249600661643334e-01
2.050808230641379681e-01
1.914288467066446175e-01
1.707557146271532489e-01
1.877327292824408911e-01
1.753565311817499861e-01
1.796476773647097402e-01
1.694779889409648854e-01
1.897820503015560656e-01
1.707192463513542979e-01
1.942436924990064151e-01
1.765554816411239458e-01
1.815215543828689604e-01
1.816853784752820722e-01
1.818452414135007800e-01
1.829163358075917845e-01
1.923784911132502273e-01
1.818545909208922895e-01
1.832786213408526266e-01
1.816011960886002030e-01
1.850764654758048355e-01
2.012854106985699498e-01
1.817170400324736590e-01
1.978738501436428654e-01
1.823879271916228895e-01
1.770318989300701529e-01
1.903248327696354936e-01
1.809389216986679039e-01
1.799488454999006171e-01
1.938584197668796194e-01
1.644669583239882493e-01
1.686420239657591968e-01
1.729110325415136595e-01
1.862168027014307892e-01
1.862311760908424429e-01
1.816536211328917128e-01
1.763564956487827240e-01
1.943796691434539481e-01
1.804896242158019193e-01
1.868702770048227824e-01
1.894625703356575819e-01
1.890794945046696540e-01
1.900680275030372512e-01
1.765966467152031982e-01
1.824263561451243409e-01
1.701347101041331966e-01
1.853644580833973543e-01
1.705238785920058509e-01
1.791513669407723830e-01
1.754323248280429126e-01
1.739614859798218061e-01
1.908723834879129944e-01
1.855772352669827208e-01
1.895520930197547582e-01
1.917304114582217556e-01
1.740558268390912378e-01
1.884806427576994625e-01
1.925159962180963968e-01
1.868202632978551436e-01
1.970641517016147870e-01
1.865477916271056913e-01
1.698005611812752058e-01
1.894813294259547198e-01
1.792622095843483254e-01
1.896629057332455126e-01
1.813580546583799524e-01
1.987059340191700552e-01
1.716641584834313339e-01
1.790369010503624903e-01
1.640690905362315599e-01
1.628313146355404029e-01
1.895406510726002081e-01
2.095594983989224336e-01
1.914623715539815196e-01
1.970617008262280645e-01
2.003076251199469582e-01
1.651091522894221064e-01
2.105945390441943954e-01
1.898528573212614756e-01
1.755487155187558101e-01
1.990756641191522014e-01
1.688726897955968032e-01
1.903090294817040284e-01
1.699309490890525132e-01
1.722167410297765766e-01
1.844716643486523366e-01
1.786635223230213232e-01
1.739690622117574526e-01
1.837515134704297004e-01
1.890450795755848901e-01
1.797164178511813648e-01
1.793848864459768044e-01
1.853759841330075986e-01
1.984133640299596268e-01
1.880532192139819092e-01
1.833584725034645424e-01
1.939497935446257704e-01
1.742938614832643118e-01
1.987723492841918238e-01
2.093954166011867957e-01
1.870774030644853925e-01
1.897521082160971428e-01
1.702119577173565879e-01
1.776382125601973228e-01
1.880177140872575370e-01
1.685758913066422171e-01
1.792114913840874568e-01
1.832565622745686573e-01
2.102456070494022611e-01
1.878106497533676977e-01
1.775371424198870784e-01
1.679654065483916492e-01
1.700730100623685515e-01
1.866678355668398015e-01
1.810971935015892320e-01
1.974847063574188266e-01
1.988067953916320685e-01
1.950617650210380583e-01
1.741684509989510077e-01
1.982177087361126910e-01
1.983280475771737883e-01
1.885565163073788797e-01
1.721329154963941732e-01
1.825439707040431569e-01
1.979443765209863149e-01
1.855343940359821531e-01
1.831850788694917576e-01
1.802595449957975493e-01
1.864600400522592183e-01
1.914350429218525662e-01
1.715192748886933405e-01
1.918652365944233940e-01
1.810804165545655542e-01
1.811866657616194032e-01
1.623561278412676556e-01
1.784794907785279272e-01
1.667698127546610731e-01
1.837240211407654700e-01
1.828877202400568391e-01
1.930701280938736109e-01
1.817291685668767087e-01
1.717673466432173557e-01
1.773983037400524987e-01
1.996930251040499038e-01
1.870115117484471012e-01
1.792516715760349155e-01
1.903210826236088615e-01
1.798827307606989945e-01
1.831381601321661057e-01
1.798824497738017725e-01
1.843866521518641721e-01
1.878833436584561867e-01
1.783091369784502722e-01
1.965310788834309375e-01
1.722155327818691295e-01
1.988586482475055983e-01
1.785802362785641195e-01
1.974144379861181298e-01
1.785798678048370891e-01
1.987354366745845979e-01
2.045158288521411738e-01
1.786792870037705871e-01
1.964727405599638044e-01
1.730004232757425819e-01
1.769679298572661430e-01
1.825596344000360582e-01
1.885459510555856921e-01
1.716603763210150513e-01
1.980519287942017204e-01
1.901904515736795032e-01
1.981621290758032172e-01
1.918876024908609534e-01
2.001049160307200314e-01
1.832093076927372166e-01
1.694908353895102082e-01
1.674601484003030161e-01
1.766055890839017817e-01
1.821507725028746194e-01
2.102015989396163742e-01
1.756308429561723172e-01
1.982804198066261403e-01
1.971660041061742974e-01
1.659500432466752551e-01
1.913264551687468562e-01
2.006324690814484668e-01
1.881845123854491708e-01
1.869991509679748976e-01
1.852232244900451075e-01
1.642227806454743533e-01
1.729624172705996610e-01
1.799494389917915549e-01
1.705172981892758288e-01
1.757006697029959985e-01
1.943366987686026282e-01
1.734638111256420201e-01
2.033282140966549412e-01
1.893858483844016449e-01
1.719506804403330424e-01
1.894498086070372789e-01
1.872181411713275956e-01
1.786126333230816932e-01
1.877357151746681663e-01
1.967725029992412056e-01
1.694445437407290922e-01
1.686864348833667093e-01
1.933177967891351046e-01
1.759860822244106449e-01
2.069576166868294653e-01
1.837894564635766392e-01
1.868403259450320542e-01
1.728604427731292581e-01
2.047299591421191944e-01
1.897145466443201089e-01
1.804423433874151050e-01
1.747317752011749992e-01
1.766379194221013860e-01
1.813345338649938465e-01
1.963238360240205094e-01
1.844402157343142112e-01
1.887660176402041756e-01
1.875109629507344666e-01
1.967427206678523666e-01
1.754396769563989766e-01
1.760051107017016614e-01
1.970591463670913479e-01
1.764631565157916970e-01
1.679632224295192489e-01
1.857683727537281781e-01
2.020491977804336203e-01
1.947602327753828744e-01
1.815493228518322288e-01
1.714742286954074879e-01
1.868194506425560619e-01
1.677192736571233023e-01
1.849284698348468703e-01
1.654592527900316246e-01
2.031110273526181009e-01
1.810405126071600590e-01
1.721712271608220879e-01
1.805815746470621208e-01
1.882624602408810299e-01
1.782186068353079911e-01
1.848864545358209488e-01
2.008729568461264381e-01
1.781582985785810369e-01
1.903585767017089148e-01
1.815893097665218781e-01
1.819939800291338616e-01
1.953675404058329013e-01
1.972801815767522005e-01
1.919707418439809965e-01
1.884419318600224491e-01
1.932245818637168266e-01
2.049067260050162209e-01
1.916352637077117504e-01
1.900620802500659068e-01
1.793617794926076481e-01
1.758489923071542838e-01
1.854824656240271485e-01
2.000227419884154090e-01
1.724770759336845261e-01
1.889824382621646814e-01
1.893271069288848529e-01
1.837754519162815847e-01
1.936095972039297286e-01
2.009703374967613809e-01
2.054904631019784378e-01
1.916222543534766287e-01
1.908230568054348764e-01
1.968557577810219339e-01
1.913136194912761490e-01
1.931980474792741875e-01
1.870011787337632903e-01
1.752909476962503377e-01
1.971212893050135473e-01
2.031907944181636505e-01
1.712697945841137326e-01
1.886816225535863645e-01
1.795108822047427610e-01
1.775669186287880674e-01
1.852502991121199316e-01
1.866136855405254591e-01
1.887921305593616705e-01
1.973917926277379553e-01
2.039096316697612543e-01
1.889894087584479687e-01
1.849644898700533169e-01
1.975327563017854060e-01
1.858042439610947116e-01
1.726630616624334480e-01
1.907239401567073500e-01
1.822855354724969013e-01
1.752591704472290790e-01
2.008350302219821804e-01
1.812974216654426318e-01
2.002613110318682277e-01
1.768735130082878249e-01
1.927790212526304670e-01
1.765549243840206506e-01
2.198850604340092663e-01
1.920409561967564571e-01
1.751826704930977419e-01
1.894689190802944234e-01
1.794818618566164925e-01
1.793119213514307031e-01
1.839958946602829049e-01
1.815879678269247677e-01
1.842579037889544857e-01
1.748624425417223405e-01
1.893886372730000101e-01
1.726067081661403491e-01
1.830636662916454160e-01
1.896353265300460000e-01
1.856463866738133905e-01
1.847913950803223571e-01
2.063261593756231249e-01
1.854271190037602990e-01
1.877500406755843732e-01
1.827158005406818719e-01
1.877068313351045736e-01
1.788825156222836332e-01
1.820856091172172730e-01
1.983967496201796132e-01
1.672630189623860453e-01
1.728109429503397465e-01
1.678315651175306678e-01
1.773073619735837381e-01
1.599483396026609439e-01
2.005805036146325604e-01
1.833460741118790871e-01
1.733225387058583700e-01
1.851005331322969627e-01
1.851456587134947540e-01
1.920418541303716142e-01
1.762059570231485073e-01
1.636568644980720966e-01
1.910886770394579492e-01
1.976628081741463039e-01
1.932856279197283644e-01
1.756589603291728030e-01
1.922529338359063311e-01
1.868303825124774109e-01
1.880251115744518420e-01
2.027279166000124366e-01
1.932270516783492209e-01
1.835282168982262097e-01
1.651292188840261799e-01
1.762281647766116843e-01
1.945405586147635479e-01
1.829867300296526278e-01
1.850215009324448767e-01
1.802567887412286907e-01
1.839280782786432145e-01
1.903953123108264034e-01
1.880399147581634511e-01
1.911245795530603919e-01
1.874238710931023788e-01
1.889433550169616616e-01
1.656252800807830050e-01
1.905594084446829428e-01
1.732242194927156864e-01
1.949477473560617402e-01
1.861285712603781006e-01
1.844900029633959049e-01
1.818981219700494811e-01
1.897527157218706351e-01
1.771838617286615736e-01
1.971385068829796250e-01
1.743830452157835997e-01
1.784890109362810839e-01
1.913988249130243735e-01
1.743391335103478268e-01
1.937217073495018371e-01
1.916056324347630846e-01
2.003508724521347317e-01
2.084494192161382431e-01
1.734264123084781339e-01
1.887612775076537019e-01
1.872431791537654822e-01
1.978175919641862734e-01
1.839647717969988272e-01
1.781916380945514911e-01
1.709446115705726688e-01
1.821074959396710991e-01
1.833834113827965129e-01
1.835148059876757776e-01
1.871468295421782335e-01
1.770863786466404244e-01
1.754285995444997415e-01
1.879089944125174050e-01
1.930439937210253198e-01
1.828640266417050630e-01
1.796402958590377075e-01
1.647596814054176351e-01
1.755250130789575425e-01
1.794783588465534707e-01
1.894154416355148529e-01
2.009152372509637463e-01
1.805392121338728895e-01
1.737439525097997373e-01
1.856466918660036602e-01
1.803861818256407012e-01
1.822188061507204748e-01
1.747520677374232445e-01
1.856065810652877401e-01
1.834599011795142454e-01
1.835776399152450333e-01
1.794680225952429153e-01
1.783381109942493437e-01
1.608239997704123403e-01
1.942704237871110129e-01
1.869884845648168425e-01
1.866409052977751337e-01
1.883418596345169393e-01
1.800505576410109665e-01
1.843520538985222168e-01
1.799607680811978749e-01
1.810603246885106044e-01
1.938536414973487665e-01
1.983523339098509086e-01
1.616193288328837685e-01
1.716724290217140625e-01
2.026781146352784890e-01
1.945952739059513548e-01
1.902823744253476501e-01
1.919870334075868545e-01
1.865689403955301529e-01
1.852743867254350030e-01
1.722965101943730593e-01
1.736599102760829905e-01
1.994934701560776291e-01
1.861140859172358553e-01
1.851755783654648602e-01
2.016206427017293024e-01
1.905532797888326302e-01
1.703286464644489517e-01
1.775437364976757693e-01
1.828560836762510577e-01
1.815317623015527959e-01
1.886406366906592247e-01
1.897227211095978971e-01
1.852857648867965168e-01
1.773506945437222093e-01
1.789188971101027537e-01
1.768354863409905275e-01
2.041210384413396084e-01
1.871779275216171046e-01
1.815566049961638007e-01
1.834167237393174443e-01
1.746486091831058185e-01
1.687260878035584666e-01
2.251031564894143688e-01
1.879911476628169098e-01
1.828790887931353026e-01
1.802966186600333531e-01
2.074441785782160930e-01
1.791359388282870724e-01
1.711367421547661527e-01
1.764953506389069504e-01
1.881555107477859423e-01
1.963372001931975308e-01
1.751799298936932703e-01
1.811113333768690770e-01
1.775315499144936027e-01
1.720528511025946616e-01
1.923978500768659394e-01
1.972098865197982887e-01
1.838894389677339369e-01
1.829829275343364259e-01
1.702055979993216950e-01
1.892902067818589551e-01
1.801821395902911127e-01
1.882198739794714859e-01
1.872840284889487339e-01
2.098713568909986171e-01
1.825460221599113086e-01
1.771711590069655617e-01
1.670492080156165682e-01
1.888041899691212944e-01
1.882923941782880806e-01
2.011127826411634179e-01
1.868156005821545451e-01
1.977099545291577387e-01
1.681286174979209347e-01
1.789221554777694345e-01
1.857711681716461560e-01
1.978482030237146139e-01
1.672422281879913375e-01
1.786537326490984234e-01
1.801325418427103531e-01
1.856330584438616871e-01
1.597632763936102929e-01
2.075963045709296462e-01
1.852271880673045934e-01
1.918109666468383878e-01
1.889823216496972491e-01
1.653429882440569931e-01
1.935373885593686671e-01
1.744402574630136149e-01
1.769441297964688686e-01
1.822025615890150163e-01
1.914669693009081186e-01
1.689336481497071274e-01
1.859028346548130817e-01
1.906739479456208697e-01
1.808587869505450252e-01
1.901549229772352134e-01
1.738363082362489043e-01
2.004307573076334059e-01
2.142248692409580157e-01
1.866822494872580063e-01
1.769771480214524240e-01
1.908514009361691743e-01
1.722688996697828434e-01
2.154974148468513651e-01
2.037601268031096202e-01
1.927892815962483630e-01
2.080584906619707408e-01
2.038376296568550350e-01
1.766983120198669932e-01
1.861633353603876773e-01
1.742260361894634180e-01
1.898418438826923738e-01
2.085303391634998060e-01
1.909789537542246896e-01
1.808238002587847226e-01
1.792101876742723809e-01
1.950740503150246163e-01
1.913016640395069912e-01
1.929313764752128568e-01
1.789042855046754088e-01
1.759321477166801984e-01
1.917144169254031139e-01
2.152840201616734450e-01
1.945061882820756927e-01
1.804609709236673076e-01
1.879766310957859399e-01
1.947096631129183186e-01
1.932688605820626071e-01
1.688525382378760764e-01
1.875746986990856902e-01
1.839962153064732819e-01
1.754857419508980554e-01
1.774707510489358375e-01
1.908306733903264718e-01
1.883947371976924801e-01
1.844308295239077133e-01
1.701139407655198610e-01
1.938543963462129038e-01
1.892234222305711755e-01
1.951530883646607484e-01
1.816961840814441120e-01
1.761233002654007673e-01
1.915212413398442171e-01
1.868160878071779274e-01
1.914781300449732437e-01
1.856371876067409998e-01
1.741292882434970213e-01
1.852955440691679279e-01
1.928638135383385077e-01
1.840581908462950167e-01
1.928106668448645311e-01
1.868825097085516640e-01
1.867686477977931192e-01
1.787100193122626302e-01
1.889697982721554870e-01
1.816157649544660191e-01
1.757026730768626588e-01
1.750885881413773160e-01
2.074076348552457705e-01
1.751862881716416687e-01
1.812788639186899420e-01
1.737544021918186188e-01
2.102089851403909637e-01
1.934415560228584241e-01
1.940323817418268815e-01
1.895187348548060258e-01
1.786918860145627341e-01
1.911533332442474087e-01
1.781331226668659840e-01
1.781255444041978941e-01
1.849520256030484089e-01
1.985442116644894062e-01
2.054814033919894201e-01
1.744085787544621124e-01
1.724744612838787217e-01
1.792119759283528624e-01
1.899607788969195910e-01
1.894804779166866238e-01
1.846472241212759879e-01
1.846435936875257533e-01
1.746557126875799837e-01
1.942694544815488922e-01
1.907635708125175744e-01
1.922868397072847180e-01
1.849510904428798841e-01
1.817080188734723489e-01
1.764170566229154580e-01
1.804846544677975451e-01
1.680632894063832095e-01
1.957405632960237674e-01
1.776584693868383247e-01
1.710797023579921083e-01
1.694452814271382723e-01
1.969962610209714526e-01
1.976383718707958870e-01
1.743059690242785009e-01
1.961846307805584499e-01
1.886334731993915270e-01
1.794057212167080306e-01
1.966053978335960684e-01
1.801136117471577314e-01
1.617657741197963683e-01
1.967276374485744939e-01
1.790487304053193507e-01
1.909692754558363625e-01
1.912956113119466395e-01
1.892567042122334786e-01
1.905057647123440945e-01
1.903930124397201495e-01
1.926060172461569187e-01
1.701748111540894171e-01
1.850228140419093725e-01
1.772889923167541293e-01
1.847542764833407514e-01
1.851439962854184718e-01
1.929351717142308020e-01
1.820503482661024741e-01
1.781692908053975066e-01
1.864514602593648207e-01
2.032479612671834746e-01
1.733081670621384740e-01
1.766035467383762769e-01
1.891364048581493373e-01
1.810252956601251240e-01
1.801871757159164700e-01
1.823925605184233967e-01
1.730727340643853085e-01
1.784574660023900416e-01
1.845987619898074861e-01
1.974763610495601229e-01
1.963399860266478447e-01
1.655967958399665874e-01
1.859040917426603712e-01
1.843317193290665845e-01
1.971707331426357235e-01
2.052938337455902928e-01
1.945117886711691668e-01
1.854516555532846889e-01
1.712972394579750091e-01
1.693862643473541540e-01
1.953044429019961392e-01
2.146800551046368355e-01
2.060209275083295100e-01
1.803868962072815996e-01
1.814314143935075452e-01
1.713241983830964543e-01
1.721425799384512512e-01
1.913822897422423341e-01
1.878947915217032694e-01
2.011430746390742430e-01
1.848562679824139465e-01
1.872751132411778763e-01
1.766396298241249274e-01
1.756766731253486535e-01
1.880146674318844691e-01
1.868160712992099348e-01
1.880385906076774138e-01
2.100852260771096935e-01
1.785090308697942219e-01
1.921272446908616760e-01
1.919974809818483785e-01
2.064482193814602129e-01
1.834262525058201199e-01
1.874138128642652279e-01
1.627540204650632927e-01
2.003062347968941892e-01
1.895562339824843900e-01
2.177325182055687425e-01
1.781957430741072657e-01
1.839024286230367677e-01
1.918858303992455605e-01
1.975507677051614730e-01
1.885246196951924635e-01
1.812672392086540352e-01
1.771490390719720476e-01
1.936381978019871275e-01
1.721682518611425405e-01
1.919083925344845509e-01
1.781547248967413344e-01
1.791377581022796650e-01
1.730065988990600323e-01
2.066917119248782853e-01
1.898585565777480277e-01
1.828221595874732208e-01
1.692043077839279486e-01
1.760160341872436252e-01
2.118023298679778399e-01
1.905976548004281734e-01
1.756130026979635939e-01
1.892890086541570149e-01
1.882088490063384689e-01
1.739851588458804221e-01
1.752831393818650441e-01
1.769306174974709656e-01
2.013098666554946903e-01
1.777010545678188169e-01
1.913409792142767574e-01
1.706136250542539534e-01
1.743730870131081634e-01
1.840639908723430140e-01
1.850602764889648921e-01
1.782249989825151482e-01
1.795506835424402481e-01
1.767786144607305931e-01
1.953017359260582342e-01
1.819073109520899512e-01
1.963450915855913803e-01
1.768244414208679782e-01
1.914723868915071403e-01
1.832201054848378308e-01
1.971738326690569421e-01
1.928897360803271399e-01
2.011074094015102842e-01
1.717823859641854078e-01
1.767180453379831595e-01
1.983507446075014058e-01
1.750290606576180019e-01
1.715795733817569724e-01
1.817535610160266879e-01
1.813816887069614470e-01
1.880965882442200976e-01
1.703137223256113719e-01
1.742023287268432419e-01
1.929853719369738763e-01
1.664922405939987804e-01
1.704571055302674110e-01
1.888558023518042417e-01
1.746684485732055703e-01
1.750661565710009415e-01
1.780799290255805356e-01
1.694828115989057415e-01
1.984808162380004570e-01
1.848052466962462892e-01
2.100802512062263372e-01
1.697780944604457554e-01
1.975890567802656705e-01
1.954216372173692706e-01
1.875145786303216155e-01
1.827878327324482521e-01
1.958245320781744347e-01
1.885466178653071312e-01
1.810827970994008107e-01
1.777908674686951573e-01
1.839383681642855206e-01
1.841427227204740225e-01
1.734777364380600539e-01
1.869045985209152883e-01
1.836753563868727679e-01
1.790241937208424949e-01
1.792264662393215358e-01
1.866367900908149080e-01
1.861314410094265792e-01
1.701491179028804257e-01
1.780478501842272521e-01
1.919651788986265484e-01
1.864940185915745230e-01
1.903535883450741262e-01
1.871479760197526099e-01
1.866836211915361976e-01
2.024582641589622312e-01
1.928936008104678301e-01
1.947727383974852400e-01
1.892137264461107582e-01
1.875251288556459284e-01
1.747870202992102551e-01
1.771269818737628565e-01
2.043322897289691908e-01
1.822074868766074829e-01
1.819250470354892013e-01
1.860589416149498743e-01
1.739266084559510928e-01
1.741099141281180762e-01
2.051627891448359609e-01
1.916108911754791644e-01
1.789632762495122487e-01
1.742762757281065833e-01
1.750030173034768655e-01
1.916379995378236500e-01
1.918988367184703836e-01
1.739725431718476545e-01
1.906785576040258834e-01
1.853197802881425826e-01
1.904869079146747635e-01
1.881931476142302273e-01
1.891938053785417462e-01
1.715882620537663161e-01
1.772408703594969270e-01
1.789248380251480253e-01
1.788537503666302875e-01
1.867714345052432501e-01
1.747587054756437053e-01
1.940345747504330087e-01
1.802146983557621762e-01
1.651975596044417127e-01
1.919456566738303449e-01
1.695852332960871012e-01
1.810326630390055036e-01
1.798372545609729090e-01
1.882643438209402609e-01
1.733633468565026481e-01
1.659678706223464417e-01
1.949847201578690792e-01
1.819323873752488885e-01
1.786182133446917453e-01
1.830673674598325695e-01
1.845649538198624040e-01
1.998116467630189352e-01
1.881710170591933406e-01
1.942812648677702259e-01
1.931905262676367196e-01
1.798374489658997322e-01
1.681556790951127256e-01
1.919792500462034757e-01
1.863797448695437842e-01
1.958952525469606354e-01
1.815930325366501008e-01
1.788075629420111945e-01
1.712638783651604657e-01
1.607188831328692502e-01
1.753079810543323735e-01
1.675689679084667594e-01
1.848342434456131667e-01
1.743999404854308932e-01
1.720607771346007175e-01
1.815290774631944937e-01
1.899542679789702482e-01
1.802996721838172889e-01
1.815773435228910104e-01
1.879655131855374472e-01
1.756035028088277772e-01
1.929258260672107039e-01
1.749029407257654267e-01
1.739784022705494204e-01
1.796176029539335028e-01
1.878373097101251332e-01
1.888141371023958903e-01
1.783224308746647335e-01
2.004993571113952433e-01
1.884285406633557647e-01
1.921685385145102676e-01
1.899189913539787999e-01
1.938023654235544457e-01
1.852841747192534860e-01
1.722041420613153739e-01
1.858913588153695007e-01
1.749836361018272668e-01
2.117419615450258641e-01
1.998835926014783382e-01
1.902580730167673373e-01
1.879314341495117169e-01
1.645717335438668383e-01
1.840858215477858550e-01
1.689897697933190612e-01
1.964289763279969681e-01
1.744541037245952164e-01
1.816578921052754425e-01
1.694965502617262754e-01
1.672935722510707490e-01
1.839133904540475872e-01
1.615648314882935366e-01
1.719929401407335467e-01
1.719953866822853394e-01
1.814518168438912782e-01
1.698863511557179851e-01
1.633352615316927825e-01
1.851300565944952736e-01
1.740987247443343267e-01
1.882288131958172461e-01
1.866832102304527286e-01
1.744483694661807804e-01
1.701785676988774032e-01
1.835753380367717569e-01
2.011027839457455446e-01
1.747847091820686483e-01
1.933750591910391170e-01
1.786832348824531902e-01
1.837583603119269382e-01
1.705102060304322931e-01
1.824803354332198702e-01
1.844599643524369448e-01
1.882278121143418359e-01
1.929951638532583502e-01
1.845792396819943004e-01
