1.521220077599676479e+01
3.019217566091533023e+00
2.842568991108884280e+00
3.118098572225754150e+00
3.031972002349957673e+00
3.039749325310202810e+00
3.155657252021657033e+00
2.961014147918051176e+00
2.978672248325775040e+00
3.135914984200315114e+00
3.406877558937977835e+00
3.153308692044090034e+00
3.248108945650027390e+00
3.113832560630194202e+00
3.129651865869212735e+00
3.255154277645172289e+00
3.002533270171891644e+00
3.118943207871474499e+00
3.283381272523802075e+00
3.013627936273653329e+00
3.031110401849459901e+00
2.983492344388461781e+00
3.012366736258879740e+00
3.107250941591767734e+00
3.250941926313079655e+00
2.891631598594380126e+00
2.872953015281043410e+00
3.269707849448701964e+00
3.558927320516225290e+00
3.143087922456459182e+00
3.352892438622988358e+00
2.916094698084944703e+00
3.263602719118166906e+00
3.047955917481703469e+00
2.731880918546278014e+00
2.936335006376647794e+00
3.439641204617217340e+00
2.940353741244534636e+00
2.992300514083692686e+00
2.936012620806611739e+00
3.169861469211928018e+00
2.979855216979918175e+00
3.269292012474661391e+00
3.115640432509893643e+00
2.935443712173278819e+00
3.035497767700158001e+00
3.216784821911739201e+00
3.013565206760720816e+00
3.126663946204362166e+00
2.815189090779879333e+00
3.259557690025948418e+00
3.462694843358762320e+00
2.996590941501918071e+00
2.887676621176550551e+00
3.004149780532209935e+00
3.282152362097352061e+00
3.103869295702864850e+00
3.325407201529943624e+00
3.072684834379136642e+00
3.207828496248408268e+00
3.079794961024879374e+00
3.116209348970784720e+00
2.828898482132537584e+00
3.259942889029815660e+00
3.268584580068788270e+00
2.985224548888875340e+00
3.143695451079604020e+00
3.253084416683543090e+00
3.171428994973136906e+00
3.036027255738845465e+00
3.014529530454501227e+00
3.154911631627432378e+00
2.911627069660369216e+00
2.987328351763650414e+00
3.268673848518681258e+00
3.370395312338905658e+00
3.160277127652735718e+00
3.117781538288623810e+00
3.158413948900859136e+00
2.824317571756490342e+00
3.261488494962203610e+00
3.265441284018443024e+00
3.202166298913142750e+00
2.814533702149772054e+00
3.239394817426557882e+00
3.049948369976035689e+00
3.015866965979735692e+00
3.170818083780579055e+00
3.168950011964342561e+00
2.843284687803404598e+00
3.278766274616994547e+00
3.499306339409694377e+00
3.221720808103296640e+00
3.337140994074996758e+00
3.076024440242548508e+00
3.290356234696001358e+00
3.268437511082734837e+00
3.104195650292485453e+00
3.069892702892897507e+00
3.333445561710918881e+00
3.207530476241946538e+00
3.149630615235028408e+00
3.001744394343819788e+00
3.100770155713629350e+00
3.145131022558721234e+00
3.313994461738443587e+00
3.079154234366723308e+00
3.324511356788228067e+00
3.143140235278042205e+00
2.991436429170943878e+00
3.333679202629786786e+00
3.160032173154487811e+00
3.267130962679266393e+00
3.079190929190688930e+00
3.175345715926100709e+00
3.196191586367897575e+00
3.326808210722004944e+00
3.303368922375048644e+00
3.325579468925637272e+00
2.887672929365619368e+00
3.152924435123347635e+00
3.136974100134372723e+00
3.101401408317128183e+00
3.117066876665991249e+00
3.342680473250899009e+00
3.194679772445997656e+00
3.218824989509240009e+00
3.271785681961207448e+00
2.811189124244449555e+00
3.136601779497398823e+00
2.912375835347065234e+00
3.098587800436590989e+00
3.160646061232029513e+00
3.027804130708705355e+00
3.062876584983851291e+00
3.241964301680559046e+00
3.081304907432303786e+00
3.177806382061215018e+00
2.836112163878515613e+00
3.216084515300885016e+00
2.967094211934689696e+00
3.304918044728013093e+00
3.113481459086734571e+00
2.787053724647097663e+00
3.225889942016485268e+00
3.108652348177285862e+00
3.172492626418953243e+00
2.992429003117162090e+00
3.141296635267945003e+00
2.998563162337797738e+00
2.998695946340785401e+00
3.381657382974642800e+00
3.086892120086939251e+00
3.025038097188632147e+00
3.347891517455487964e+00
3.095213230968562268e+00
2.974156760992800130e+00
3.003672268710763316e+00
2.876039040812984560e+00
2.979593811827112138e+00
3.055713558999985757e+00
3.109068111150168345e+00
3.020623980622172855e+00
3.215251212584270046e+00
3.035840969364692388e+00
3.152658342834068428e+00
3.046580243633441487e+00
2.835826532807684597e+00
3.140988940265773799e+00
2.869752659814464035e+00
3.072601967187507999e+00
2.860990163669604680e+00
3.251569434856236729e+00
2.907135297950000030e+00
3.353214967969761151e+00
2.737450240465153506e+00
3.054481362283165691e+00
3.054899603868000302e+00
2.929673595172121114e+00
3.178685764166553795e+00
3.184881192767176294e+00
3.165645590710846058e+00
3.134413717268485833e+00
3.033289068995419502e+00
2.895841631422960027e+00
3.051892686075732719e+00
3.055435660721350644e+00
3.256034747443609767e+00
3.116981319373572479e+00
3.205280701415126554e+00
3.241974760472785544e+00
3.138119395616735918e+00
3.318164955415441764e+00
3.360910479632869485e+00
2.924348465424119414e+00
3.253174043945591620e+00
2.974840894545871084e+00
2.865698610085237963e+00
2.735218187391444289e+00
3.198760174591860128e+00
2.981822695035362791e+00
3.252847388312965826e+00
3.058855888315711979e+00
3.094025678856617390e+00
3.245078667973865461e+00
2.888564920067554276e+00
3.166582467569872605e+00
2.991220082313977180e+00
3.153602897899364876e+00
3.112023523114149537e+00
3.086107346973022025e+00
3.130865573211032427e+00
3.273520819099541956e+00
3.157594912132609011e+00
3.228981499744291384e+00
3.167305386596819261e+00
3.123718387890072279e+00
2.990967671859977361e+00
3.152907554970351800e+00
2.807531983671638365e+00
3.064212470313715464e+00
3.187853262265674115e+00
2.966868653969561453e+00
3.274681853282570998e+00
2.739501567912848490e+00
3.168233961654882691e+00
2.825769211103835055e+00
2.830737198003123289e+00
2.978390226099713711e+00
3.021769986905318728e+00
3.020375320105258332e+00
3.097217780554421207e+00
2.811434426676979736e+00
3.080470404640352822e+00
3.015905292327926368e+00
3.046984668444689071e+00
3.077724082019265950e+00
3.043362349116442545e+00
3.155955378990155324e+00
3.124861308115545189e+00
3.056733341022531913e+00
3.215557964287604875e+00
3.226442992643336893e+00
2.958145789310676843e+00
3.119415272257322957e+00
3.427552613177961671e+00
2.796020110958358007e+00
2.950337790122656401e+00
2.980679804386185960e+00
3.040607996839318261e+00
3.114190472480214744e+00
2.971452766445871418e+00
3.236033986561308140e+00
3.054413522232295009e+00
3.057485200970854411e+00
3.157477642413805796e+00
3.168055148206350147e+00
3.043458749466141366e+00
3.258964549188468673e+00
2.936899467833808508e+00
2.971822924160695933e+00
3.285961113336286488e+00
3.173014213000330042e+00
3.243526046037255917e+00
3.107867273236590400e+00
3.105069263865419593e+00
3.196318674258166848e+00
3.155789767147201719e+00
3.115541618653587808e+00
3.120762778767548706e+00
2.662686128365209459e+00
3.014557514044481579e+00
2.913382493729403944e+00
3.168377223965443079e+00
3.076283330095805901e+00
3.169303645185954643e+00
3.269304759423852680e+00
2.848718982226554175e+00
3.364946563500799126e+00
3.378704946040442803e+00
2.905919437583834419e+00
3.277126996926054581e+00
3.163861280995429404e+00
3.000433807472804304e+00
3.070487795331662273e+00
2.834119136289280139e+00
3.099352539793631678e+00
3.180489279878327746e+00
3.242067448714474942e+00
3.022264367469707391e+00
3.505323209750710767e+00
3.106731035225615223e+00
3.060421568448643104e+00
3.000033810134125734e+00
3.097830563617628208e+00
2.781062712288741245e+00
2.829834093863115907e+00
2.999615430453337339e+00
3.196501621057211029e+00
2.877946063689921452e+00
3.304858933153399292e+00
2.969104520864565000e+00
3.028006492986758058e+00
3.190065195961438338e+00
2.952614685201006672e+00
2.917515489986089339e+00
3.110865994798010181e+00
3.142152686631610958e+00
2.959167537752218191e+00
3.119569610136267546e+00
2.846500251235791978e+00
3.055007132597052255e+00
3.061463873916517642e+00
3.144070016699983761e+00
3.146087187522740081e+00
3.098478619131192158e+00
3.094201183230383290e+00
3.215468062661360982e+00
3.246881679334536308e+00
3.059436559148228429e+00
2.946410235993575988e+00
2.798964283136628595e+00
3.000551757151446619e+00
2.719195491660190811e+00
3.134930900803213127e+00
3.065984656135551933e+00
3.244729486352741610e+00
2.821845025665684847e+00
3.060096668255049224e+00
3.055654116672900322e+00
3.104435595624971622e+00
3.112327683452679405e+00
3.211798955117489918e+00
3.067220205493808916e+00
3.015075278833037054e+00
3.106595293885679787e+00
3.099060949289596412e+00
2.983281813544325090e+00
3.139469487345778465e+00
2.905808982122100037e+00
2.981522240681329983e+00
3.265522884328226461e+00
3.039524671701373748e+00
2.828679911578439121e+00
3.080267617205246555e+00
3.079213225399132003e+00
3.211362846303797536e+00
3.390630483724727640e+00
2.838505445984380149e+00
3.176821439089722698e+00
3.077564862471707130e+00
3.053224408906548781e+00
2.848953359928165785e+00
3.061448062557285521e+00
2.902096190403394171e+00
2.989774063670719961e+00
3.048548723926259640e+00
3.144635985907323850e+00
3.200831811191404697e+00
3.215671418265904524e+00
3.088109438692356878e+00
3.067379578397269491e+00
2.996044949432096871e+00
3.150861670954919536e+00
2.977947828743171321e+00
3.154666796363053027e+00
2.998422345010856915e+00
3.020658020129024290e+00
2.833161149014137070e+00
3.094272503228827631e+00
2.896748660411098797e+00
3.148454259928343824e+00
2.895788279556676947e+00
3.054800629526925437e+00
3.216107105617059148e+00
2.852427643388670830e+00
3.072540887705782708e+00
2.907552872567893409e+00
3.048565482626113710e+00
2.908295263173779954e+00
3.301321761096374097e+00
3.249410332205459717e+00
3.051985124358505441e+00
3.228949957297694517e+00
3.112230056186882532e+00
2.994402360982571842e+00
3.187558953567453557e+00
3.066360513662572007e+00
2.956355272948310908e+00
2.784609196359053573e+00
2.968761888550421002e+00
3.015284274905381423e+00
2.944035549058864554e+00
3.246025563535669622e+00
3.187195147027000797e+00
3.023719511297903395e+00
3.117178972194050601e+00
3.214715667120314979e+00
3.342995886962992103e+00
2.964756831195393794e+00
3.035565368618575288e+00
2.941862111270866720e+00
3.039432721465852971e+00
2.943780427441011316e+00
3.317547552382890785e+00
3.476506655748504482e+00
2.927805382383656507e+00
3.031495134899452104e+00
3.039115441509272042e+00
3.283852155116542715e+00
3.200868183712075599e+00
3.511593226840424631e+00
3.188213917227964433e+00
3.117048856847268734e+00
3.371646850060654899e+00
2.674982919467107312e+00
2.981293716890760059e+00
2.994139938446209293e+00
3.026197612529378134e+00
3.302663907674742383e+00
2.859532574969499308e+00
3.450602122688475770e+00
2.825279321205467209e+00
3.122176115969334198e+00
3.123221094011215282e+00
3.418271356159281904e+00
3.206425584553183494e+00
2.824052463831408843e+00
3.062933369963904529e+00
3.267016652378434305e+00
2.908169353397344725e+00
2.914095879705736358e+00
3.084730660800396596e+00
3.118605961652541669e+00
3.183227875226218639e+00
3.052990967366767006e+00
3.113777229589235418e+00
2.915510608278500726e+00
3.338643796591771462e+00
3.021001394414755126e+00
2.829113948770587861e+00
3.105046880578332225e+00
2.942257324052274470e+00
3.198408871920014107e+00
2.921430893274714169e+00
2.925880236452788274e+00
2.851081797969658105e+00
2.970905492284589222e+00
3.183736666353410349e+00
2.745163174665352646e+00
3.172783847730960893e+00
3.086776285624985849e+00
3.160083030757711242e+00
3.016589636094245908e+00
3.084505260159207118e+00
3.215972131695531644e+00
3.175519725532669923e+00
2.954542498643464743e+00
2.965234773699181758e+00
3.084748818252290192e+00
2.860180046999170500e+00
3.101652960087907918e+00
3.215753266114913078e+00
3.046846506598371196e+00
2.925734363149009365e+00
3.061638813610794596e+00
3.311539654594840343e+00
3.123273402341280036e+00
2.826641115372415136e+00
3.195847071793715077e+00
3.106210269414058533e+00
3.051018730685609359e+00
2.860938545964993196e+00
3.349773383984618658e+00
2.932533870682160870e+00
2.984612672446214976e+00
3.269053175495563845e+00
3.272013181352146471e+00
3.165414222530992028e+00
3.178157981523797027e+00
3.100399783869700165e+00
3.361968260034700506e+00
2.858937188849503208e+00
3.163814452445181225e+00
3.026220241909490571e+00
2.921242318084886769e+00
3.053801890083471360e+00
2.863205386018634613e+00
3.079818077264853127e+00
3.133255278792879128e+00
3.188072287944352823e+00
3.249027711884659997e+00
3.286543196393425514e+00
2.942054615497871950e+00
3.295231059899405235e+00
3.256262085190193556e+00
3.262175409572068752e+00
3.023594363113465189e+00
3.000402114956285615e+00
3.335855258937695744e+00
3.078889558976091845e+00
2.946282396245232693e+00
3.150190211742268431e+00
2.928373303655840143e+00
3.047458399338821788e+00
3.276587796303283451e+00
3.313547037039476173e+00
3.181437195451440214e+00
3.031700052458993433e+00
3.033740639759002100e+00
3.189010225975476231e+00
2.933401654287912219e+00
2.765484653275445126e+00
3.164046009860219222e+00
2.858486479854670748e+00
2.895527577629501970e+00
3.189765757126699075e+00
3.124823697689169677e+00
2.962264482409492583e+00
3.010062433668912796e+00
3.176088144533823598e+00
2.938655044386387249e+00
3.132441390676544923e+00
3.001073304442507528e+00
3.125638725086689274e+00
3.259491289645390033e+00
3.337215583223222648e+00
3.151528757726801189e+00
3.091415572871447193e+00
2.987320495136011722e+00
3.100100950495045637e+00
3.136229683395344914e+00
3.359533737996114322e+00
3.304319431521667294e+00
2.923979895673504803e+00
2.797772972384472201e+00
3.135661269483601465e+00
3.022987866309581495e+00
2.933855661713107299e+00
3.248918078218027361e+00
3.003079794243515455e+00
3.226908831088745266e+00
2.859013611015871259e+00
3.030102841826084248e+00
3.029626294954655297e+00
3.102862375905472980e+00
3.060569094947440671e+00
2.954416004627064662e+00
3.339350936893184407e+00
3.001689325868298841e+00
2.956502576597377807e+00
2.775507597082377931e+00
3.255292435390761074e+00
3.205916990019295199e+00
3.031425273903074036e+00
3.216478056982840616e+00
2.827043482933480512e+00
3.185760774857533395e+00
3.278555512881617506e+00
2.960850712731787571e+00
3.077678845702175092e+00
3.063781843568810448e+00
2.877900077217853347e+00
3.109676119374318315e+00
2.858232686816847057e+00
3.149828367161324749e+00
3.238004339110513552e+00
3.058149050326566698e+00
3.248483363092965703e+00
2.890593364700606127e+00
3.346152472771810160e+00
3.053286886610550699e+00
3.120224650425699853e+00
2.977041920303396427e+00
3.067891077258402266e+00
3.316927874936307585e+00
3.397679773388079028e+00
3.199752153515546205e+00
3.422020003386887943e+00
2.872297831822899106e+00
2.783004430756141012e+00
2.887812437226366047e+00
3.225728829652572127e+00
3.148860692556822549e+00
3.022612002491584349e+00
3.077264837310097700e+00
3.040256491120649773e+00
3.164021448588005381e+00
3.152674983289275534e+00
3.221815691598827414e+00
3.351539370492259806e+00
3.122789241622432321e+00
3.142062412328517240e+00
3.132799444576122916e+00
2.990296832520002113e+00
3.126176630281453761e+00
3.231116040023337632e+00
3.033710789023310372e+00
3.104085855541000694e+00
3.025588698372011720e+00
3.138342152722264355e+00
3.183221870356268912e+00
3.268345090336481018e+00
2.796105628191742465e+00
3.111954908727795566e+00
3.269169123124683107e+00
2.883220585493384558e+00
3.029786513756096422e+00
2.984125329914610880e+00
3.129187304687816695e+00
3.140693223223186781e+00
3.166260045679838875e+00
2.979434146029607433e+00
3.167253445198931150e+00
3.122723811558115514e+00
3.121565110782663854e+00
2.995775552876864811e+00
3.134494127227749338e+00
2.980556032549320999e+00
3.134407075166249168e+00
2.912120771169864231e+00
2.969256452899819987e+00
3.138262258699504148e+00
3.044116109647018398e+00
3.203324096175498070e+00
3.289514587217510666e+00
2.846833978494085926e+00
3.041419031840639775e+00
3.019084997791886327e+00
2.931548375531031869e+00
3.097338328749953185e+00
2.991828533270599610e+00
3.104086000969912718e+00
2.962570213248442830e+00
3.040950628115600018e+00
3.123938499092115961e+00
2.873265510568302705e+00
3.128128192901620253e+00
3.288597593508941319e+00
3.169396454818990350e+00
2.986566812447452701e+00
3.075343255432083645e+00
3.153732055911426357e+00
2.920741901083761860e+00
3.266926378256228780e+00
3.063333695335373363e+00
3.170917573234927289e+00
3.146931223209580519e+00
3.237298477639607874e+00
2.888754192644483965e+00
3.141278512714018145e+00
2.918266937241155823e+00
3.018014951343624741e+00
3.054732118327290635e+00
2.772796179699494434e+00
3.236605618883093616e+00
3.210595939126494880e+00
3.160010434285361658e+00
3.190343673755717369e+00
3.061540459044383322e+00
2.952449311751230265e+00
2.953142524457907037e+00
3.059963757841765553e+00
2.784426011283401614e+00
3.362699785759045046e+00
2.997950188448944342e+00
3.105022757954869483e+00
3.065785407073489566e+00
3.403291836845451890e+00
2.943975290700402869e+00
3.209943749845661110e+00
2.854437409829555072e+00
3.147631705469317698e+00
2.922631461384497253e+00
3.097268275883101385e+00
2.918763801961138160e+00
3.310088349148001985e+00
3.205152445055178934e+00
3.101555593395608934e+00
2.865958959726544464e+00
2.765680623535568206e+00
2.975984004569027341e+00
3.030853198543237870e+00
3.224112554381344253e+00
3.014604841312180206e+00
3.197192211840702569e+00
3.198107295336229505e+00
3.296635741463896707e+00
3.198754287519394612e+00
3.108490752140484759e+00
3.096358874795037686e+00
3.214797133419912800e+00
3.079872611276854855e+00
3.259523006213967733e+00
3.173850032587345549e+00
2.794881002746325560e+00
2.932740511144560358e+00
3.192595335692170799e+00
3.318723057627282369e+00
2.892552127886812041e+00
2.966463083709792503e+00
2.965955159921822126e+00
3.001300708014646990e+00
3.205800629448673611e+00
3.184853080963326200e+00
3.223639283842164360e+00
2.998989948347605239e+00
3.333659202205455863e+00
3.116641350279908185e+00
2.925277241843798670e+00
2.987790696734665907e+00
3.199781416025974767e+00
3.043366986632685567e+00
2.936686469495014329e+00
3.018939007512257966e+00
2.781989633854568211e+00
3.209306146719884900e+00
3.184194310220010316e+00
3.189204416509850759e+00
3.155110594378158329e+00
3.217226888431921505e+00
3.332774111297826192e+00
3.406873067643364283e+00
3.072629279124558188e+00
3.250706136135751656e+00
3.048070478298099406e+00
3.125863928440895556e+00
3.219252884659267178e+00
3.218589094281567142e+00
3.191798484582399897e+00
3.150762995911052133e+00
3.232718157551784710e+00
2.994960277704943330e+00
3.047644838873360573e+00
3.183750259928992854e+00
3.016655818093969099e+00
2.830468086577565767e+00
2.998991547139803870e+00
2.837254180155437400e+00
2.964240865318034324e+00
3.205330824987921989e+00
3.145064246115683915e+00
3.107587528733480209e+00
2.925043145622837848e+00
2.977125541785001772e+00
3.224551090281809085e+00
2.850047034329846962e+00
3.169274568668769110e+00
2.879948042876887548e+00
3.027406652941578624e+00
3.114183763956360540e+00
3.160854103559726180e+00
2.996951546564933899e+00
3.054394115013169930e+00
3.124193520484275677e+00
3.019791869162486986e+00
3.051781429615144869e+00
3.054545141439413580e+00
3.110360969596436931e+00
3.128151351944378433e+00
3.127876786590715330e+00
3.166464406240745877e+00
3.063604566841807042e+00
3.163314622112093133e+00
3.014954537359977760e+00
3.157181858543475439e+00
3.111968628240867840e+00
3.070900135810570308e+00
2.826744396101505519e+00
2.850795822288531678e+00
3.050704678726403607e+00
3.004761236042596817e+00
3.089697473057017252e+00
3.046984935530436811e+00
2.916762150115190355e+00
3.195958299663502977e+00
2.989910377051794299e+00
3.032976594773574952e+00
3.074604918456571578e+00
2.946103186953627606e+00
3.240174008928865756e+00
3.240271206407777438e+00
3.000103414754665021e+00
3.064723724714217834e+00
2.955519750115171984e+00
2.979828964282834391e+00
2.889257991571567263e+00
2.924799127059701132e+00
2.963071776518994227e+00
3.054523178624545920e+00
3.031402387019632272e+00
3.014381181793886810e+00
3.283439490991257426e+00
3.156861826125427761e+00
3.137054632429293388e+00
3.238880691596192740e+00
3.030882452013175854e+00
3.023066552810184326e+00
2.892376234697090265e+00
2.913194590501707371e+00
3.189359232972392100e+00
3.168549914929631672e+00
3.140413778632988873e+00
3.093597709494539938e+00
3.238369165454394683e+00
3.188984426227760682e+00
3.315286675047096843e+00
3.094169340839517890e+00
3.149602111239836688e+00
3.052052339150290727e+00
3.181223474574952803e+00
3.403500987444691983e+00
3.326768530345806774e+00
3.132736565061698286e+00
3.016331564799021425e+00
3.269307682776820378e+00
2.897529628059437368e+00
3.138415592739811188e+00
3.187539533972564509e+00
2.816052122698557092e+00
3.020105506352764202e+00
3.158648189341104473e+00
2.996452849661925821e+00
3.197478436946201708e+00
3.058355668992287502e+00
3.058285550917228424e+00
2.810605102246070519e+00
2.883607535861663962e+00
3.239399040237387339e+00
3.345151388624312716e+00
3.241362322995448686e+00
3.173564260543023874e+00
3.102100265183399763e+00
3.309665019144621301e+00
2.905064562958695085e+00
2.958114002150644684e+00
3.106833771827909096e+00
3.041852360768714014e+00
2.901928414758850217e+00
3.406853780718346769e+00
3.221125855264689974e+00
2.973540077393591829e+00
3.022050574668503575e+00
3.101602194757905551e+00
3.132281656125026625e+00
3.185428729437052464e+00
3.347345693261964517e+00
3.089620710458484520e+00
3.132261644440182291e+00
3.122812935683690228e+00
3.176525582361461542e+00
3.195681589147513879e+00
2.923396635506818164e+00
3.055942894290994527e+00
3.147421862153068961e+00
3.013127141318513669e+00
2.959559145446669426e+00
2.777473713679152745e+00
3.030423584299554385e+00
3.045520808192067719e+00
3.177627956713546364e+00
3.083159868610968690e+00
3.219652355999406357e+00
2.894345317865901102e+00
3.337029747476759400e+00
3.157914945332255918e+00
3.207604806619238413e+00
3.134941106534365751e+00
3.312122667977653645e+00
3.070843760916314391e+00
3.144592986257898293e+00
2.969981246665342578e+00
3.117999066013504628e+00
3.204206447615335573e+00
2.864634298252586753e+00
3.326952887796299940e+00
2.846284895066723220e+00
3.024148225995164641e+00
2.976473116279076958e+00
3.084300938938968173e+00
2.724692517026066518e+00
3.088758722618486274e+00
3.089443376524485085e+00
3.119189246203808885e+00
2.955656158458105143e+00
3.179392898847625659e+00
3.109334294114594055e+00
3.115099356842578882e+00
2.988355190090738578e+00
3.072616452437171741e+00
3.204006853835103197e+00
3.085095101564095277e+00
3.035909376599498000e+00
3.334304391836480530e+00
3.294787505481709733e+00
3.156303708620976423e+00
3.256725171276898756e+00
3.033467808647035913e+00
2.964437240795443795e+00
3.098001512062642515e+00
3.048025093171468747e+00
3.092884810622256175e+00
2.950268940109590066e+00
3.207865203638085028e+00
2.988758505277661737e+00
2.987801000706823196e+00
3.085850819764669239e+00
2.814457773500451232e+00
3.079963186560355837e+00
3.285950904700269959e+00
3.033703316782621062e+00
2.976439062914564282e+00
3.279616914911276382e+00
2.776003279527524903e+00
2.901237213582608554e+00
3.223444535663730903e+00
3.140761967228567819e+00
2.869418436451610877e+00
2.986044182242392431e+00
3.291658451655542272e+00
3.170893555502687366e+00
3.141052154130478780e+00
3.088957210485384408e+00
2.848990425987891317e+00
3.260629386525331075e+00
2.927017019498614481e+00
2.965934669765355469e+00
2.981752761118837469e+00
3.367015670224413171e+00
2.942622604935260178e+00
2.974611176350409281e+00
3.225493849477365504e+00
2.903457819815142837e+00
2.726185113352206812e+00
3.013966978865560087e+00
3.223600677657121771e+00
3.037015255914291778e+00
3.092309218982044250e+00
3.308643220808810792e+00
3.340082822839490095e+00
2.955408993390760575e+00
2.937534668921143677e+00
3.162190645489478147e+00
3.061156355018428421e+00
3.243924047112349385e+00
2.916372657002562097e+00
2.994590155103157958e+00
3.053694847551057912e+00
3.168930978536787624e+00
3.046967681949804163e+00
3.281094114840211073e+00
3.068503336663185976e+00
2.821012366359815449e+00
3.128089890792038030e+00
3.147451664239750091e+00
2.921930094104350673e+00
3.143046560272443113e+00
3.012433115244085524e+00
3.088355596503839617e+00
3.015380249752464437e+00
3.084126731737736993e+00
3.199257700044696229e+00
3.291995675670334798e+00
2.751251609263534181e+00
3.276104077661674552e+00
3.217559858549882357e+00
3.106488583758901356e+00
2.781101882262586589e+00
2.993459801902780715e+00
3.344191522597083299e+00
3.039425658853192935e+00
3.166899374035466508e+00
2.870874872379357789e+00
2.910484994763935962e+00
2.979936595366600827e+00
3.206979504618503007e+00
3.349572441298489966e+00
2.769973708618623132e+00
3.249560467042973855e+00
3.079948546316495062e+00
3.135611366662312438e+00
3.236595453139023970e+00
3.155276642718659375e+00
3.404520697495165837e+00
3.289032839573320821e+00
3.304785916884418473e+00
2.868658487277716329e+00
3.018768833208270497e+00
3.292408776880506593e+00
3.064389091774208929e+00
3.099640185626965749e+00
3.059595085303294049e+00
3.117980687271834750e+00
3.043833474140925421e+00
3.347438557803450898e+00
3.189157211047421114e+00
3.338850758690849130e+00
3.270901533685080409e+00
3.010164841771594713e+00
3.255473642935556633e+00
