1.671731712082190846e+00
1.179156564039486987e+00
1.104624886771636172e+00
1.119874491900161306e+00
1.111736974611826190e+00
1.117544413748946974e+00
1.106501331701860158e+00
1.112667935622302817e+00
1.123739031336044247e+00
1.124014221253590184e+00
1.129844905089993246e+00
1.119159658320939332e+00
1.111374390827399639e+00
1.105476364530213473e+00
1.111730522613779470e+00
1.120869543602751151e+00
1.104575525099222855e+00
1.115137775173397738e+00
1.117519930415830753e+00
1.114056991294920751e+00
1.112069938931429469e+00
1.109279953582918976e+00
1.100129401091768377e+00
1.142048582451947070e+00
1.103061597917690317e+00
1.104061621027925932e+00
1.115645392515312473e+00
1.106237519408789671e+00
1.154784386209348979e+00
1.120067632529072377e+00
1.133695817691637631e+00
1.147022327769918748e+00
1.113816491952390964e+00
1.117585123308325823e+00
1.143773971917748655e+00
1.110523989447998350e+00
1.103703801906461779e+00
1.114468309001822810e+00
1.121739001443441630e+00
1.133294231015617326e+00
1.125655821495793241e+00
1.139967592426990972e+00
1.112051337505508553e+00
1.133290900660948841e+00
1.112494632936680938e+00
1.127619007781932581e+00
1.097551882342024276e+00
1.111327377533331884e+00
1.129143967558180917e+00
1.134651511205071239e+00
1.096122395305597408e+00
1.125475008598198823e+00
1.094067509191541943e+00
1.112420993125770918e+00
1.097387996886111106e+00
1.125177111178739420e+00
1.134593826319187926e+00
1.118815311553933212e+00
1.133029227977335962e+00
1.113555567304621352e+00
1.119753766185717092e+00
1.104354058365126123e+00
1.109219908862484560e+00
1.093963753313703213e+00
1.125735692832046109e+00
1.107934732875507367e+00
1.136230027527436404e+00
1.146427970615269576e+00
1.143702787245779229e+00
1.135642850768615819e+00
1.117873386665876767e+00
1.126647291912680648e+00
1.111893676205786718e+00
1.127444989463763481e+00
1.120198048765693954e+00
1.113816356394565110e+00
1.129001329579872204e+00
1.103296075448110924e+00
1.114299850671911507e+00
1.125672282861132079e+00
1.121530512017717696e+00
1.131915354741723334e+00
1.121505911897982433e+00
1.138118377803015946e+00
1.109914314803669422e+00
1.112809949381828201e+00
1.099530189654176926e+00
1.126960352333899573e+00
1.123703645606403789e+00
1.116180146786506677e+00
1.128755131193897698e+00
1.126619116132685727e+00
1.105854296792063929e+00
1.134354641113714646e+00
1.102313887812057080e+00
1.110822598719319432e+00
1.114431446813080040e+00
1.105192638896951518e+00
1.120258486916792640e+00
1.142425588678437798e+00
1.095005329308944120e+00
1.113400015396723175e+00
1.118788581850867381e+00
1.114152325587235870e+00
1.109359161215072609e+00
1.113621626975287882e+00
1.097203750088829866e+00
1.117514466671547968e+00
1.121423315482653393e+00
1.102616536124276791e+00
1.098466199150891720e+00
1.107392922007317537e+00
1.097396268752651505e+00
1.110789951874155523e+00
1.115659924159664973e+00
1.107377649810183273e+00
1.116829942161361444e+00
1.115765661028482070e+00
1.093728714281486436e+00
1.099893388863850907e+00
1.116179189283903472e+00
1.123611212640459600e+00
1.107065491137382729e+00
1.120289273480122194e+00
1.107031581731626968e+00
1.139594258776944535e+00
1.114066336525782352e+00
1.103796029793413958e+00
1.122892880246540104e+00
1.112468077145973400e+00
1.100490691639886665e+00
1.126823485474773179e+00
1.122787402421384195e+00
1.111256978861459910e+00
1.135022243988216273e+00
1.095059344754554242e+00
1.103528476078078135e+00
1.101238248661561725e+00
1.118880543745999656e+00
1.106537222858008152e+00
1.124053798982500130e+00
1.130443845287059101e+00
1.103676719490337632e+00
1.107289193262417371e+00
1.126796943179037225e+00
1.149348895734283671e+00
1.106585201593268675e+00
1.132758377382423687e+00
1.109624454247480463e+00
1.121706329667193192e+00
1.095123878884456170e+00
1.142152119917384745e+00
1.143467099204198201e+00
1.131003589138629195e+00
1.106556683760878901e+00
1.109607477402592801e+00
1.120255242120997252e+00
1.136440608590014500e+00
1.096334128902834770e+00
1.112093745278486701e+00
1.110423455551235561e+00
1.111313485942680312e+00
1.126016067892656736e+00
1.092557480521554769e+00
1.096679563410101421e+00
1.112819888519301914e+00
1.115784078919151989e+00
1.124995407118549728e+00
1.110004502875198584e+00
1.107267223111153331e+00
1.103425090859789126e+00
1.117902593650069942e+00
1.099976242464414389e+00
1.108589739848589106e+00
1.107892615993291807e+00
1.109577713011665523e+00
1.113308482495760865e+00
1.114232621712430760e+00
1.093263074860220119e+00
1.114303212114284847e+00
1.129703639193579745e+00
1.134180883821707786e+00
1.129911163677643327e+00
1.102105372244218451e+00
1.155523939226017927e+00
1.148831452828765087e+00
1.129105895476588683e+00
1.105849192321096464e+00
1.123007249405391317e+00
1.123419539578059290e+00
1.108413514556915835e+00
1.125636343286056107e+00
1.104403832911867278e+00
1.137888266934661718e+00
1.122233110211482865e+00
1.118505946206692636e+00
1.101679412212702713e+00
1.132470631530463789e+00
1.108752620744379191e+00
1.122728484003668203e+00
1.154920338779192646e+00
1.118016950236173646e+00
1.118037015885507524e+00
1.124841264509398142e+00
1.123246142673471448e+00
1.151727611247140848e+00
1.106429725440081446e+00
1.116748195158906221e+00
1.102672703357876705e+00
1.137685655853735822e+00
1.117459180976834610e+00
1.120504507494318291e+00
1.099683188111637566e+00
1.101932499847748215e+00
1.136366758532357801e+00
1.108030341271428520e+00
1.145900809671761333e+00
1.110918188874357115e+00
1.134910457650985638e+00
1.100530480714602355e+00
1.124349978885731849e+00
1.141317576890968466e+00
1.123687701191601773e+00
1.110732561021343212e+00
1.116353137772643001e+00
1.113373778094566058e+00
1.126925411281899603e+00
1.110948569930620522e+00
1.121237590226120462e+00
1.125079370690193814e+00
1.106806275637264747e+00
1.134110282197939634e+00
1.156167606091247357e+00
1.167595880587609214e+00
1.118811939262252864e+00
1.109022146171146694e+00
1.123464607715122243e+00
1.124963585893628659e+00
1.104494677451723694e+00
1.094303074983655977e+00
1.131598593351716309e+00
1.123383642126000614e+00
1.133156665997924639e+00
1.126025738809746546e+00
1.124215849087664365e+00
1.101566144071387532e+00
1.096454332712857527e+00
1.118895397559406479e+00
1.116729293854699767e+00
1.138216328408857558e+00
1.128067316775081652e+00
1.140252271286334995e+00
1.121720815108855129e+00
1.148945556606907781e+00
1.136372209885821771e+00
1.125633646660626930e+00
1.108085786567605036e+00
1.114166303770396604e+00
1.126236965322823247e+00
1.115080309789547419e+00
1.137639127651297599e+00
1.112240330818427214e+00
1.109857040141790874e+00
1.116793741797148520e+00
1.153399633873322783e+00
1.110173364685444586e+00
1.127079890475126245e+00
1.111246062792671907e+00
1.110319731768774520e+00
1.112446178201963898e+00
1.107784357132446162e+00
1.095717979137506015e+00
1.114389919042865662e+00
1.122284269062909345e+00
1.145580450578038922e+00
1.097979908102928004e+00
1.114845803490347675e+00
1.121979711275364666e+00
1.110561673967953134e+00
1.106023172833218826e+00
1.097204899770187980e+00
1.137076808318277399e+00
1.133947750142184407e+00
1.105998241149511285e+00
1.149102473814123337e+00
1.108946027823166647e+00
1.104538878066813723e+00
1.116266938667221931e+00
1.099065561157299920e+00
1.129291492205227954e+00
1.133045690553758478e+00
1.107518178450004553e+00
1.098268820544167079e+00
1.131515663337502753e+00
1.124117163448645096e+00
1.102729486387734603e+00
1.104287301343605199e+00
1.109617732007856628e+00
1.118909106684599086e+00
1.119409684844913322e+00
1.112417390039565079e+00
1.114465974212385246e+00
1.108408681938080509e+00
1.106408782667525292e+00
1.099624759183529088e+00
1.119590543582577924e+00
1.134763600575380060e+00
1.113373341819744011e+00
1.118605429554896391e+00
1.111889801806870359e+00
1.126741217115548199e+00
1.142545672497824905e+00
1.116983421117754505e+00
1.141069582927871640e+00
1.103569462470819662e+00
1.118948194358529102e+00
1.137952917189802182e+00
1.118188808866344530e+00
1.098733331953150039e+00
1.110230043470398886e+00
1.110936664240340432e+00
1.104353324456180285e+00
1.100766202231221236e+00
1.125086029537336385e+00
1.112916410706898507e+00
1.111982297808124631e+00
1.103996610006655610e+00
1.132217020234059568e+00
1.093980039103262358e+00
1.099439816453916308e+00
1.105954852446240588e+00
1.116297186073393677e+00
1.110948153496054580e+00
1.108153916034149145e+00
1.124473161192872439e+00
1.106637141550484094e+00
1.106055780453293336e+00
1.126923101567790519e+00
1.120505021987423966e+00
1.108822058855203130e+00
1.110497183896719475e+00
1.107795236043355391e+00
1.099796503774479239e+00
1.112116976668206192e+00
1.111213117670325268e+00
1.106791261942768223e+00
1.144008279723059740e+00
1.140941946884060032e+00
1.110478602618933275e+00
1.096883439016477224e+00
1.107951093468179771e+00
1.131989602171320053e+00
1.102198536917169625e+00
1.100148645372090117e+00
1.111338811247739589e+00
1.113280141902611264e+00
1.139183098273267802e+00
1.108897076726541586e+00
1.131734963112069448e+00
1.117282853329741865e+00
1.117890838690339228e+00
1.111588371496038841e+00
1.149280274416602632e+00
1.114147599988055237e+00
1.119075172786452299e+00
1.101588311519229535e+00
1.127100736992381780e+00
1.100862729158990749e+00
1.102449427833622764e+00
1.120406164116238390e+00
1.130388819542912593e+00
1.097107236709631284e+00
1.108416167803121688e+00
1.111038839691794067e+00
1.108187924164771854e+00
1.130514103014560456e+00
1.110317900460480178e+00
1.099723887549453272e+00
1.124039628188228335e+00
1.132303776372462378e+00
1.125904622756467521e+00
1.115451113861287258e+00
1.116454796989110321e+00
1.119389369862962225e+00
1.103632438114472425e+00
1.108994616602295702e+00
1.109555130215004404e+00
1.122667106736646270e+00
1.112233023079352234e+00
1.102312278777252352e+00
1.107202693402947080e+00
1.123969686400127621e+00
1.110606488923622015e+00
1.100593510919687157e+00
1.131630587078794825e+00
1.112286460741672478e+00
1.170922464874765812e+00
1.092087288014247370e+00
1.121538374067011512e+00
1.110167241191602594e+00
1.111152064892200420e+00
1.104183837746191887e+00
1.118954586033252374e+00
1.123865670266267491e+00
1.125886264296238393e+00
1.124846826596720417e+00
1.120972325055662910e+00
1.128313029093074737e+00
1.116775634570199793e+00
1.112366553180007545e+00
1.145105179186914013e+00
1.103601455726932468e+00
1.129975911673556377e+00
1.108615874319699879e+00
1.118239945737317997e+00
1.123547527213535790e+00
1.135454166316000046e+00
1.140871980364498661e+00
1.108920389287146646e+00
1.112768444061808637e+00
1.130026617731012539e+00
1.158417025597245686e+00
1.101887955699015542e+00
1.108034359268382119e+00
1.118265046956974373e+00
1.129737408493572071e+00
1.118111465473453858e+00
1.119949724952512105e+00
1.111366401137947379e+00
1.117035852039582666e+00
1.122567157969788232e+00
1.098102220597497736e+00
1.126707932734741346e+00
1.123362757972424797e+00
1.144072603256802045e+00
1.114530685450963565e+00
1.123777285867141318e+00
1.129926313953516059e+00
1.119351713784729974e+00
1.112856865212847879e+00
1.121837138180783677e+00
1.118289105918089277e+00
1.093985484227712135e+00
1.126355624862102056e+00
1.103201867331851993e+00
1.124651603500749220e+00
1.109609226421155892e+00
1.097766097895980897e+00
1.134215684399065616e+00
1.130663175417941257e+00
1.118282979189821447e+00
1.121572013931518397e+00
1.111908406832275764e+00
1.139209471749489611e+00
1.119138187292079811e+00
1.106815517231013679e+00
1.117038124828774404e+00
1.116026984846977266e+00
1.101925262781199955e+00
1.133343914280183329e+00
1.103075407444632727e+00
1.122443820449144480e+00
1.147043591941718788e+00
1.104615762676762314e+00
1.119861200536345081e+00
1.118424307496111103e+00
1.129782869507579779e+00
1.097000667728503798e+00
1.111753887687075615e+00
1.110580351150210809e+00
1.119632738826129792e+00
1.144218102707411866e+00
1.128979636993790558e+00
1.099483215439975403e+00
1.087724288315881527e+00
1.104096137112148934e+00
1.105010820866000998e+00
1.111622820551666946e+00
1.164510679860169873e+00
1.094435009223855282e+00
1.105229506366981918e+00
1.107800581912685711e+00
1.127902278803686098e+00
1.113970631845180748e+00
1.119935464405615200e+00
1.112955974137663118e+00
1.106647685288791871e+00
1.129652980531781203e+00
1.108671427712884405e+00
1.129264734506805201e+00
1.103912774050823220e+00
1.111227486743218362e+00
1.109815954505915414e+00
1.116230901139369847e+00
1.129451261098472825e+00
1.106970380352121808e+00
1.122124553356371290e+00
1.125716202567407898e+00
1.092811793877536575e+00
1.093895407022090094e+00
1.103788711429122715e+00
1.099805149124785997e+00
1.117502546847582101e+00
1.108331541490255034e+00
1.117749151934771534e+00
1.112516426248764789e+00
1.127827870334321858e+00
1.127252300704271626e+00
1.115628699259528123e+00
1.124059029836536494e+00
1.119140735893609184e+00
1.160698616202282540e+00
1.119285317571803606e+00
1.107192594686414955e+00
1.126570784788281321e+00
1.146916928892618648e+00
1.148486871920929353e+00
1.099469359697354376e+00
1.117424053643844006e+00
1.130560810460786936e+00
1.123312422049126624e+00
1.140781486228914066e+00
1.137266690347040310e+00
1.104201864216148188e+00
1.130049172124223400e+00
1.135635905599015505e+00
1.113614189659665854e+00
1.121013487159829403e+00
1.105922808674191904e+00
1.123406879599755825e+00
1.115084283472459692e+00
1.108213036261516127e+00
1.103628661189838933e+00
1.097279392033646328e+00
1.110620594361253710e+00
1.109571153472747262e+00
1.124098915082511141e+00
1.146912745745902962e+00
1.106401102738455933e+00
1.120636453958874235e+00
1.136259931029917070e+00
1.122084909318782797e+00
1.106018340370484188e+00
1.136730116999357332e+00
1.113679091742925342e+00
1.113151368760936899e+00
1.133650758473639941e+00
1.107182691231821225e+00
1.098981517091131677e+00
1.112184658780623892e+00
1.091310751324575223e+00
1.105218132969233880e+00
1.109961747669886867e+00
1.128934418560384234e+00
1.111850082795781347e+00
1.142973902242170103e+00
1.102130832654473203e+00
1.104094613210657050e+00
1.126999145090248788e+00
1.106793750147217592e+00
1.107560565450174561e+00
1.125840905124559255e+00
1.167371146280795191e+00
1.105641602976358051e+00
1.117382851570319913e+00
1.091371623111608846e+00
1.099687162669930052e+00
1.115377472470739484e+00
1.123721885598934600e+00
1.110175614127576926e+00
1.109450925398455023e+00
1.123173067857653029e+00
1.115687698010467965e+00
1.116517174830805814e+00
1.113013462139191834e+00
1.099078747336383666e+00
1.176390314489443867e+00
1.119318708655660410e+00
1.114118236161600217e+00
1.133794414412957696e+00
1.112438504971709596e+00
1.125210544823179726e+00
1.119411192675157318e+00
1.138813185402516304e+00
1.098454730481053243e+00
1.119301602813902452e+00
1.132996805054272693e+00
1.112016682005049439e+00
1.113348783025677413e+00
1.113741355648450782e+00
1.125293876104927149e+00
1.127704826733791910e+00
1.098217197877098705e+00
1.094982709290607481e+00
1.111800800989768190e+00
1.126443149102339225e+00
1.107865767297823600e+00
1.096476858517838382e+00
1.110884980019321455e+00
1.112025587893517020e+00
1.106920652730184917e+00
1.133260989952128206e+00
1.111693077731073620e+00
1.113197044602672214e+00
1.125664108698228638e+00
1.114501700700166520e+00
1.133655298258174238e+00
1.099593015949402508e+00
1.118801562586565268e+00
1.139197059047189819e+00
1.103345418888994844e+00
1.112986520620036668e+00
1.129119755247677048e+00
1.092120868484565133e+00
1.105038082145227030e+00
1.122738034500126325e+00
1.127032546212652475e+00
1.116912109433809919e+00
1.142339111250612049e+00
1.127150001449622296e+00
1.115316589131859493e+00
1.123110911277531043e+00
1.117653706600524099e+00
1.128115581708881932e+00
1.120559671497996179e+00
1.123523987925417522e+00
1.105396993030647756e+00
1.101069667014945797e+00
1.116835939185576665e+00
1.109865383509120340e+00
1.139798258208276849e+00
1.128175129305271307e+00
1.112609735667837496e+00
1.115649716899870914e+00
1.115297113582954580e+00
1.112763034208320345e+00
1.128778509250216944e+00
1.115812180002329956e+00
1.104528794513826018e+00
1.121690852365305302e+00
1.115111660948855832e+00
1.133889278751541552e+00
1.097700836012478032e+00
1.118547800009233928e+00
1.129960337048357299e+00
1.118815431852340891e+00
1.103124691975948535e+00
1.108107323282883971e+00
1.100363171242076277e+00
1.115525597328966390e+00
1.113982993434372348e+00
1.118285493070972914e+00
1.107860898555611984e+00
1.162639068732526981e+00
1.109146115674353172e+00
1.144078535116604955e+00
1.162886520685798342e+00
1.116862042888418616e+00
1.143102963113022730e+00
1.104824298339659450e+00
1.123404030843524692e+00
1.118009696885153836e+00
1.118264807769488334e+00
1.115887854511534050e+00
1.114342538166068097e+00
1.117707747820012809e+00
1.110976786108187397e+00
1.117421508830082288e+00
1.098330722673278137e+00
1.094861873165042354e+00
1.147879797627641363e+00
1.122905083728721998e+00
1.120304022099247510e+00
1.110032655887357000e+00
1.135516325088776535e+00
1.110168113889737018e+00
1.107434338901944315e+00
1.140921278863870514e+00
1.121351598814797734e+00
1.126932164364953914e+00
1.097596757990012772e+00
1.110857056593385073e+00
1.112226148646982216e+00
1.104196996888732629e+00
1.125647243303498302e+00
1.155374934038094992e+00
1.112407403926857663e+00
1.115591191564849982e+00
1.097225383024799994e+00
1.117689131355645182e+00
1.120544330794401189e+00
1.112248990344553823e+00
1.116188582264340701e+00
1.107648845890174094e+00
1.109666869458899807e+00
1.131865210575608183e+00
1.109000007731170134e+00
1.107346182744399998e+00
1.089636137199636368e+00
1.106879068726257076e+00
1.129915597810353001e+00
1.118459202196982138e+00
1.114310022795488520e+00
1.120598806591222019e+00
1.126161821720938816e+00
1.103834093711188125e+00
1.096495516509467194e+00
1.104510453885882093e+00
1.152460006894654443e+00
1.131756621533466900e+00
1.111610443499877254e+00
1.094885732037439441e+00
1.132531082913624365e+00
1.129909677106155641e+00
1.121189494788274787e+00
1.105138217030513514e+00
1.107125283736947852e+00
1.090381675279842311e+00
1.137102433476435026e+00
1.116833880977132987e+00
1.099461733395253216e+00
1.101290390837802446e+00
1.108734400941738141e+00
1.127066491017420846e+00
1.101213055690262399e+00
1.123027912723150834e+00
1.107590303197949488e+00
1.117448952938218776e+00
1.123507995890947520e+00
1.157965532326879821e+00
1.105118472389104989e+00
1.128782039924589142e+00
1.094674181725043161e+00
1.108459357376955889e+00
1.114377255549782397e+00
1.114550813763190318e+00
1.097403631576455485e+00
1.123859694658291719e+00
1.119384804583560156e+00
1.134143040647805245e+00
1.113846325649258562e+00
1.126533429249395146e+00
1.106753716343009009e+00
1.106992611777078972e+00
1.103009572740760280e+00
1.136671978062751664e+00
1.106393033552640848e+00
1.110192389214267328e+00
1.121427029940256004e+00
1.102261373802109201e+00
1.112831897049358254e+00
1.123990343067051256e+00
1.112707821671079067e+00
1.123287455764752973e+00
1.105757988732279928e+00
1.128668050971774806e+00
1.100531082038022079e+00
1.096144739590213746e+00
1.111718285834641051e+00
1.118799815140496534e+00
1.127770615463354442e+00
1.136335645822707408e+00
1.122483775865328770e+00
1.106394870699299204e+00
1.127864226028378880e+00
1.118607597809092136e+00
1.117894554548091390e+00
1.106489888463767057e+00
1.102641822800200400e+00
1.113608544803138312e+00
1.120984891966056107e+00
1.099068845429809205e+00
1.138268547469762026e+00
1.102808388534119111e+00
1.138327883866228962e+00
1.102866253622022397e+00
1.106204468255563178e+00
1.101473652048770235e+00
1.110761734294315461e+00
1.098281556424689498e+00
1.115874921389409247e+00
1.115587070277491710e+00
1.120058614183499168e+00
1.118934339553824708e+00
1.116199143148532968e+00
1.099518006794034664e+00
1.106109171157073190e+00
1.122261882674129962e+00
1.122849640040502583e+00
1.118189754230303867e+00
1.110699669488586450e+00
1.107815412184094850e+00
1.106565021160264228e+00
1.114915038139946413e+00
1.122541194418873234e+00
1.105199181576888456e+00
1.121689280213225892e+00
1.112129421849554767e+00
1.116561544244982107e+00
1.189029359934144825e+00
1.128177757641855461e+00
1.118979336340636843e+00
1.113531294473248723e+00
1.105642890312172222e+00
1.102708298677648857e+00
1.106838370497479795e+00
1.119332274694186724e+00
1.112634931493463819e+00
1.128696402660201992e+00
1.106885705280470367e+00
1.110212751019607369e+00
1.152319062030863872e+00
1.105692032775910327e+00
1.130376679957278530e+00
1.114818135093628149e+00
1.102278018181422459e+00
1.107853984755481580e+00
1.115502140871404313e+00
1.122993576059617915e+00
1.132115522761903526e+00
1.112287022171839723e+00
1.113819072753343242e+00
1.126352204974338855e+00
1.099450315234797637e+00
1.115314803403283817e+00
1.124432534868466727e+00
1.114818865032804585e+00
1.137849208503371790e+00
1.097927301101332631e+00
1.103025753594563119e+00
1.134939187293633633e+00
1.127772441213967802e+00
1.108106006812578315e+00
1.109061358994930968e+00
1.107448135494994101e+00
1.139087067498590233e+00
1.102402236389953050e+00
1.107969515842539554e+00
1.138465353935769198e+00
1.116902695068131113e+00
1.129390910461679276e+00
1.107975834775089652e+00
1.170744868033419150e+00
1.103892271586114582e+00
1.116147144374561861e+00
1.099809764170544879e+00
1.094712398017693822e+00
1.100231523606598705e+00
1.125124795308188874e+00
1.114007874961624012e+00
1.126986945673986940e+00
1.117478857568000361e+00
1.134145804968511140e+00
1.106792448117997596e+00
1.117536998992294972e+00
1.135431737985742151e+00
1.110029955481588670e+00
1.102807561616531373e+00
1.114364582979681551e+00
1.131796880977510744e+00
1.110965348044093748e+00
1.124726999405199379e+00
1.111547330098118680e+00
1.128606932222997461e+00
1.120889373674593292e+00
1.095101873538214088e+00
1.137482719941296239e+00
1.117930819068871040e+00
1.107546295809755055e+00
1.109493134740630049e+00
1.109064176179205718e+00
1.094490176100072709e+00
1.125899212105010871e+00
1.106140137291700576e+00
1.120005778089391280e+00
1.137108624939954682e+00
1.122077287677444302e+00
1.145407887716022088e+00
1.116886067561259521e+00
1.150505494764959558e+00
1.144416955935966929e+00
1.091485049287379994e+00
1.118542976807016531e+00
1.148158529680888051e+00
1.118028950392202958e+00
1.119699193250242475e+00
1.125397314905253632e+00
1.126556553301347741e+00
1.134838430998551528e+00
1.135941051076148067e+00
1.145949252603357893e+00
1.117556900111410512e+00
1.115235668401649560e+00
1.123924771537879286e+00
1.112474675400615842e+00
1.108792047387392010e+00
1.131428995735145770e+00
1.121935679176885303e+00
1.123454515784279018e+00
1.122752662845535543e+00
1.136582716910559787e+00
1.138594364362458533e+00
1.110073417629894754e+00
1.097293659190826887e+00
1.108051753870663125e+00
1.114524764581954042e+00
1.120439991732720353e+00
1.114408600219849665e+00
1.122691652890369429e+00
1.130171864836534867e+00
1.103115990585168849e+00
1.101374768545032135e+00
1.103776532506560493e+00
1.158322059681618610e+00
1.112943048391511702e+00
1.101521040684558805e+00
1.111781434565835447e+00
1.124165029969147467e+00
1.111753697434145760e+00
1.121035266877273395e+00
1.123193125858873653e+00
1.089945000190351232e+00
1.130252563619825068e+00
1.105586182966357800e+00
1.093532663942545335e+00
1.106289120024535055e+00
1.129800099991036255e+00
1.118190931611755312e+00
1.144898804725094754e+00
1.119213402906089616e+00
1.124340547973441407e+00
1.125464312440882519e+00
1.141777517521060936e+00
1.119184241814247249e+00
1.132277436379820035e+00
1.115640953389508638e+00
1.135833436974543087e+00
1.154663993402984090e+00
1.144767069496214207e+00
1.119146310833583735e+00
1.145691747615038780e+00
1.116141138641266295e+00
1.096843827764904189e+00
1.150523297312846305e+00
1.122102027465659013e+00
1.117729919072470990e+00
1.154665233560036697e+00
1.113519579572113116e+00
1.111964560081295517e+00
1.110840026697252680e+00
1.102384193121757949e+00
1.099256894415463481e+00
1.117249252672374515e+00
1.124412262744936886e+00
1.135450741610425807e+00
1.140463900996143920e+00
1.106056581763674274e+00
1.141882393359928471e+00
1.111715064596674907e+00
1.111131730986444133e+00
1.112209564786710736e+00
1.127269900760012877e+00
1.098867601690642681e+00
1.106476806318440032e+00
1.103529615741741798e+00
1.145257745774155955e+00
1.118123393442074676e+00
1.119772486206537021e+00
1.099074430076354636e+00
1.098591789162961740e+00
1.135208394338936388e+00
1.171236654183225534e+00
1.121631582627802048e+00
1.121548866943875344e+00
1.102849628868679099e+00
1.101758142358051140e+00
1.113127299916516932e+00
1.120777629699950984e+00
1.118385472645140544e+00
1.115976590950717995e+00
1.115309542815046129e+00
1.101650150173746567e+00
1.122314631465464840e+00
1.110582817374339948e+00
1.116773699835847511e+00
1.116973398529111483e+00
1.117490914114193323e+00
1.111279955303174027e+00
1.103954269975178537e+00
1.126263124449484954e+00
1.115050163566619901e+00
1.108254977285564769e+00
1.122966771492416305e+00
1.144463214458528499e+00
1.123669540346516227e+00
1.120941475037814827e+00
1.093414211113365786e+00
1.109917868070179114e+00
1.122565117864618989e+00
1.128039440740315813e+00
