1.074477016973061083e+00
1.001757052721960140e+00
1.001151437545625411e+00
1.001016004583939800e+00
1.000793564415497938e+00
1.001065849394571661e+00
1.001227487991228404e+00
1.001335189122114055e+00
1.000880824955624693e+00
1.001630848992606015e+00
1.001130830117717974e+00
1.002951955895004410e+00
1.001571442385646771e+00
1.001511060346126802e+00
1.001921578849514383e+00
1.001777961960186758e+00
1.001111609089276877e+00
1.001249185274611486e+00
1.000614120307184773e+00
1.001189158575067406e+00
1.001074610038113155e+00
1.001173895836908523e+00
1.001441652499465818e+00
1.001017530122662036e+00
1.001153904804907846e+00
1.000517197569742223e+00
1.000935013728466050e+00
1.001311395113744895e+00
1.001662154808056426e+00
1.001581062155360247e+00
1.001233940530688260e+00
1.000591318575568600e+00
1.001099451731543688e+00
1.001100314158600790e+00
1.001540084523474983e+00
1.000554389724348736e+00
1.000541563741123241e+00
1.001590500194216249e+00
1.001128835719907517e+00
1.000909177567531394e+00
1.001078670635012324e+00
1.001446929938096586e+00
1.001901941212207214e+00
1.002427167148691511e+00
1.001839460419824634e+00
1.000367946453608603e+00
1.001472305910620975e+00
1.001023205928571524e+00
1.000889255748684148e+00
1.000743607659597467e+00
1.000945780163292387e+00
1.001690724856694636e+00
1.001454080609613273e+00
1.001962712125559429e+00
1.001850035440082776e+00
1.001188638149809407e+00
1.002213849456310424e+00
1.001466679677676774e+00
1.001476786435246069e+00
1.000709586669379592e+00
1.001414340902418765e+00
1.001284201565961096e+00
1.000712994116434329e+00
1.001195436447911868e+00
1.001651885933515951e+00
1.000959844833720691e+00
1.000634188073516562e+00
1.000788677180089570e+00
1.001590293445402624e+00
1.000824760804484459e+00
1.001301020263835273e+00
1.001955406318332686e+00
1.001145678540349637e+00
1.000691993479032815e+00
1.001062381145146674e+00
1.000859967870386003e+00
1.001259136427299135e+00
1.000802322962625279e+00
1.001741063492607386e+00
1.001248861645778865e+00
1.001532410545419083e+00
1.000922459942742204e+00
1.001073076886562108e+00
1.000404208475035306e+00
1.001024889560852893e+00
1.000562254142866481e+00
1.001917943474844419e+00
1.001086932496970228e+00
1.001454317130879623e+00
1.001250975141518174e+00
1.000827827519523483e+00
1.001620048662103413e+00
1.000794107484687112e+00
1.001258649239645804e+00
1.001095040007808690e+00
1.001714684796243260e+00
1.001522374136984972e+00
1.002250232059881618e+00
1.001858200400004950e+00
1.001648118194565784e+00
1.000894116198844719e+00
1.001436192122051372e+00
1.001966971677001217e+00
1.001212547431168831e+00
1.001414782864075148e+00
1.000633807554950128e+00
1.001623691378180858e+00
1.002275784348097609e+00
1.001582024958487249e+00
1.000410860948565572e+00
1.001622540715145782e+00
1.001383044939250455e+00
1.002037562773016921e+00
1.001783876709350984e+00
1.001410027689415116e+00
1.000721072181257609e+00
1.001779041752592692e+00
1.000635335704190387e+00
1.001493380737463523e+00
1.001777311374772106e+00
1.001027004543481924e+00
1.000800092614205106e+00
1.001335076065813290e+00
1.001532350418134376e+00
1.002657946301536374e+00
1.001695625785239407e+00
1.001662827630084518e+00
1.001382793232534318e+00
1.001222921157102874e+00
1.001120956913257976e+00
1.001132132378736328e+00
1.001116524156211440e+00
1.000988515212361873e+00
1.001609673081009788e+00
1.000829164319573694e+00
1.000662166610406745e+00
1.000829688537449913e+00
1.001432828471714442e+00
1.001059818661471201e+00
1.000535282956948269e+00
1.000920398858968552e+00
1.001070457738566288e+00
1.000818266446795946e+00
1.002879339138858850e+00
1.001383272488204135e+00
1.000608155583047276e+00
1.001101443498098487e+00
1.001066769858744099e+00
1.000881346212542766e+00
1.000753107298125277e+00
1.001316336111016003e+00
1.001380928723597963e+00
1.000729130931723221e+00
1.001182008755576947e+00
1.000856174189173942e+00
1.001050048359600986e+00
1.001991047227761777e+00
1.001120537522216747e+00
1.001333339046017734e+00
1.000517549044313892e+00
1.002087415620042998e+00
1.001315943284862175e+00
1.001067790358427301e+00
1.001748438301006239e+00
1.002905495874471642e+00
1.000813653038665763e+00
1.000971000421217783e+00
1.000604066699813499e+00
1.000546435806353607e+00
1.001198314912254306e+00
1.000903070521269589e+00
1.001263225932605971e+00
1.000920893053529825e+00
1.001057328810286196e+00
1.000737885166915309e+00
1.001040585217599643e+00
1.001243060500555115e+00
1.000757191562257065e+00
1.000797809271553263e+00
1.001291456955579084e+00
1.000979221814107367e+00
1.000883176385185758e+00
1.001099126561915131e+00
1.001714663590139720e+00
1.001286463645700398e+00
1.000432015012533205e+00
1.000705712440303818e+00
1.000819887904211392e+00
1.001014976118401734e+00
1.000984526090311189e+00
1.000828285775420268e+00
1.001300033577105619e+00
1.001319772237480032e+00
1.001225408997745925e+00
1.002321614413735240e+00
1.000737331499037319e+00
1.001439288608626743e+00
1.001453404823473781e+00
1.002671999465755359e+00
1.001247513216197316e+00
1.000576867873144815e+00
1.001326113955413044e+00
1.000508504947223987e+00
1.001855816382108300e+00
1.000853550475436116e+00
1.001044023264149985e+00
1.001020339272393533e+00
1.001924189095491746e+00
1.001134418010844351e+00
1.001665720785251512e+00
1.000727931369709500e+00
1.001561570656602118e+00
1.000923879493463398e+00
1.001668885663098640e+00
1.000715319940375991e+00
1.000660099129924818e+00
1.001053107409653586e+00
1.000869675660904123e+00
1.000891510755579805e+00
1.000501017724982677e+00
1.001027493710496818e+00
1.001452783116558054e+00
1.001676063160542363e+00
1.000651069650797753e+00
1.001363061565669899e+00
1.001273597752871281e+00
1.001209351945419934e+00
1.001361098147253159e+00
1.001124312332967836e+00
1.001128831105998929e+00
1.001408497276724985e+00
1.000982538402828359e+00
1.001188680133803466e+00
1.000858577448283437e+00
1.001112099524211985e+00
1.001063044308116989e+00
1.001574975745870955e+00
1.001924677304477429e+00
1.002133190427583198e+00
1.002250643456824353e+00
1.000837343307626970e+00
1.000939444236165432e+00
1.001494688738473249e+00
1.001659153035248329e+00
1.000895598035446588e+00
1.001298252387818888e+00
1.001322001636036241e+00
1.000699072693039149e+00
1.000690928062892393e+00
1.000903634136910192e+00
1.001110148589287485e+00
1.001193235006152316e+00
1.001284469800524102e+00
1.001014577141323469e+00
1.000794888989879894e+00
1.001279236846744913e+00
1.001183233470980261e+00
1.000737810372233305e+00
1.001119344661357546e+00
1.000953702873379925e+00
1.001111767443681799e+00
1.000752298467961987e+00
1.000638177259348893e+00
1.001049444188214954e+00
1.001004344529438761e+00
1.001041700229131193e+00
1.000493828293499421e+00
1.000621882724741951e+00
1.001714485539969779e+00
1.002038993976015258e+00
1.001152760769449257e+00
1.001054116336214772e+00
1.001119813632302069e+00
1.001028041295233484e+00
1.001519847723916001e+00
1.000510155337209106e+00
1.001426294096911196e+00
1.000778572627894825e+00
1.002207700101043653e+00
1.001342829399062051e+00
1.002280044168747386e+00
1.001026087426372557e+00
1.002585361270583064e+00
1.002508022398914234e+00
1.000720613408486059e+00
1.001137305516692999e+00
1.000686188470429006e+00
1.001758400822508888e+00
1.000698630369236231e+00
1.001389442228864279e+00
1.000722842512123067e+00
1.000920800111671838e+00
1.001321614697818774e+00
1.001101604321310568e+00
1.001063808882832307e+00
1.001100254131546352e+00
1.001114007855030907e+00
1.001563226090501191e+00
1.001934267509542176e+00
1.000822372338684652e+00
1.001386350308718809e+00
1.000985370965391086e+00
1.001021786148494019e+00
1.001275471397032213e+00
1.001523763935744826e+00
1.001339226772242519e+00
1.000585237355960722e+00
1.001809758856715860e+00
1.001518304484028787e+00
1.001950051847919632e+00
1.001005425851887898e+00
1.001166260408700603e+00
1.001618809469603910e+00
1.002988333436379387e+00
1.000710437267966268e+00
1.000587166986762089e+00
1.000918724428861539e+00
1.001217829643906709e+00
1.000802065053919776e+00
1.001565607949135073e+00
1.001655223284662943e+00
1.001584915365394401e+00
1.001270078248941209e+00
1.001624274377259871e+00
1.000956797199374249e+00
1.001408712273444079e+00
1.001362913684847866e+00
1.000995800249500300e+00
1.000707397931274389e+00
1.001084848690840579e+00
1.001542577655395672e+00
1.001875575812726238e+00
1.001690580595334223e+00
1.000561072743477276e+00
1.001168831056068242e+00
1.001588818104625522e+00
1.001601763302128134e+00
1.000658188197298237e+00
1.000768782641510146e+00
1.001262181869312595e+00
1.001689292999146552e+00
1.001633619213063486e+00
1.001189773972825270e+00
1.000918753054467869e+00
1.001246596898498487e+00
1.001318938576964968e+00
1.001275097611536546e+00
1.001865091663304730e+00
1.001684134197026399e+00
1.001849451872168340e+00
1.001239125183219114e+00
1.002490398226099089e+00
1.000644183327841885e+00
1.001535450541260142e+00
1.000916531943116361e+00
1.001012256266845979e+00
1.001664744045441369e+00
1.000907421624211535e+00
1.002326494307478999e+00
1.001437610202539741e+00
1.001208119030008392e+00
1.001850324030549855e+00
1.000553474584493507e+00
1.000910742093212846e+00
1.000770249403259315e+00
1.003267759585791064e+00
1.001877549216873664e+00
1.001110560223606338e+00
1.000885910721109218e+00
1.001512447790430249e+00
1.000874438541167644e+00
1.001425121900648252e+00
1.001092468797320389e+00
1.001185484660521485e+00
1.002054370970808961e+00
1.002046030087059059e+00
1.001306275252174860e+00
1.001269307267784958e+00
1.001087597495056380e+00
1.002030495647926456e+00
1.000651917947515956e+00
1.000997665751627741e+00
1.001662707976270994e+00
1.001058478453605627e+00
1.002316860830755552e+00
1.000852465127641588e+00
1.001686041433584640e+00
1.001915244211201594e+00
1.001134954311465153e+00
1.000650941861966237e+00
1.000762471100364426e+00
1.000774493352423411e+00
1.001018896701028060e+00
1.001177762572937002e+00
1.001157931878834395e+00
1.001729756519848635e+00
1.001071436642321233e+00
1.001552126882536031e+00
1.000409239294692165e+00
1.001147823368542467e+00
1.001611469741485294e+00
1.000657169298493354e+00
1.000884404061085364e+00
1.001529354370762182e+00
1.001731918596280524e+00
1.001090098103539106e+00
1.001244526556728021e+00
1.001871805270991622e+00
1.000973246781192705e+00
1.001599955785007046e+00
1.001068628024938123e+00
1.001185260528753007e+00
1.001275273341393435e+00
1.000807304918217344e+00
1.001067761710477066e+00
1.000643835613526322e+00
1.001210217458046836e+00
1.001642384923199014e+00
1.000949266631959267e+00
1.000888598883993286e+00
1.000607036158326579e+00
1.001399860459737390e+00
1.000803784174751243e+00
1.001493389534896750e+00
1.000542484605680515e+00
1.001052340218061332e+00
1.000532952000339870e+00
1.000857933569418545e+00
1.001499387661946683e+00
1.001415056566466566e+00
1.002748348063860151e+00
1.002006518781983990e+00
1.002308807461293583e+00
1.001315557294781389e+00
1.003324176797049105e+00
1.000773625511101717e+00
1.002401361079153785e+00
1.000728471530678343e+00
1.000895215223607249e+00
1.001959874617440960e+00
1.001190505716611723e+00
1.001303025664001645e+00
1.000699888835006490e+00
1.000827893226998944e+00
1.001090875153432203e+00
1.000962119231753489e+00
1.000665324291339031e+00
1.000927811613846474e+00
1.001119955421740926e+00
1.001093423594098253e+00
1.001435593930613654e+00
1.000823425789846732e+00
1.001468851765027646e+00
1.000807360786344358e+00
1.001317938921674644e+00
1.001495270640484270e+00
1.002567773776311677e+00
1.000473866343472240e+00
1.000744091564448324e+00
1.001343478899449524e+00
1.000938147581355464e+00
1.003198985148340716e+00
1.001634038844407382e+00
1.001222298044619929e+00
1.001451870600460481e+00
1.001858523391215616e+00
1.001329015135478562e+00
1.002366385080992961e+00
1.002270249890082621e+00
1.002108049394907940e+00
1.001471924778970068e+00
1.001243195049245527e+00
1.001419276680633130e+00
1.001330631482809430e+00
1.001090331189492533e+00
1.001290236733256345e+00
1.001424389555767736e+00
1.001646568718831176e+00
1.000736251927341058e+00
1.001997865312139968e+00
1.001114896614503813e+00
1.001126894299086745e+00
1.001299532685369753e+00
1.001015146361075692e+00
1.001355750298982938e+00
1.000518304577463491e+00
1.001104432259614541e+00
1.000969692303609992e+00
1.001782168303369192e+00
1.001285115229402889e+00
1.001914312127074380e+00
1.001098864523297216e+00
1.000970623551218353e+00
1.001196075955276710e+00
1.001570453203074917e+00
1.000715935196578865e+00
1.000702778592586606e+00
1.001585474559277156e+00
1.001589274876038882e+00
1.000765748627219676e+00
1.000744008114404560e+00
1.001788485970440679e+00
1.000802158262222186e+00
1.001034708065446255e+00
1.001049359189498222e+00
1.001744422274396751e+00
1.001061534603004732e+00
1.001420796415571912e+00
1.001069391640546646e+00
1.001323374488675588e+00
1.002001102245158037e+00
1.001486389206056371e+00
1.001051161069749229e+00
1.001211273225670606e+00
1.001127870285901222e+00
1.000990244369228455e+00
1.000980566601571864e+00
1.001481597270115209e+00
1.002201643430491007e+00
1.001162789353854832e+00
1.000917312455422703e+00
1.001663409805020555e+00
1.001009916767385155e+00
1.001161527912048932e+00
1.001508036803020696e+00
1.001202601654621160e+00
1.000730472382870273e+00
1.000938339159518797e+00
1.000871415472053272e+00
1.000480893809049254e+00
1.001068814838590004e+00
1.001851222650321116e+00
1.001064301536406242e+00
1.001519639377149939e+00
1.001475433191380660e+00
1.001039448395726339e+00
1.001152886785636520e+00
1.000619038752985412e+00
1.001262045549320190e+00
1.000720760696596656e+00
1.001489520107235576e+00
1.001013567147803318e+00
1.000474216499499747e+00
1.000902843818364474e+00
1.001235838523646615e+00
1.000950436507140440e+00
1.001375033741846332e+00
1.000797859732453388e+00
1.000595583053812909e+00
1.001131534572498261e+00
1.000600682789372531e+00
1.000852966249551335e+00
1.001067888021960783e+00
1.000889239472585901e+00
1.001638182105588193e+00
1.001422033743845308e+00
1.000904262328177419e+00
1.000606468807866856e+00
1.001018884788473118e+00
1.001794597214710425e+00
1.001128000460804301e+00
1.001153257696426158e+00
1.002381202791784665e+00
1.001392159403126980e+00
1.001450399036831973e+00
1.001332559351603591e+00
1.001624686223014704e+00
1.001142555419548330e+00
1.001018663966620315e+00
1.000882183689214111e+00
1.001690510825768765e+00
1.001408372795024482e+00
1.002067219510556439e+00
1.000887444390407888e+00
1.001622357558968224e+00
1.001137862254693367e+00
1.001467890940517913e+00
1.001042693538409134e+00
1.001728164889369888e+00
1.001309391761793899e+00
1.001182026597432717e+00
1.001064853150214429e+00
1.000969942305608651e+00
1.000669409992569259e+00
1.000763152400796496e+00
1.002216792289280844e+00
1.000923985357095480e+00
1.000973980699789490e+00
1.001794178060018359e+00
1.002348046160783879e+00
1.000975930521043278e+00
1.000740597349729200e+00
1.003613164468326158e+00
1.001320356494519226e+00
1.001154903934389884e+00
1.001747621276137368e+00
1.001480312752831558e+00
1.001208115394651044e+00
1.002033935656795549e+00
1.001839365097661583e+00
1.002479030888503209e+00
1.001388440219667331e+00
1.001323078439865233e+00
1.001997762240878220e+00
1.001673351339575690e+00
1.000678026560421152e+00
1.001268889574354226e+00
1.001054548527835708e+00
1.000822627176499280e+00
1.001249316742795381e+00
1.001280417106046094e+00
1.001869410035710839e+00
1.001477666097018160e+00
1.001326225673507375e+00
1.000866688509201907e+00
1.000564934674125439e+00
1.000724060272988769e+00
1.000768039077487570e+00
1.000837123136313123e+00
1.001098494644125259e+00
1.001217985580993730e+00
1.001311671321319263e+00
1.001806571769639165e+00
1.001468542177782695e+00
1.000985128545234915e+00
1.000590291554362521e+00
1.000516685059734900e+00
1.000673022615254704e+00
1.000726900411707865e+00
1.001474257047628269e+00
1.001549616439627588e+00
1.000610319637002643e+00
1.001779866725619250e+00
1.002353262792506472e+00
1.003129703802201123e+00
1.001379448368638236e+00
1.001496694941468757e+00
1.001101102620887140e+00
1.000934300536383548e+00
1.000680690223263225e+00
1.001072197674030217e+00
1.000981498241186429e+00
1.001036843145785227e+00
1.001806412887679798e+00
1.000981614109095919e+00
1.001766053977348081e+00
1.001392874939791788e+00
1.001222686532253547e+00
1.001115060041545712e+00
1.001123981234733229e+00
1.000935231847504658e+00
1.000949814150351225e+00
1.000978055920255017e+00
1.002175769364055835e+00
1.000753269525525679e+00
1.001520249922903227e+00
1.001469130577159028e+00
1.001699566065497038e+00
1.000606165767139455e+00
1.001215196385905504e+00
1.001195881954610734e+00
1.001037431461920590e+00
1.001276622870661326e+00
1.001085893852106556e+00
1.001330301569717030e+00
1.000744460529131352e+00
1.000837703772858411e+00
1.001736621640145097e+00
1.001272867813230993e+00
1.001883303025092653e+00
1.001188950316821202e+00
1.000876634785094144e+00
1.000664437192722245e+00
1.000839803806590433e+00
1.001098813702535395e+00
1.000832882225074272e+00
1.000539432063528134e+00
1.000506020139048768e+00
1.002315033453320625e+00
1.001569931858929507e+00
1.001011122694559274e+00
1.001220595103055278e+00
1.000962401123651313e+00
1.001842648622143672e+00
1.001289019726741447e+00
1.000892942245813710e+00
1.000805853681156377e+00
1.000861555711864082e+00
1.002170347527434835e+00
1.000641810707000312e+00
1.001370284551704071e+00
1.001207220204095805e+00
1.001518895541794629e+00
1.000630639791586285e+00
1.001642945116701044e+00
1.001276253980856623e+00
1.000751916482050641e+00
1.001017128773204368e+00
1.001416868331943766e+00
1.001553624162688116e+00
1.000765130122440949e+00
1.001241754339716294e+00
1.000930192482911041e+00
1.000692506923964720e+00
1.001155078273772370e+00
1.000731731677713787e+00
1.000828850070420106e+00
1.001492998632878884e+00
1.001394389206818891e+00
1.002190344469843675e+00
1.001023439625850830e+00
1.000842679019895209e+00
1.000705913985451723e+00
1.001553329390631797e+00
1.002338503887137522e+00
1.001175302810828338e+00
1.001137603999968428e+00
1.000741751968868165e+00
1.002194568311020273e+00
1.001145686269435453e+00
1.001379125022343164e+00
1.001131955039157972e+00
1.000970859444941352e+00
1.000903045565656013e+00
1.001052198661308790e+00
1.000854086207537241e+00
1.001200995019746243e+00
1.001157512997186583e+00
1.002156502378389158e+00
1.001216776004330677e+00
1.001410481984126077e+00
1.000850944242075213e+00
1.000963804280708525e+00
1.001001399842220252e+00
1.001040179101893468e+00
1.002743516120006007e+00
1.002259549920223147e+00
1.001508633107861534e+00
1.001268616199329831e+00
1.002096832967842355e+00
1.001879040983716829e+00
1.000852795288001751e+00
1.001122254241230580e+00
1.001895652583020047e+00
1.000727310152270677e+00
1.001775162342403602e+00
1.000846277527620565e+00
1.001151722547195977e+00
1.001027955470031872e+00
1.000797778385827730e+00
1.002681342661341013e+00
1.000628226675621679e+00
1.000627716764727948e+00
1.000656333546316112e+00
1.001192509481636961e+00
1.000923020435891431e+00
1.001077685729924838e+00
1.001342523097582982e+00
1.000928303044422263e+00
1.001174564662653310e+00
1.001372631585893513e+00
1.001945132453301746e+00
1.001925013393475838e+00
1.001607218809182465e+00
1.001762616466080669e+00
1.001081443889734190e+00
1.000689387785133055e+00
1.001735730110286049e+00
1.000810735800695239e+00
1.001391919776682737e+00
1.001513363358346842e+00
1.000999461855294426e+00
1.000541706674252351e+00
1.001068925141654686e+00
1.001072545766382937e+00
1.000803306261486947e+00
1.001301943061522870e+00
1.000900300279968791e+00
1.000927484918230803e+00
1.001330378091477291e+00
1.000834166403363090e+00
1.000877609722659711e+00
1.001325222723862263e+00
1.001666212067115369e+00
1.001108158232606682e+00
1.000763091208701550e+00
1.001273577958852412e+00
1.001274587190143839e+00
1.001417468812136669e+00
1.001259479265126151e+00
1.000809905527054955e+00
1.000867682634965172e+00
1.001741121578552329e+00
1.000914125935141064e+00
1.000795082260692359e+00
1.001336275302336931e+00
1.001904138066440186e+00
1.002535046813072261e+00
1.001499914158087368e+00
1.000887073605740696e+00
1.001734220463676328e+00
1.003959259139615146e+00
1.001730438065042472e+00
1.000742158523505454e+00
1.001350597875764192e+00
1.000534256443404768e+00
1.001008005177153048e+00
1.001105644025548136e+00
1.000930711231687864e+00
1.000564745593629068e+00
1.001071539413672884e+00
1.001186006236716386e+00
1.000931842449589215e+00
1.002257122161544389e+00
1.000273033428137115e+00
1.001205218058062174e+00
1.001443177753653657e+00
1.001365694247883908e+00
1.000586544484305618e+00
1.001023870020323336e+00
1.000584062585890166e+00
1.001239062921307932e+00
1.002647479903673755e+00
1.002979884138459399e+00
1.000633454252680909e+00
1.000682175021972764e+00
1.001260570002298067e+00
1.001269563179783217e+00
1.001168834773471739e+00
1.000766894731405454e+00
1.001410063589232013e+00
1.001592908158921436e+00
1.001441788330898808e+00
1.000945618386431146e+00
1.001089502213895255e+00
1.000516199567154985e+00
1.000978971729647782e+00
1.001175617577064525e+00
1.000971232192058080e+00
1.001022075669087075e+00
1.002545972667104657e+00
1.001442207975128618e+00
1.002337935723468521e+00
1.000933115171896759e+00
1.001377641941372243e+00
1.002067283747467785e+00
1.001760690441164448e+00
1.000763338585092699e+00
1.001377834079787643e+00
1.001528854757777198e+00
1.001058439849417780e+00
1.001115755741834645e+00
1.001161743512752222e+00
1.002836034588119096e+00
1.002906088903718462e+00
1.002379503565337115e+00
1.001121462177649635e+00
1.001754934453521262e+00
1.000720144889527319e+00
1.001041916983719693e+00
1.001234683935286585e+00
1.000731811144232708e+00
1.000591755834244534e+00
1.001217775272457811e+00
1.001423969018412574e+00
1.001449748209995994e+00
1.001190186352643785e+00
1.000647757821335748e+00
1.001753674778846692e+00
1.001486653499340518e+00
1.002251752760796588e+00
1.001111488772453706e+00
1.000929992981694383e+00
1.001778106618875563e+00
1.000800847247335312e+00
1.001673899632266274e+00
1.001296069069716355e+00
1.001878433988220518e+00
1.000802142471830303e+00
1.000778240166590338e+00
1.001035640523281645e+00
1.001817338740310870e+00
1.001661500539086980e+00
1.002188847426562779e+00
1.000808808464715094e+00
1.001034600008040565e+00
1.001916099510561597e+00
1.002149021237213944e+00
1.000675693575333813e+00
1.001278571705423781e+00
1.002133976047985708e+00
1.002202669170991989e+00
1.000769558846126506e+00
1.001535140787023881e+00
1.000914433902362788e+00
1.000847067989383055e+00
1.001237049103631316e+00
1.001055277762670226e+00
1.001498800281802826e+00
1.000956739091631409e+00
1.002761574646868326e+00
1.002171792346484791e+00
1.001889422839553845e+00
1.000957008533644110e+00
1.000619505069840764e+00
1.000770328933362707e+00
1.001001700465132371e+00
1.001267822472643454e+00
1.001819532344129238e+00
1.001528008601419328e+00
1.001043444721241293e+00
1.001009402938151327e+00
1.001553426111857936e+00
1.000978142041654362e+00
1.002331088378484614e+00
1.000620624001587800e+00
1.001327029868250396e+00
1.001060165700027316e+00
1.001277853904197990e+00
1.000928276912806503e+00
1.001474167339790222e+00
1.002129357899031792e+00
1.001226477785485569e+00
1.000576672993218397e+00
1.001066560935780947e+00
1.001001753481453704e+00
1.001435350180173822e+00
1.001512866380795508e+00
1.001859902825264159e+00
1.002243604684007749e+00
1.000943692040148658e+00
1.001448416639862060e+00
1.001171681860217433e+00
1.000306803744180018e+00
1.001078020818002567e+00
1.001024829645915881e+00
1.001355805578672653e+00
1.001158090528947886e+00
1.000853625280906156e+00
1.001420908223521700e+00
1.000888996963502642e+00
1.000907065078244784e+00
1.001297757898311325e+00
1.000625983776072481e+00
1.001817651675342313e+00
1.000800171899043134e+00
1.001821900290903011e+00
1.000741991181204105e+00
1.000870661199461331e+00
1.000464265781173312e+00
1.001200432437475696e+00
1.001182052782559895e+00
1.003426188465360580e+00
1.000872195964888300e+00
1.000473019873746150e+00
1.001037478495284905e+00
1.001615211431740482e+00
1.001383482258393354e+00
1.001119959175080343e+00
1.001146337668961328e+00
1.001125463023865736e+00
1.000935586391202836e+00
1.000994197586692280e+00
1.001028395609137034e+00
1.002246185494253927e+00
1.001278886172009441e+00
1.002312147022001110e+00
1.001022845089258206e+00
1.000761450552987375e+00
1.000603360599190417e+00
1.002060031286994279e+00
1.000837371513632945e+00
1.000858280224618202e+00
1.001966913173599316e+00
1.001345388299149874e+00
1.000842168741838289e+00
1.001635785759964481e+00
1.001078040588002649e+00
1.001476469510119705e+00
1.001400494409472319e+00
1.000714483172560287e+00
1.001088820237859833e+00
1.001245619993660796e+00
1.001060347194942413e+00
1.001145909618378349e+00
1.001577821603107710e+00
1.002901241687396139e+00
1.000803400097688867e+00
1.001181832015359596e+00
1.001527083954193875e+00
1.000933927767348797e+00
1.001066662077392921e+00
1.001312469331780086e+00
1.001070221567070151e+00
1.001574791665078790e+00
1.001271894245194582e+00
1.001120320909263617e+00
1.001359595066661390e+00
1.001232952995377179e+00
1.001716910630674029e+00
