1.566119889875703830e+00
1.027343616559425632e+00
1.045145734186700315e+00
1.049437817001906303e+00
1.049479227188868435e+00
1.053759211997322254e+00
1.059160099235717967e+00
1.050319539379700240e+00
1.057486111026683773e+00
1.057945996809395606e+00
1.052929722933337420e+00
1.055462449861908736e+00
1.051616106650034688e+00
1.053335496403345672e+00
1.060434518125883852e+00
1.053269267350247951e+00
1.051859663044960591e+00
1.052093954176021695e+00
1.052870868850377395e+00
1.048717862260086786e+00
1.056776137082559242e+00
1.058447223541073567e+00
1.051815460774630617e+00
1.059247055416530081e+00
1.052940657052806817e+00
1.060214130168237068e+00
1.061833807624451120e+00
1.055256281866843393e+00
1.055872275848663167e+00
1.059042340874319477e+00
1.056120872472143590e+00
1.053838006548720063e+00
1.055559012565088217e+00
1.057281537392536830e+00
1.053371311949272471e+00
1.057789102274875104e+00
1.056894036941582238e+00
1.050438512245804423e+00
1.056551738932269391e+00
1.053142775072691384e+00
1.057180030493392042e+00
1.055193579770220547e+00
1.058203242487682827e+00
1.060633873845707731e+00
1.053402629576912997e+00
1.051326220826272362e+00
1.055655741051814589e+00
1.050812458873530364e+00
1.056883850772551758e+00
1.055013650189476904e+00
1.055376706426103040e+00
1.056298367638069946e+00
1.055707311851794339e+00
1.054680477774323055e+00
1.057207174135902594e+00
1.056929689026346875e+00
1.051880899620757370e+00
1.054826914629262369e+00
1.051911713235369028e+00
1.057380900802743273e+00
1.059488655287405656e+00
1.052936595780733287e+00
1.054497871341784521e+00
1.059848092071735692e+00
1.062881155886856055e+00
1.056034980691024083e+00
1.051677665933248296e+00
1.049582509900374827e+00
1.049943109480118819e+00
1.052400473803531522e+00
1.060964007546843835e+00
1.058419094429286389e+00
1.056536815033425780e+00
1.054601430796985539e+00
1.061256983540341814e+00
1.059090447873604512e+00
1.055783079802790958e+00
1.062566302784648364e+00
1.053207121882111741e+00
1.060026326112341710e+00
1.055588457595295626e+00
1.058063291053408239e+00
1.050504310566313437e+00
1.050584973747850981e+00
1.053398621401274715e+00
1.054515155861142084e+00
1.059902725699694681e+00
1.054334167450419635e+00
1.053213812263891880e+00
1.047094237193276323e+00
1.048353238377158325e+00
1.052458302722127925e+00
1.052979671096944791e+00
1.054951151087283545e+00
1.054261560207443882e+00
1.055933335991085631e+00
1.053238055934421880e+00
1.058128502349323874e+00
1.063184829449770330e+00
1.056397589172627383e+00
1.063210334436918592e+00
1.056061072471155216e+00
1.056683511448498258e+00
1.061388410363373946e+00
1.056832998141092439e+00
1.055714714637466578e+00
1.058467726613013804e+00
1.056689680608889903e+00
1.059684445973141820e+00
1.058759495208891011e+00
1.058943830498394689e+00
1.055596336214421838e+00
1.056456731986342490e+00
1.057737618338840946e+00
1.053839439485598328e+00
1.054327703850356013e+00
1.055500459213274844e+00
1.056354967249285792e+00
1.055179968243834754e+00
1.053649145837634693e+00
1.056447530681028590e+00
1.052929963983889605e+00
1.054943260195720045e+00
1.056553430677206196e+00
1.054444491121819150e+00
1.051370870903266974e+00
1.050998408757606528e+00
1.054354526229536848e+00
1.057122669601437970e+00
1.052879715911419600e+00
1.059597293406782770e+00
1.060422220633676638e+00
1.059447487120753539e+00
1.057053679106775945e+00
1.052502627439531491e+00
1.054273753436421490e+00
1.060772652098958657e+00
1.052794834942560653e+00
1.063742130344002224e+00
1.056322667523289960e+00
1.053559022188397476e+00
1.050934616183245796e+00
1.057502949396775138e+00
1.059251600859386855e+00
1.046946701667742730e+00
1.049586077191148714e+00
1.060431886867055695e+00
1.053845290790979439e+00
1.057639709057304866e+00
1.053988318720844530e+00
1.057201661213023947e+00
1.056218861041020585e+00
1.050830173582845362e+00
1.057013711843614479e+00
1.057966853714809474e+00
1.056139825508082497e+00
1.054831402051916278e+00
1.055059771653346967e+00
1.060755073862179154e+00
1.055676453646223090e+00
1.057993237817793641e+00
1.059028106742325059e+00
1.054746320712613761e+00
1.053474230220911467e+00
1.057258225215517378e+00
1.056020424285664117e+00
1.052764472833512821e+00
1.053346379067512384e+00
1.056221421498320767e+00
1.054015654516421430e+00
1.056359074558840705e+00
1.060981764673624372e+00
1.059708898376000796e+00
1.054506577577552839e+00
1.056033079145042297e+00
1.060732724402589033e+00
1.052237927507171822e+00
1.062900340026300405e+00
1.056481791806011872e+00
1.058972620372326645e+00
1.054896418447364370e+00
1.055367451940193435e+00
1.058121167757243963e+00
1.055542436137212325e+00
1.054417583666280356e+00
1.060103537449391675e+00
1.051380798068537681e+00
1.057548777565606501e+00
1.057078609756756826e+00
1.061975406161970614e+00
1.055862344913408357e+00
1.055555795004460284e+00
1.053269127012011364e+00
1.062283339514896507e+00
1.058143584169551676e+00
1.054416725726742277e+00
1.055287426204750245e+00
1.057574705763036693e+00
1.054083870051869987e+00
1.059007988364654373e+00
1.057104926136091416e+00
1.050975673517020370e+00
1.049701957129866026e+00
1.052756544232400726e+00
1.057030782725649987e+00
1.054601500000747816e+00
1.056373668648820763e+00
1.053397132723649765e+00
1.061059520892059460e+00
1.059069566612270252e+00
1.057806600052318524e+00
1.049002344906014628e+00
1.058708761471889970e+00
1.057080132960268148e+00
1.056463797109437719e+00
1.060283040291236212e+00
1.055630436074869838e+00
1.058236684114657766e+00
1.054333325571670033e+00
1.055863867806295042e+00
1.055286023438327891e+00
1.054827144137440387e+00
1.059608733652095625e+00
1.053954316091392673e+00
1.058049574704898355e+00
1.057353375975894627e+00
1.057252340333117102e+00
1.054127840156980467e+00
1.057175503986204301e+00
1.057269375277586354e+00
1.054613521805921827e+00
1.061884703786149187e+00
1.057273860470497873e+00
1.054508000916767108e+00
1.058596085515998375e+00
1.054251370022897261e+00
1.057199772038229346e+00
1.053263274514632197e+00
1.058832469502612561e+00
1.052643763274778044e+00
1.056172534330557022e+00
1.058983505211547937e+00
1.059927183868017320e+00
1.057430935452375875e+00
1.051150926663713570e+00
1.057217791330089973e+00
1.057633669337718407e+00
1.059650760774276446e+00
1.054468077047076457e+00
1.056940033652115307e+00
1.053825240150957576e+00
1.055832182996743418e+00
1.054429021184826842e+00
1.057992822861699489e+00
1.059129933058038153e+00
1.051453792989817115e+00
1.047219401805964178e+00
1.060873510752019744e+00
1.059906328156458466e+00
1.058115915260323225e+00
1.054612137037673314e+00
1.052727850921923114e+00
1.054049819182319991e+00
1.060141661468889218e+00
1.055494880146948145e+00
1.052113725717279458e+00
1.057365953762687827e+00
1.054954178162471390e+00
1.054939549078160121e+00
1.056328389492789288e+00
1.055062520974916929e+00
1.059169814826298239e+00
1.057937345618070957e+00
1.059485283294784530e+00
1.055660866167267065e+00
1.057933008899079264e+00
1.052136826336397712e+00
1.052545041332538123e+00
1.054490880816779441e+00
1.059027988904399642e+00
1.052077741412442258e+00
1.055894224303743911e+00
1.051523322747783595e+00
1.057174241240727008e+00
1.062582362222071808e+00
1.055523359336595135e+00
1.054997260718951502e+00
1.056122887745594818e+00
1.057603289500289367e+00
1.055097545472629905e+00
1.054926402677635267e+00
1.053374270996394024e+00
1.054012173255113760e+00
1.059527777110572666e+00
1.053331841918855094e+00
1.052318623419348675e+00
1.054498845292875853e+00
1.058928697823650955e+00
1.057454328674791277e+00
1.056875973717041006e+00
1.060503219745309256e+00
1.056650472974332233e+00
1.057797666638909950e+00
1.050075811792452463e+00
1.056128551235222535e+00
1.054608756504200606e+00
1.060900524917579801e+00
1.053223281970214531e+00
1.053964128167793612e+00
1.056609019960367712e+00
1.056715772515180563e+00
1.054579656994105052e+00
1.050481199925891840e+00
1.050806918953909319e+00
1.055203720771825893e+00
1.052700677619650804e+00
1.058628972940310442e+00
1.053457490308032041e+00
1.048509582337827428e+00
1.056828853012274028e+00
1.054623702981484001e+00
1.055967874873857903e+00
1.052932303449338525e+00
1.054549600360861650e+00
1.056603640374581321e+00
1.058232167372454624e+00
1.052387195764596495e+00
1.056458809079662942e+00
1.057555426350686778e+00
1.057823589858729152e+00
1.051961241676611314e+00
1.051210199743742191e+00
1.053347245759422179e+00
1.057439375730274911e+00
1.058591198585172810e+00
1.056898698815819548e+00
1.063042117602707615e+00
1.057411657286331463e+00
1.050484138929823397e+00
1.058918298024307481e+00
1.051794445291518443e+00
1.058258833258824749e+00
1.056392854448679364e+00
1.062620366825279605e+00
1.058448683685150549e+00
1.054580816400688459e+00
1.051762011931148821e+00
1.056584806386059450e+00
1.057547548402620663e+00
1.056559792461013281e+00
1.055294903238074289e+00
1.062619962127739681e+00
1.056793390551359346e+00
1.060520532551020079e+00
1.054990305382190741e+00
1.052125815686965282e+00
1.058240067885067415e+00
1.055128826736833725e+00
1.055353973060504380e+00
1.050702673732492043e+00
1.060116851567813434e+00
1.053133293471332443e+00
1.055173769377970361e+00
1.055807952481658596e+00
1.058961418167475799e+00
1.060420698907045489e+00
1.053877092477689459e+00
1.057515795020251170e+00
1.051258639344744283e+00
1.054803804883770679e+00
1.061052024567121776e+00
1.056591206640959735e+00
1.054188396872340228e+00
1.057318752753514834e+00
1.058792983792906428e+00
1.058610187958078930e+00
1.060847076975524272e+00
1.055267387351117581e+00
1.052038721506022290e+00
1.057482239623981135e+00
1.059470162472222698e+00
1.055084229826086295e+00
1.051571301087229848e+00
1.057183762042980479e+00
1.053729833448619146e+00
1.055648723094274599e+00
1.054185933669023800e+00
1.050685766751457306e+00
1.052044227748854865e+00
1.050728387036581113e+00
1.051170914241311261e+00
1.055309047722317040e+00
1.056793403159049571e+00
1.060211580938992926e+00
1.051849551334440358e+00
1.057821441608439050e+00
1.052816333700227425e+00
1.060958293948900399e+00
1.053480439083230413e+00
1.058902220174913200e+00
1.056496017675990107e+00
1.058126561077609384e+00
1.058506472705877943e+00
1.059963223167251778e+00
1.057216180375030179e+00
1.061542175559786028e+00
1.053117554963070690e+00
1.054246337343822892e+00
1.060400903027674868e+00
1.057138512981981471e+00
1.056894434178223596e+00
1.055939671839897454e+00
1.056058354587308790e+00
1.054115379777770034e+00
1.056831112811901230e+00
1.054179989527441963e+00
1.057302754751461737e+00
1.054577161274297348e+00
1.052585553445713584e+00
1.060533090925731337e+00
1.058911761813742913e+00
1.059770980720678102e+00
1.055568912821937655e+00
1.051621764076759780e+00
1.053371389819223625e+00
1.055452893917436130e+00
1.052651011326031449e+00
1.052383808502115548e+00
1.058785958029870411e+00
1.057807456235967836e+00
1.052384632666192754e+00
1.056299333883188529e+00
1.055634115718993904e+00
1.054286146243987199e+00
1.056941983035342369e+00
1.055529278356102996e+00
1.056392809732024762e+00
1.052862007116792897e+00
1.061649532256584871e+00
1.054918695564043496e+00
1.056836234761073579e+00
1.052941716944370665e+00
1.057886205784240641e+00
1.058161889001563161e+00
1.051551725632009493e+00
1.048875052295839883e+00
1.050992957707326703e+00
1.048425308888493168e+00
1.056949614636966128e+00
1.051600393659897215e+00
1.050636058592463673e+00
1.051481487749004629e+00
1.060778477487540616e+00
1.054304927674527104e+00
1.056000635966567236e+00
1.059909411971557747e+00
1.054055344523299409e+00
1.058897697720432074e+00
1.059037754811938736e+00
1.056994784910831431e+00
1.053662960131588111e+00
1.052199075530085626e+00
1.056750785337875476e+00
1.055543268977103155e+00
1.058848281483797837e+00
1.055062966305394312e+00
1.058446072145978745e+00
1.056931448295169940e+00
1.054979056940489990e+00
1.052695648008829865e+00
1.056923013152900603e+00
1.051896511875705986e+00
1.056968044091453951e+00
1.051232000853782544e+00
1.054704891418922319e+00
1.056323558006781127e+00
1.053224640485712404e+00
1.053641945671012659e+00
1.053822382910501787e+00
1.052010614911548236e+00
1.056826343074679153e+00
1.053660149981364924e+00
1.055664869290902974e+00
1.053140456018947679e+00
1.050830932015527575e+00
1.053788968312394880e+00
1.055433985667707741e+00
1.058220616284915927e+00
1.057630186989186427e+00
1.052736924566031407e+00
1.059742428813436721e+00
1.054346891002899245e+00
1.057955400178482552e+00
1.056998083864447713e+00
1.057467630720561491e+00
1.057030950035832362e+00
1.058127622817533586e+00
1.053196121698257492e+00
1.049642189187413033e+00
1.057645747551517079e+00
1.056527305873435907e+00
1.051641734862735156e+00
1.059519365059967244e+00
1.054776295952086551e+00
1.054373848734049934e+00
1.059039252503549911e+00
1.056166721579948176e+00
1.062176296484528271e+00
1.057190788286247907e+00
1.054571166752884537e+00
1.058036852627543878e+00
1.064263684432791512e+00
1.115351237343104929e+00
1.055883347407065687e+00
1.056050561607228877e+00
1.061354803600973007e+00
1.053900371551031556e+00
1.059357313461736227e+00
1.053740639603897078e+00
1.059558256164965018e+00
1.056809017154548114e+00
1.055081733341342476e+00
1.057263149749854358e+00
1.056939610981224575e+00
1.053411479570163012e+00
1.060779741463032222e+00
1.055003464463956098e+00
1.059439353809347839e+00
1.056124125391057378e+00
1.055619605606802569e+00
1.057201119847789972e+00
1.053728463443174279e+00
1.054635534548283182e+00
1.054113439165876853e+00
1.063113430152760275e+00
1.060020896102864318e+00
1.053646400004029093e+00
1.055551191626680874e+00
1.056744888913150771e+00
1.050062304966624227e+00
1.053698011261979595e+00
1.057331966788481958e+00
1.054061754700909681e+00
1.059230700629101740e+00
1.059150598650084873e+00
1.056099989381876547e+00
1.058201035246159716e+00
1.054762598483946601e+00
1.054374310816727389e+00
1.055980526392783947e+00
1.061919295275579156e+00
1.055827352527940022e+00
1.050487384658586709e+00
1.053408428616137149e+00
1.057402604781727096e+00
1.056937884975234443e+00
1.059231105177842913e+00
1.052229246211358493e+00
1.055725352850017229e+00
1.062258303107477930e+00
1.057772768921331874e+00
1.063067363360346462e+00
1.056725003351574488e+00
1.051877949487622255e+00
1.055340399288237085e+00
1.057786862138522022e+00
1.054992465984757599e+00
1.054109003114015009e+00
1.054275560797546474e+00
1.057660777855653933e+00
1.054831822048581280e+00
1.056155643500476637e+00
1.054809901612194345e+00
1.057271799789421873e+00
1.054389707389351560e+00
1.055271434186510149e+00
1.055799157970326974e+00
1.057422279953404987e+00
1.060756777053532662e+00
1.052055245547676821e+00
1.058796326933487464e+00
1.051258569261513731e+00
1.062086645528620421e+00
1.056425694438873686e+00
1.057195104970967803e+00
1.053504731391787130e+00
1.053301699537821268e+00
1.056948589745618117e+00
1.059653984846951946e+00
1.059549924861170167e+00
1.056350729891803120e+00
1.058043243888193707e+00
1.060472499294759841e+00
1.055602692268381881e+00
1.055559944577891596e+00
1.053334560862423608e+00
1.051282607429453675e+00
1.056021653134860072e+00
1.054980577313896939e+00
1.055318923903728390e+00
1.057818486478486308e+00
1.061846270375292001e+00
1.057685846699117471e+00
1.059202019903785708e+00
1.054136967689514481e+00
1.055156826702008832e+00
1.056363129313653726e+00
1.055163851898428318e+00
1.054417967374752463e+00
1.058879442391495784e+00
1.055224931981119996e+00
1.056077845576570917e+00
1.053698313892425409e+00
1.050865303832231756e+00
1.050241279873282974e+00
1.060647734245822260e+00
1.061369240084874210e+00
1.055050091655962641e+00
1.060785028163964361e+00
1.057273658583334441e+00
1.053322911557330155e+00
1.056694977951126546e+00
1.059767905398296683e+00
1.053599379136874736e+00
1.056841544216132522e+00
1.053622526136773985e+00
1.056013953598687216e+00
1.051591458608249319e+00
1.051247085499145140e+00
1.053553829968485234e+00
1.054367425167521466e+00
1.056964079592339845e+00
1.051616076647982290e+00
1.059477642047910617e+00
1.063111907471522732e+00
1.054732581438839967e+00
1.056173121409404558e+00
1.057499653123821881e+00
1.059665897460621231e+00
1.049361919352228112e+00
1.057202394753435692e+00
1.061093195896779084e+00
1.054287379705446615e+00
1.056283704666686196e+00
1.059068466211366966e+00
1.054488830842817082e+00
1.057708825462747804e+00
1.060623220257442600e+00
1.058502704266463867e+00
1.056372773094255590e+00
1.054052108098198604e+00
1.056400170883246448e+00
1.054166903882427953e+00
1.055855229398341200e+00
1.054800704760815888e+00
1.054107484647624604e+00
1.053518779918723780e+00
1.057900931831454727e+00
1.053185930279151972e+00
1.052770705256730110e+00
1.048222433794085973e+00
1.054989198591475885e+00
1.054234313822120850e+00
1.060460573382393301e+00
1.056584781922518257e+00
1.052438413573060005e+00
1.054361147114378561e+00
1.047292622554141017e+00
1.053331321470771798e+00
1.057879725232801160e+00
1.061628331835751116e+00
1.059808630913741556e+00
1.053317991408974752e+00
1.060147991200646178e+00
1.051418984547336510e+00
1.056953600654957359e+00
1.058665472980817590e+00
1.055051044830663809e+00
1.055087158508781986e+00
1.056361366789169143e+00
1.057470852519887927e+00
1.058200510580440179e+00
1.057445913346080069e+00
1.056596292497335332e+00
1.060146894670802808e+00
1.060159297885890251e+00
1.056117766360422427e+00
1.053516457831046083e+00
1.057188000229110969e+00
1.058417690062767536e+00
1.057736367056705484e+00
1.061091114816872683e+00
1.058048221489268803e+00
1.057770829008703117e+00
1.049894929237216168e+00
1.053806913094459841e+00
1.062355708235548146e+00
1.058445039316462832e+00
1.057737971610909877e+00
1.061415109295182679e+00
1.053472180420289561e+00
1.061521947738162108e+00
1.057999734133584280e+00
1.052829159433489536e+00
1.054042029092943311e+00
1.053590364379663802e+00
1.051938536231384225e+00
1.056113964870360578e+00
1.057480640813288186e+00
1.061050275802023934e+00
1.056877879064748615e+00
1.051936616826508963e+00
1.057637429816115748e+00
1.050325047446887483e+00
1.056683530369974422e+00
1.055433408840775078e+00
1.058641811711275915e+00
1.055658059567550211e+00
1.061448872401767884e+00
1.059649846164821829e+00
1.055236622324796647e+00
1.058701489108978766e+00
1.052508814605763510e+00
1.057624283159098066e+00
1.051663482900133229e+00
1.053481916592491574e+00
1.056363844697931098e+00
1.057877639423214777e+00
1.055229816082834171e+00
1.055595546192698908e+00
1.053727008108066965e+00
1.051343458027416800e+00
1.055778549992742121e+00
1.053141944851637035e+00
1.057871421621927377e+00
1.054347327861643313e+00
1.057884015341713502e+00
1.054048852390439661e+00
1.056626475509435226e+00
1.047410111405569610e+00
1.054847093485775433e+00
1.051005944833091510e+00
1.059202032737969645e+00
1.056788663150078023e+00
1.062559529041654072e+00
1.056133911820130722e+00
1.056867981043998261e+00
1.056593379134012967e+00
1.061337953378169496e+00
1.056619700179659782e+00
1.057040030899336625e+00
1.055044949136331178e+00
1.051274451084212469e+00
1.058358632551061884e+00
1.052061001702029985e+00
1.053239147571776613e+00
1.055463930782415849e+00
1.053563406535317881e+00
1.050554504455123217e+00
1.057630462623587730e+00
1.058015328079450423e+00
1.052441432230170282e+00
1.057414710124961355e+00
1.055477159406093879e+00
1.057056718102053594e+00
1.060177270559493845e+00
1.053150904094356299e+00
1.054241964381889884e+00
1.058574970191419329e+00
1.056623210863340212e+00
1.058017936409574089e+00
1.051349931747684208e+00
1.053463474773027819e+00
1.052121715124691548e+00
1.057434330048817817e+00
1.060805845474797504e+00
1.062662171924529941e+00
1.052246603848264517e+00
1.048305957665747412e+00
1.059014108483546712e+00
1.057194735010159592e+00
1.060046004935950359e+00
1.052191003085447107e+00
1.055980343578916791e+00
1.056550856039268682e+00
1.060790329400260745e+00
1.054485282556415715e+00
1.055367886489722462e+00
1.057117780085644831e+00
1.059076288617543993e+00
1.056024806241401937e+00
1.056426068756517234e+00
1.056766517300952390e+00
1.053376677046087506e+00
1.053505068113064436e+00
1.059074470550132929e+00
1.055044469946780250e+00
1.059704431120865875e+00
1.058359320774596268e+00
1.057116558666033823e+00
1.056236675478752440e+00
1.053328044312877187e+00
1.048991610249524253e+00
1.055745814184767095e+00
1.053905084310815310e+00
1.055099831835826452e+00
1.058709873359204412e+00
1.050581784542595987e+00
1.055245735658632000e+00
1.053973573191091084e+00
1.057320387589142374e+00
1.057676320990284413e+00
1.050136250289925410e+00
1.062096822433949095e+00
1.052731953735109638e+00
1.052185242676784149e+00
1.059212036263968759e+00
1.055962484935909718e+00
1.056271798960766395e+00
1.049352495470270874e+00
1.056369599727144726e+00
1.054842770984171008e+00
1.058163567233020297e+00
1.052476281734835206e+00
1.053762874030018448e+00
1.053960558425641736e+00
1.055384556904896964e+00
1.057494005113936764e+00
1.052368029818133932e+00
1.052719309130660807e+00
1.051632250503638399e+00
1.057555983420800150e+00
1.052431975631428651e+00
1.055713361221231494e+00
1.056134145207595854e+00
1.053690490583069517e+00
1.052759668611281008e+00
1.053421706282749337e+00
1.051325989870794508e+00
1.054604337496254152e+00
1.053659429243596790e+00
1.052376475087668517e+00
1.055170781669872104e+00
1.058709465154801466e+00
1.050882062954870078e+00
1.056624657820799396e+00
1.055277977128374012e+00
1.056014918597717900e+00
1.052055602287591762e+00
1.051055009314580513e+00
1.053053232688493379e+00
1.056463480376854447e+00
1.057862629997823323e+00
1.054351181289991057e+00
1.058253070006038410e+00
1.064318201080623139e+00
1.052419656983531349e+00
1.054613585343209481e+00
1.052002563522059786e+00
1.054338678350996483e+00
1.055544174357349263e+00
1.053738379495090083e+00
1.055852776489788480e+00
1.056669481467266580e+00
1.056342785589166278e+00
1.059845482012525153e+00
1.057408470667625888e+00
1.052650470122350024e+00
1.055867405692552552e+00
1.058103967008243051e+00
1.063569957671650412e+00
1.055646242706537175e+00
1.049833098586116842e+00
1.053387013394674776e+00
1.060183489873839591e+00
1.047582225099799480e+00
1.055642453628707900e+00
1.061856964492662980e+00
1.062006035715131746e+00
1.059135240431630764e+00
1.056972971403719042e+00
1.058897861370435844e+00
1.055003240982905321e+00
1.058775205337934011e+00
1.061825053121164375e+00
1.056802797393523674e+00
1.052589955398407717e+00
1.054778215147657683e+00
1.060952372040181002e+00
1.058057072653430852e+00
1.056509367157012713e+00
1.054272493331711802e+00
1.050931150814416348e+00
1.049150611621201712e+00
1.057891695978657509e+00
1.054873359630418506e+00
1.055390539735962863e+00
1.057662755301836288e+00
1.059533537017483873e+00
1.051896542568605986e+00
1.059916448052001581e+00
1.061668052089286052e+00
1.058910703560569155e+00
1.055920699644044003e+00
1.057015378580536957e+00
1.058914522806948311e+00
1.054100475412243165e+00
1.054796815682379263e+00
1.052431037355239019e+00
1.059636126609863949e+00
1.056490920802599209e+00
1.055777069177013860e+00
1.055603454865238211e+00
1.054615437050484106e+00
1.052986684763806968e+00
1.054903727551569803e+00
1.058762945926184917e+00
1.055720729562805715e+00
1.060980353142078947e+00
1.061249508244777706e+00
1.057368508094670867e+00
1.056993933636041216e+00
1.060543334199280929e+00
1.054726605316685495e+00
1.055276824057258089e+00
1.056672751082352368e+00
1.055978694451231048e+00
1.054235194294218747e+00
1.057738886046384774e+00
1.060171514308044349e+00
1.063060052823335155e+00
1.054799374672474199e+00
1.057444090128288217e+00
1.061845748389905086e+00
1.054051965731376272e+00
1.054710266937799679e+00
1.052875622785867993e+00
1.055098955600999089e+00
1.055207570958198282e+00
1.052343800175969069e+00
1.056087291113938287e+00
1.055801345753734743e+00
1.052183332767222756e+00
1.057879188841589047e+00
1.058548696720182480e+00
1.055779544890343091e+00
1.062716462844102816e+00
1.057845927317573542e+00
1.059305044313207711e+00
1.062631713391783084e+00
1.050685408957379385e+00
1.053983068616328289e+00
1.058415992933426253e+00
1.052514062225577973e+00
1.058514523620122327e+00
1.053234329382907841e+00
1.056168501687344774e+00
1.053671665747072828e+00
1.061264095937261454e+00
1.046857226931797502e+00
1.053829251109368093e+00
1.059311189048060209e+00
1.056578366755139831e+00
1.052331608121412687e+00
1.055718922463401599e+00
1.050020940239486444e+00
1.058287272934398393e+00
1.055720470433094027e+00
1.055816380636892537e+00
1.054946780472854506e+00
1.055642761846897315e+00
1.061569404390199534e+00
1.058049819019332372e+00
1.055566205232877142e+00
1.052564690888874610e+00
1.058143885992303579e+00
1.058643549247181959e+00
1.051002801990527979e+00
1.056007675731897244e+00
1.056899054961518480e+00
1.057271220782270316e+00
1.057928295524012130e+00
1.056098293546423816e+00
1.056064299419049890e+00
1.057837275892228091e+00
1.057549313035789362e+00
1.052921075350652158e+00
1.056092871917304388e+00
1.060643451426692252e+00
1.054477282148476025e+00
1.056050163986372192e+00
1.061294625627172028e+00
1.050355707274772454e+00
1.060060774419035123e+00
1.056815922155961651e+00
1.060809936748500215e+00
1.057044008799042922e+00
1.057576571457258252e+00
1.059925597727044089e+00
1.052078105802034091e+00
