1.098860880438330190e+00
1.002332032738765255e+00
1.001418379210468945e+00
1.002125025617487175e+00
1.003191758320320259e+00
1.003062841379221082e+00
1.003316890629874836e+00
1.003015167842924216e+00
1.003356049717633036e+00
1.002787321800419518e+00
1.003114263172322440e+00
1.003100942773663240e+00
1.004063717286609370e+00
1.003370986469367843e+00
1.003222973447992938e+00
1.003223299383301903e+00
1.003194874240824541e+00
1.003523371290558019e+00
1.002943881511096924e+00
1.003423328345674159e+00
1.003334455124804014e+00
1.003755356451293546e+00
1.003367642026113726e+00
1.003459919209563234e+00
1.003258986895092741e+00
1.003332465282302355e+00
1.003267808333523803e+00
1.003402624287521139e+00
1.003203971747309353e+00
1.002339422258756940e+00
1.002135716137976029e+00
1.002995632077081645e+00
1.002964964200157016e+00
1.003508432584457655e+00
1.002810875070601959e+00
1.003371725926737179e+00
1.003106968293273837e+00
1.003631159417050611e+00
1.002849589760163029e+00
1.002918367448426329e+00
1.002986376584018569e+00
1.002424144078676305e+00
1.002679429419171209e+00
1.003085356314781462e+00
1.002797888542888760e+00
1.003495664546805388e+00
1.003082971388004507e+00
1.003075751364962631e+00
1.003440033449872981e+00
1.003437603517888688e+00
1.003713373074469839e+00
1.003426274516570516e+00
1.003172488880243574e+00
1.003535828875243396e+00
1.003291189539690764e+00
1.003359557500680177e+00
1.003176060561224103e+00
1.002872655761015475e+00
1.003058083675065548e+00
1.003194238709723241e+00
1.003168580706207180e+00
1.003371760098510368e+00
1.003191546082745411e+00
1.003367352348117247e+00
1.003031457574020013e+00
1.003418712138013369e+00
1.003160204151502422e+00
1.003568522971661547e+00
1.002754243178845428e+00
1.002616169487724918e+00
1.003160447191247640e+00
1.003193247528217924e+00
1.003394572594486611e+00
1.003494518872541930e+00
1.003265495008083708e+00
1.003332484044472173e+00
1.003194695962146943e+00
1.003477846059709577e+00
1.003518991990574483e+00
1.003404779370923317e+00
1.003580880573174738e+00
1.003335915440960679e+00
1.002799115466599833e+00
1.003111328300586136e+00
1.003855905521639613e+00
1.003309725351496429e+00
1.003332971585255695e+00
1.003692202408666079e+00
1.003505787520059478e+00
1.003550426751083080e+00
1.004038017752231227e+00
1.003337305397049350e+00
1.002965516412935187e+00
1.003983341929087780e+00
1.003190675381400832e+00
1.003256762424996174e+00
1.002848227339431464e+00
1.002953026829304983e+00
1.002239881310517555e+00
1.003317267232805010e+00
1.003259263966703507e+00
1.002873507850150947e+00
1.002495273554674160e+00
1.002862522325699501e+00
1.002928672229326912e+00
1.003503671893445359e+00
1.003203866731454452e+00
1.003228734161808466e+00
1.003566607947153022e+00
1.003393390914534278e+00
1.003781244541189333e+00
1.004010360753166076e+00
1.003466203791357536e+00
1.002729999729965460e+00
1.003035904277250312e+00
1.003640209070929767e+00
1.002919884414386287e+00
1.003354818474214483e+00
1.003150021604005460e+00
1.002915598935900876e+00
1.003674824756841666e+00
1.003465987747595767e+00
1.003199655913881827e+00
1.002798091657957746e+00
1.002845242760860289e+00
1.003430668697707251e+00
1.004141484046993771e+00
1.002799991137286906e+00
1.003578597975617104e+00
1.003462468337942504e+00
1.002974365506940968e+00
1.003605333718258219e+00
1.003417662000298805e+00
1.003643850801048121e+00
1.003442878623181933e+00
1.002887042070848445e+00
1.004215917616775977e+00
1.003474814407551818e+00
1.003381407333386877e+00
1.003592091058608693e+00
1.003222406075635620e+00
1.002941306475353400e+00
1.002173366724661951e+00
1.002946843144454370e+00
1.003009708514566389e+00
1.003847180799149807e+00
1.003448600006465963e+00
1.003177537259293040e+00
1.003116933759526486e+00
1.003015313539401321e+00
1.003281948826681758e+00
1.003497793632034618e+00
1.002505391006157653e+00
1.003816081501294866e+00
1.002644372428983743e+00
1.003303720900834639e+00
1.003441023463540249e+00
1.003952094827442743e+00
1.003911928826320743e+00
1.003165570728697720e+00
1.003538558115270041e+00
1.003662303524583077e+00
1.003459127647458704e+00
1.003201676249241503e+00
1.004055580032019224e+00
1.003226997643567930e+00
1.002774072938850347e+00
1.003699009948447962e+00
1.003232505876551661e+00
1.003583527452655000e+00
1.002941816763988969e+00
1.003859362928331223e+00
1.003494092509156888e+00
1.002842553924776725e+00
1.003070385949604404e+00
1.003320239996558172e+00
1.003299781468609320e+00
1.003745158354737654e+00
1.003164944486183874e+00
1.003165692302080192e+00
1.003524644913677433e+00
1.003534225861031359e+00
1.002667979597214210e+00
1.003653710365278284e+00
1.003923250422592561e+00
1.003801318125959297e+00
1.003138406927300386e+00
1.003465136203859576e+00
1.003513411168672320e+00
1.003633628815143730e+00
1.003867890396485496e+00
1.002978049825026696e+00
1.003327944263985749e+00
1.003142801147306917e+00
1.004282007917411734e+00
1.003178822774563939e+00
1.003190469410483177e+00
1.003409754123928410e+00
1.002959770368098802e+00
1.002934228080155865e+00
1.003319886480479539e+00
1.003960963927503336e+00
1.003265177529138130e+00
1.002949966979574947e+00
1.002924223991694674e+00
1.003296953152874149e+00
1.002720184792266434e+00
1.002805399861366409e+00
1.022503310981224267e+00
1.002996159451681857e+00
1.003074589462910948e+00
1.004060247093898628e+00
1.003425517542303913e+00
1.003210298267134704e+00
1.002574379294300710e+00
1.003562984277274861e+00
1.003007383964469312e+00
1.003447398430325155e+00
1.003184864993454273e+00
1.003275566874295421e+00
1.003417103804256971e+00
1.003399869574592485e+00
1.003131027261217056e+00
1.003201445585185647e+00
1.003618986866968710e+00
1.003272282512050140e+00
1.003207682144211521e+00
1.003609961334469780e+00
1.003029402926785441e+00
1.003690664050802761e+00
1.003258114052235195e+00
1.003704084843368260e+00
1.002764485822617013e+00
1.003962765293622050e+00
1.003058243562832130e+00
1.003563686421655277e+00
1.003288102296419959e+00
1.003292929396601973e+00
1.003385324213625029e+00
1.003330107399696747e+00
1.003504683788278395e+00
1.003168718292941408e+00
1.003534953948321373e+00
1.002864815150083633e+00
1.002744167083061022e+00
1.003331449911490481e+00
1.004046425327273395e+00
1.003699761159357884e+00
1.003469371482711425e+00
1.002443982658980159e+00
1.002906377265332605e+00
1.003299217998399717e+00
1.003140830644938086e+00
1.003515281818654570e+00
1.003758895135351326e+00
1.002695552443151117e+00
1.002918464032405810e+00
1.003603277708237318e+00
1.002933584308687731e+00
1.003527005636341674e+00
1.003309210092956816e+00
1.003673466215946997e+00
1.003405774758689306e+00
1.003084767658712684e+00
1.003213175687554859e+00
1.003467100910909293e+00
1.002973073311697494e+00
1.003068618773968579e+00
1.003834537245737346e+00
1.003119860273692598e+00
1.003615960627186166e+00
1.003271674479502273e+00
1.003443402560648456e+00
1.003428970875325232e+00
1.003406277773682076e+00
1.003020804061668825e+00
1.003241554521289824e+00
1.003677581396025476e+00
1.003726422501636018e+00
1.004172032906647694e+00
1.003685758654793148e+00
1.003564587156673849e+00
1.003817379870123760e+00
1.003926712134133759e+00
1.003860570630080495e+00
1.003555183588808797e+00
1.002995099226409170e+00
1.003504066882514367e+00
1.003295882124130900e+00
1.002810678876742356e+00
1.002954338680953184e+00
1.003105563451617277e+00
1.004116819206737787e+00
1.003191834900741819e+00
1.003777700729102662e+00
1.003105427782000403e+00
1.002859600352651537e+00
1.003186901008354948e+00
1.003188720027915926e+00
1.003189045195535867e+00
1.002928367628647122e+00
1.003093054498796599e+00
1.003242972156010548e+00
1.003269706007401174e+00
1.002674967963870012e+00
1.003549751080463182e+00
1.003268864209343914e+00
1.003389028837308183e+00
1.002786472428166764e+00
1.003956640165935665e+00
1.003950966154091073e+00
1.003617142698138620e+00
1.003933334191316362e+00
1.003126942313888215e+00
1.003082227062970233e+00
1.002845978822858974e+00
1.002815624497510161e+00
1.003275727305017906e+00
1.002655701063628335e+00
1.003328612524170937e+00
1.003549174438409963e+00
1.002925126648045007e+00
1.003211189617389643e+00
1.004147570447218474e+00
1.003362588761568475e+00
1.003639931299725507e+00
1.003426480710389423e+00
1.004051205598531338e+00
1.003519290319686785e+00
1.002961392030125021e+00
1.004155978024307894e+00
1.003035885045849396e+00
1.002917372558763898e+00
1.004010413503641175e+00
1.003109368722043593e+00
1.003175897187318144e+00
1.003082712617759720e+00
1.003592137298030318e+00
1.002918881589648814e+00
1.004076458831640650e+00
1.003656745334248201e+00
1.003070645059078725e+00
1.003076948595780671e+00
1.003014058730804292e+00
1.003338656048313737e+00
1.003357969691073937e+00
1.003383045269805152e+00
1.003846685677724837e+00
1.004163537668918416e+00
1.003700776141549955e+00
1.003368312010274765e+00
1.003205037127606891e+00
1.002976325393454271e+00
1.004062020829744828e+00
1.003442459497490002e+00
1.003095842750223676e+00
1.003185474419389100e+00
1.003028083204430709e+00
1.003336087275297439e+00
1.002822989891185346e+00
1.002809468375187363e+00
1.003516515276181131e+00
1.003796260483410530e+00
1.002748943549127691e+00
1.002962781503329515e+00
1.003900109763786741e+00
1.003486316933883904e+00
1.003481037387074171e+00
1.003301129902949063e+00
1.003291602230393265e+00
1.003244933324150434e+00
1.003420838680449512e+00
1.003283778896688405e+00
1.003481440294461402e+00
1.003603537170510540e+00
1.003136362112780011e+00
1.003416988831907997e+00
1.004191696179056681e+00
1.003175161031390816e+00
1.003203609481147840e+00
1.003766719228631477e+00
1.003099231801766411e+00
1.003275239779708450e+00
1.002959303426308679e+00
1.003512707962372463e+00
1.003018333733108891e+00
1.002898491916247137e+00
1.003217313932762256e+00
1.002914029049162492e+00
1.003380077215947797e+00
1.003164681706217642e+00
1.003111353050793353e+00
1.003726867895118113e+00
1.003434571866111735e+00
1.003380935903455118e+00
1.003146853289042406e+00
1.003126588758594950e+00
1.004047257374415247e+00
1.003434962560774357e+00
1.002850342037866715e+00
1.002997315215053309e+00
1.003318360819528410e+00
1.003753372223593399e+00
1.002885980753810191e+00
1.003396477655097652e+00
1.003840653528319748e+00
1.003200117783110912e+00
1.003185522085574544e+00
1.003289564694892722e+00
1.002889331760927982e+00
1.003519589747000174e+00
1.003040499376664174e+00
1.003379716108584896e+00
1.003611563430334863e+00
1.003276632861491491e+00
1.003742379935765427e+00
1.003082779881676379e+00
1.003123142774601906e+00
1.003399403555139457e+00
1.003101937906534458e+00
1.002357912240188442e+00
1.003286800066365725e+00
1.003174977549087465e+00
1.003330841035935173e+00
1.003496727581725478e+00
1.003134218987192572e+00
1.003070407433927391e+00
1.002455268610458416e+00
1.002624571928112163e+00
1.003446874554062340e+00
1.003558927075585139e+00
1.003283302824769185e+00
1.003592396311082435e+00
1.003365734158785161e+00
1.003293735384720442e+00
1.002822266221937486e+00
1.003229677735401504e+00
1.002965785007198463e+00
1.003843198285580440e+00
1.003138550084013314e+00
1.002796029299057867e+00
1.002825342922926577e+00
1.003309839099331136e+00
1.002658493569278386e+00
1.003605042935129088e+00
1.003478211405495868e+00
1.003918667498938211e+00
1.003634124788284954e+00
1.002584370809053160e+00
1.003386935791569678e+00
1.002869326495773095e+00
1.003557955997368412e+00
1.002409178103950804e+00
1.003544537875231457e+00
1.003038409848399981e+00
1.003184968416226397e+00
1.003222998262061294e+00
1.003283639876478839e+00
1.003457091812729463e+00
1.003377356558696087e+00
1.002907467418074905e+00
1.003813425505268420e+00
1.003203636845040769e+00
1.002688859900209284e+00
1.003787979651876494e+00
1.003367014658171907e+00
1.003614892240223044e+00
1.003021440554313193e+00
1.003108910356039329e+00
1.003461553971290554e+00
1.003360390246023082e+00
1.003703903381461204e+00
1.003377262806137260e+00
1.003270995964143930e+00
1.002674654563311618e+00
1.003112734887519730e+00
1.003200475420605642e+00
1.002950304836940587e+00
1.003168254242214452e+00
1.003446269074523389e+00
1.003200347766641576e+00
1.003929968381750415e+00
1.014946627768693377e+00
1.120744622453208050e+00
1.003540718243281393e+00
1.003613390824148244e+00
1.003159813607661377e+00
1.004173677984433688e+00
1.003013837857365642e+00
1.003263375994880136e+00
1.003322449056512911e+00
1.003345480822197766e+00
1.003944003598274293e+00
1.003135083471323519e+00
1.003767719492653310e+00
1.003274014975714890e+00
1.003519156203815710e+00
1.003132107556480523e+00
1.002932805006915062e+00
1.003209776817005849e+00
1.003338890543287620e+00
1.003619752582556091e+00
1.003535321049468854e+00
1.002827937526811874e+00
1.003042158400672790e+00
1.003227554945024691e+00
1.003605451806800053e+00
1.003267192213378678e+00
1.003338168677878395e+00
1.003644111329762501e+00
1.003318842189075522e+00
1.003389097435861244e+00
1.003166795361733810e+00
1.003889468753704328e+00
1.003405844637451860e+00
1.003357952842417022e+00
1.003896022652591702e+00
1.003588523736393734e+00
1.003145954632261638e+00
1.003426045448041259e+00
1.003155803216601472e+00
1.003759182309275744e+00
1.003147051088513209e+00
1.003275260868935703e+00
1.003315524882065768e+00
1.002832872941217035e+00
1.002450175560092305e+00
1.002786370972661212e+00
1.002954480514276936e+00
1.003019427116108364e+00
1.003470862051487167e+00
1.003125109810991233e+00
1.002474239401579093e+00
1.003366387662582238e+00
1.002950458907664322e+00
1.003636350302063107e+00
1.004123605319027890e+00
1.003672314676939958e+00
1.003419403740177351e+00
1.003161008393143483e+00
1.003296876080876920e+00
1.003104529590221894e+00
1.003160712174570035e+00
1.003224292904233206e+00
1.003118592631784045e+00
1.003062121223531111e+00
1.003724694805728346e+00
1.003375179538039452e+00
1.002595210398725456e+00
1.003795578607610262e+00
1.002984970784025043e+00
1.002560488594805177e+00
1.002828178039725016e+00
1.002857686425915329e+00
1.002934570904584266e+00
1.003900855427641625e+00
1.003134019706643398e+00
1.003107416791172435e+00
1.003666552926845368e+00
1.003423322179302968e+00
1.002729207300677272e+00
1.003563006653299006e+00
1.003615252714781469e+00
1.002821353172171248e+00
1.003791474541470885e+00
1.003837887807882856e+00
1.003125418026781901e+00
1.003414820320477796e+00
1.002732804990884574e+00
1.003667170893809191e+00
1.003415583895608032e+00
1.003128476021150295e+00
1.003748596947225513e+00
1.003861022065995590e+00
1.003010284292824794e+00
1.003075736168268950e+00
1.003788820313998853e+00
1.003686894204772084e+00
1.002917434882946379e+00
1.003747204687984729e+00
1.003755972452819778e+00
1.003179501088013570e+00
1.002964061340493540e+00
1.002474979883823281e+00
1.003623659078632269e+00
1.003178055155427462e+00
1.003336441906824028e+00
1.003054602698883802e+00
1.003887229762959965e+00
1.003092610270812868e+00
1.003068445333954450e+00
1.003495121046949379e+00
1.003182105600667118e+00
1.003519738849165677e+00
1.003472976187006260e+00
1.003281858198883603e+00
1.003945096953930971e+00
1.003087110766906154e+00
1.003239393124428780e+00
1.002873264216574078e+00
1.003395740254204194e+00
1.002998915775004107e+00
1.003644607904197406e+00
1.003439960404423292e+00
1.003470854026531578e+00
1.003336396214754567e+00
1.003384732464888573e+00
1.003550509685533498e+00
1.002470677814832012e+00
1.003065899208652079e+00
1.003166162098442449e+00
1.003789229179186338e+00
1.003087034225953911e+00
1.003846400635255875e+00
1.003225366408546870e+00
1.002502163678917757e+00
1.002778573860249267e+00
1.003016081195790221e+00
1.003572051629628037e+00
1.003467984727633544e+00
1.002812184055692724e+00
1.002914152990529884e+00
1.003172825524204725e+00
1.002468489447071454e+00
1.003272833796373664e+00
1.003733935801013111e+00
1.003184593281037484e+00
1.003053043575837355e+00
1.002842575450950235e+00
1.003099720143457274e+00
1.003628689196901513e+00
1.002999636669247963e+00
1.003479932965797072e+00
1.003135485691321493e+00
1.003500330273843888e+00
1.002484511166003678e+00
1.003107512647814614e+00
1.003691621773441289e+00
1.003274823924686032e+00
1.003630154487110238e+00
1.003236825356950135e+00
1.002905621893096511e+00
1.003340787639984466e+00
1.003318514490982416e+00
1.003739715579625935e+00
1.003401241872935001e+00
1.003760334895321460e+00
1.002789535978048541e+00
1.002624453401900873e+00
1.002945586310725945e+00
1.004167973510694312e+00
1.003829426063921781e+00
1.002593210570854598e+00
1.002652104920388032e+00
1.003989829257419197e+00
1.003444533135362526e+00
1.003039878680177077e+00
1.002553544030563737e+00
1.002716026739559618e+00
1.003357505934640015e+00
1.003057006726206790e+00
1.002900964777168724e+00
1.003483932426636027e+00
1.003431321641476304e+00
1.003369008830930387e+00
1.003141479504476186e+00
1.003484793952862830e+00
1.002975998459088247e+00
1.003253277881531291e+00
1.002698379629954673e+00
1.003876956619388583e+00
1.003178861926028231e+00
1.003385702248213329e+00
1.003273984322475831e+00
1.003349047877498679e+00
1.003001937887951778e+00
1.003647043760348856e+00
1.003075640759208076e+00
1.003401714065034422e+00
1.003740204568533745e+00
1.002748741108260511e+00
1.002648772126204735e+00
1.003902342443142581e+00
1.002961687611926278e+00
1.002704130633943258e+00
1.002809547897875131e+00
1.004030722333614900e+00
1.004214334554331289e+00
1.003640402603875437e+00
1.002412985034817794e+00
1.003369129485206290e+00
1.003759181414573654e+00
1.003362657181468887e+00
1.004130377502335358e+00
1.003367230361785323e+00
1.003231671558940219e+00
1.002688909554761754e+00
1.003391505128493177e+00
1.003614508883423184e+00
1.003303729589657411e+00
1.002871934453808400e+00
1.003172046856818600e+00
1.003741422067409461e+00
1.002857346323069887e+00
1.003361389607801524e+00
1.003191585336190350e+00
1.003252936053664390e+00
1.003121257734935323e+00
1.002736103134536538e+00
1.003499907261794721e+00
1.002521027631603445e+00
1.003189103356086909e+00
1.003074434502371215e+00
1.003860225349527457e+00
1.003015864208442576e+00
1.003434934561988179e+00
1.003559569208004376e+00
1.003084477048317602e+00
1.003079461792553362e+00
1.003055760054092582e+00
1.003366471401779370e+00
1.003240849750832941e+00
1.003490593796664498e+00
1.002723966358763930e+00
1.004175342496731904e+00
1.003359148675923240e+00
1.003517177654243309e+00
1.003277850719164643e+00
1.003505446082958885e+00
1.003498165786481433e+00
1.002859173398691350e+00
1.003050372475715601e+00
1.003347840871165575e+00
1.003141580744876027e+00
1.003936171010668232e+00
1.003171791987696126e+00
1.003651044734556796e+00
1.003446710310986978e+00
1.002898840994370433e+00
1.003148398296656252e+00
1.002401190432483213e+00
1.003459210395015733e+00
1.002739505860050562e+00
1.003620838071926036e+00
1.003861330877819480e+00
1.003439015684149060e+00
1.003308139841730950e+00
1.003507477565671824e+00
1.002577778541598796e+00
1.003469851860467221e+00
1.002564918296623420e+00
1.003132955429443696e+00
1.002875058060760383e+00
1.003018790085361100e+00
1.003943840628151341e+00
1.003198191826943697e+00
1.003310801412922171e+00
1.003108268295654470e+00
1.002743285731917622e+00
1.003085606547950315e+00
1.002856563962524206e+00
1.003585419641486620e+00
1.003009776881922166e+00
1.003616500377162435e+00
1.003840334392489542e+00
1.003744652701248796e+00
1.003327838067898270e+00
1.003624060196881773e+00
1.002843024631905333e+00
1.002661758959177751e+00
1.003444457852141314e+00
1.003365472749924603e+00
1.002596370687752092e+00
1.003223317294540173e+00
1.003360253884054698e+00
1.003292662468595386e+00
1.002899860118068753e+00
1.003226811458279411e+00
1.003397171254785780e+00
1.003348131138702692e+00
1.002950530601066648e+00
1.003639983286753523e+00
1.002987363790751152e+00
1.003810658932692501e+00
1.003034614492014143e+00
1.002525216505533834e+00
1.003342387576283912e+00
1.002721892908406520e+00
1.003980094552068714e+00
1.003337462656709533e+00
1.003671792048896227e+00
1.002922329794077250e+00
1.003808057490570338e+00
1.003361531955772268e+00
1.003396978807760132e+00
1.003160775438111108e+00
1.003165103127567459e+00
1.003454615327838306e+00
1.002878054537417851e+00
1.003513934851645084e+00
1.003315256642517861e+00
1.002807637872785929e+00
1.003719574336312759e+00
1.002486926884663232e+00
1.002830223627614981e+00
1.003390484680859229e+00
1.003247607161128041e+00
1.003185980047280434e+00
1.003546649173459482e+00
1.003863480937764008e+00
1.003573367993676246e+00
1.002774074711642482e+00
1.003517800882679945e+00
1.003798148057904127e+00
1.003772685213409233e+00
1.003287580683164038e+00
1.003342617977408757e+00
1.003908338308609594e+00
1.003838455731345558e+00
1.003579591192185427e+00
1.003711881451601728e+00
1.003513465033836205e+00
1.003714013080561962e+00
1.003333380632424277e+00
1.003369907605539568e+00
1.003746370747360617e+00
1.003319697784862630e+00
1.003223777314592446e+00
1.002928715054463460e+00
1.002615887354117552e+00
1.003087951180188675e+00
1.003887945474498000e+00
1.003626948600166768e+00
1.003489777450844000e+00
1.003317947980862046e+00
1.002360404233513913e+00
1.003431131930747400e+00
1.003366435275251156e+00
1.002614019610067020e+00
1.003142684770189419e+00
1.003398085148003993e+00
1.003573509399653618e+00
1.003664191300380537e+00
1.003961407514152304e+00
1.003306719312332174e+00
1.003547171186135234e+00
1.002641001913836982e+00
1.003618065867312170e+00
1.002979019608825295e+00
1.002563299847612832e+00
1.003255311633782343e+00
1.003507715296832803e+00
1.003643744909789692e+00
1.003432004439857916e+00
1.002991036700279448e+00
1.003753802865287481e+00
1.003302610726454214e+00
1.003325218409429898e+00
1.003236008168318705e+00
1.003007972751784216e+00
1.003186810786799610e+00
1.003075248949327314e+00
1.003220461989954293e+00
1.002903579010764545e+00
1.002610266027211372e+00
1.003518074578144459e+00
1.003260373710303854e+00
1.002815166103778521e+00
1.003229419838540748e+00
1.003312619158981178e+00
1.003045330429199522e+00
1.003579215564409877e+00
1.003589528058031144e+00
1.003864654557764524e+00
1.003391843936706662e+00
1.003003525287550435e+00
1.003559619501532829e+00
1.002869598632695647e+00
1.003811243554010080e+00
1.003099568335780845e+00
1.003440681911760501e+00
1.003545510881163505e+00
1.003635304573981424e+00
1.003476936746395154e+00
1.003319062199797385e+00
1.003792997474469484e+00
1.003483027037503028e+00
1.003074465949048255e+00
1.003108321452501617e+00
1.003448487159884772e+00
1.004149883380732966e+00
1.002605758375288092e+00
1.003580881590599994e+00
1.003100641478426258e+00
1.002992429700340749e+00
1.003598482981294282e+00
1.003016254532370199e+00
1.003334978889103946e+00
1.002829553987031330e+00
1.002724789331665534e+00
1.003169924347860675e+00
1.003320616738490045e+00
1.003269513117820422e+00
1.003691696207969830e+00
1.003358003076302296e+00
1.003791740197852889e+00
1.002869252851234405e+00
1.003890570462328213e+00
1.002802049854044641e+00
1.003473573635784488e+00
1.002882768258831492e+00
1.003475466092831114e+00
1.002989255650483358e+00
1.003063459202280461e+00
1.003534019998548965e+00
1.003636814677080435e+00
1.003369612930216537e+00
1.003297091347112202e+00
1.003422379624373084e+00
1.003418189586730014e+00
1.003795421418346434e+00
1.003635762852459257e+00
1.003489166013825651e+00
1.003699293394723302e+00
1.002798333063313230e+00
1.003476091072339260e+00
1.003289528659055296e+00
1.003378071468039368e+00
1.003031607407571801e+00
1.003639089674544849e+00
1.003588551794462047e+00
1.003014034896039020e+00
1.003609289200019683e+00
1.003197766100432320e+00
1.003786702044759505e+00
1.003309705111190997e+00
1.003579183407719677e+00
1.003512989559399715e+00
1.003022416253062099e+00
1.003437239116968360e+00
1.003149903482693173e+00
1.003651091478271029e+00
1.003167080676254486e+00
1.003620044717947524e+00
1.003941712451335899e+00
1.003733061174605368e+00
1.003227269706948643e+00
1.002527678393677180e+00
1.003135962120274005e+00
1.002859823542249673e+00
1.003306256653228479e+00
1.003804269768786339e+00
1.002868716217206524e+00
1.003126387907513184e+00
1.003320146217468123e+00
1.003148185918652846e+00
1.003196488425709187e+00
1.003597499393899417e+00
1.003033274460583435e+00
1.003484355588739385e+00
1.002514686415495015e+00
1.003312398481281953e+00
1.003212035856245521e+00
1.002963234951886440e+00
1.003026721461968807e+00
1.003357448678418029e+00
1.002980156830282521e+00
1.003417815802318369e+00
1.003956667108487411e+00
1.002957617609556706e+00
1.003184523850003007e+00
1.003483271431577784e+00
1.003306655978957407e+00
1.003016728255736956e+00
1.003593128700285275e+00
1.003815758826036131e+00
1.003554335148208132e+00
1.003185342933383017e+00
1.003034780979167984e+00
1.002166587195534975e+00
1.003515575402815996e+00
1.003745019730150956e+00
1.003645534732265920e+00
1.003335395134317132e+00
1.003722659718945476e+00
1.003194989217923272e+00
1.003885743253640328e+00
1.003536057934582004e+00
1.003934325202526567e+00
1.003216533693889856e+00
1.003094077977069842e+00
1.003277181659733452e+00
1.003452140201353870e+00
1.003134006000113043e+00
1.003791878970622609e+00
1.003306816088401776e+00
1.003041916479409101e+00
1.003281238587957036e+00
1.003311695594279573e+00
1.003231192724718612e+00
