1.299955787860890721e+00
1.299118587362917410e+00
1.296094573234585212e+00
1.297769654900947867e+00
1.294286577880100708e+00
1.319524438785816711e+00
1.303578116836268119e+00
1.302190195135116024e+00
1.304013021512723469e+00
1.297745105214078931e+00
1.303750717886756894e+00
1.291033453980379386e+00
1.324491472440880280e+00
1.307747568277077388e+00
1.312544381421252515e+00
1.302944551312815502e+00
1.304100531693239029e+00
1.292801041693373953e+00
1.296036697569757923e+00
1.301994548688248265e+00
1.311756079319425838e+00
1.295530080372451653e+00
1.300015376212405815e+00
1.317623400988651383e+00
1.300261164825082583e+00
1.313754668712062923e+00
1.311163727057110817e+00
1.315665827742820371e+00
1.312830660984375175e+00
1.315754357794335139e+00
1.300807863664988684e+00
1.311270442712198614e+00
1.324139692070274599e+00
1.308401243512935297e+00
1.314789648452084680e+00
1.302481244153296913e+00
1.306312169445371874e+00
1.314680176535047984e+00
1.324017510311660484e+00
1.314665971072210393e+00
1.315055543553415696e+00
1.290639898775675753e+00
1.311875470793324006e+00
1.305062861010781505e+00
1.321524925255049832e+00
1.299826449276104468e+00
1.306868216159060125e+00
1.312827811231668917e+00
1.297266205858908839e+00
1.316502981777410985e+00
1.318906521923576713e+00
1.298804721385394378e+00
1.309250752976276910e+00
1.302350275429432269e+00
1.308733756951400817e+00
1.310479768445951931e+00
1.312206128382353620e+00
1.304031771068169476e+00
1.319992511009265623e+00
1.296542102025218135e+00
1.314290634038282946e+00
1.304795432274888700e+00
1.317136385368059326e+00
1.305253627104084213e+00
1.310131188406505665e+00
1.308749752351966000e+00
1.306153992453468859e+00
1.298218496341309924e+00
1.306284020205132901e+00
1.297626730488245839e+00
1.297499429631654433e+00
1.298332411035077349e+00
1.315309523239591050e+00
1.313235385452669490e+00
1.293589555089101673e+00
1.297343361996635247e+00
1.299061632779890951e+00
1.315108338792543297e+00
1.326171189538126738e+00
1.311114923759393980e+00
1.301122709301723246e+00
1.298534099009382103e+00
1.315513033834583956e+00
1.324763018357980160e+00
1.308752628163292631e+00
1.303644962045319433e+00
1.290008304021534213e+00
1.302979651788044091e+00
1.305672717953378914e+00
1.313144842434329052e+00
1.315281945080400972e+00
1.312381970487600746e+00
1.300660872868925289e+00
1.287887519845195783e+00
1.300148183236355282e+00
1.296652488600677389e+00
1.299073555121994072e+00
1.298985493977936612e+00
1.304132434996553513e+00
1.307158444127929364e+00
1.300053151051217215e+00
1.329309004905464775e+00
1.293547238662680066e+00
1.318115988809452022e+00
1.299585991240549854e+00
1.306387191378363122e+00
1.316393013975024173e+00
1.306092672131578425e+00
1.299195018391340994e+00
1.294473179651472350e+00
1.309658962658986070e+00
1.318202179447804268e+00
1.307478304650804057e+00
1.311398248111380616e+00
1.301150204550987066e+00
1.298337368611926612e+00
1.303490814325349856e+00
1.312901942463980065e+00
1.306901274041505134e+00
1.297535119230761147e+00
1.298332352440881410e+00
1.307870615185324104e+00
1.311519258658351728e+00
1.295978638243642678e+00
1.301515206310733808e+00
1.313268491599585808e+00
1.301193533002323210e+00
1.313805201623075014e+00
1.306733262265997064e+00
1.305643375312275145e+00
1.310747790225166298e+00
1.296254960319860983e+00
1.311491428444037100e+00
1.314611199629505123e+00
1.313865176064973994e+00
1.295435008802601651e+00
1.298749531282317182e+00
1.290740514569912234e+00
1.305136792161125880e+00
1.308281808001672708e+00
1.324712050745899816e+00
1.302790830227753993e+00
1.309568686827482509e+00
1.315377060565317890e+00
1.304405582826589693e+00
1.318043858149999359e+00
1.307458253010197469e+00
1.308680127413040850e+00
1.302139011511415534e+00
1.312856492489534510e+00
1.321191936486606044e+00
1.314041807199731959e+00
1.289679486378951578e+00
1.329820412869992863e+00
1.290116984173966364e+00
1.304495720368872735e+00
1.310615957399255960e+00
1.289503812141549410e+00
1.288453839767651044e+00
1.335842615236887632e+00
1.325211689153275696e+00
1.325374547726096530e+00
1.329804764675766471e+00
1.307917656338037249e+00
1.298335767657744499e+00
1.331721537631523899e+00
1.324611554392698176e+00
1.304332166867786080e+00
1.300308398071510441e+00
1.328634979681000639e+00
1.307633227890145466e+00
1.306165643983391078e+00
1.304363805050216651e+00
1.292394222479117838e+00
1.305352040062956798e+00
1.307481922952842046e+00
1.305810802380591662e+00
1.313073354835999629e+00
1.306681311646644028e+00
1.322192547271666907e+00
1.296665489242214031e+00
1.315442894770985749e+00
1.305633665204888549e+00
1.291137065448649368e+00
1.323953213739323731e+00
1.307660756261259882e+00
1.327981403410356753e+00
1.309289563974620929e+00
1.308836679584362894e+00
1.309054728612026208e+00
1.305729703187003654e+00
1.313133989905863608e+00
1.306224999256079045e+00
1.315160497015971597e+00
1.310700654842077206e+00
1.301624405683646790e+00
1.295004563894248673e+00
1.328504395054197040e+00
1.309925448712364160e+00
1.301218618340412858e+00
1.285792117177011251e+00
1.306245054394795879e+00
1.291344771334197894e+00
1.304380749595826616e+00
1.309664026128602776e+00
1.313316685605769196e+00
1.303365069998614789e+00
1.298514277187783117e+00
1.302650514203969268e+00
1.316600992202304310e+00
1.305764491274447714e+00
1.324080717935766760e+00
1.285249209126931857e+00
1.297896171790928754e+00
1.308521867290888263e+00
1.304801735341907243e+00
1.297104385930740733e+00
1.307624564779445109e+00
1.317396176139410624e+00
1.308062301554514306e+00
1.301796160494959498e+00
1.330919286506637489e+00
1.297076996837804419e+00
1.316340901243554740e+00
1.300870421958138845e+00
1.291845894775386583e+00
1.297160672586270769e+00
1.288572470874628451e+00
1.304244551839310429e+00
1.304889010413138983e+00
1.298639691780841599e+00
1.298416014772140636e+00
1.285951510856798263e+00
1.321046669609705626e+00
1.317264349353609365e+00
1.292503220788750351e+00
1.307994372435255181e+00
1.297327931569411508e+00
1.286257473400526541e+00
1.324444668202366726e+00
1.300943179091026636e+00
1.298801237897947880e+00
1.301035620910643065e+00
1.304717207978826954e+00
1.310090179330674731e+00
1.303861131194155032e+00
1.323992761133015561e+00
1.313241483026264866e+00
1.317521580657671443e+00
1.302480033048056596e+00
1.313135866299042442e+00
1.294384821155857956e+00
1.317091645978571313e+00
1.303212830562054947e+00
1.286936838133122540e+00
1.297449705934239361e+00
1.317760654634516637e+00
1.299629518058719402e+00
1.303048380121185401e+00
1.307191704398710241e+00
1.315292671057179286e+00
1.297103492062726016e+00
1.300202788405003140e+00
1.316743599585982638e+00
1.312474855924239403e+00
1.324267462742750423e+00
1.316117689335950747e+00
1.308621220246599215e+00
1.305794682359674885e+00
1.319527794020977085e+00
1.311523559290046714e+00
1.321940314516112158e+00
1.289640661587752257e+00
1.304800108661007041e+00
1.302438139857483579e+00
1.300120977144910039e+00
1.305693093835319729e+00
1.297178499561673304e+00
1.314209921776018808e+00
1.303328643679317889e+00
1.295096540261181595e+00
1.300487139317215268e+00
1.298303587376411050e+00
1.307563084427473932e+00
1.302006150192365430e+00
1.294787585742293468e+00
1.284224086205625115e+00
1.304601191650857972e+00
1.321310791603107493e+00
1.295537419952770053e+00
1.322956111135283885e+00
1.302325428205145075e+00
1.305326599194501558e+00
1.308818759180679914e+00
1.293498279639865967e+00
1.311245574627324162e+00
1.312621608953651320e+00
1.303094486703712418e+00
1.310100214039250588e+00
1.318823228411524884e+00
1.315686777900734183e+00
1.304445084029381308e+00
1.300449124671077872e+00
1.305689853304420556e+00
1.309296538294245194e+00
1.305411149315939268e+00
1.296122716713964618e+00
1.299818179483080538e+00
1.313843146487928548e+00
1.321074516176609315e+00
1.308675359248857140e+00
1.301098388937012240e+00
1.303957331755858151e+00
1.297560849560861707e+00
1.298468978401110752e+00
1.303812887225470174e+00
1.300927988832487836e+00
1.321644489860036575e+00
1.314919043104580521e+00
1.305924602431193682e+00
1.297708790127413803e+00
1.295698380614778822e+00
1.297823502931755746e+00
1.287954365851921024e+00
1.295300675044310346e+00
1.308396603025342886e+00
1.311253738238441047e+00
1.306874949018387078e+00
1.326144137660650424e+00
1.306095153775163942e+00
1.296606058272942397e+00
1.301679459174134967e+00
1.301722174406886756e+00
1.299280104685991422e+00
1.327517994954898306e+00
1.284113424517082214e+00
1.299483464253981424e+00
1.307033124526308487e+00
1.294141405356418639e+00
1.314164747185605497e+00
1.330733961917712760e+00
1.300791237603835970e+00
1.311496783324807680e+00
1.294536900410519387e+00
1.292751620478313157e+00
1.307019402102735928e+00
1.287991445659908196e+00
1.304194853762377981e+00
1.304828316877118199e+00
1.295246568851383895e+00
1.299404455068564168e+00
1.322175610241191901e+00
1.292067769969809765e+00
1.307850735971311629e+00
1.319283847935807552e+00
1.301161024390524723e+00
1.321163996096723858e+00
1.313198920356604793e+00
1.313228007151082011e+00
1.308738447451505360e+00
1.305697677772948539e+00
1.310334589005236916e+00
1.298083746935494220e+00
1.296396481153767155e+00
1.314428431086136939e+00
1.294255876117518689e+00
1.305928865851138321e+00
1.300877077224294576e+00
1.299486641112966412e+00
1.341939591425751699e+00
1.307484882378765922e+00
1.300909432734904225e+00
1.293222070820325476e+00
1.305382867689103055e+00
1.308624014032419902e+00
1.306112936794756374e+00
1.308458029815293022e+00
1.313092487611458026e+00
1.295468996472902701e+00
1.319677185854473134e+00
1.302906701522992705e+00
1.303367943884871760e+00
1.310436884744767161e+00
1.301185502292025120e+00
1.299424441599919877e+00
1.304358804827931095e+00
1.314723248278010015e+00
1.293286931011695229e+00
1.295800412429676696e+00
1.305336290453884107e+00
1.304177023042666805e+00
1.304131495699992316e+00
1.302048158904645314e+00
1.307962332926585924e+00
1.324100485305231389e+00
1.298193719237668908e+00
1.295787555925904000e+00
1.320819463084552448e+00
1.311992954889456220e+00
1.315085057138703828e+00
1.318662680816160560e+00
1.314771666706315401e+00
1.294813723471253342e+00
1.306714537778797869e+00
1.301767862291033806e+00
1.300322755590426649e+00
1.291033061094122747e+00
1.307236502228609210e+00
1.296628983528086421e+00
1.298436637142917904e+00
1.299609654221633326e+00
1.309168101710080467e+00
1.296906947593974513e+00
1.314965180056717919e+00
1.298094667620536935e+00
1.318413594178752923e+00
1.295513758721078323e+00
1.289306727765982430e+00
1.301922930226685038e+00
1.314789517644452621e+00
1.298588933639089449e+00
1.303836134176344030e+00
1.307960096047533050e+00
1.309265147040052035e+00
1.312268824527121458e+00
1.290931989576937777e+00
1.297618265081095235e+00
1.316796509195470088e+00
1.334033963172717163e+00
1.316593415642870024e+00
1.303646467860117841e+00
1.297852930623834444e+00
1.309763797823890297e+00
1.290982470430044993e+00
1.302641805589605184e+00
1.300482624925687114e+00
1.315313362809434450e+00
1.320261715007173153e+00
1.315062910821121589e+00
1.328846154445547434e+00
1.310125206223157868e+00
1.296598292196758040e+00
1.310346744763264182e+00
1.309980221215275131e+00
1.308374266382259510e+00
1.307992396730034645e+00
1.317341435868436772e+00
1.295587171585908415e+00
1.307509730484664345e+00
1.304325845709171094e+00
1.280933489250579260e+00
1.313122111428367544e+00
1.291528568874905858e+00
1.303630526679371293e+00
1.311316371342087672e+00
1.303335637563237448e+00
1.311190351786683195e+00
1.307894230015908210e+00
1.295930258330293627e+00
1.295208663118264880e+00
1.306879554602147220e+00
1.298587641246695457e+00
1.307153117280472010e+00
1.291685740027300966e+00
1.307484013152834690e+00
1.304191159412925405e+00
1.313002026444344716e+00
1.327050932455295262e+00
1.291622799104425345e+00
1.311757829607253845e+00
1.293370783637881605e+00
1.317331767168957724e+00
1.300673963782283504e+00
1.290543062098674421e+00
1.309244971962990611e+00
1.314404505956236369e+00
1.309307065961612615e+00
1.325887989738303130e+00
1.305211151933156399e+00
1.345942561349123157e+00
1.295478054453199857e+00
1.294956338386904715e+00
1.307918325326439257e+00
1.307187699120311519e+00
1.302555621526028107e+00
1.295553904825697877e+00
1.292937378660836689e+00
1.304329545272412405e+00
1.310879581891994050e+00
1.306381267253356571e+00
1.304532240327242354e+00
1.315347770767877789e+00
1.288851077347680230e+00
1.310993081557005002e+00
1.301521505176571614e+00
1.304959299166484232e+00
1.308307465978909567e+00
1.316577747227443140e+00
1.307784452791520113e+00
1.305719695397517421e+00
1.296481510429174921e+00
1.309932854075918751e+00
1.305726644128658576e+00
1.302443544842076362e+00
1.313910771794219556e+00
1.308749685582611066e+00
1.299723958187798623e+00
1.317387071930322451e+00
1.295504695579901888e+00
1.319823109631288682e+00
1.298415657173856541e+00
1.317650772095585676e+00
1.292534998270033153e+00
1.310118940359381146e+00
1.301835085421236604e+00
1.314432995331763498e+00
1.303374578425502195e+00
1.297392325568567317e+00
1.327546922426535936e+00
1.298541848974374746e+00
1.313732390817145879e+00
1.297001224315478263e+00
1.304806180156820483e+00
1.321377466280089896e+00
1.291241108691781436e+00
1.306953759737188081e+00
1.316772865330863018e+00
1.305534227676572900e+00
1.303318566667722722e+00
1.296983333010303774e+00
1.292656831063818457e+00
1.292177211726617703e+00
1.316723755916506144e+00
1.313945522400660870e+00
1.291418089598380670e+00
1.303222970974311057e+00
1.299697256723362893e+00
1.319550981481871998e+00
1.313052606960336099e+00
1.293832265455121311e+00
1.314701330818277114e+00
1.287663737364590277e+00
1.297998466412028318e+00
1.304388560235597572e+00
1.318790110642146685e+00
1.306194565450763845e+00
1.308903579923146765e+00
1.299673893399778901e+00
1.290835863098998226e+00
1.284437399006735037e+00
1.307687675703417485e+00
1.296051362772656868e+00
1.304694704510233061e+00
1.300747829075285411e+00
1.302467926639374607e+00
1.303045693738197786e+00
1.325267855690035912e+00
1.293929367702179700e+00
1.310670627058514226e+00
1.304675983095911818e+00
1.283135175623157487e+00
1.304787661541867205e+00
1.289727155601423148e+00
1.307864245939382997e+00
1.320564785171755240e+00
1.332899311501064554e+00
1.316250377713036990e+00
1.314130321236834265e+00
1.298265352806292405e+00
1.294094224180671215e+00
1.306604430849248821e+00
1.322449748889599208e+00
1.320322544000181786e+00
1.307274558624848426e+00
1.291713557002276413e+00
1.302381184424929561e+00
1.301726603009260685e+00
1.291317421480479233e+00
1.310058265092527874e+00
1.309316564075630573e+00
1.310662010189396653e+00
1.301706977171658286e+00
1.300159573171302485e+00
1.323555238165294190e+00
1.327004637362045436e+00
1.304745368153734431e+00
1.308289337982209144e+00
1.299114696739170460e+00
1.308195470478010103e+00
1.282740318570069205e+00
1.307492332229841292e+00
1.310788016096471997e+00
1.293894419450440259e+00
1.304570737951744164e+00
1.295896396866462075e+00
1.296383522483478545e+00
1.302640587419199081e+00
1.305744278073549758e+00
1.322224961840352986e+00
1.298272437530590739e+00
1.302573590608148812e+00
1.314652566253633470e+00
1.297733615002521823e+00
1.303391408562192266e+00
1.318313377327069658e+00
1.295590442540847320e+00
1.314881395338489023e+00
1.324781857504029992e+00
1.296836156507591653e+00
1.294926061374579884e+00
1.293702752312930526e+00
1.318942448078446850e+00
1.304739779956431978e+00
1.322045172513171885e+00
1.301529843723613800e+00
1.295299890657499287e+00
1.307295455604916556e+00
1.291451679532640506e+00
1.312968805257241023e+00
1.306891739877082292e+00
1.310031614936227662e+00
1.309305655618071551e+00
1.306902471536376842e+00
1.294015053442902019e+00
1.297774401712075143e+00
1.296441477887146920e+00
1.291459138908303439e+00
1.314634995381366300e+00
1.289843962427508872e+00
1.300479360482949653e+00
1.309757673648083376e+00
1.306191691703541657e+00
1.319339159916278925e+00
1.305870944709941250e+00
1.291219485240327591e+00
1.297338450415892241e+00
1.307981349156789763e+00
1.311154071253832987e+00
1.295906885007502840e+00
1.309335263591200560e+00
1.306764493031801200e+00
1.304493140758643976e+00
1.314685461516223786e+00
1.314816369627919590e+00
1.291230351701059709e+00
1.300803869575584804e+00
1.295417550545991947e+00
1.301172924196531744e+00
1.304488438158520225e+00
1.310643233943782349e+00
1.311338477180073125e+00
1.291701154376521554e+00
1.310633190022266525e+00
1.311637223201612024e+00
1.306051657091225726e+00
1.310462934060194984e+00
1.306824517615046588e+00
1.293654041034235647e+00
1.290444384714218184e+00
1.296960641960677618e+00
1.304775016337128113e+00
1.338174096935213830e+00
1.314515864921719457e+00
1.303576086116050581e+00
1.306779686242898864e+00
1.294537384650846112e+00
1.288011975761843786e+00
1.297454676386821104e+00
1.316960478310907234e+00
1.301100018973250005e+00
1.308559037271025183e+00
1.300002288647058357e+00
1.310801377858537675e+00
1.304315559844157590e+00
1.298571553301880455e+00
1.304691866236893594e+00
1.305425548531627289e+00
1.313299981731076427e+00
1.317245399889745539e+00
1.316351034041284951e+00
1.320884245723012329e+00
1.322168894940642270e+00
1.306844327857396015e+00
1.301990750303636313e+00
1.290676345716319284e+00
1.293231637220768171e+00
1.306777855446020986e+00
1.311618507413451651e+00
1.326659084756840024e+00
1.295702220535915439e+00
1.297858616881494731e+00
1.297125702689275073e+00
1.317464369885379405e+00
1.298510253486538257e+00
1.296592904271394397e+00
1.298911521106011158e+00
1.331278228651109563e+00
1.296379606374319149e+00
1.312458944007228512e+00
1.293380653277914183e+00
1.295903620771182485e+00
1.306946315274656989e+00
1.291298227977128787e+00
1.296365304840177313e+00
1.302386768759809632e+00
1.331027373509261258e+00
1.291934558524712173e+00
1.295336739025101824e+00
1.300938763875823190e+00
1.292046325565083587e+00
1.322453363221324008e+00
1.310179666940745280e+00
1.307843823330890443e+00
1.334173013564203814e+00
1.319968989967128081e+00
1.291774677724119691e+00
1.293510959100663049e+00
1.313711505409327795e+00
1.287686851219589368e+00
1.302570518612977235e+00
1.297196049396054152e+00
1.302123442279514043e+00
1.308837816585054936e+00
1.299488682612094159e+00
1.297893873453655367e+00
1.294230367425110551e+00
1.302242590502882269e+00
1.296508508617418176e+00
1.287759199184169034e+00
1.301257599809599874e+00
1.299710265778800666e+00
1.312200421729653010e+00
1.306429625066109157e+00
1.300961538989629407e+00
1.329973515322621092e+00
1.325005970847876746e+00
1.290076729511161036e+00
1.301020190362081719e+00
1.317336062429694588e+00
1.299464747005012688e+00
1.312021039733422878e+00
1.310617730783379065e+00
1.305423944326834729e+00
1.312750545166079919e+00
1.330826718081564497e+00
1.317003081612980742e+00
1.310453025561542528e+00
1.297122423195206764e+00
1.321731811316293026e+00
1.320489863057569435e+00
1.306573912187618536e+00
1.304365443384017276e+00
1.303492118387173049e+00
1.303606912779324389e+00
1.302713699472229480e+00
1.303185820448964582e+00
1.312053601578198059e+00
1.301463144236626901e+00
1.302161136154847298e+00
1.303826537518721684e+00
1.305152846302353176e+00
1.294927428912024281e+00
1.314952980958725703e+00
1.313934075027533233e+00
1.313687755389933765e+00
1.298547377145370385e+00
1.299839304325605127e+00
1.315793550571116022e+00
1.289594114762621979e+00
1.301885433188451957e+00
1.307707480193973870e+00
1.311906931112882813e+00
1.310800034828356608e+00
1.300535312542610011e+00
1.302568020528953374e+00
1.310511781528054254e+00
1.307206881939021681e+00
1.305903518840672906e+00
1.295168303922880515e+00
1.306498548341683552e+00
1.314427137136058077e+00
1.295538024614200312e+00
1.302580154714468419e+00
1.334389883756511352e+00
1.309850321473989387e+00
1.304500900535833008e+00
1.305239278295726724e+00
1.315228321010950552e+00
1.307434980054803741e+00
1.308428027513529601e+00
1.291193957052345853e+00
1.300928315944971159e+00
1.328257447724491502e+00
1.304670352065472549e+00
1.296370338380580467e+00
1.313571320444225865e+00
1.299229385466456499e+00
1.307729111838006997e+00
1.309753166381167677e+00
1.328491665034546410e+00
1.305926278976806243e+00
1.316254535726187891e+00
1.299623139209184153e+00
1.307504377399170803e+00
1.288038861301166849e+00
1.306641833648009232e+00
1.329581168720024964e+00
1.324735215830361579e+00
1.303915686023093823e+00
1.311265056124451212e+00
1.322504586164218399e+00
1.305435010318127587e+00
1.307272847263403648e+00
1.314984018770046115e+00
1.284220200741265749e+00
1.304628096578349883e+00
1.297481638922391545e+00
1.319902393042383215e+00
1.328122221407322501e+00
1.306417879892325162e+00
1.285426858253455373e+00
1.303585566486527458e+00
1.307072367062590335e+00
1.291464121310683666e+00
1.322879655441558722e+00
1.309006131047728561e+00
1.309358128925449449e+00
1.291644265579348083e+00
1.310833753193777040e+00
1.303194452703190453e+00
1.301047898088331767e+00
1.309740028802693912e+00
1.305844939638460156e+00
1.316987292365481066e+00
1.325523790224857557e+00
1.313831603475174692e+00
1.285258702799414232e+00
1.294574212877543484e+00
1.295574376847106857e+00
1.294927872752423825e+00
1.303281918424250563e+00
1.290393276649510090e+00
1.317306800496186758e+00
1.294863062604855841e+00
1.288703642316135767e+00
1.297127246118587873e+00
1.331924123377096647e+00
1.316110110597902283e+00
1.305869728020341958e+00
1.301751967221583373e+00
1.278843467015333246e+00
1.289394169263063272e+00
1.309134780594717773e+00
1.289271551388531778e+00
1.313564499179137979e+00
1.314404762997974929e+00
1.320612134624513212e+00
1.291077950505626459e+00
1.303816776217619600e+00
1.315191865439907293e+00
1.299569953524525978e+00
1.297145707580110052e+00
1.312499393403155912e+00
1.336410529276407910e+00
1.303506215334400808e+00
1.304838094442297036e+00
1.341706246562557325e+00
1.299807985576735714e+00
1.305964595984907550e+00
1.284238062604067476e+00
1.293306282679745012e+00
1.313876728899703528e+00
1.301502665163810413e+00
1.309632759422272530e+00
1.314980081866609085e+00
1.295880831750219953e+00
1.302597232757581658e+00
1.300032641060763883e+00
1.308347961648251401e+00
1.306024023032503534e+00
1.309719127948134609e+00
1.301404708300708535e+00
1.309769111444806455e+00
1.320549941842775743e+00
1.310904318512583266e+00
1.306117758146329244e+00
1.297142291931722369e+00
1.307376722260948032e+00
1.318363947288835325e+00
1.287725712468114958e+00
1.329503690241225833e+00
1.299541152311706194e+00
1.296548302091883098e+00
1.308212680108923331e+00
1.291280077723668152e+00
1.295266526676269514e+00
1.295119900994893269e+00
1.316524941836597407e+00
1.305395568649887927e+00
1.302100249735298476e+00
1.307395369658062467e+00
1.300614951266743091e+00
1.297251278668711816e+00
1.298410768171439189e+00
1.304852845626865987e+00
1.308411075984046601e+00
1.307546500929727351e+00
1.312676545477735379e+00
1.306424674995527724e+00
1.315959172372084263e+00
1.293985076310470994e+00
1.309066526007884645e+00
1.303792503987242668e+00
1.304796090307009049e+00
1.323043931513914639e+00
1.317044230058243448e+00
1.314019904278578066e+00
1.301184782466273449e+00
1.301250555516759055e+00
1.290091795087462190e+00
1.308893877947181483e+00
1.322627184596181893e+00
1.300075284420016519e+00
1.306111997152250792e+00
1.301874733601996903e+00
1.292572338852961300e+00
1.301135108977887755e+00
1.305491648460440635e+00
1.299395548417253465e+00
1.307421087107747182e+00
1.306397272786876451e+00
1.299553039847028746e+00
1.306671791482548306e+00
1.333475348409835615e+00
1.284190712614556418e+00
1.299745328113476983e+00
1.289476720555285283e+00
1.311819924516290703e+00
1.304218966164841342e+00
1.308224787375616760e+00
1.297606858554734233e+00
1.319741801269709969e+00
1.317957878446178732e+00
1.306949248149229970e+00
1.314499476770406794e+00
1.291324542212595405e+00
1.297335098992957736e+00
1.299360063045190694e+00
1.310617477908839756e+00
1.305666226127624396e+00
1.297077415434007897e+00
1.309527714624538541e+00
1.282939402177202703e+00
1.313873732638120906e+00
1.309665891360005441e+00
1.309601608663484962e+00
1.306000693883383690e+00
1.326890884568490359e+00
1.309613235835584533e+00
1.311625263292014676e+00
1.312441288608284573e+00
1.338890920963246023e+00
1.309182057895615925e+00
1.293655274255022025e+00
1.305166075252162994e+00
1.292957260914866735e+00
1.308997799770619919e+00
1.314000071811632031e+00
1.320943895092069553e+00
1.302560354408737853e+00
1.302219954808253144e+00
1.291688280009106071e+00
1.291699241363621464e+00
1.312961802031332725e+00
1.297800401247125368e+00
1.307174413453342510e+00
1.310892137344234598e+00
1.291842930921920374e+00
1.302360917260012796e+00
1.293117612676837780e+00
1.313425638372826221e+00
1.295838137952032287e+00
1.295624212750065452e+00
1.301297025873255242e+00
1.312416877664866144e+00
1.288335105046003237e+00
1.318979006905530937e+00
1.294571695781033371e+00
1.297277200303698974e+00
1.306168307447699295e+00
1.300592431063432253e+00
1.292329211456435090e+00
1.287321156223626417e+00
1.280646686526721201e+00
1.302158780037981023e+00
1.292773473391932049e+00
1.309771875288415988e+00
1.293945494240586802e+00
1.304959817075354023e+00
1.320606835127367873e+00
