5.754124564395846547e-05
4.301226076441466012e-05
4.510071755261214834e-05
4.142699157726851557e-05
4.595380423697000780e-05
4.198087810855035844e-05
4.523765867966071479e-05
4.292474794910096738e-05
4.151433882453401124e-05
4.202805871864359296e-05
4.195999557007675261e-05
4.194007623540025063e-05
4.136294018545285555e-05
4.148756518006246376e-05
4.276381279866167890e-05
4.285241736401665413e-05
4.214212401565014995e-05
4.208977720880159227e-05
4.252138753822322739e-05
4.258769516912235757e-05
4.175670361947991875e-05
4.308635070269210702e-05
4.221355856665073391e-05
4.232830551613192983e-05
4.224589658402556192e-05
4.564998618225335524e-05
4.174822139014700619e-05
4.136946948157892140e-05
4.517768412809150953e-05
4.464357147251724961e-05
4.404314735255485233e-05
4.260250054772743563e-05
4.607304798851597015e-05
4.199309889325101273e-05
4.150104320334133703e-05
4.290399317583395208e-05
4.506122981910715272e-05
4.227296547807166100e-05
4.432682489891961352e-05
4.262988157860675404e-05
4.337347834360977792e-05
4.401443606654791100e-05
4.195183271521705110e-05
4.456165230928275684e-05
4.348873294823138539e-05
4.126288742739061806e-05
4.153786943016915447e-05
4.218874150335539055e-05
4.667353492884072349e-05
4.218067952007275109e-05
4.359165088717276929e-05
4.127767845898780045e-05
4.247872905260484199e-05
4.196401630742659376e-05
4.542525612597292855e-05
4.269142703311879487e-05
4.071488811964971177e-05
4.159075615090314246e-05
4.240233522176417059e-05
4.352985272062637851e-05
4.237641065883767326e-05
4.246915853676200888e-05
4.386118395647480104e-05
4.410991490109944746e-05
4.251402748551941452e-05
4.260975818225531183e-05
4.361829735179095075e-05
4.377642540791508040e-05
4.177781934789277953e-05
4.593051868396166892e-05
4.318187554952663003e-05
4.289536020228522351e-05
4.252281772723410819e-05
4.339506278268717124e-05
4.575392575667280485e-05
4.428252251167197833e-05
4.263270817393009554e-05
4.267610093381010006e-05
4.276068955441822802e-05
4.198480692287591957e-05
4.372598865293683305e-05
4.602112584780198603e-05
4.324988660269898450e-05
4.202876736323021438e-05
4.178421519823846599e-05
4.210061300381218727e-05
4.342328851238448227e-05
4.196012853883723950e-05
4.302034421640948356e-05
4.431366979338845755e-05
4.255347186339989292e-05
4.283629143607357837e-05
4.284794810393405783e-05
4.518897639638326888e-05
4.158535853179896511e-05
4.133364357392972253e-05
4.133034207231718740e-05
4.458673104536246595e-05
4.397668614605047957e-05
4.188973647057224882e-05
4.132498898157649619e-05
4.261036051932902397e-05
4.394763296314599231e-05
4.242246665264754200e-05
4.147647091151915083e-05
4.120050875934329375e-05
4.281697164893645151e-05
4.165846561409129593e-05
4.263756187137001969e-05
4.270865193116890526e-05
4.285365368519811826e-05
4.324230076346741191e-05
4.174938347423527908e-05
4.438250276455448569e-05
4.159950357331093195e-05
4.261544111913949113e-05
4.333717457071376900e-05
4.380350013203048305e-05
4.210773651613002798e-05
4.227848193454900109e-05
4.207477764110023323e-05
4.126794474671227462e-05
4.351739883196565988e-05
4.280327853772771668e-05
4.194090710569650763e-05
4.258529743886843637e-05
4.159505876401606398e-05
4.161971631568178764e-05
4.288385658169536775e-05
4.076473022607154348e-05
4.268195933763876786e-05
4.137507087946942438e-05
4.272697002168406781e-05
4.221217931139825761e-05
4.277063520597158131e-05
4.922348787289324094e-05
4.289021911111753275e-05
4.220648862542506272e-05
4.602143084837460841e-05
4.243393762063998854e-05
4.165382554561046497e-05
4.231617440135788374e-05
4.048685101337582884e-05
4.307000574344823745e-05
4.167583427758825987e-05
4.310784583975394991e-05
4.139298644171565070e-05
4.525727066651235968e-05
4.124576259272607042e-05
4.315075823068049754e-05
4.422930961896969702e-05
4.116099973587832305e-05
4.142489550836044027e-05
4.584032349158908800e-05
4.303501118308396983e-05
4.162924038756470963e-05
4.146785145855562030e-05
4.204919403891087157e-05
4.152703425283064455e-05
4.156870688399663536e-05
4.398066873398652374e-05
4.244069420380153999e-05
4.134539753748243653e-05
4.207126722562966298e-05
4.153740559789633244e-05
4.482911287371218822e-05
4.297618796592369932e-05
4.065029578637069634e-05
4.220264905680430167e-05
4.355272274088378199e-05
4.157913919833099912e-05
4.215632414605255672e-05
4.454240091235131256e-05
4.134041712159326819e-05
4.211712223157984845e-05
4.271677765213196149e-05
4.254172393050241572e-05
4.568019979327910554e-05
4.196831646903174137e-05
4.266046263971035632e-05
4.129014860319183078e-05
4.234068413372407523e-05
4.292756164264811066e-05
4.403004376688525446e-05
4.328665127847276697e-05
4.172891527208286681e-05
4.397170488445153785e-05
4.142995898909645921e-05
4.172917813503699435e-05
4.390307739440175598e-05
4.183731670704686527e-05
4.222855678601152534e-05
4.160457481811094657e-05
4.126751115583876246e-05
4.407234650401652728e-05
4.405949163981917361e-05
4.252770033769382428e-05
4.676539950930964408e-05
4.155699584040665090e-05
4.138533108241073207e-05
4.356109278027767438e-05
4.311874820944304064e-05
4.117751459088949453e-05
4.363006943451196699e-05
4.114698176850834345e-05
4.373042850832938174e-05
4.257208083992066621e-05
4.138561889410251549e-05
4.443006391598364381e-05
4.530506935362251609e-05
4.147907310198176411e-05
4.397848321025865577e-05
4.182935596030187917e-05
4.189382666434328850e-05
4.312206317665003285e-05
4.389113612818557091e-05
4.205757843891073006e-05
4.219262684892269571e-05
4.270040130103939027e-05
4.343391159252576507e-05
4.378451260212648278e-05
4.264239643711583078e-05
4.384561302736420712e-05
4.193122373546636738e-05
4.470131799251809122e-05
4.410285358105173940e-05
4.378669423898723135e-05
4.173818534794967463e-05
4.174782200453458123e-05
4.162448608788645407e-05
4.188570373055213342e-05
4.461353495657523449e-05
4.215137878277759451e-05
4.696852829649766860e-05
4.165304107264045590e-05
4.219456339879936406e-05
4.278704589245695106e-05
4.232183707047939549e-05
4.155194800714345814e-05
4.234229123025420226e-05
4.859836502431531710e-05
4.331170269524455452e-05
4.202900652327351235e-05
4.169813868565928325e-05
4.197773024110126568e-05
4.187274990606025809e-05
4.694896849326143728e-05
4.429129819319065303e-05
4.366336969340698949e-05
4.312243922930675272e-05
4.313859414163178708e-05
4.197107876673728183e-05
4.466755083056616829e-05
4.166516452842522803e-05
4.235157475492603408e-05
4.109118748025997138e-05
4.240561601763045187e-05
4.190984449871958589e-05
4.128374000349241364e-05
4.526541813577707537e-05
4.410841489875056760e-05
4.321043994534287983e-05
4.261705792136705233e-05
4.219972162866605703e-05
4.200312343274861164e-05
4.241468061774504946e-05
4.415371254254807902e-05
4.339197902531230212e-05
4.265548182219655192e-05
4.887305500497263390e-05
4.244901689373455273e-05
4.157118017297964342e-05
4.730214777792856137e-05
4.103714651602340802e-05
4.206715987851682024e-05
4.232909220622555900e-05
4.243074591586747606e-05
4.328078130395448874e-05
4.129354045469465497e-05
4.459763847071795246e-05
4.311586611016338935e-05
4.317557997046976744e-05
4.231012767158102322e-05
4.236511558053315948e-05
4.349800998420633543e-05
4.208451690432353558e-05
4.210447991360024238e-05
4.141340071433793018e-05
4.158937784837465662e-05
4.281752908590928051e-05
4.221522570380367083e-05
4.268330027291418341e-05
4.170199109799510877e-05
4.204357561652406072e-05
4.374390902418243593e-05
4.274128632937662734e-05
4.523102910548299882e-05
4.097337208224341600e-05
4.189449865123733566e-05
4.407923368497722143e-05
4.539875426309742952e-05
4.426625628099460793e-05
4.173538111141063142e-05
4.428577206037570091e-05
4.310786807243525596e-05
4.446207831929210749e-05
4.202739221691132940e-05
4.539067095121633642e-05
4.273295978777990277e-05
4.533102677429147345e-05
4.264450217119837604e-05
4.297185072787995951e-05
4.275607393642312764e-05
4.336799361484619650e-05
4.204136261175933067e-05
4.267336551421316477e-05
4.731292536894776582e-05
4.730748992564706837e-05
4.228427489049347584e-05
4.178551643536413903e-05
4.272524271402884931e-05
4.412746539140321658e-05
4.285909393401261781e-05
4.466220278959876649e-05
4.373647296399938187e-05
4.228034304581799080e-05
4.760563996001618899e-05
4.483375548758156782e-05
4.191007237843444658e-05
4.132367548227681991e-05
4.258869662016954825e-05
4.189286386931674301e-05
4.201109139732329132e-05
4.286759680891717451e-05
4.134045549110527647e-05
4.229874422377880234e-05
4.326087159375292341e-05
4.158669947759188035e-05
4.281737796724580602e-05
4.360017796424027091e-05
4.212740560579746876e-05
4.155435434544112086e-05
4.200035503739160079e-05
4.213306446491343324e-05
4.374566477314838946e-05
4.454862238293218679e-05
4.281101234610630205e-05
4.405726641542237194e-05
4.390041459650523552e-05
4.253720877286665275e-05
4.209318717839611950e-05
4.136991290342051798e-05
4.301900237532089668e-05
4.178547788583671790e-05
4.212133287890811869e-05
4.332634162915549814e-05
4.708566280822674082e-05
4.306115696592924084e-05
4.182816805127507803e-05
4.202952857012054780e-05
4.321610567392634999e-05
4.370182601590429723e-05
4.233835262558927808e-05
4.218851468722233577e-05
4.209374975272440789e-05
4.296498302498814241e-05
4.178437795758761607e-05
4.393752092921645322e-05
4.587300686082817559e-05
4.246513205822777080e-05
4.218382933576613055e-05
4.271108517694717223e-05
4.298305497159784220e-05
4.260886164739558716e-05
4.196355398961402761e-05
4.253304209283694122e-05
4.194802370341220416e-05
4.204499456210279186e-05
4.480357580912879619e-05
4.321349651373171456e-05
4.248090029039513761e-05
4.218206001946876884e-05
4.232469884693290186e-05
4.293872651190536508e-05
4.222531375929299805e-05
4.192740201345636510e-05
4.347752925898944214e-05
4.186396920798571422e-05
4.367582864188352857e-05
4.211424636046524845e-05
4.133693908926231803e-05
4.407214909615058090e-05
4.113734246889029885e-05
4.190372175902373113e-05
4.176625118138776159e-05
4.308667829792942115e-05
4.199673030414531231e-05
4.214588682907534817e-05
4.216131530785818371e-05
4.204961063532752335e-05
4.371702356300263858e-05
4.550406559681983596e-05
4.230566438032657404e-05
4.220412025136889171e-05
4.139054090911497246e-05
4.191687515445628520e-05
4.243472960890098586e-05
4.320048883075024453e-05
4.354674055850111836e-05
4.315443134230323875e-05
4.642999876511339803e-05
4.269164471310365859e-05
4.104502614181625505e-05
4.271325330637353946e-05
4.821267461074401516e-05
4.339040182277670857e-05
4.448347163566147508e-05
4.214815347526784434e-05
4.210979516528904801e-05
4.159552873504309773e-05
4.201310302389246927e-05
4.249475860897510677e-05
4.336400773978234632e-05
4.755717517294664939e-05
4.131292161417772816e-05
4.424609057120787160e-05
4.410432591289706263e-05
4.147547516142590382e-05
4.276146134823004442e-05
4.360532502429303618e-05
4.099119883843210289e-05
4.235305318121064836e-05
4.189010838597592853e-05
4.263224470450785832e-05
4.186031147318248742e-05
4.163535541427165255e-05
4.196127313346276026e-05
4.251693421793271310e-05
4.263807473565968495e-05
4.152643042160267191e-05
4.149965593472961103e-05
4.406518140014007958e-05
4.224554533216923246e-05
4.313568054492222738e-05
4.255057158441238045e-05
4.712845824355209242e-05
4.087082875344150374e-05
4.309435191130613719e-05
4.255418061412841624e-05
4.332188516629708577e-05
4.255048608142888251e-05
4.430307207028155877e-05
4.431995908731497212e-05
4.257380850796055333e-05
4.414296827666360667e-05
4.135447592479603025e-05
4.196034013058007789e-05
4.169919972633306915e-05
4.333625843237155144e-05
4.204916360439281344e-05
4.354843968687560320e-05
4.449214870164597442e-05
4.152512869532974942e-05
4.417772596050545576e-05
4.775435054965362631e-05
4.344667871210049551e-05
4.415438898018870086e-05
4.429093443783720487e-05
4.345679888246294792e-05
4.164779134739271462e-05
4.122326411031384787e-05
4.134083121522057593e-05
4.276047589403446998e-05
4.688516506173039973e-05
4.373378048351208485e-05
4.266246311352785202e-05
4.188803513766115510e-05
4.276190884740602448e-05
4.178074716655932533e-05
4.169788054401533798e-05
4.250657754547445356e-05
4.193729197370693238e-05
4.137788417272541218e-05
4.163643721520893508e-05
4.367658742420479191e-05
4.472073229227082025e-05
4.439984130191247332e-05
4.259790852842654848e-05
4.177947552109650584e-05
4.258508750067651071e-05
4.141275077589262957e-05
4.350862485756052100e-05
4.172493442874052283e-05
4.374183113657105910e-05
4.291177507092471444e-05
4.314414134613934099e-05
4.279744930969959122e-05
4.222822327047277136e-05
4.287139457370113549e-05
4.387233327654710966e-05
4.184176390684220308e-05
4.213456602499277953e-05
4.194399588992254514e-05
4.274877072676748686e-05
4.423285343306514319e-05
4.088982334433462651e-05
4.250047782908495726e-05
4.123654441727952374e-05
4.683437515316057713e-05
4.290986045624216533e-05
4.137254988429995553e-05
4.178672684750752494e-05
4.251038261062669156e-05
4.390530914967802578e-05
4.099847567030802923e-05
4.313407864621806854e-05
4.625487334157150720e-05
4.554142202141183169e-05
4.268013710905317387e-05
4.360360716092765028e-05
4.720274424013744035e-05
4.266124727353092595e-05
4.213369987679451719e-05
4.445402926600893281e-05
4.168548158487261185e-05
4.240489143620354307e-05
4.407795330187891565e-05
4.517549823406248041e-05
4.296920945366158997e-05
4.325927526334699458e-05
4.182045930428754507e-05
4.276857157558941111e-05
4.176874782362905488e-05
4.412014469146833813e-05
4.574935493803316649e-05
4.162711822109286771e-05
4.234742601206999412e-05
4.167952091070976819e-05
4.144778055845608469e-05
4.495673430928361379e-05
4.399867160680180980e-05
4.338019335392648556e-05
4.331507249367488936e-05
4.261489572908443320e-05
4.081118459806761873e-05
4.266769981342667320e-05
4.367454527576683591e-05
4.154990410704800119e-05
4.454653882698415352e-05
4.106321220930826818e-05
4.282583523760197936e-05
4.296499365914869351e-05
4.306961024614855285e-05
4.249722841027331024e-05
4.104432352845432052e-05
4.166031059175232692e-05
4.259748723673607065e-05
4.513848291235094328e-05
4.351182004641788027e-05
4.147395072452500633e-05
4.237304989499558115e-05
4.573416762154433656e-05
4.239757860552610891e-05
4.453103490829338955e-05
4.168748841876714371e-05
4.213250872142751445e-05
4.431673558291491935e-05
4.282538776069671132e-05
4.192556310842639991e-05
4.281880668706244763e-05
4.165988599025978424e-05
4.209516006997707840e-05
4.526137173305433788e-05
4.581178878231311933e-05
4.434970532766261385e-05
4.325633133648131007e-05
4.245917970557004000e-05
4.468135708544496138e-05
4.358283430942632477e-05
4.189536443532510928e-05
4.243621821619219132e-05
4.301129700529900877e-05
4.407498278865753524e-05
4.381488729364523238e-05
4.334463869559840706e-05
4.282538312729062576e-05
4.348596822316220308e-05
4.307969175959257968e-05
4.461434403098505248e-05
4.134505732788419804e-05
4.211015343908664025e-05
4.200168425262941724e-05
4.165142914062537724e-05
4.139800387750128540e-05
4.338067435547549445e-05
4.320445425772231397e-05
4.273817401337803742e-05
4.198345898393048730e-05
4.203097979153792401e-05
4.264705297014831440e-05
4.222055083521506581e-05
4.647994256091873312e-05
4.221923199257559167e-05
4.113724829702533809e-05
4.453126430303401242e-05
4.410369128661532033e-05
4.183311219126859503e-05
4.314456087136172316e-05
4.248431013252467072e-05
4.485809029946953797e-05
4.380732124511107454e-05
4.191973441247510523e-05
4.253858537889672808e-05
4.403449075283805809e-05
4.173945005065089547e-05
4.210259574461823972e-05
4.175032332971826966e-05
4.208910849672325966e-05
4.603915440522240386e-05
4.131230587050959823e-05
4.173966370661846088e-05
4.109320508972438596e-05
4.100233003509367360e-05
4.240643577135432457e-05
4.412968185222573359e-05
4.265597209039423426e-05
4.308678727991078556e-05
4.302101003837928742e-05
4.111134836165107625e-05
4.344692227950399890e-05
4.423099451180406022e-05
4.271415642267066521e-05
4.547444874703022918e-05
4.187984139985230150e-05
4.144470326452660185e-05
4.409114761364916373e-05
4.276722370703395497e-05
4.206400419605015316e-05
4.564392038116017085e-05
4.242135256428518624e-05
4.110249035975966085e-05
4.248797077626401711e-05
4.202964842079898818e-05
4.288206326533922297e-05
4.147183430622009438e-05
4.244274878427231617e-05
4.584647030903962539e-05
4.231598835041131635e-05
4.181350413161254143e-05
4.316476140922208499e-05
4.312983657126526421e-05
4.270835098167664976e-05
4.054543959982215978e-05
4.344909785789599123e-05
4.156254019548338304e-05
4.216276951959015986e-05
4.400804451214864919e-05
4.151773019808673135e-05
4.276588356086078244e-05
4.070506127574540715e-05
4.347112472796897859e-05
4.349013125187913519e-05
4.201858661149356880e-05
4.325250182066501056e-05
4.307527144963392622e-05
4.262604987069902292e-05
4.592347811925261820e-05
4.295949201115629030e-05
4.297445406691054176e-05
4.486064562695889180e-05
4.217183546292509899e-05
4.196526220258644098e-05
4.147017679108683019e-05
4.471270270563691251e-05
4.303488325302622114e-05
4.481980283109912540e-05
4.229073013392349183e-05
4.551643066450421709e-05
4.272093015554827148e-05
4.139423964449935074e-05
4.126397756630686915e-05
4.195034772178138480e-05
4.692327108489639028e-05
4.337493075511064054e-05
4.484241206032974105e-05
4.219236303426363287e-05
4.275366363647053368e-05
4.247472214122569685e-05
4.245960982365367965e-05
4.127761784833363664e-05
4.198299389676391370e-05
4.362507100098139012e-05
4.396554265729803396e-05
4.220513509304967540e-05
4.435416271952064026e-05
4.280751227499754642e-05
4.345931592107581072e-05
4.194617688818269823e-05
4.286099070774045371e-05
4.099361589677004533e-05
4.252438967021393069e-05
4.248007677215948454e-05
4.143622308416699857e-05
4.268134674273602535e-05
4.241202831448621962e-05
4.312802570798044023e-05
4.390307451479865839e-05
4.155320408499435367e-05
4.319004470231515766e-05
4.262275481395880644e-05
4.178782224110651233e-05
4.528186028405403859e-05
4.311672393007057842e-05
4.238345062795625929e-05
4.530078872588010248e-05
4.277873084318751894e-05
4.222448849360233361e-05
4.183317282515698778e-05
4.279170317045825249e-05
4.437508632693856617e-05
4.449318245921637829e-05
4.139045617925971293e-05
4.248998484610122897e-05
4.070380064595363579e-05
4.129930966818375385e-05
4.392354595612736574e-05
4.472994631363277923e-05
4.315824347708827231e-05
4.217923591864251534e-05
4.186881718596805667e-05
4.386540093884232173e-05
4.248000011346441350e-05
4.167742199176730931e-05
4.269331674143771746e-05
4.075148964234175802e-05
4.574892604978883666e-05
4.419680888160366726e-05
4.410586381137139594e-05
4.168650903628001969e-05
4.421313577954515773e-05
4.331338489531364291e-05
4.396405509285708290e-05
4.610916676937994407e-05
4.217587117038169159e-05
4.270491426279055225e-05
4.284420226896866929e-05
4.068035022639654593e-05
4.275659528645310158e-05
4.100968580540151543e-05
4.560046017891809399e-05
4.223331962290832042e-05
4.271545612139248028e-05
4.271507677695921397e-05
4.210327740050995863e-05
4.426740762228461472e-05
4.173202904752030228e-05
4.573042282908553743e-05
4.201294660997118480e-05
4.521959858917170769e-05
4.181667418915593291e-05
4.275743108153343629e-05
4.277817986299505855e-05
4.336345956356041554e-05
4.151803851154558752e-05
4.113329746209843795e-05
4.623145555595902266e-05
4.431460723291033343e-05
4.213565831282293063e-05
4.502187578182507971e-05
4.182363912818038175e-05
4.659718244197297505e-05
4.464314353261618460e-05
4.691947343053851544e-05
4.385894134060650348e-05
4.265825875752766311e-05
4.230752671986311923e-05
4.310710982616876795e-05
4.283012864951361723e-05
4.462834081870242298e-05
4.466223650569916691e-05
4.219701371390446545e-05
4.348192388031254390e-05
4.172460223749532181e-05
4.134355260877303875e-05
4.272222042133310430e-05
4.147392793043227539e-05
4.317280697992261564e-05
4.274355243778893529e-05
4.198946362980374549e-05
4.334524760512548905e-05
4.398146602463911707e-05
4.256747972843841877e-05
4.335566843166468131e-05
4.317482153286263628e-05
4.247695827938579303e-05
4.234945213884754522e-05
4.310287005781031193e-05
4.172409954136692531e-05
4.480381420012137072e-05
4.212092565089914142e-05
4.150978034994926220e-05
4.293793964240868045e-05
4.244997313573292469e-05
4.603922793152450928e-05
4.244868304715509582e-05
4.234339522710123390e-05
4.341116177950374224e-05
4.166008176846364744e-05
4.147772318793879000e-05
4.364263796820441450e-05
4.287898410023520591e-05
4.527041959287292355e-05
4.587908027452784835e-05
4.125853572608278221e-05
4.245993158064635182e-05
4.197084235975990688e-05
4.255934571874586431e-05
4.310486902881557615e-05
4.164521341498625000e-05
4.223882185314720746e-05
4.328850204632893068e-05
4.041405058749463874e-05
4.068684545730204418e-05
4.169060258331689197e-05
4.404736029598893294e-05
4.462924780264708398e-05
4.247737332556578729e-05
4.236330514966347299e-05
4.122027377693374248e-05
4.335507082351656039e-05
4.396043232527312107e-05
4.317154348541107103e-05
4.251895477701903833e-05
4.250382404028619159e-05
4.203549177135203370e-05
4.299472513724868401e-05
4.157956824492326631e-05
4.729151295963719448e-05
4.452408147139344990e-05
4.243388785511729891e-05
4.173258006919992142e-05
4.267590289113493867e-05
4.418733140644941812e-05
4.359154206239910714e-05
4.294493387644626091e-05
4.241531933885670175e-05
4.269077298068682286e-05
4.256967305942466656e-05
4.184170031390490409e-05
4.174034121056046070e-05
4.181346758307306444e-05
4.108690118812616395e-05
4.260757866588718752e-05
4.253146149910573884e-05
4.322747253937167077e-05
4.399991075760064659e-05
4.426003082212925211e-05
4.165337515770614553e-05
4.229160197652348464e-05
4.070779632350752988e-05
4.208875303778990132e-05
4.769018083817975025e-05
4.422698625618271299e-05
4.184532949775453736e-05
4.380019733146514740e-05
4.127766427055887206e-05
4.202136609646913551e-05
4.167882086451651317e-05
4.384703995380419684e-05
4.126030833328350105e-05
4.113247782734559430e-05
4.284427880047525164e-05
4.283383086604104946e-05
4.126968231678168901e-05
4.232441179162226865e-05
4.232179779305677257e-05
4.152013281894989852e-05
4.157277633011376817e-05
4.135462883987246481e-05
4.172980493035726465e-05
4.148875860788241035e-05
4.364833122206267550e-05
4.226599152946099001e-05
4.110993524589947180e-05
4.309082386652384665e-05
4.441772602848343890e-05
4.221371758085226613e-05
4.210255803272155783e-05
4.108670573208969659e-05
4.492910503895440507e-05
4.186364457626980291e-05
4.231107299762017112e-05
4.192927294882972119e-05
4.465111549766817507e-05
4.171056733913834110e-05
4.233880782563845464e-05
4.285199737294394544e-05
4.093027321761396828e-05
4.196851401589923674e-05
4.200290082548170905e-05
4.254005192380904576e-05
4.468866118391001397e-05
4.165273989870767131e-05
4.226959057974995784e-05
4.225487734571604139e-05
4.075794985751559550e-05
4.202175698015340186e-05
4.283665906904739217e-05
4.237513110837393371e-05
4.316483935012525359e-05
4.506876798671501024e-05
4.343591661482952288e-05
4.315996277927417683e-05
4.165798800366004337e-05
4.272318942089319336e-05
4.707817422760493731e-05
4.335422306416602070e-05
4.400749575942030582e-05
4.271875587348450404e-05
4.089117400874605696e-05
4.125942693069600879e-05
4.175352511000009735e-05
4.366856753358878496e-05
4.247524660206240154e-05
4.178662154900837037e-05
4.157834278568595202e-05
4.114174386033571195e-05
4.363215524802692961e-05
4.533900853941100038e-05
4.150877643489807474e-05
4.325130633739483933e-05
4.284977154099952153e-05
4.204096368663170542e-05
4.164744919984929013e-05
4.116002083877631437e-05
4.207471898223166535e-05
4.206972470329432286e-05
4.191830632391173946e-05
4.281192311045672037e-05
4.144474469595999986e-05
4.177361678417961931e-05
4.112711611139811243e-05
4.165468765416349494e-05
4.199965697933040330e-05
4.152905827842424984e-05
4.126764060094572598e-05
4.145375153941336131e-05
4.271921170550510485e-05
4.143236892478193112e-05
4.980986810833001643e-05
4.187993588373956153e-05
4.290296451327145309e-05
4.138170185957594662e-05
4.253512997217349126e-05
4.157885024980656973e-05
4.271561433169217942e-05
4.251392820059294962e-05
4.216581274147602142e-05
4.623801094140200682e-05
4.141521083089431688e-05
4.167898763368447352e-05
4.277263183617030116e-05
4.241608236012339565e-05
4.549111378999590795e-05
4.368561285699138500e-05
4.343734543141845221e-05
4.482473792352076016e-05
4.723734467486562287e-05
4.331393934340574289e-05
4.515837218526836007e-05
4.656069070407692221e-05
4.185087775234647459e-05
4.246827954241560364e-05
4.170809345577382830e-05
4.114612205458599727e-05
4.436379052240183377e-05
4.100923001810314293e-05
4.217275387894239472e-05
4.338702166356748173e-05
4.233660611279504781e-05
4.245896048959092375e-05
4.233181666497925187e-05
4.230533533062535734e-05
4.289815645039106212e-05
4.181093148451782264e-05
4.226395495014871357e-05
4.106631193647360942e-05
4.328920614425255890e-05
4.243605224678523167e-05
4.220432833872337481e-05
4.304265676668267009e-05
4.175507344996728194e-05
4.261405128099091702e-05
4.334941275559072094e-05
4.246434239620609942e-05
4.223294838428769929e-05
4.305132986747264336e-05
4.208049148459839801e-05
4.838020565892305893e-05
4.329064410005608086e-05
