3.572613957150056141e+00
1.971976324897085187e+00
1.487338628408601870e+00
1.482018766534922261e+00
1.441520584781082359e+00
1.441785428670412816e+00
1.440693719940320694e+00
1.458594134103250672e+00
1.430585634171441356e+00
1.443647336878265630e+00
1.447739193195285212e+00
1.444231619871350514e+00
1.439911352260620170e+00
1.445137982472419536e+00
1.442808175667883663e+00
1.447562343952214725e+00
1.431236487051310791e+00
1.441347233942465111e+00
1.434951992433326717e+00
1.446379935462921429e+00
1.435948344023515455e+00
1.434600799919708569e+00
1.457133289090116302e+00
1.428949732356228797e+00
1.443924989758114563e+00
1.434683655162566573e+00
1.435169898534136568e+00
1.477155100132910404e+00
1.438023610084777193e+00
1.443936862368981000e+00
1.443219573802625444e+00
1.432738750276217443e+00
1.454613646322636455e+00
1.457050210698069614e+00
1.446244793458839606e+00
1.440460894438325479e+00
1.469671860899240734e+00
1.443894726501725456e+00
1.440212241359384748e+00
1.438823307436065013e+00
1.483228577402089687e+00
1.425088681413451352e+00
1.439915898176555187e+00
1.459820618858945762e+00
1.438737169636933988e+00
1.426408599626804996e+00
1.407414677452315077e+00
1.435214335566235011e+00
1.423930664273294511e+00
1.436229219846653749e+00
1.440874476619758315e+00
1.441349112666799881e+00
1.475790610144271042e+00
1.447817214392612684e+00
1.438002579081566701e+00
1.435374802272226580e+00
1.447591625402458115e+00
1.459451424362588012e+00
1.501159062509760833e+00
1.443751893467781544e+00
1.437553873031516716e+00
1.446317215150781488e+00
1.444010056251279650e+00
1.434981461771184685e+00
1.445057391774691169e+00
1.447903918895394160e+00
1.430330251263042474e+00
1.430719497935290629e+00
1.436438622329773596e+00
1.442515437155109437e+00
1.438005007707215066e+00
1.469989902173938878e+00
1.429844742679752478e+00
1.435945608755883507e+00
1.510627181454584633e+00
1.438537964959524462e+00
1.444547409788498271e+00
1.455248231506052425e+00
1.447667658730364737e+00
1.442638605069592073e+00
1.444128293282090691e+00
1.442974891949433180e+00
1.442600070071825336e+00
1.429468317799582389e+00
1.446143319055197773e+00
1.446925906236953496e+00
1.461021379862163627e+00
1.442771209079820594e+00
1.462513364686529815e+00
1.446641124971708381e+00
1.430397599429640065e+00
1.435538271018497625e+00
1.440349325217306964e+00
1.448305133328659844e+00
1.426147815550645515e+00
1.435250986865671985e+00
1.435653297388571170e+00
1.430570369490715921e+00
1.437802233154563014e+00
1.439124509594145840e+00
1.456676354001338325e+00
1.437947471496429319e+00
1.445044226732102866e+00
1.441008942469310439e+00
1.445916432869978729e+00
1.442981793603599572e+00
1.472345954517677802e+00
1.433386847398880448e+00
1.476901406558586372e+00
1.440272298281187524e+00
1.438784363889514584e+00
1.471266054417341929e+00
1.433826245117909792e+00
1.460833176452037030e+00
1.443936968343243477e+00
1.437564251604124044e+00
1.451429644649886219e+00
1.463759494318902510e+00
1.447612837612527237e+00
1.442628942155853577e+00
1.441560497971525079e+00
1.445051939258808149e+00
1.437428611161987169e+00
1.433443214467424287e+00
1.434711985395530576e+00
1.440130327840239532e+00
1.441657018347943131e+00
1.438286019560123030e+00
1.448928954421435877e+00
1.460156681629594777e+00
1.445824533705664328e+00
1.450103600897296952e+00
1.444667311362834106e+00
1.443894979526329392e+00
1.433577414373963022e+00
1.455531866675306540e+00
1.446313759875335059e+00
1.444592585621615521e+00
1.434882443994680346e+00
1.438657709127327822e+00
1.460189741801926733e+00
1.433858519046795621e+00
1.434327933506900354e+00
1.440012616175028404e+00
1.442292944883186934e+00
1.448615449045278503e+00
1.442743050402340854e+00
1.442479093825243863e+00
1.465641973070017201e+00
1.435292111999679765e+00
1.443440888993109850e+00
1.436390013145387501e+00
1.431884763278496120e+00
1.448128496391474229e+00
1.498175344606856862e+00
1.440876807022900330e+00
1.472587470367924700e+00
1.449514971867173818e+00
1.449896212925117833e+00
1.437697003754622838e+00
1.446688522206591498e+00
1.445549354992682778e+00
1.442173807019142551e+00
1.443529198360346655e+00
1.464722184469989141e+00
1.423154286414064940e+00
1.442479961888451401e+00
1.433252947569803259e+00
1.476047173482424535e+00
1.440362860675449497e+00
1.468923745443323936e+00
1.449531226367290149e+00
1.450409665912174351e+00
1.445549188174077404e+00
1.426904957091152726e+00
1.448488415480896796e+00
1.439011039292675154e+00
1.442951537515674953e+00
1.442973254909098557e+00
1.434906270249730609e+00
1.444520747853464737e+00
1.447518478647075613e+00
1.441232363488524015e+00
1.441798261760573352e+00
1.432614293666466310e+00
1.455207917628386527e+00
1.443252603116002231e+00
1.454221857211321689e+00
1.450630196721847565e+00
1.424661598408688556e+00
1.441381471748854670e+00
1.431331904717442427e+00
1.431381745232704228e+00
1.439518861293642704e+00
1.433321457804828336e+00
1.440823008683395967e+00
1.434693850988844055e+00
1.463619126937495407e+00
1.439013008981056441e+00
1.435514245085199425e+00
1.440555966609681660e+00
1.435649548457322400e+00
1.443377186765998355e+00
1.435663749633193653e+00
1.426797975870447432e+00
1.441062104974915714e+00
1.440221097640913550e+00
1.439565058086434313e+00
1.477675398828766529e+00
1.436236569292060450e+00
1.439107264427516020e+00
1.482846852940199911e+00
1.454107730271826160e+00
1.463541151387727890e+00
1.436551380737224992e+00
1.439087221886517609e+00
1.444682778840561621e+00
1.464490505887149130e+00
1.439199388296983351e+00
1.442113817765905193e+00
1.435564759769107246e+00
1.428237183136546351e+00
1.431336708325731788e+00
1.439437201601559746e+00
1.436714792071984714e+00
1.437641459957573087e+00
1.460399860863998089e+00
1.436105612257098540e+00
1.447996653912761333e+00
1.440408612572901870e+00
1.441248859814671546e+00
1.440457964480089004e+00
1.441499721173658433e+00
1.443696108980177195e+00
1.431905309382462521e+00
1.509318610196507926e+00
1.442350259594528117e+00
1.460888470499493108e+00
1.468879728692796149e+00
1.445476172489484901e+00
1.452744035977241444e+00
1.447230326496225628e+00
1.456341781435229521e+00
1.457107547773053513e+00
1.446785803980492613e+00
1.449019442742614183e+00
1.446433434023362441e+00
1.457985187864149657e+00
1.432063007505872232e+00
1.441092261678812436e+00
1.436013647112502234e+00
1.444633396838804540e+00
1.459007388931207405e+00
1.518057488348434791e+00
1.429541564819973853e+00
1.434776948048132938e+00
1.432744953420994394e+00
1.429951800963496167e+00
1.441165639089110329e+00
1.441336375870945874e+00
1.448376527111694845e+00
1.445108441065704685e+00
1.428701140287233162e+00
1.435019753004071363e+00
1.454470271315124297e+00
1.447019237652757084e+00
1.440157843240317037e+00
1.486039594370606620e+00
1.443987101894171676e+00
1.443025052434789401e+00
1.460616318485869147e+00
1.448118510881134302e+00
1.428674761206692123e+00
1.436653704524907704e+00
1.469427991373310816e+00
1.444049734939760965e+00
1.454240917962013269e+00
1.453208596481830872e+00
1.439775550317480723e+00
1.433762638820855084e+00
1.448998071852735547e+00
1.443266801890961792e+00
1.490277285855374334e+00
1.456467196612022397e+00
1.446717525886992872e+00
1.479957972564786228e+00
1.465965316172053834e+00
1.447825751956868912e+00
1.464597129578022239e+00
1.441431781253598832e+00
1.432102924534324861e+00
1.443988075280101535e+00
1.436880611512675543e+00
1.459122218655009462e+00
1.434214502172637795e+00
1.426529897683752823e+00
1.439735395353378022e+00
1.440315355920011253e+00
1.451008896234095680e+00
1.444965093603206796e+00
1.447878640742962242e+00
1.426308152392642414e+00
1.438504375554959136e+00
1.442377601599983183e+00
1.427919321366141858e+00
1.431149854988810866e+00
1.445813076852004553e+00
1.436804221148220151e+00
1.440643972781119331e+00
1.440834529704068556e+00
1.425216859412088422e+00
1.432085853769830441e+00
1.449544339814817784e+00
1.432726920046625718e+00
1.441315325348945020e+00
1.465147983515348695e+00
1.449003353084189927e+00
1.456964019814045885e+00
1.441977712124388189e+00
1.442416836084980503e+00
1.456690988095553196e+00
1.440059366812829422e+00
1.436681035007453033e+00
1.439436072544904688e+00
1.444435241199861775e+00
1.441229083404660605e+00
1.442997345298908662e+00
1.443347443352696935e+00
1.442166819274595335e+00
1.464699291963855066e+00
1.432741302217786394e+00
1.441773641021752095e+00
1.449982466563787042e+00
1.474040536221765896e+00
1.444751061631220690e+00
1.442316375386043958e+00
1.455112169664432020e+00
1.444643821228963176e+00
1.437227694987897930e+00
1.443176938041959234e+00
1.444487688383019108e+00
1.436689029962592512e+00
1.450038292172695087e+00
1.439320540773125767e+00
1.445645514777110341e+00
1.428337601649283251e+00
1.441214686396449673e+00
1.440898848031406887e+00
1.478321683683460508e+00
1.472381816533239851e+00
1.464094114543680547e+00
1.441737126327586882e+00
1.433369919334489984e+00
1.452278142632460245e+00
1.439358571322103986e+00
1.439145796141176659e+00
1.433273012268678981e+00
1.437138778421477303e+00
1.451121321445993928e+00
1.444723753192572291e+00
1.458313143996320838e+00
1.456894929756769042e+00
1.472286201571173958e+00
1.431439439285708159e+00
1.439882670395873365e+00
1.434074452031325553e+00
1.465834561519940404e+00
1.428823817135530971e+00
1.445213941605957730e+00
1.442813210672560187e+00
1.440875553011568444e+00
1.437161070403468299e+00
1.434593912115728287e+00
1.448846314232381527e+00
1.450085765687614936e+00
1.436489719887780181e+00
1.437166441740661771e+00
1.470988884109396544e+00
1.440306245823478548e+00
1.439425858194782304e+00
1.445320238260368928e+00
1.435695833005738553e+00
1.443876980592185832e+00
1.445831888622560735e+00
1.453541700965664374e+00
1.451263988125450988e+00
1.440553179781776105e+00
1.462161766180075650e+00
1.449871552606846636e+00
1.457107546801733156e+00
1.441333338779080098e+00
1.437686670645721421e+00
1.452981649903863248e+00
1.446545495778786217e+00
1.440558727036975073e+00
1.448568998639501393e+00
1.448176829383036601e+00
1.448712295083891766e+00
1.443419774703296188e+00
1.448469224980005299e+00
1.452309492554057835e+00
1.436409734280523542e+00
1.442778204048761781e+00
1.453231477096204483e+00
1.439455306732908113e+00
1.434105170668873663e+00
1.473074950197804878e+00
1.427113834254036817e+00
1.452155953703880176e+00
1.434581350292538415e+00
1.443640410760606896e+00
1.445678816935119126e+00
1.437350327660595228e+00
1.456278206811710829e+00
1.426061330854055065e+00
1.432226806749468340e+00
1.441286993752272094e+00
1.449967818451875168e+00
1.434830523835267213e+00
1.458170143983283706e+00
1.451469496002064652e+00
1.434468423691514616e+00
1.437318921148501794e+00
1.440320142312021545e+00
1.455355960768256685e+00
1.470367402740483609e+00
1.444092673887253042e+00
1.455811918289140916e+00
1.443932495651163883e+00
1.436975211816776010e+00
1.449444873294960079e+00
1.435887003322777078e+00
1.440610032046724998e+00
1.441173167083607654e+00
1.446322225062939282e+00
1.440872679367865006e+00
1.446023229319592929e+00
1.445686637539059571e+00
1.439620200692325991e+00
1.438200316378173582e+00
1.460510334121456921e+00
1.444913334670213212e+00
1.443368816600248516e+00
1.437581116655100466e+00
1.446781510112212787e+00
1.447504018099735390e+00
1.460872822005730320e+00
1.444931647806261932e+00
1.466333584250324895e+00
1.441267830097340497e+00
1.442149020569451601e+00
1.472814223032357317e+00
1.439902985947946412e+00
1.439567951593628381e+00
1.438536477037173578e+00
1.434211465899948745e+00
1.446528374854505916e+00
1.432003026294214720e+00
1.440235732013823711e+00
1.444962593807592954e+00
1.439359156183848798e+00
1.428650671439015918e+00
1.469958167757930756e+00
1.457984830384108754e+00
1.462303068552269325e+00
1.439010035180761093e+00
1.446294892825798373e+00
1.440834350358602745e+00
1.441517522589784939e+00
1.435408362146750161e+00
1.466553999646461603e+00
1.448361044639440820e+00
1.441451880492244486e+00
1.438201997410914590e+00
1.435770060793308156e+00
1.439867864784120544e+00
1.431686142388725491e+00
1.439434760568551575e+00
1.439753975456694812e+00
1.461487464882010867e+00
1.436961185483340175e+00
1.451944999642570844e+00
1.444118652563523675e+00
1.442042638464818838e+00
1.420819405749184972e+00
1.460049252053830404e+00
1.442118729718457448e+00
1.433733530853001259e+00
1.451606588379422691e+00
1.428526522252583808e+00
1.432948842010449475e+00
1.441693566297268747e+00
1.450631210034646346e+00
1.472193053972638888e+00
1.455895005124039576e+00
1.438228724434741812e+00
1.459490605224190052e+00
1.444607616909662662e+00
1.471417460745186201e+00
1.435856523460349532e+00
1.445354248392838326e+00
1.432702068818971997e+00
1.441853248143333932e+00
1.461124170414287660e+00
1.439998945322074286e+00
1.444265962865213471e+00
1.444193896615082462e+00
1.458038585929514630e+00
1.436860595312878131e+00
1.451813560394523028e+00
1.439703056517932511e+00
1.433749576438321460e+00
1.434474226430242361e+00
1.435615955768681840e+00
1.441346772847734048e+00
1.448205906291041956e+00
1.438213941961580034e+00
1.442165363802345723e+00
1.447853756071328046e+00
1.443207723238735918e+00
1.438146467856190380e+00
1.444405663182808164e+00
1.435375791115227395e+00
1.448501371499882229e+00
1.436467450857241923e+00
1.438310434738428789e+00
1.465070526008794172e+00
1.438750509415165357e+00
1.431813400830937333e+00
1.432436845194977826e+00
1.448036219668150659e+00
1.430815490739762552e+00
1.442276477481735153e+00
1.432428600094557636e+00
1.463494565919179369e+00
1.451203741165208783e+00
1.440299991372221644e+00
1.439350423545726843e+00
1.449407755617695859e+00
1.447235783927478980e+00
1.446000591553715298e+00
1.438017388840775013e+00
1.453702782359585610e+00
1.449765512998394179e+00
1.446759833762818914e+00
1.447225444597670885e+00
1.440830621659008326e+00
1.449014100209839340e+00
1.438475611913125229e+00
1.437690811183550688e+00
1.446204702033285550e+00
1.456561325545217667e+00
1.437921602657074915e+00
1.454265363359962038e+00
1.456630292245590041e+00
1.449829035713890990e+00
1.448136653110238203e+00
1.427819000153080387e+00
1.446401039173081715e+00
1.467758026423638951e+00
1.430603317574548727e+00
1.435604334588843400e+00
1.451369230987834991e+00
1.433182343852653418e+00
1.444899190761864682e+00
1.487344375770030869e+00
1.458315393723652154e+00
1.443310437028446636e+00
1.452465055294018592e+00
1.445739137021969434e+00
1.432357371371387522e+00
1.422220923975065388e+00
1.442293495664567438e+00
1.453829646027608558e+00
1.455984392630444990e+00
1.456305816671963571e+00
1.427807883041653181e+00
1.434468653141903305e+00
1.452000937082091214e+00
1.442978178435406766e+00
1.442033005212739250e+00
1.440194996064678268e+00
1.439612199362873435e+00
1.433922775468002619e+00
1.430512019971069471e+00
1.434435742667029778e+00
1.458187602430365715e+00
1.467203951743987878e+00
1.437588950213611882e+00
1.449570057543321688e+00
1.441296894356859593e+00
1.452196469225781383e+00
1.437229263567859627e+00
1.431734879125461157e+00
1.435512183190489344e+00
1.475406058125543263e+00
1.441098548875216379e+00
1.429214723798344577e+00
1.445667468600735583e+00
1.445427788773784084e+00
1.443580634040045885e+00
1.442880348965710935e+00
1.442675615982361714e+00
1.435145997357911707e+00
1.442179181061296500e+00
1.438054514432408393e+00
1.442103560124432304e+00
1.451762156713394480e+00
1.437776192201788428e+00
1.442178039470002782e+00
1.450102121923843024e+00
1.451784756366715445e+00
1.436705345982933979e+00
1.439027094385035621e+00
1.427647786792847651e+00
1.438665023572772705e+00
1.449011804848587159e+00
1.442898965148597723e+00
1.446248740097960228e+00
1.460980987650501328e+00
1.442650718674230559e+00
1.456930710477174706e+00
1.438150203502258639e+00
1.429164231551959929e+00
1.430640416102631818e+00
1.430354515238856594e+00
1.436290980529103312e+00
1.445383439506246814e+00
1.439584742407588713e+00
1.442609214842109910e+00
1.452824372700038946e+00
1.439286879363082639e+00
1.450518553674310596e+00
1.460176549164128312e+00
1.432289257153064099e+00
1.444146623191856049e+00
1.437995233022746344e+00
1.443653818279856837e+00
1.440290922566630716e+00
1.440154016687787752e+00
1.444319621431819689e+00
1.434070761582120435e+00
1.445278774118509801e+00
1.442761799379388421e+00
1.450761468285465039e+00
1.438891449660497646e+00
1.443648724348054468e+00
1.437594330753529048e+00
1.437832407019737468e+00
1.430724724576231566e+00
1.450388046182649937e+00
1.434132358929333328e+00
1.444956624040533155e+00
1.446667727413217142e+00
1.460084570469659226e+00
1.440261895898534261e+00
1.441756590677437000e+00
1.446656002823436538e+00
1.440522465214552517e+00
1.443132151132936025e+00
1.437959967731488931e+00
1.424397367775751988e+00
1.431084873194693241e+00
1.439756229494027595e+00
1.436149734236700226e+00
1.444028113782643841e+00
1.432819028563142361e+00
1.451544317695969699e+00
1.434890495522485487e+00
1.445312971359110854e+00
1.442866128579904261e+00
1.447102001567293961e+00
1.434053834760246282e+00
1.461724668367620605e+00
1.440394020707440381e+00
1.431409155652664689e+00
1.461772984460880442e+00
1.439223976767130653e+00
1.446960412784213279e+00
1.443947011979384687e+00
1.464052759338992038e+00
1.441896287944147703e+00
1.469811653164042387e+00
1.439991613815658988e+00
1.441149252083911314e+00
1.438418017438647167e+00
1.433680423139106930e+00
1.445099803908181713e+00
1.447252249835382365e+00
1.437862378196344437e+00
1.462809865754054250e+00
1.422911267884328979e+00
1.483122255876950790e+00
1.466909438208231942e+00
1.434875400981765026e+00
1.435191394438512402e+00
1.440322896489542037e+00
1.436574271183226337e+00
1.438385575947319195e+00
1.451073653700127197e+00
1.441172316656508023e+00
1.447531343713262864e+00
1.441267987214191137e+00
1.442838910701877086e+00
1.444523639191007902e+00
1.432317871502997608e+00
1.433888312522489272e+00
1.435326811975550898e+00
1.434711915517203007e+00
1.454950960137944005e+00
1.461112286624040246e+00
1.442143833105717476e+00
1.457445524137715109e+00
1.474004698783495826e+00
1.446004851097436150e+00
1.457691351528075607e+00
1.464051695895577598e+00
1.445707809568622881e+00
1.444393975134327102e+00
1.441836159130337469e+00
1.439212319439043597e+00
1.441249878137223828e+00
1.447316246287515762e+00
1.461389510839165240e+00
1.439782728168732095e+00
1.451008548937106957e+00
1.446851399359664780e+00
1.437055101073137608e+00
1.436276398825448553e+00
1.433971142494085305e+00
1.467985677939624978e+00
1.432843788469415625e+00
1.434930303276336083e+00
1.451118949530036728e+00
1.435016601415453286e+00
1.445951957288331924e+00
1.452355220333103603e+00
1.439573084683313686e+00
1.439125267122740581e+00
1.442761556587218941e+00
1.448103785302688351e+00
1.430679474366968851e+00
1.439483967027394007e+00
1.464938327710859411e+00
1.440143574919025005e+00
1.440729082482017809e+00
1.427218556385138504e+00
1.442024183502264467e+00
1.457652337577899138e+00
1.431993877366780632e+00
1.438473198753052351e+00
1.448651968327133277e+00
1.443830546500183276e+00
1.437663661588642450e+00
1.429486648697295026e+00
1.451868820452709485e+00
1.436549128885917348e+00
1.452132876562256980e+00
1.438102817085779916e+00
1.452917965959715341e+00
1.434652797509704092e+00
1.446065860313710871e+00
1.450386757165849971e+00
1.439132785471014753e+00
1.440980439637314925e+00
1.436499745899875391e+00
1.445715131102266682e+00
1.498972131703477650e+00
1.450385575092468349e+00
1.465671951459861289e+00
1.458042602425007273e+00
1.440350411039022616e+00
1.435790000124613996e+00
1.445512404177963450e+00
1.441625333543397947e+00
1.439674944864142825e+00
1.439194426049434039e+00
1.438547399419964679e+00
1.432712293568375816e+00
1.463022004325939207e+00
1.449315839497418379e+00
1.436486504884669779e+00
1.435813038786801332e+00
1.452706323486747886e+00
1.430415856439309907e+00
1.449509867983560074e+00
1.441347578295099074e+00
1.437079441724246287e+00
1.434117869569145443e+00
1.442056655467430337e+00
1.439025728416060579e+00
1.439791881368841064e+00
1.437057609802173452e+00
1.435624071755726039e+00
1.436573724153437981e+00
1.432531058935130108e+00
1.444273618782098589e+00
1.430397549864674600e+00
1.444290952295236297e+00
1.435564352801113497e+00
1.445532545032562455e+00
1.469397201106947604e+00
1.433017947358670829e+00
1.438112742748733686e+00
1.452627585346128791e+00
1.435667976830773851e+00
1.454679779418749819e+00
1.430493673453720582e+00
1.480813344663263420e+00
1.450046637424796003e+00
1.431015243973785767e+00
1.444845149143183960e+00
1.436483656253920049e+00
1.426439867563052966e+00
1.432817223201827250e+00
1.438803588144402568e+00
1.435423304584116710e+00
1.442272270307700888e+00
1.434914679599750276e+00
1.444815316865071253e+00
1.445574668600597912e+00
1.445908758060021171e+00
1.459202341238679423e+00
1.449917137963363301e+00
1.452998627647171137e+00
1.448560254098899103e+00
1.437221876136633325e+00
1.449901551961148227e+00
1.473394932890774722e+00
1.432877289680933419e+00
1.488288379970896136e+00
1.442897548571809629e+00
1.445473923000064387e+00
1.441362878553817728e+00
1.471041393011497833e+00
1.450537711449988887e+00
1.446620197238348782e+00
1.439000714168047201e+00
1.431005131087866200e+00
1.429180497409785922e+00
1.453524745556210362e+00
1.450079273976941474e+00
1.470642447009755660e+00
1.434846827324212315e+00
1.463795404672594946e+00
1.439305271812216569e+00
1.436354879329484913e+00
1.451307297456852607e+00
1.445316838033204654e+00
1.440386286433757546e+00
1.430799384423424581e+00
1.444911499813368527e+00
1.435376554282881800e+00
1.437990567217419580e+00
1.442872542761814314e+00
1.445957687111562029e+00
1.444901851367261569e+00
1.440929309582205775e+00
1.434200646899356446e+00
1.438176574507338490e+00
1.451500689555492940e+00
1.457211785300652318e+00
1.447941151539977156e+00
1.445134542093262642e+00
1.429104536297779449e+00
1.437285995659266069e+00
1.451664416769619326e+00
1.436831918542339936e+00
1.435132371101856652e+00
1.454810752107646765e+00
1.466843675085315102e+00
1.464174364154904762e+00
1.493786189050872126e+00
1.427855580921572942e+00
1.432967932982168735e+00
1.459607593924549862e+00
1.425512952242859788e+00
1.435022080098376618e+00
1.435548474685625076e+00
1.451664100593750284e+00
1.436010099620028901e+00
1.461831100911924475e+00
1.439079206997686988e+00
1.434920889800672450e+00
1.441752629255149687e+00
1.434794689009165181e+00
1.442106313947369989e+00
1.442778265007521599e+00
1.453015155835301719e+00
1.452490218160308766e+00
1.451063701083610047e+00
1.439785501810736168e+00
1.451533991586540173e+00
1.456252261331039799e+00
1.431360168723324389e+00
1.434017079751801704e+00
1.439533288330202554e+00
1.448805700610541924e+00
1.439481644539260863e+00
1.449231935595473697e+00
1.452120850534656338e+00
1.460097852905190452e+00
1.459758587013758824e+00
1.448427235053832085e+00
1.493932160728230318e+00
1.440363049195928724e+00
1.458144305701158716e+00
1.463403771171637002e+00
1.431399999713221849e+00
1.450458063056980995e+00
1.439018291699679652e+00
1.441393437119662613e+00
1.436565566642617364e+00
1.437881518726922048e+00
1.440982227344685951e+00
1.430332527642314888e+00
1.432576203115971891e+00
1.442550062852754778e+00
1.447275742522294184e+00
1.446797926184304917e+00
1.443920219746960276e+00
1.443443217067133633e+00
1.439965059778966605e+00
1.432485312889632656e+00
1.437835950378104855e+00
1.431083036817382581e+00
1.443448965930684391e+00
1.444053567106990954e+00
1.437046420119629797e+00
1.442798258323605864e+00
1.450397673880738036e+00
1.438095213611084056e+00
1.428902383117305108e+00
1.442241135150110320e+00
1.437629950598020567e+00
1.481322144150335474e+00
1.440142938960052854e+00
1.444035089396938032e+00
1.440955026310649423e+00
1.462345100768332129e+00
1.441333843183111307e+00
1.427254272081481146e+00
1.443336751965126341e+00
1.439061980622723391e+00
1.426306114416190596e+00
1.438056618892944893e+00
1.445836401881777533e+00
1.443673157963329512e+00
1.438652707928237406e+00
1.438141705721589503e+00
1.431560497295666812e+00
1.425749339114339209e+00
1.446594320046000082e+00
1.451609047383855211e+00
1.449261526727460225e+00
1.449907694803428626e+00
1.437167453205447254e+00
1.484326291025247269e+00
1.442272696334572668e+00
1.451201094954021276e+00
1.445195620588201502e+00
1.426976189632065850e+00
1.443011807069446206e+00
1.458715146416739383e+00
1.448972578603723083e+00
1.442489816175276163e+00
1.435669286281409995e+00
1.443149222090868600e+00
1.433983447703381264e+00
1.428107637738616598e+00
1.442972114811520878e+00
1.478951218502297715e+00
1.440927531662440142e+00
1.451586443690961126e+00
1.437029732850469310e+00
1.443869929106522232e+00
1.450949583321412328e+00
1.450575062068383492e+00
1.440650210059715386e+00
1.458062711254973776e+00
1.454031780084229730e+00
1.441482450639953283e+00
1.439714846382346591e+00
1.434643985833978785e+00
1.443296832478104141e+00
1.445145804871968753e+00
1.435980312021380767e+00
1.439504403642886343e+00
1.454816637663474133e+00
1.484515799671036751e+00
1.444393724878506813e+00
1.447625498807731059e+00
1.443936694425269840e+00
1.455309857528975792e+00
1.450571354406843705e+00
1.436239336267233879e+00
1.440763779276015510e+00
1.453483741016767583e+00
1.453512551401968889e+00
1.435828184446334310e+00
