1.803095811583510367e+05
1.792879165755428257e+05
1.809341226282529533e+05
1.801949593033798737e+05
1.795663857051144878e+05
1.813966129144769511e+05
1.790885323212758813e+05
1.809795979612121882e+05
1.800231434765516897e+05
1.797833407848272764e+05
1.809755467946816352e+05
1.795394292119874735e+05
1.807561243202375772e+05
1.802740954400699993e+05
1.800375889025460638e+05
1.810566769559677923e+05
1.797439472842634132e+05
1.810115601920978515e+05
1.804508524718542758e+05
1.802339872791377129e+05
1.814778312129367550e+05
1.796255575447587180e+05
1.816393491261170420e+05
1.801113212064134132e+05
1.806343066766724805e+05
1.813502939707596961e+05
1.793961836137279461e+05
1.818439566942695819e+05
1.793018126938665519e+05
1.809705856100071687e+05
1.804110619483546761e+05
1.795849972391212941e+05
1.813497971961967123e+05
1.790738164166977513e+05
1.811247192065047566e+05
1.797653965173437318e+05
1.802367191018351587e+05
1.806865752030380827e+05
1.795395338705542672e+05
1.809989294857317873e+05
1.797978367845037428e+05
1.806079918647041195e+05
1.806169134199157415e+05
1.800170189031352638e+05
1.812467106501354428e+05
1.797745655648710672e+05
1.813236972228052327e+05
1.803199693871178606e+05
1.806203388630814734e+05
1.813476255475773942e+05
1.796559878722920839e+05
1.819032388788520766e+05
1.795507326895353908e+05
1.811051622603788564e+05
1.807370132099262846e+05
1.794804540135455027e+05
1.817063932288310898e+05
1.793098266155694437e+05
1.804357770254698698e+05
1.809638825102466217e+05
1.791027250684273022e+05
1.810331507064834295e+05
1.802715415164639999e+05
1.794579628233036783e+05
1.810736221609801578e+05
1.800589663941127947e+05
1.798470012031659426e+05
1.810079000062311825e+05
1.800767509036758856e+05
1.799973825021754019e+05
1.811905561703076819e+05
1.801244660338556569e+05
1.802389921535048052e+05
1.814994415964168729e+05
1.799650128233205760e+05
1.805807664342547068e+05
1.816322996503181057e+05
1.795946339213775354e+05
1.810233148146677122e+05
1.813305202933632536e+05
1.792596051360949932e+05
1.813662928306013055e+05
1.807402480501600076e+05
1.791828758600831788e+05
1.814257240480703185e+05
1.800559243789393222e+05
1.794127077714676561e+05
1.814184841692345508e+05
1.796043782279540319e+05
1.798761291837827011e+05
1.811292141048338090e+05
1.795433409194019623e+05
1.802973656370751269e+05
1.808017648487551487e+05
1.796101833043540246e+05
1.806620076220646442e+05
1.807019225897460710e+05
1.797624330104162218e+05
1.811208010084947164e+05
1.804246899833729549e+05
1.800695268484393891e+05
1.815401012385276554e+05
1.798583335059907113e+05
1.808588377138247888e+05
1.814234559473532427e+05
1.795063064205936971e+05
1.816510731074359210e+05
1.802609672817596584e+05
1.798611130778902443e+05
1.817763351936535328e+05
1.792048957068974269e+05
1.808215175254513160e+05
1.807892930161675613e+05
1.790802424895492150e+05
1.813497221486771887e+05
1.797197133241743140e+05
1.798297097351094708e+05
1.810749195905050146e+05
1.794098712547697651e+05
1.806477937714116706e+05
1.804658059135824733e+05
1.797562368765310966e+05
1.810062274588882283e+05
1.800837322596899176e+05
1.802768364702264953e+05
1.811435074975808384e+05
1.797720544282440969e+05
1.811581452764547430e+05
1.806472106004360248e+05
1.800219087702692777e+05
1.817814254510824976e+05
1.796806080830951687e+05
1.810698607599258248e+05
1.810837791223890381e+05
1.794546933775100915e+05
1.818786371336633165e+05
1.796474838235536299e+05
1.802056958038973098e+05
1.813971215168952767e+05
1.789787336436746991e+05
1.809897139302873402e+05
1.804915803541831847e+05
1.792771579356715956e+05
1.812198449221654446e+05
1.798840683537153236e+05
1.798354777755129617e+05
1.809824422683198645e+05
1.797532754695940821e+05
1.802922571218949743e+05
1.809109352691916865e+05
1.797735903627641674e+05
1.807225060591722722e+05
1.808804668896046351e+05
1.798206846966584853e+05
1.813257208380637167e+05
1.805138263163185911e+05
1.800794358585510054e+05
1.817708937318480457e+05
1.798557695507095195e+05
1.807973539768193441e+05
1.814817240555233147e+05
1.793078249697994033e+05
1.815025393430933182e+05
1.805594200420949783e+05
1.793363721000580408e+05
1.816707426428422041e+05
1.796708999418097083e+05
1.798366070483872900e+05
1.813377603756212047e+05
1.792843037155458878e+05
1.803470108758634306e+05
1.809551396664258791e+05
1.793684748131867964e+05
1.806733136608347995e+05
1.805673177214859170e+05
1.796030837746314355e+05
1.808985574575153587e+05
1.804025482119101507e+05
1.799494713050337741e+05
1.812052557705341605e+05
1.801597712064324296e+05
1.803625619933118869e+05
1.814696600006834196e+05
1.797517972959212493e+05
1.811059068003540160e+05
1.811380031959596090e+05
1.795796894468587416e+05
1.817672313020970032e+05
1.801028654292297433e+05
1.800091527610896737e+05
1.817653954073569912e+05
1.791589658831710403e+05
1.807923193006662477e+05
1.808699716870266420e+05
1.790324723718303430e+05
1.812639399236187455e+05
1.800803904937051993e+05
1.794667618233298417e+05
1.812174292034498940e+05
1.796485334189688729e+05
1.800489485979306628e+05
1.809699731646600994e+05
1.797595865694113018e+05
1.804168736876468465e+05
1.808427757541041647e+05
1.798057886063488550e+05
1.808066153983823024e+05
1.808436166072630440e+05
1.798264399190869881e+05
1.813917570045633474e+05
1.805473821214739000e+05
1.799205356730465137e+05
1.818126540184952610e+05
1.801181983656111988e+05
1.801692332557410700e+05
1.818248215768030204e+05
1.795727589892161486e+05
1.802856924484794145e+05
1.816205140869396273e+05
1.792225853122934932e+05
1.803529227785185503e+05
1.813172284696299757e+05
1.790871862469801272e+05
1.804298744772711070e+05
1.810217634398593509e+05
1.792082914107631368e+05
1.804414667661187996e+05
1.808200392623297230e+05
1.794870650969791168e+05
1.804525090508884750e+05
1.808935249803106999e+05
1.796778689803345187e+05
1.806312697294435056e+05
1.809464275398258178e+05
1.797608726821359596e+05
1.809728822084925196e+05
1.809457334170999529e+05
1.797730482128234871e+05
1.815107150359129882e+05
1.807000242108783568e+05
1.797757599857882306e+05
1.818234051393640984e+05
1.800800632619807438e+05
1.799864530769632547e+05
1.818067777360740292e+05
1.794524673877727182e+05
1.802508740009893954e+05
1.814777018968849734e+05
1.791155207384884998e+05
1.804613503113421320e+05
1.810300668609259883e+05
1.791515062201368564e+05
1.806359530018266814e+05
1.807230941941938945e+05
1.793723801125287428e+05
1.806248114579363319e+05
1.806537045975471847e+05
1.796279301257720799e+05
1.806702266232717957e+05
1.807342968135082047e+05
1.797564211982086708e+05
1.810357155436421745e+05
1.807660217871492496e+05
1.797842631764220423e+05
1.814938722266889235e+05
1.805466050974011014e+05
1.798874683626694605e+05
1.817489280532445700e+05
1.802738754529118305e+05
1.798958149386706646e+05
1.818583651984258613e+05
1.799655431447855372e+05
1.797431966063217260e+05
1.817228478337375564e+05
1.797994873677938886e+05
1.795301212869517913e+05
1.814679371344826359e+05
1.799363324522048060e+05
1.793357562682796270e+05
1.811655325099768525e+05
1.802934577083016920e+05
1.794194151897031988e+05
1.807722786775357963e+05
1.806996970144232037e+05
1.796300588892366795e+05
1.805068369263173954e+05
1.810014623943459883e+05
1.798574543915852555e+05
1.803842272446286515e+05
1.812548601697097765e+05
1.800513371544892725e+05
1.802791729634774383e+05
1.816552780687634367e+05
1.802353998880753061e+05
1.800107641997323080e+05
1.817901043132542400e+05
1.802772521014057857e+05
1.796511605554439593e+05
1.817877914008133812e+05
1.803859024006823311e+05
1.792637152731532115e+05
1.814889811642323912e+05
1.804739636934441223e+05
1.790431079509007977e+05
1.811088212236328691e+05
1.806064233263014758e+05
1.791484215080231661e+05
1.807201278978527407e+05
1.807126619363081991e+05
1.794235694870809966e+05
1.804546189914805000e+05
1.808717082010729355e+05
1.797503029015462380e+05
1.803730875716287410e+05
1.811109628070491890e+05
1.798543092882913479e+05
1.804128720577680215e+05
1.813883522456880892e+05
1.799244392752555141e+05
1.805679443032480194e+05
1.815646784505011165e+05
1.796961453415300057e+05
1.807881034654413234e+05
1.815706042492281413e+05
1.794184271450524393e+05
1.809021390670685505e+05
1.813321465149401338e+05
1.791283850629860826e+05
1.809362421235720103e+05
1.810446833628859313e+05
1.790038109639841714e+05
1.808486927651317965e+05
1.808131252702302590e+05
1.791394617060460732e+05
1.807556464571758988e+05
1.806715718520544760e+05
1.794263090716759616e+05
1.806289931171116768e+05
1.807290043418197602e+05
1.796103474163808569e+05
1.806654668107068574e+05
1.808443587956483534e+05
1.797512912200682622e+05
1.809307717265515821e+05
1.808964234590407286e+05
1.797872093524163356e+05
1.813276613219434512e+05
1.808003518718734849e+05
1.797581099221137993e+05
1.817662827638686576e+05
1.803550498489188612e+05
1.798562648600930406e+05
1.818510257411908533e+05
1.797386500873071491e+05
1.800351638574110402e+05
1.816776393606981146e+05
1.793239304572541732e+05
1.801296794131011702e+05
1.813323367319832905e+05
1.792203011770918674e+05
1.802301488804748224e+05
1.810929803987371270e+05
1.794072107925450255e+05
1.802380736562259553e+05
1.809554289297799405e+05
1.796348974516089656e+05
1.802970301392637484e+05
1.809859639348090568e+05
1.798707083088753279e+05
1.804260017263783666e+05
1.812040312648953695e+05
1.798412976605735021e+05
1.805847991327471682e+05
1.814363236869674292e+05
1.797777808297307638e+05
1.808162993166937376e+05
1.815606711098276137e+05
1.795687027020659298e+05
1.809365171706640103e+05
1.814766759176270862e+05
1.792569707289771177e+05
1.808736432041568041e+05
1.812770539564549108e+05
1.790076571418402018e+05
1.806614163520368456e+05
1.811355056882388017e+05
1.790879143566343992e+05
1.804838093170342618e+05
1.810743268955101667e+05
1.793054449916683370e+05
1.803136506563976582e+05
1.809485201681529579e+05
1.795642998574013764e+05
1.802519057703022263e+05
1.809965060908682353e+05
1.799070644756239199e+05
1.803012277134090255e+05
1.811685686153505521e+05
1.799154039865095401e+05
1.804818948171708907e+05
1.814775071163970570e+05
1.798346565776127973e+05
1.807092076003541006e+05
1.816207596764384361e+05
1.796621913265171461e+05
1.806803719966055360e+05
1.816189764496645366e+05
1.794146869795694656e+05
1.805682754549236852e+05
1.815145595679696708e+05
1.791781256618256739e+05
1.803664303741515032e+05
1.813951424394059286e+05
1.792331736947835307e+05
1.800432254709564149e+05
1.812516299637232732e+05
1.795370369341523328e+05
1.798510148575499188e+05
1.810583747165025852e+05
1.799612145130239369e+05
1.798186883684598142e+05
1.810454965765025117e+05
1.803506039449323725e+05
1.798505923433548305e+05
1.810424957051993115e+05
1.806690294877205743e+05
1.798041810976818379e+05
1.811895464922820101e+05
1.810401741202087433e+05
1.796681284848577634e+05
1.812451372437788232e+05
1.813311946837143041e+05
1.794630336474567303e+05
1.810426902766725980e+05
1.814381321110245190e+05
1.792696117564489832e+05
1.805843328341109445e+05
1.815609237172084977e+05
1.793473973556575947e+05
1.798522238549030735e+05
1.815106630754838407e+05
1.796755681634177745e+05
1.794569906736041594e+05
1.811443730483228574e+05
1.802635936011260783e+05
1.794308927738795173e+05
1.807030121117044473e+05
1.807310403034709161e+05
1.796132902851526160e+05
1.803584019907786860e+05
1.810274532457067398e+05
1.799842391736379068e+05
1.802407374395694060e+05
1.813582704362833174e+05
1.802460286708055355e+05
1.800494930196106725e+05
1.816557699530225946e+05
1.804904125195447996e+05
1.797738888359438570e+05
1.817157853903282376e+05
1.806979853477329016e+05
1.793985947653702169e+05
1.814818438481234771e+05
1.809406426836462342e+05
1.790500688588553458e+05
1.809329232514887408e+05
1.811608223200593784e+05
1.790883210206402582e+05
1.802282817347195523e+05
1.813020548509199289e+05
1.795411014058810833e+05
1.797036267056069337e+05
1.811182023220840783e+05
1.802861977382354380e+05
1.795636916601736157e+05
1.806499928709002852e+05
1.808793627026345930e+05
1.798277382619375421e+05
1.802111512416258338e+05
1.812319969112215040e+05
1.804878901722672163e+05
1.798255094664836361e+05
1.811344700646443525e+05
1.812885696329174389e+05
1.797623981066270499e+05
1.805265798808321706e+05
1.818481280866497546e+05
1.803149018873029272e+05
1.795187897204908950e+05
1.813816037262137979e+05
1.812325501456075872e+05
1.792244605635842308e+05
1.800603974620258959e+05
1.815730883537013724e+05
1.802273088919188885e+05
1.790857149508728180e+05
1.805868529139560706e+05
1.812176854907539964e+05
1.797101738628219755e+05
1.794536418022782891e+05
1.807834691070911358e+05
1.808303307450207358e+05
1.797717667702945473e+05
1.799151522544049658e+05
1.810204388485909149e+05
1.806437225510306307e+05
1.797737695677393931e+05
1.804699571153771249e+05
1.812924057009002136e+05
1.803477873574242985e+05
1.798456832975828438e+05
1.813210086202798702e+05
1.813395863315612369e+05
1.797445783257738804e+05
1.803358168909959495e+05
1.818065577176559600e+05
1.806701808932430868e+05
1.792343520804939617e+05
1.806831537956531101e+05
1.816453085747903679e+05
1.798442740352938417e+05
1.791727342998365057e+05
1.808722897830453876e+05
1.812079004431956564e+05
1.796242701735170558e+05
1.794110748073722643e+05
1.808120427529729495e+05
1.809335781005056924e+05
1.798013616584660194e+05
1.796275698726008704e+05
1.806237295062965422e+05
1.809691530122432450e+05
1.801352611493904551e+05
1.798225897858238022e+05
1.807069348745225288e+05
1.812528765835774830e+05
1.803020241793359164e+05
1.798395036306278780e+05
1.811108917885505944e+05
1.815095236525640648e+05
1.801481597732428636e+05
1.797727500793811632e+05
1.813178614716739685e+05
1.815588931209373986e+05
1.798260757375192479e+05
1.795006259735944041e+05
1.811772011444531090e+05
1.814281789225692337e+05
1.797106749102655449e+05
1.792048737172831025e+05
1.807227726959498832e+05
1.812572679883310338e+05
1.798843505573056173e+05
1.792418654411948519e+05
1.803628632339691394e+05
1.810431933042322344e+05
1.802429227024531865e+05
1.795724567455847864e+05
1.801444588607403857e+05
1.810164281533078465e+05
1.805828330790265754e+05
1.797900144546098600e+05
1.801509661348439695e+05
1.812477323814702977e+05
1.809497585597491416e+05
1.798634358673293318e+05
1.803194442459813436e+05
1.815994983012659650e+05
1.810429007472123485e+05
1.796337841611550248e+05
1.802602221727564465e+05
1.817444061109368922e+05
1.809001672384358244e+05
1.792724216210372979e+05
1.800125721381836047e+05
1.815428529023549345e+05
1.807261882021679776e+05
1.791158532465849130e+05
1.799108736257508572e+05
1.812215355196347809e+05
1.806284208419866045e+05
1.793526967896738497e+05
1.798158772254859505e+05
1.810015357012067107e+05
1.806871944235784176e+05
1.797989713898808695e+05
1.799152810190613673e+05
1.809125525584029674e+05
1.808804005159274093e+05
1.799339822945274645e+05
1.801358815253027424e+05
1.812452131859519868e+05
1.809254157525291375e+05
1.797899841201039962e+05
1.804533792326916882e+05
1.816809398111525516e+05
1.806554447491694591e+05
1.795866851228539308e+05
1.807738828562438430e+05
1.817196487969115842e+05
1.801418470385237597e+05
1.793237825583016383e+05
1.808977095662227366e+05
1.814218563534888090e+05
1.796703934654152254e+05
1.791839935770854645e+05
1.806879632671078143e+05
1.811847983489921317e+05
1.798296526469639794e+05
1.793576172903064871e+05
1.803830271677044511e+05
1.810236276025686821e+05
1.803267241369519616e+05
1.797195474037567619e+05
1.800472746054549643e+05
1.808782437478352804e+05
1.808808635480889643e+05
1.800983291797730199e+05
1.799285885560551542e+05
1.808151198112557759e+05
1.814269886741582886e+05
1.806763904739063291e+05
1.798097084764403990e+05
1.803749042320879234e+05
1.815498751963255927e+05
1.814596195076470613e+05
1.801831267524319119e+05
1.794586327332294604e+05
1.802894608417392592e+05
1.814259693138614239e+05
1.813665704630011169e+05
1.800462052514108946e+05
1.791717237838734873e+05
1.796377234695584339e+05
1.807298870652747282e+05
1.812176660881921707e+05
1.806097441978181596e+05
1.797000504179011041e+05
1.794132382166903117e+05
1.799337113282663049e+05
1.806331489635314792e+05
1.809357168576459808e+05
1.806866677741741587e+05
1.801232059909088130e+05
1.798210243407217495e+05
1.801409224968798808e+05
1.808441334905354888e+05
1.813376126787667163e+05
1.809284917256531480e+05
1.801819776972979016e+05
1.798657007920286560e+05
1.803734865940448362e+05
1.813683730128616153e+05
1.816146286115325929e+05
1.809554259081819328e+05
1.798773686488704407e+05
1.793995784708950086e+05
1.799606831012662733e+05
1.809698574097043893e+05
1.814882210513399914e+05
1.809747040374495555e+05
1.798874283569142572e+05
1.792296097813050437e+05
1.795307836976341787e+05
1.803573312811611686e+05
1.809484732672434766e+05
1.809274441865282424e+05
1.804229709136198217e+05
1.798320565990755567e+05
1.796398384751877747e+05
1.799886205011114071e+05
1.806321905435626977e+05
1.810244965183450840e+05
1.809747524886032334e+05
1.804680654483602557e+05
1.800117938496813003e+05
1.799808743271201383e+05
1.805556816138085269e+05
1.813386350282570056e+05
1.815714642539595079e+05
1.810436820985205995e+05
1.801790223225726513e+05
1.796135659567051334e+05
1.798707631417123775e+05
1.807027128490396426e+05
1.814326568531422818e+05
1.813997131625646143e+05
1.806346859026102757e+05
1.797098838040644769e+05
1.792214474579169182e+05
1.795086178681786987e+05
1.801941441979595111e+05
1.808732903057509102e+05
1.810360595495281741e+05
1.806704563460781355e+05
1.800822670829458511e+05
1.796624031445974251e+05
1.797059833963555866e+05
1.801264959546450409e+05
1.806671485262105416e+05
1.810463033079651941e+05
1.808740452757950407e+05
1.803483937943519850e+05
1.798945846005302737e+05
1.801038786058228870e+05
1.807057095341812528e+05
1.814185719087339821e+05
1.814913722417458193e+05
1.806653339354397613e+05
1.798165149345480895e+05
1.796666795844745357e+05
1.804121249565691978e+05
1.813540525536522036e+05
1.815591157559052517e+05
1.808007370773709845e+05
1.796971281618250650e+05
1.791998772733027290e+05
1.796620710213350831e+05
1.805802698135942337e+05
1.811665866782937665e+05
1.809385733323285531e+05
1.802135265701866301e+05
1.795909026521437627e+05
1.795096462937449687e+05
1.799140774584450119e+05
1.805664534934908152e+05
1.809569341081776365e+05
1.808709503761322994e+05
1.804710134582247993e+05
1.800598994641040044e+05
1.799316158802956052e+05
1.803321290001048765e+05
1.810061218216616835e+05
1.814597639336746070e+05
1.812757997984906542e+05
1.805249364965228597e+05
1.798973322972817987e+05
1.797676891282096913e+05
1.802992180433743051e+05
1.810913632788451796e+05
1.815281447274015227e+05
1.814013086824555940e+05
1.806352220620992885e+05
1.797230896976698714e+05
1.792864638966404600e+05
1.793451211054349842e+05
1.799830927786762768e+05
1.806410803857014398e+05
1.810771146630263538e+05
1.810183402273199754e+05
1.805889193734862783e+05
1.800960621849201561e+05
1.797285879033416568e+05
1.796318790615701291e+05
1.799335953637432540e+05
1.803741835257984640e+05
1.808022138505812909e+05
1.810546639894966211e+05
1.809954014919174660e+05
1.806440290519837290e+05
1.801195037049008824e+05
1.798962915721623576e+05
1.802143977968735853e+05
1.807901143996490864e+05
1.814579153592371149e+05
1.815756156800205354e+05
1.811759918635758513e+05
1.803057762601032446e+05
1.796620593047100992e+05
1.794315650981049403e+05
1.798859497953731043e+05
1.806379388274696248e+05
1.812680177263367514e+05
1.813290517705287202e+05
1.807612531969471311e+05
1.800475713468570320e+05
1.794663014454964432e+05
1.793634071878635732e+05
1.797462628583396727e+05
1.802520144678060897e+05
1.808058992665250553e+05
1.809889693090242217e+05
1.808219444541564444e+05
1.803601733681298501e+05
1.799420074033896381e+05
1.798716697377185919e+05
1.801257261340291006e+05
1.806518977844904002e+05
1.812501139836024668e+05
1.813090796286291152e+05
1.808860456228462281e+05
1.801623405765876232e+05
1.798169491376122460e+05
1.799889384936753195e+05
1.807955426402800367e+05
1.814799815639479202e+05
1.815318199453455163e+05
1.809869034738732735e+05
1.800301106759723043e+05
1.793939980794196017e+05
1.793524671783823287e+05
1.799895360984878207e+05
1.807983349440283782e+05
1.812196916568895394e+05
1.810130365836702404e+05
1.803895582094083657e+05
1.797744483233592473e+05
1.795165721529879665e+05
1.796407374309711158e+05
1.801406255133939849e+05
1.807078744468720979e+05
1.809726097741118283e+05
1.808541788083718275e+05
1.804289987909794727e+05
1.800681205522200617e+05
1.799284517971779860e+05
1.803044192627829907e+05
1.809662792908215197e+05
1.814326274262084917e+05
1.813692001720785920e+05
1.807305880964992102e+05
1.800798903223289526e+05
1.797046250546257652e+05
1.799248862445362611e+05
1.805575338376707223e+05
1.812395468260065536e+05
1.815065670626047358e+05
1.812913960160512361e+05
1.806234160232291033e+05
1.798637481181171606e+05
1.794165415833184379e+05
1.792824396280031651e+05
1.796420615308036504e+05
1.801698422833874065e+05
1.806865090292499226e+05
1.809529333286280162e+05
1.809064455071554985e+05
1.807193918377948285e+05
1.803533020641719631e+05
1.799821596830368799e+05
1.798671272970552382e+05
1.799095668608389096e+05
1.802250738962368923e+05
1.807340150232735032e+05
1.811195927705707436e+05
1.813348403285002278e+05
1.810824182567986718e+05
1.805413265927674656e+05
1.799889518851026951e+05
1.797917904433788208e+05
1.800819681730199372e+05
1.807737675069793186e+05
1.814068788045535039e+05
1.815439662564276950e+05
1.811589332948367519e+05
1.803418512580411625e+05
1.796087897669444792e+05
1.792267661724878708e+05
1.794930659604060638e+05
1.801847973085290578e+05
1.808209572233841754e+05
1.811292206532552373e+05
1.808950950814159878e+05
1.804160102380063327e+05
1.798582894405675470e+05
1.796103181161734974e+05
1.797572518050504732e+05
1.801569560175928636e+05
1.806798162774102530e+05
1.810213075489901530e+05
1.809509396388401801e+05
1.805720518734425714e+05
1.800659990116480330e+05
1.799393672865646950e+05
1.803803616991844901e+05
1.810781655313436349e+05
1.815853140326590510e+05
1.813416428025298810e+05
1.805248155171617109e+05
1.797154322922404972e+05
1.796286077788706170e+05
1.801956093009556644e+05
1.810722987811634375e+05
1.815210573916408466e+05
1.812005611102054245e+05
1.803160995645095536e+05
1.794694900647072645e+05
1.792029707730499795e+05
1.796317045906391577e+05
1.804382422845641559e+05
1.809759926251856086e+05
1.810245114261719573e+05
1.805807332960575877e+05
1.799991122288699844e+05
1.797154905425067991e+05
1.797726222720664518e+05
1.801838067607038538e+05
1.807188069876301452e+05
1.810248637265863654e+05
1.809894899026224448e+05
1.805209561739389028e+05
1.800224510982754291e+05
1.800018988068300241e+05
1.804340645557759854e+05
1.811603964333643962e+05
1.816232300590311934e+05
1.813901621160501672e+05
1.806462243655410421e+05
1.797880621071002388e+05
1.795086238521582854e+05
1.799850279884051124e+05
1.808032306376391789e+05
1.813558846015662712e+05
1.813227460840213753e+05
1.807202741628023505e+05
1.798546636383799778e+05
1.793427241946431168e+05
1.793708082134372089e+05
1.798419945546663657e+05
1.804075009673776804e+05
1.808553444265250582e+05
1.809203945075302036e+05
1.806784257758902386e+05
1.802827029042275972e+05
1.798895300267930434e+05
1.798287673269286461e+05
1.800017798769389046e+05
1.805054788465514139e+05
1.810416607697307772e+05
1.812556449994785362e+05
1.811661699463141558e+05
1.806383222161867016e+05
1.800951097777153482e+05
1.798152358858457010e+05
1.799992362408223562e+05
1.806238044153011579e+05
1.812648138752880041e+05
1.815870910855409165e+05
1.813064236355452449e+05
1.806287946839082579e+05
1.799290875771311985e+05
1.793240842069797800e+05
1.793266634331608657e+05
1.797207729719257040e+05
1.803402224014263484e+05
1.808674064870978473e+05
1.810803001188775233e+05
1.808967145188725553e+05
1.804399850156441680e+05
1.800075730165539135e+05
1.797387045193078520e+05
1.797032984880640870e+05
1.798834377309608681e+05
1.802597580251951586e+05
1.807295921131485084e+05
1.810864525502116303e+05
1.811290064184372604e+05
1.809171135117773665e+05
1.804655467664289754e+05
1.800246470971094677e+05
1.799090577277510602e+05
1.801366669865528529e+05
1.807724613044686266e+05
1.812824803509305057e+05
1.816136287547114480e+05
1.814120494102523662e+05
1.809347416581126454e+05
1.801090216511512699e+05
1.795834291698829620e+05
1.792794263923666731e+05
1.794691057021311717e+05
1.799348320057801902e+05
1.805323051800566027e+05
1.809539585419831565e+05
1.810939780025584041e+05
1.808937397177917010e+05
1.805674941772048769e+05
1.802020664966127079e+05
1.798359060121240618e+05
1.796991396973562951e+05
1.797671020506031346e+05
1.800183675648519420e+05
1.803821880746944516e+05
1.807998594875511480e+05
1.810661211709260533e+05
1.811645856038491766e+05
1.810242099020930473e+05
1.805929539406503900e+05
1.801727610412660288e+05
1.798514561873778584e+05
1.799655711443322944e+05
1.802605338093023747e+05
1.807653403495632811e+05
1.812231181673453248e+05
1.815037828893506376e+05
1.814417416615976836e+05
1.811122478305116529e+05
1.806623582581625378e+05
1.801034453496643982e+05
1.797213879774635134e+05
