5.106678311381699364e-01
2.665979132133654561e-01
2.724790772330457633e-01
2.437743296092634016e-01
2.625303642347450173e-01
2.495138956951478970e-01
2.614899422197454748e-01
2.371601064728628694e-01
2.497518770784959707e-01
2.576743525738007801e-01
2.384826959950602510e-01
2.512991869668225187e-01
2.643985733550898720e-01
2.550188087358256639e-01
2.407081294282103490e-01
2.347237781685837243e-01
2.541457109293501215e-01
2.387897446627718634e-01
2.261060803896333682e-01
2.276091025107682408e-01
2.344409338514823193e-01
2.505766214330280572e-01
2.518729122132982723e-01
2.617845020902390685e-01
2.778502903967822180e-01
2.548088895168296730e-01
2.657822632974969901e-01
2.726008216637272330e-01
2.685328430453511883e-01
2.412536535442468821e-01
2.562635057014173157e-01
2.592970832925300395e-01
2.841047301756015608e-01
2.508055286644335635e-01
2.470155124492507959e-01
2.506451849987285652e-01
2.548955038336327417e-01
2.461025048308175811e-01
2.572038125464944924e-01
2.419045611630954440e-01
2.287496643449013212e-01
2.429093976449361869e-01
2.741549182292447595e-01
2.770120367830343766e-01
2.538129376175856100e-01
2.977876166965130467e-01
2.760975909729225797e-01
2.575547974794065165e-01
2.621075680580721712e-01
2.534218357261862620e-01
2.767511727573728209e-01
2.437896877725610478e-01
2.650510294149523993e-01
2.514992150868121112e-01
2.458375810392641470e-01
2.603100892475492811e-01
2.312861503212235992e-01
2.580073645004192784e-01
2.501121383221217020e-01
2.500976600035856312e-01
2.594892343586070460e-01
2.404110840813769023e-01
2.401293850043112466e-01
2.600992530267524638e-01
2.482377446519646869e-01
2.743863363744555861e-01
2.530853479822281482e-01
2.541091548573243264e-01
2.806031490567558739e-01
2.615981397473771675e-01
2.507371885395454636e-01
2.486763682103790285e-01
2.518324585274852034e-01
2.416012264148416078e-01
2.456446895711394407e-01
2.616289571491364208e-01
2.344782139435805102e-01
2.797923795997512286e-01
2.543548360666681996e-01
2.619551463572268868e-01
2.746876165874675979e-01
2.265137678973232760e-01
2.515432918595104095e-01
2.604482424619382064e-01
2.428643017026960171e-01
2.703660775032338814e-01
2.406726262840998831e-01
2.340112308930940854e-01
2.387524578042698742e-01
2.511625890040958820e-01
2.484966037626318847e-01
2.808257744136202216e-01
2.455444898422861622e-01
2.454684467979781903e-01
2.360311335652739706e-01
2.465238271814078064e-01
2.684212247018444852e-01
2.412634627603162940e-01
2.481352475537948188e-01
2.465164009929171063e-01
2.338077565435364158e-01
2.495433064260172140e-01
2.417517671904441390e-01
2.541580614650075787e-01
2.666699004252772731e-01
2.692033586905908105e-01
2.497577014665268991e-01
2.458318627292659098e-01
2.759399397105280483e-01
2.462258668300689735e-01
2.608485324070917710e-01
2.302210719719726406e-01
2.438326074593686610e-01
2.622827691119666293e-01
2.599553517746157061e-01
2.412994663773814774e-01
2.390382782683960206e-01
2.572704013333413364e-01
2.342731051228807426e-01
2.588099842780889892e-01
2.318051589857389183e-01
2.660618889924289410e-01
2.723865560572472644e-01
2.784931208964566696e-01
2.439759169501142522e-01
2.671033378354994436e-01
2.519194319050253039e-01
2.448692325691242677e-01
2.381719462937127441e-01
2.407223781019318942e-01
2.781180320494678893e-01
2.607189921922491993e-01
2.627802881601102314e-01
2.264142858105245848e-01
2.466819445059571236e-01
2.429335017011283737e-01
2.431437570466742637e-01
2.642536609307294393e-01
2.475767668821178269e-01
2.510202971682362616e-01
2.516105481404867228e-01
2.369561229004092939e-01
2.509344905060279518e-01
2.668406509808624594e-01
2.646618311427287318e-01
2.696471496674366364e-01
2.386631606014032181e-01
2.346325801728819105e-01
2.599140769194673295e-01
2.430721916431355933e-01
2.620112564693787838e-01
2.216757216320259238e-01
2.380711368674946482e-01
2.576393569836142317e-01
2.436241390051277211e-01
2.522875324324084234e-01
2.496248012828961860e-01
2.346141384061071755e-01
2.470821695979364130e-01
2.263312367472478104e-01
2.547952733440245754e-01
2.450784924200093418e-01
2.597287834621297975e-01
2.407061041291557735e-01
2.485946762391485487e-01
2.292592702908755886e-01
2.977522965571807734e-01
2.658993108642555003e-01
2.530856983187516063e-01
2.349881894429629303e-01
2.444779325963463701e-01
2.450646343943204131e-01
2.447647318223830915e-01
2.441636444066757894e-01
2.490597745785963768e-01
2.454782288052904937e-01
2.357898551257250064e-01
2.550980994697157334e-01
2.438626665649870073e-01
2.355133693092057723e-01
2.553453619632473637e-01
2.604209103889755239e-01
2.704819433700801912e-01
2.572731509776340908e-01
2.457389737884731196e-01
2.489494670948229349e-01
2.546211347212716802e-01
2.402671981791515421e-01
2.450430922462119854e-01
2.409096965505727606e-01
2.328362053157934375e-01
2.682198012703265744e-01
2.679044204896103287e-01
2.592003529372186588e-01
2.601418904690850908e-01
2.399517932824560273e-01
2.458703790809209366e-01
2.691039724359642338e-01
2.606632726670539135e-01
2.376521762126223014e-01
2.476341033515459811e-01
2.672635517068180366e-01
2.472533771264708857e-01
2.585252821239300003e-01
2.441228981287160149e-01
2.650676094754889078e-01
2.346550844532035163e-01
2.494037711457347539e-01
2.495156146335858749e-01
2.527600755901444063e-01
2.311392150090116060e-01
2.529822799908591491e-01
2.568845630424819171e-01
2.487847035608164448e-01
2.340807528951431016e-01
2.420042177673080996e-01
2.470805337823640813e-01
2.632913895608716692e-01
2.715836152612063903e-01
2.418011534166272791e-01
2.667290319708370272e-01
2.463114218734195060e-01
2.496097640734764866e-01
2.597310829804209131e-01
2.864151176609161520e-01
2.344454180500488982e-01
2.477601149943891856e-01
2.487041665419387482e-01
2.341367065686789650e-01
2.376462893822250400e-01
2.379574985307895407e-01
2.643515928708323193e-01
2.452352895654899834e-01
2.388287244936316278e-01
2.384068787386252608e-01
2.567829071968954491e-01
2.393940483929528074e-01
2.280457417656471530e-01
2.410496573984164947e-01
2.424273129297045970e-01
2.543738051924726573e-01
2.640644219960600059e-01
2.614704475856514110e-01
2.377326607565328487e-01
2.426865460568013999e-01
2.623745871643465288e-01
2.337323204047433989e-01
2.491448623429764753e-01
2.737081048908273639e-01
2.419080553525818356e-01
2.806639279109016116e-01
2.553214306383976839e-01
2.596095515947303145e-01
2.317728198452603527e-01
2.450927187724821765e-01
2.600418990535408592e-01
2.704237232669597368e-01
2.636439316544649247e-01
2.474382366396714605e-01
2.564607741729464374e-01
2.519388826995695996e-01
2.505386735197013826e-01
2.579997487557210700e-01
2.784131553098104783e-01
2.780389789060229155e-01
2.510720113406089693e-01
2.425889149509931064e-01
2.366291034102064039e-01
2.462468288535845373e-01
2.602134720492265130e-01
2.753621338766071847e-01
2.538163867641612947e-01
2.467267874605154898e-01
2.537155129764477324e-01
2.701652776535353739e-01
2.560842032703413707e-01
2.798354422733949631e-01
2.505652986741065957e-01
2.479213755683080944e-01
2.512967862497560989e-01
2.550248728309953417e-01
2.659239835150264963e-01
2.906556502517515517e-01
2.454966776080972912e-01
2.565549982806248352e-01
2.580456116191709448e-01
2.570026004910885842e-01
2.635787584484694523e-01
2.454851171979068325e-01
2.851449406565843558e-01
2.563090068152568679e-01
2.598318325040470111e-01
2.678577521331451661e-01
2.652919203454024988e-01
2.563691006269798178e-01
2.696401176244369591e-01
2.687918472577306428e-01
2.424575315748909998e-01
2.606882929660266357e-01
2.795446826397679496e-01
2.927796956343933221e-01
2.362086949881971876e-01
2.456239845825104462e-01
2.743368674364105031e-01
2.401202727413316307e-01
2.493435175616756372e-01
2.477644032783379024e-01
2.393242640695142365e-01
2.391154266353046620e-01
2.815147090319675693e-01
2.372946008007534302e-01
2.461656336820069180e-01
2.638647491758689401e-01
2.505728024662997044e-01
2.652323193034099580e-01
2.275679839971318230e-01
2.554163710481457406e-01
2.664916763715244885e-01
2.528572344256825866e-01
2.724482001255461028e-01
2.441430608942977143e-01
2.658053623207179972e-01
2.590376885527740369e-01
2.674895777242820016e-01
2.350363577079418453e-01
2.541929265326067222e-01
2.531085498917226562e-01
2.403408513489631859e-01
2.386106155739728951e-01
2.639336737802775446e-01
2.298425395959954043e-01
2.409155126028960925e-01
2.688307096208490399e-01
2.530382374935285505e-01
2.785389833684315808e-01
2.397985190172724490e-01
2.239284856471575880e-01
2.502818459459643097e-01
2.548949531453217343e-01
2.543943792495162448e-01
2.537730270254364151e-01
2.513131340513589107e-01
2.808521414267475813e-01
2.578008008428463449e-01
2.587051856145823892e-01
2.387731193092406667e-01
2.388954640244480010e-01
2.401969605814805730e-01
2.376075111468551326e-01
2.458929400977935276e-01
2.597800699632915600e-01
2.534104562567548458e-01
2.655680644950809133e-01
2.576056803905929504e-01
2.531582905545111117e-01
2.817593579823480798e-01
2.678112007788809867e-01
2.434833590604931763e-01
2.549481739981382389e-01
2.479114897952493790e-01
2.477688855562344972e-01
2.413872118428505020e-01
2.538198715416184470e-01
2.415581464101018150e-01
2.315616793306617405e-01
2.535771996276617313e-01
2.456276134720909166e-01
2.456447109660839789e-01
2.341099470940468941e-01
2.447954808388842496e-01
2.270082809680119273e-01
2.684321504594221475e-01
2.710764532720927322e-01
2.522299171243702065e-01
2.670054942791082464e-01
2.607734845811917612e-01
2.869905270912400108e-01
2.411358406515982655e-01
2.586103884212666015e-01
2.294363348965041682e-01
2.757312697588658046e-01
2.488726640110711374e-01
2.651380693837673830e-01
2.360637373076019396e-01
2.349030098324037807e-01
2.460224904316768157e-01
2.487413208439823165e-01
2.572303875393143202e-01
2.863446022339489194e-01
2.571975173438913465e-01
2.360225992945702567e-01
2.584967967410688461e-01
2.579596451020814141e-01
2.464654322920821761e-01
2.544252798376828717e-01
2.649434349971629410e-01
2.496114890767971717e-01
2.423099630776196778e-01
2.533289375049648795e-01
2.354122148625471256e-01
2.460891991472598794e-01
2.678552674634280817e-01
2.480794744571166999e-01
2.531251474697504000e-01
2.828145481755181545e-01
2.527643358823464248e-01
2.829932454927661656e-01
2.393410775933844103e-01
2.571384306153502441e-01
2.693354465890010485e-01
2.559228598024996804e-01
2.658368106734912417e-01
2.388035211459668405e-01
2.595335361409188968e-01
2.704326231383771262e-01
2.719252239402412674e-01
2.250652275529531343e-01
2.434484809507192482e-01
2.398213284237903919e-01
2.683036843060379040e-01
2.264028274544555575e-01
2.438458936806362221e-01
2.749255984678123932e-01
3.011556884513324484e-01
2.557491280829063407e-01
2.533352827134242036e-01
2.557240799080099936e-01
2.696219127883693334e-01
2.424036897175611549e-01
2.534763409556977654e-01
2.614007753607399676e-01
2.374474043448696337e-01
2.467818534620868642e-01
2.278438109380559740e-01
2.512737112739056311e-01
2.439699864956661468e-01
2.424790129315064768e-01
2.619686809123484283e-01
2.372967054423578137e-01
2.382994747366118660e-01
2.404788319187627088e-01
2.421279572525707746e-01
2.565978310373595583e-01
2.421148293312057331e-01
2.302309022587159804e-01
2.549833089598556590e-01
2.302955751792014338e-01
2.455713083126639384e-01
2.341549084520642421e-01
2.776251307366212617e-01
2.477534362655900990e-01
2.347398040086628723e-01
2.609474296179243313e-01
2.536452335058163587e-01
2.758364835083794708e-01
2.669622898772289199e-01
2.462307189392578810e-01
2.590574277674747572e-01
2.358176217444045153e-01
2.516433186807995326e-01
2.467865314131272858e-01
2.628277852721155328e-01
2.504011338358298477e-01
2.388982301306016576e-01
2.530534712129524078e-01
2.538580710965684939e-01
2.291628560170444195e-01
2.600833363072559967e-01
2.398192402630960618e-01
2.597080853150656177e-01
2.533423626695618935e-01
2.693138260324914324e-01
2.760794350889003157e-01
2.620898095274407091e-01
2.566261140884900094e-01
2.839268256723326833e-01
2.461844155305547843e-01
2.634316019811501763e-01
2.355769984848616327e-01
2.376025346072768718e-01
2.361453088419363522e-01
2.493108761028745568e-01
2.298862272367988846e-01
2.477071170375237941e-01
2.648384606123269647e-01
2.830577123480463309e-01
2.495758219699615310e-01
2.441874508994231474e-01
2.426234055107059640e-01
2.534545496489228888e-01
2.480448813888385950e-01
2.392731636756703084e-01
2.343940526928854629e-01
2.721490944369623910e-01
2.508404735521391205e-01
2.533837292803924890e-01
2.539286637742169117e-01
2.507260207816792152e-01
2.433094320666684129e-01
2.417214815709844700e-01
2.420802473876243199e-01
2.526181284656701109e-01
2.399458440416123439e-01
2.660570287621697450e-01
2.562436734236487879e-01
2.521129275102850786e-01
2.473154797158857998e-01
2.536825077111589666e-01
2.682097171009973358e-01
2.565537023279141904e-01
2.621666060582166224e-01
2.890057742836669719e-01
2.743618803128168304e-01
2.903263248041683120e-01
2.930591815137986167e-01
2.351493475735635941e-01
2.384414091254737078e-01
2.416365230591255298e-01
2.592928478910646040e-01
2.508125980485621520e-01
2.429505404181894479e-01
2.446313735395393707e-01
2.615969696122398269e-01
2.488013072835841832e-01
2.638989536357959076e-01
2.768779821264182872e-01
2.466222416383350158e-01
2.391289905377250724e-01
2.470583654193611867e-01
2.427315961296790947e-01
2.508291192074186826e-01
2.575084717013485514e-01
2.726155649118656155e-01
2.596630260578853266e-01
2.363843757146097124e-01
2.593093349122884694e-01
2.998502681764118050e-01
2.186084944504884942e-01
2.354831840353434069e-01
2.241446196279607839e-01
2.290551421812240807e-01
2.419232834483931172e-01
2.606180121402604244e-01
2.493806562105600200e-01
2.663971639980611261e-01
2.445455472142950559e-01
2.632527914343842923e-01
2.493454994066648112e-01
2.688312559502837873e-01
2.517019763442693847e-01
2.544601561999433881e-01
2.505381930188028683e-01
2.654145039417047380e-01
2.638873569661194796e-01
2.447440674633343805e-01
2.502226656038337715e-01
2.505023182273231619e-01
2.397135352579258527e-01
2.404178774990745060e-01
2.386897196378671426e-01
2.515802843150785062e-01
2.397818592335546339e-01
2.621588769600249891e-01
2.427642572230467588e-01
2.386374265128286820e-01
2.426848809371375260e-01
2.488334772164484676e-01
2.357578182500314479e-01
2.704410475326133878e-01
2.392511066084816174e-01
2.540677155319787106e-01
2.571301516556006028e-01
2.287057586449156299e-01
2.594366703299107457e-01
2.476112866800056767e-01
2.688111926782754124e-01
2.469683663896937165e-01
2.405518480944952298e-01
2.646725510357564870e-01
2.524297621813145209e-01
2.399976999756885387e-01
2.598426399701671552e-01
2.641486636953089273e-01
2.516263139546119354e-01
2.323634369483103534e-01
2.352288143743698490e-01
2.697957005909790706e-01
2.410854426060545508e-01
2.485621959885982724e-01
2.390320067410370286e-01
2.286075230130266700e-01
2.383733024540869716e-01
2.671350282422992328e-01
2.380678028227782850e-01
2.896065814185380116e-01
2.838078000066852624e-01
2.692208941517471033e-01
2.569058589555958672e-01
2.545436125553228179e-01
2.428134469119245520e-01
2.578676437772363661e-01
2.349403759507867062e-01
2.369232654887874767e-01
2.631949271328068440e-01
2.517405808759610730e-01
2.443234067185070524e-01
2.504280628294552336e-01
2.349450358773229330e-01
2.348537972727370859e-01
2.394490470509696989e-01
2.501777632904528259e-01
2.488828851863631175e-01
2.431889911372195068e-01
2.305864207996681514e-01
2.644889806995120995e-01
2.327536184371650496e-01
2.564349312418592319e-01
2.509908770403336820e-01
2.932693438952390097e-01
2.450729043205197299e-01
2.412695573484538447e-01
2.506275258570223596e-01
2.651847854289096640e-01
2.512694645157088624e-01
2.714726542408336107e-01
2.393459009670442506e-01
2.490942200126814166e-01
2.553029498668261121e-01
2.289861524552299910e-01
2.438027881794341267e-01
2.447169720702103979e-01
2.415063523671786561e-01
2.455006121635279481e-01
2.522415104514644790e-01
2.412281882100486552e-01
2.442844958303440894e-01
2.425318309456535315e-01
2.910080323007908087e-01
2.668352033191108141e-01
2.342131480908903329e-01
2.498395905760203151e-01
2.519842616969369398e-01
2.457242346169302150e-01
2.729821072075280242e-01
2.783695212525818530e-01
2.635863655664883454e-01
2.575487733827395154e-01
2.577904801689354652e-01
2.522982506329511931e-01
2.592773261465494694e-01
2.744099317234242053e-01
2.653144396559057316e-01
2.791320589651805628e-01
2.450791069532698985e-01
2.930838759886606470e-01
2.738354012856770159e-01
2.500217348081968938e-01
2.503163228440092869e-01
2.554711817833285048e-01
2.651356769659471979e-01
2.446260656557819879e-01
2.700992611486731088e-01
2.474605104766622043e-01
2.564684045322490613e-01
2.521873791679512533e-01
2.630792623149313947e-01
2.358959784761865963e-01
2.435353596925284581e-01
2.597089791817233095e-01
2.456827294397634365e-01
2.754821877239913008e-01
2.613477446713884378e-01
2.351929862845257013e-01
2.415746406593066165e-01
2.547948121922596343e-01
2.717110803177421596e-01
2.750799798335568092e-01
2.495669625490973542e-01
2.822060050708754542e-01
2.603385280281418357e-01
2.644102995696323011e-01
2.502498872494930415e-01
2.417671083869745441e-01
2.595127612126578720e-01
2.727259967308720001e-01
2.430364101146773592e-01
2.723639258642670535e-01
2.566850303953506773e-01
2.341511812724869634e-01
2.509954226898261642e-01
2.505251874619196517e-01
2.533467222612210135e-01
2.390653316035373788e-01
2.555162111387329071e-01
2.469174506539092151e-01
2.401988141569073032e-01
2.552970427666716446e-01
2.549477439651351429e-01
2.735866279627597875e-01
2.494774225391959976e-01
2.428137554206511450e-01
2.472002539418449718e-01
2.296169264952470923e-01
2.329095542720125422e-01
2.484662267717629713e-01
2.363305986049721863e-01
2.500753967995608673e-01
2.573170263566831872e-01
2.480812355640976685e-01
2.390320032718590282e-01
2.341692046531944071e-01
2.459300971225866217e-01
2.327144948408527425e-01
2.610200948056492498e-01
2.446667908551894144e-01
2.314965267795328352e-01
2.397333214909173893e-01
2.537401685899341452e-01
2.414811793482349311e-01
2.471439771225343862e-01
2.747307033704230461e-01
2.706831113302394787e-01
2.499834406255353469e-01
2.684654502803705545e-01
2.497005069162265001e-01
2.641250435137370012e-01
2.642062065519965031e-01
2.642150194856420220e-01
2.664738143704626916e-01
2.368988459975102934e-01
2.421212879406141050e-01
2.449543781947277343e-01
2.561936451462848430e-01
2.414760673779161593e-01
2.617562498625918832e-01
2.449729933971551143e-01
2.448645560917327435e-01
2.310775776164975537e-01
2.501878907887211678e-01
2.385220374812653532e-01
2.642921401502436041e-01
2.493188937511553183e-01
2.498256598074818091e-01
2.696085560762127575e-01
2.384736950529992849e-01
2.652620376999640373e-01
2.550260674973987562e-01
2.428224401210178629e-01
2.651492485198012061e-01
2.844078426996323183e-01
2.633089412193169720e-01
2.534810587951881189e-01
2.587267319272758548e-01
2.686057877723778131e-01
2.629391226891207300e-01
2.703629435531786362e-01
2.356954918806869193e-01
2.446294469679343997e-01
2.536847003992180327e-01
2.904609900077930740e-01
2.462629396240663682e-01
2.450206237517880414e-01
2.679468660115250089e-01
2.475082726528638477e-01
2.400038931529833164e-01
2.726376069592433282e-01
2.598747730322699123e-01
2.376255702737269104e-01
2.749747737363191225e-01
2.558734585365565750e-01
2.642623072123236883e-01
2.357212830955606464e-01
2.370293206412410203e-01
2.393452621384690449e-01
2.335049889802881529e-01
2.543044581020079131e-01
2.706082094166201713e-01
2.399188315356982903e-01
2.475727270588755635e-01
2.370385998923156268e-01
2.695421057570769885e-01
2.667844176971935211e-01
2.377658600743381423e-01
2.514860842902608140e-01
2.418117630825986075e-01
2.369589374026984108e-01
2.317222615937387376e-01
2.509697463498454795e-01
2.776058197073648648e-01
2.481243748815500083e-01
2.565822199772290757e-01
2.672832338120828544e-01
2.551075902079693036e-01
2.577501889887762743e-01
2.305694664108778602e-01
2.604990311545781201e-01
2.635689169448573455e-01
2.303879598054288658e-01
2.606954439392816236e-01
2.735676502271494615e-01
2.603720944845783203e-01
2.345038747582465222e-01
2.584611260608893901e-01
2.497457890267662239e-01
2.558428141834711567e-01
2.446718441223158236e-01
2.410206134346305207e-01
2.390543942229425844e-01
2.477496272218834006e-01
2.335501655516941388e-01
2.700740385102683994e-01
2.400692936732083116e-01
2.363669054559459359e-01
2.407414753074398062e-01
2.557154254199139887e-01
2.516713462932665957e-01
2.755793817326277484e-01
2.568344217118218031e-01
2.700048785897627979e-01
2.527555202237100618e-01
2.481677926582446514e-01
2.428226815695965213e-01
2.557760640051485179e-01
2.310149437102667624e-01
2.405986222812284692e-01
2.465231201467184829e-01
2.249854342430096243e-01
2.468012866312265796e-01
2.668972261299676907e-01
2.568973500185093850e-01
2.674121666687273025e-01
2.588878188476273490e-01
2.525405538588750276e-01
2.794185192869209633e-01
2.590801528346771687e-01
2.379665247541967732e-01
2.619297544790927246e-01
2.268557918611323887e-01
2.486415104748425087e-01
2.556696982494024439e-01
2.268327470860557471e-01
2.291388919247523970e-01
2.594425537993902409e-01
2.520554061812179669e-01
2.426892405311574796e-01
2.677257723912778720e-01
2.429804752878475804e-01
2.567724770468653994e-01
2.537262072029470295e-01
2.481699932212300952e-01
2.548147266936234834e-01
2.535712594461012048e-01
2.469181236902400767e-01
2.413258020240452717e-01
2.715528910358066539e-01
2.430152492583296520e-01
2.489005757151472320e-01
2.601551805121681271e-01
2.580760530764140692e-01
2.617209118285312996e-01
2.686986925425464690e-01
2.569416601213338480e-01
2.513703015450677314e-01
2.429369939871087181e-01
2.434349717385297096e-01
2.502505130647679210e-01
2.717636410787234169e-01
2.427484730170747507e-01
2.217624940499919872e-01
2.661418451597735713e-01
2.388200784100175111e-01
2.379218722401817143e-01
2.650939264476530610e-01
2.665643034557593771e-01
2.595390210136970244e-01
2.457828675738452096e-01
2.565241260548574709e-01
2.384735876705602053e-01
2.755663479042868569e-01
2.461988984110483059e-01
2.557619585241479032e-01
2.448478655226845602e-01
2.476402456542343977e-01
2.507094444112017984e-01
2.674666177859707505e-01
2.459281872080436304e-01
2.447075670793108226e-01
2.415868759138269928e-01
2.402398075302939473e-01
2.452717386754378337e-01
2.435152614744588717e-01
2.476210138319923371e-01
2.586905530043119295e-01
2.817727954256928902e-01
2.522585139690982081e-01
2.397590073368133234e-01
2.522739821257561910e-01
2.369269838704860520e-01
2.481736705723588121e-01
2.377706708587356277e-01
2.499805602857731457e-01
2.552441605529113255e-01
2.636144928245826025e-01
2.323126258383668707e-01
2.368450397051139467e-01
2.829551462560345176e-01
2.393291999103256962e-01
2.580327980759407613e-01
2.613480779938933685e-01
2.486014224568588171e-01
2.508520959915380710e-01
2.862217653677281981e-01
2.480572996588404633e-01
2.642436992317958033e-01
2.518635786912006291e-01
2.498085519948729238e-01
2.539208055188934554e-01
2.680485168552990682e-01
2.514646645899934474e-01
2.669541989085822964e-01
2.926698304062241851e-01
2.613244749972376546e-01
2.753520928344661001e-01
2.589349410532319484e-01
2.348088795698757836e-01
2.414734687795996315e-01
2.497306505876112082e-01
2.546851445156678162e-01
2.570309083140721040e-01
2.325486432534028536e-01
2.430422703220204983e-01
2.530848871897188324e-01
2.698260735344934491e-01
2.445631221084111351e-01
2.477234157803572256e-01
2.427885680118135603e-01
2.521397369820428391e-01
2.786816837548246051e-01
2.762539904012606407e-01
2.627554955859656149e-01
2.465308644039104768e-01
2.623335728283326396e-01
2.411689168293921492e-01
2.346448815246407749e-01
2.592798602623214710e-01
2.440137029299606630e-01
2.504849745403049943e-01
2.530444048041222138e-01
2.381036580984559614e-01
2.448343033891260123e-01
2.425609476228421102e-01
2.423679469883818494e-01
2.545863850255175587e-01
2.609517179774333839e-01
2.676664081557182384e-01
2.364261857911080511e-01
2.506996998359817819e-01
2.609092289050349844e-01
2.322043065125846684e-01
2.487820802342352589e-01
2.658122359292022230e-01
2.357147067371882787e-01
2.399050275826501433e-01
2.506448326012249428e-01
2.405994490973486499e-01
2.448594450336173678e-01
2.474681461626207502e-01
2.412215677491008625e-01
2.681276292368111047e-01
2.470288730433769231e-01
2.634460521556565293e-01
2.320358488313677137e-01
2.675551406268352195e-01
2.508722539329107382e-01
2.403119124050683564e-01
2.507367866480813001e-01
3.043008043079846181e-01
2.628864571600403877e-01
2.481069219485276811e-01
2.478637544703518880e-01
2.414085484437838158e-01
2.526163544899590052e-01
2.450627269350628967e-01
2.529493760031922833e-01
2.713405277607345290e-01
2.252128763946083245e-01
2.599863876080344416e-01
2.510385080617555942e-01
2.392088295866239833e-01
2.479778199364631730e-01
2.521793851205599846e-01
2.644488650779307504e-01
2.344621803070730537e-01
2.469400028768067856e-01
2.468374453920318679e-01
2.495980058846597183e-01
2.655789050937306106e-01
2.367228176833450493e-01
2.535258977051256801e-01
2.499059741152076797e-01
