1.075922268994011999e+00
1.067714884531172581e+00
1.073912643754915353e+00
1.070209080923893552e+00
1.072104051278531589e+00
1.067636356090306826e+00
1.074700454164530861e+00
1.070846315734331755e+00
1.072958869712994812e+00
1.066305469250943938e+00
1.074039264665907822e+00
1.071420616241330448e+00
1.071344284377865774e+00
1.066566205838857417e+00
1.074209372848062394e+00
1.071513756622140212e+00
1.070853135620606578e+00
1.066886455954631385e+00
1.076505375639624340e+00
1.071116056613825140e+00
1.070767896717808920e+00
1.067735298504814745e+00
1.075991078706488802e+00
1.069612602166408744e+00
1.069588510973034756e+00
1.069618347253815660e+00
1.075340409811613496e+00
1.068313982948793317e+00
1.070165902926496271e+00
1.070388250922496898e+00
1.074846869269124205e+00
1.067622044945384152e+00
1.070287963509147344e+00
1.070839736334320946e+00
1.073208219664601115e+00
1.066978004324265372e+00
1.071765203574136072e+00
1.070773659803734734e+00
1.071045763364398384e+00
1.067913274345604124e+00
1.074127993979752338e+00
1.071797409281156188e+00
1.068690597211673143e+00
1.068045101312539602e+00
1.074730640319089492e+00
1.070687950983218339e+00
1.068012329608679645e+00
1.069554715091876940e+00
1.076003760684559163e+00
1.068300030101540843e+00
1.068398215722244471e+00
1.071291812278873490e+00
1.074486747642746876e+00
1.066841929849209114e+00
1.071683555438209368e+00
1.070396095336227704e+00
1.071297231965956387e+00
1.067279880452080887e+00
1.075303177150912060e+00
1.070245902324075793e+00
1.070770023106330404e+00
1.068993977542505025e+00
1.072696826314271101e+00
1.069717127685254621e+00
1.071739020986363977e+00
1.070133811232772070e+00
1.069680572018061326e+00
1.068363991973130478e+00
1.073888321288544168e+00
1.068047188245525803e+00
1.069788395586858565e+00
1.070723578204326509e+00
1.073552385951592969e+00
1.066660864541915332e+00
1.073911989967038627e+00
1.071238338432558779e+00
1.071514116833557573e+00
1.070381868274183024e+00
1.072087421319803280e+00
1.070134119319335220e+00
1.071711034347452518e+00
1.070094247135561893e+00
1.070609691618501724e+00
1.070790422537643005e+00
1.073720720040809207e+00
1.067876093563394191e+00
1.074783161496638551e+00
1.070907738696222689e+00
1.071673858410314040e+00
1.069963480474033224e+00
1.072366542664720646e+00
1.068807429254272634e+00
1.072676894154045657e+00
1.069055547145241647e+00
1.069804196276092245e+00
1.071411902131736982e+00
1.072785971074658562e+00
1.066831130397952743e+00
1.075950562062102156e+00
1.070217551758438024e+00
1.071628288507906479e+00
1.071417928039656520e+00
1.069585417380102488e+00
1.069419811499551898e+00
1.075126363420169540e+00
1.066954399565454903e+00
1.073123929627474826e+00
1.073172732911183314e+00
1.071427895507552241e+00
1.067794217117229882e+00
1.075423723136518683e+00
1.068535411119214684e+00
1.072448293574714606e+00
1.072439086948938414e+00
1.068634889608413241e+00
1.068862733529807096e+00
1.075241413158380066e+00
1.066830028485977300e+00
1.072421232417098746e+00
1.072156930432650590e+00
1.070589614189914274e+00
1.068270590039448908e+00
1.074643108871045749e+00
1.068061907423145440e+00
1.072216835055607609e+00
1.071194156839907929e+00
1.068877218172588961e+00
1.068861863723780781e+00
1.074273618836630417e+00
1.065422948070252174e+00
1.072413261395429807e+00
1.072187825469081535e+00
1.071117590655740415e+00
1.067413341458740561e+00
1.075701011418523478e+00
1.068334882687490328e+00
1.072035576122633449e+00
1.071225065401177678e+00
1.068602491655872289e+00
1.069357604065673151e+00
1.074352613681256896e+00
1.066085742111166468e+00
1.071290194076934155e+00
1.072544841550846284e+00
1.072728838971845455e+00
1.068314451395923959e+00
1.074927845222271916e+00
1.069359824074868737e+00
1.070863563848215572e+00
1.070530221137438787e+00
1.070886830661964328e+00
1.068913937281524174e+00
1.073271798454082493e+00
1.068319359488835163e+00
1.069704430277444551e+00
1.071456984803023538e+00
1.073834435802921039e+00
1.067024374448414248e+00
1.073774358452068478e+00
1.071297484040681258e+00
1.071383039568849060e+00
1.070576415410472215e+00
1.073060058502787628e+00
1.069537195634305160e+00
1.071988991296550786e+00
1.070479949375356288e+00
1.069456160665450906e+00
1.070040109730302502e+00
1.073696836226966544e+00
1.067014667895364477e+00
1.073576867914868949e+00
1.071547139823892270e+00
1.071842076244536868e+00
1.069886153827652508e+00
1.074020596317441179e+00
1.068848950809254905e+00
1.072620922815046285e+00
1.069548420551395207e+00
1.069316744718722845e+00
1.071524081903315606e+00
1.072804467512116888e+00
1.066927580535490083e+00
1.074875496002686948e+00
1.071246502582722693e+00
1.071974879327156183e+00
1.070652681168601683e+00
1.070318513857347886e+00
1.068194565615321778e+00
1.074394903389138456e+00
1.067031213853631089e+00
1.072506968478765366e+00
1.072041795518600793e+00
1.070585214112652839e+00
1.069595917710724153e+00
1.075139804214460648e+00
1.068327409246614179e+00
1.072481640235631195e+00
1.071003568013900953e+00
1.069274901357370799e+00
1.069480584893128139e+00
1.075868993174865285e+00
1.066906364435577403e+00
1.070982499705129820e+00
1.071780792392230675e+00
1.071732441672383462e+00
1.066282761411449176e+00
1.074932975096969612e+00
1.071084124108663271e+00
1.070384778273808513e+00
1.067119153900024431e+00
1.075735115609190329e+00
1.068669242138271969e+00
1.070427874627563725e+00
1.070981007400182872e+00
1.073215609082588395e+00
1.067737784463389072e+00
1.072244606264977751e+00
1.071139114944262616e+00
1.068200715758071961e+00
1.069008941222895137e+00
1.074851978936738561e+00
1.067939588643854743e+00
1.069297904542300781e+00
1.070981831410011909e+00
1.072695326108592528e+00
1.066862690468807440e+00
1.074882316116799741e+00
1.071392012728398457e+00
1.071269762078437049e+00
1.068623498629305280e+00
1.073975547764599137e+00
1.068939600862492512e+00
1.072379788794891597e+00
1.070187480503395960e+00
1.069225411846765450e+00
1.070253207736531431e+00
1.073788001543804382e+00
1.066831968344366999e+00
1.073509240383532237e+00
1.071377066435095227e+00
1.071388012483796670e+00
1.069859991961242818e+00
1.071687309800765986e+00
1.069210613515632957e+00
1.073137215803600775e+00
1.067444220260461707e+00
1.071574099602045749e+00
1.071328523625726836e+00
1.072197686554009488e+00
1.068443085363356415e+00
1.073563944088229860e+00
1.069206884216306941e+00
1.072847858722636216e+00
1.069261135458052125e+00
1.071289935220189449e+00
1.071786700750494203e+00
1.073298442471951386e+00
1.068332318096739675e+00
1.074774086305800846e+00
1.069091775597792227e+00
1.072588440813197375e+00
1.071403925429042170e+00
1.069104325765522612e+00
1.069508236307726845e+00
1.074424405111281899e+00
1.067747031306102379e+00
1.072630607034310568e+00
1.071349256700731001e+00
1.072241393725870573e+00
1.068132352470757107e+00
1.076587037717669171e+00
1.068869629121740328e+00
1.072258376759066545e+00
1.071993038695451705e+00
1.069801508491957653e+00
1.069861157439216948e+00
1.074699000848409636e+00
1.068310300721859729e+00
1.070265980860489963e+00
1.071723188178977271e+00
1.070856096353633768e+00
1.068120390681119192e+00
1.075712444502934684e+00
1.068570635148700321e+00
1.069857021370368866e+00
1.071024767037914271e+00
1.069646639533918142e+00
1.067865902685617208e+00
1.074953553212105062e+00
1.066908417930660491e+00
1.070158134308231812e+00
1.072165207350656013e+00
1.073018473644723692e+00
1.067853942079712848e+00
1.076271092955890518e+00
1.068065064486168225e+00
1.070724678803815832e+00
1.071412961354635929e+00
1.069933311618305183e+00
1.068659405604016843e+00
1.075210092857780131e+00
1.069208245473982410e+00
1.070717096362984844e+00
1.071188207969087092e+00
1.071293036913131491e+00
1.066986025794268711e+00
1.075354066526447605e+00
1.069895880628138896e+00
1.070473356242867657e+00
1.070669860470056411e+00
1.070953590502269126e+00
1.068646498360406483e+00
1.072174404638743139e+00
1.069813652780393642e+00
1.069070953589232875e+00
1.069562007632123057e+00
1.074813524737782799e+00
1.067381103527956343e+00
1.073959153507980213e+00
1.070900957033125378e+00
1.073210998241091785e+00
1.067131139680872032e+00
1.074605227117671147e+00
1.070395091719422931e+00
1.071792229053013523e+00
1.068989682936448693e+00
1.073077358487193544e+00
1.068575027786926590e+00
1.072166192513488880e+00
1.072170693719759038e+00
1.070931075130591825e+00
1.068772434124680926e+00
1.073659169680196479e+00
1.069534322615232069e+00
1.069819514599626542e+00
1.070413847848417088e+00
1.073418405237507534e+00
1.067879214705801827e+00
1.071201689415909541e+00
1.071477607362029350e+00
1.073122210056675963e+00
1.067837788962934242e+00
1.075207093703781647e+00
1.071042481860706497e+00
1.070360220827954567e+00
1.069691041799954334e+00
1.074397274437838279e+00
1.068973855245356042e+00
1.071808139219055711e+00
1.072221859448355463e+00
1.070195708279791935e+00
1.070258968273147149e+00
1.074594933533411734e+00
1.068049915586267717e+00
1.069471919107644942e+00
1.072780330200729271e+00
1.074927438238318711e+00
1.066321899235614046e+00
1.072589726336982796e+00
1.071936555263377500e+00
1.070540501779513987e+00
1.067462683820079583e+00
1.076654608849945571e+00
1.068605439867361451e+00
1.070837805810756160e+00
1.071210001468457795e+00
1.073613881449422269e+00
1.067096195681977999e+00
1.073994888807791481e+00
1.072030834132227550e+00
1.067611888269817788e+00
1.068781845801908492e+00
1.075541996610781981e+00
1.069026981353965677e+00
1.068643019884867318e+00
1.071987081543667397e+00
1.074418680110663660e+00
1.065787095451527389e+00
1.072977967669482835e+00
1.071129785205796381e+00
1.072440449904072723e+00
1.066540158466834809e+00
1.075443443172420244e+00
1.071657122302820397e+00
1.070697441477493017e+00
1.067451806593895380e+00
1.074306546134471407e+00
1.070004872130611462e+00
1.071730883583272842e+00
1.067001351629042638e+00
1.074875428452123804e+00
1.069361298324231102e+00
1.071279153766684811e+00
1.066933427666588274e+00
1.074478087974620300e+00
1.070743386385929696e+00
1.071078272862764136e+00
1.065738870717853670e+00
1.072657830592283146e+00
1.071743688001238759e+00
1.073665445137094832e+00
1.067304565830167196e+00
1.070095349214895464e+00
1.070427667541897554e+00
1.074059057346993695e+00
1.071266949682729175e+00
1.070699866732058414e+00
1.068719639568133317e+00
1.072638737414309373e+00
1.070432806186250252e+00
1.073000044731554192e+00
1.069787813210982819e+00
1.071073571216025755e+00
1.068103678194029627e+00
1.074092178403856845e+00
1.070659455072435540e+00
1.071971126172589051e+00
1.067632719356773618e+00
1.073618876981962789e+00
1.072316109684052332e+00
1.073544678028091282e+00
1.067361276268281811e+00
1.070936764760815008e+00
1.071143535152696336e+00
1.074510676538214637e+00
1.068705085227121598e+00
1.069351063381610345e+00
1.071084796544448103e+00
1.075207321604066069e+00
1.070072827511224567e+00
1.069753365500901943e+00
1.069597751472996627e+00
1.073762420171873844e+00
1.071250462022206529e+00
1.069210588841700060e+00
1.070785823500937983e+00
1.075290476761062486e+00
1.070181332383642880e+00
1.068282324863605526e+00
1.069524066061714684e+00
1.074637785576074478e+00
1.069084524237709166e+00
1.068259541817347946e+00
1.070202087634728461e+00
1.075890513503023449e+00
1.067370521573903774e+00
1.069758773658684436e+00
1.072129098949365700e+00
1.074098133684592504e+00
1.065315984773262725e+00
1.073148823903031346e+00
1.071488950602295764e+00
1.070931338179041070e+00
1.065450778760333561e+00
1.074208271086562583e+00
1.071088863902691202e+00
1.071384252394475212e+00
1.067240571811823635e+00
1.075036178965870892e+00
1.069513319760547976e+00
1.069633042290725422e+00
1.068472760965569757e+00
1.075470508461795038e+00
1.068839402708616548e+00
1.070660805490798229e+00
1.071454195112241603e+00
1.072893608075589755e+00
1.066772919431434152e+00
1.072846408720622646e+00
1.070617612387867901e+00
1.068829590491184645e+00
1.068177903186372735e+00
1.075046847991823151e+00
1.069885525806687054e+00
1.068494174129036356e+00
1.069120264876390225e+00
1.074174637050593129e+00
1.067098587779812924e+00
1.070109020232806296e+00
1.070614450712138455e+00
1.073338433972615302e+00
1.066302312408732522e+00
1.072642580515155597e+00
1.070733053643595500e+00
1.071744514251744107e+00
1.067366490591463490e+00
1.074023806161615857e+00
1.070010652521611982e+00
1.071354341326690163e+00
1.070564954543451908e+00
1.071288309878234202e+00
1.068012965342109766e+00
1.073048967486887717e+00
1.070084551622817903e+00
1.070523663141534687e+00
1.069326314881021256e+00
1.073957388355619491e+00
1.066545600600755872e+00
1.071949623881308433e+00
1.071710578662752322e+00
1.072908619219268056e+00
1.067815288601362544e+00
1.074444870553814990e+00
1.068917179332868006e+00
1.072021669539920508e+00
1.070524191172770978e+00
1.068933927104799064e+00
1.069429160107530752e+00
1.074269947262953329e+00
1.067577433732895376e+00
1.072795884296518842e+00
1.071486694312689059e+00
1.072638007127310944e+00
1.070362624782108307e+00
1.073433911793502116e+00
1.068570902542824497e+00
1.073498113116318153e+00
1.070085751292267684e+00
1.070261277459167104e+00
1.071830337351689977e+00
1.072019818131871638e+00
1.067479416075570287e+00
1.076151066129365397e+00
1.069826343676026692e+00
1.071599573781251147e+00
1.070038346007750718e+00
1.069727713779334843e+00
1.069959839805738833e+00
1.074105724359112335e+00
1.065874796839570759e+00
1.075276622431073026e+00
1.068843944286279157e+00
1.071596495230988211e+00
1.070947152719164963e+00
1.068796205270040600e+00
1.070038850122675633e+00
1.073673947474072410e+00
1.065489586119141574e+00
1.074701379521074474e+00
1.070499884504657828e+00
1.070852151361741500e+00
1.070647922739489166e+00
1.070752438380130567e+00
1.068242430006364652e+00
1.073790641710149929e+00
1.066919865563432879e+00
1.072984757218505170e+00
1.072159967052729757e+00
1.070401590310578355e+00
1.070586123871293260e+00
1.072296396480612257e+00
1.066819872991666918e+00
1.073998611124891367e+00
1.068180408664415770e+00
1.069813634060870822e+00
1.071093795994635833e+00
1.072190675176623920e+00
1.067942538070574932e+00
1.074378844857577064e+00
1.068201623519881682e+00
1.071563076288417404e+00
1.069001522425067074e+00
1.068505819141733593e+00
1.070851336194910353e+00
1.073742551069513551e+00
1.066210842646500456e+00
1.073869858874891614e+00
1.072305621487010141e+00
1.070854581558831509e+00
1.069542963475036190e+00
1.072110213150271329e+00
1.069684561233154030e+00
1.072428285079405796e+00
1.069344367743490398e+00
1.068720317379029616e+00
1.070506764130485955e+00
1.074001054729960325e+00
1.067061420168290198e+00
1.073214215810704752e+00
1.072470693581455414e+00
1.071741845295344442e+00
1.069242382025144433e+00
1.073298396123149701e+00
1.069079681449790487e+00
1.072919827085372813e+00
1.070556816954424173e+00
1.069568555636455365e+00
1.071848812274377449e+00
1.073434701557102633e+00
1.067057111728662910e+00
1.074641579194390406e+00
1.070683137053064726e+00
1.072386038506287109e+00
1.071935841228108144e+00
1.070963441791147552e+00
1.069544435934519422e+00
1.073974857051274379e+00
1.068435863728303792e+00
1.071330023294425615e+00
1.072082083021727916e+00
1.073127943272614404e+00
1.067728284852043519e+00
1.076166722234598527e+00
1.068676565708449600e+00
1.072732240156896388e+00
1.071201579838058970e+00
1.069957824318822581e+00
1.069036297372428335e+00
1.074529613212326540e+00
1.067731484304501821e+00
1.070443151404143700e+00
1.072217099316814304e+00
1.071408965691992732e+00
1.067750076332980802e+00
1.076000071878407294e+00
1.067819339728943051e+00
1.071824550298709600e+00
1.071724827848054673e+00
1.068346708645677934e+00
1.069350142767886425e+00
1.075513737765849687e+00
1.066330761054660847e+00
1.072882920688806863e+00
1.072530197228169779e+00
1.070959270821613130e+00
1.069977293860271406e+00
1.073928671677716107e+00
1.066618567819272334e+00
1.072615401448669514e+00
1.070852677302656319e+00
1.067712424798448856e+00
1.070431751751319105e+00
1.073984734214506576e+00
1.065975092394339185e+00
1.070889223222354136e+00
1.071580007153215774e+00
1.071271963654035986e+00
1.065876631162385513e+00
1.075661484113327626e+00
1.070338976701129097e+00
1.071290016606492701e+00
1.070916301112095459e+00
1.072204628239276758e+00
1.067582091358365126e+00
1.072065480727545816e+00
1.070019282985156472e+00
1.068719073634751382e+00
1.069249505823210100e+00
1.073681655447301431e+00
1.068117134784103417e+00
1.072280055940136645e+00
1.070454071858284006e+00
1.071845362355277498e+00
1.067815193986577649e+00
1.072995288568438399e+00
1.069227947442505267e+00
1.072110425345086382e+00
1.070654488159532347e+00
1.069398925429575264e+00
1.069845012100211434e+00
1.073459098626154296e+00
1.066296715156241914e+00
1.073477598268491429e+00
1.071784001845856427e+00
1.071659684564046477e+00
1.070065633667183436e+00
1.071709890310388325e+00
1.069151245485743695e+00
1.074221915065135757e+00
1.067965237644953991e+00
1.071896756410555041e+00
1.071027621267254037e+00
1.072554121355177248e+00
1.069905342723598496e+00
1.073224580350206514e+00
1.068288413733491815e+00
1.072795272141207956e+00
1.071196884982992925e+00
1.069308563294554704e+00
1.070975303307559079e+00
1.073833751009581894e+00
1.068567937236400756e+00
1.071290337261455061e+00
1.072335461389682942e+00
1.073967650186563150e+00
1.068328692657117385e+00
1.070291211997861147e+00
1.071344577297544509e+00
1.075204695523321430e+00
1.072016124267671566e+00
1.070853137478497530e+00
1.067345871003210878e+00
1.069398110891027764e+00
1.066172230757158612e+00
1.073720748561341587e+00
1.073300660720043931e+00
1.076358837873155672e+00
1.071984195539111173e+00
1.073613752164263024e+00
1.068259083646671659e+00
1.069964502701016285e+00
1.066686108460375815e+00
1.067943218856080678e+00
1.067841301796957021e+00
1.072765085902427584e+00
1.068299739808500570e+00
1.075891557273938703e+00
1.072997502973163098e+00
1.076672868340853961e+00
1.071578340735529489e+00
1.070377123893622606e+00
1.067528564544926617e+00
1.068851659155550360e+00
1.064122898100805736e+00
1.071801476185329838e+00
1.071005480522376985e+00
1.077016477874437106e+00
1.071421475093549791e+00
1.071828237822801899e+00
1.067986074398294960e+00
1.069166990675620932e+00
1.065803356072242192e+00
1.073443464274737247e+00
1.071725695766765796e+00
1.073976935454391768e+00
1.066795911881684544e+00
1.068179502730076447e+00
1.069613250082640077e+00
1.074743172288588289e+00
1.071030835448485874e+00
1.070981615930108877e+00
1.068495909124772991e+00
1.071843110742525251e+00
1.070309995084340660e+00
1.072039816767166753e+00
1.068798048922525723e+00
1.070970186699216065e+00
1.069862883890181582e+00
1.074680329491255915e+00
1.069883707472036427e+00
1.070299226572565932e+00
1.067698223409065283e+00
1.074361600599490263e+00
1.070204821326342204e+00
1.071608959049311416e+00
1.067638292510648901e+00
1.073465408498517348e+00
1.070326289916610607e+00
1.070597317540138205e+00
1.067805387922053928e+00
1.074524265674588364e+00
1.070915683422358322e+00
1.070323675974679256e+00
1.070797831196240280e+00
1.072987871701915674e+00
1.069329802502399618e+00
1.072771979404553377e+00
1.071945524508974623e+00
1.070557683253768211e+00
1.068517300613486487e+00
1.073610202884232923e+00
1.070814302686155406e+00
1.069785754746053419e+00
1.071859297425884927e+00
1.073725162187160187e+00
1.067719752676430378e+00
1.072074413947586180e+00
1.071944786126445059e+00
1.071743826688417833e+00
1.067997022290851028e+00
1.074903118096711019e+00
1.069028655259773641e+00
1.071577227247354269e+00
1.072525673676645086e+00
1.071410878488325613e+00
1.068274423811412799e+00
1.074297952873668027e+00
1.068346869318293813e+00
1.068956857329853127e+00
1.071542655563107349e+00
1.072834121785202877e+00
1.066404901711421882e+00
1.074939679492596056e+00
1.070995112122788306e+00
1.070067208832168326e+00
1.069070226817467439e+00
1.074401443473393503e+00
1.066914034051494209e+00
1.073541242073300372e+00
1.070779255367989569e+00
1.069484456819292939e+00
1.069381110022945780e+00
1.074116729361587641e+00
1.066809767665735098e+00
1.069434918278788116e+00
1.071452628912365146e+00
1.073496814908486252e+00
1.066215744962024647e+00
1.074572188690968932e+00
1.070709128016227751e+00
1.071250504215544685e+00
1.067843651594839738e+00
1.076035559861795665e+00
1.068961645872658517e+00
1.071259530240141533e+00
1.070093085476753636e+00
1.071720927067837392e+00
1.067881119319270544e+00
1.073376995484819574e+00
1.071114142070805464e+00
1.068467570204966854e+00
1.069750265416863577e+00
1.073748399420053845e+00
1.066934019559242719e+00
1.071273250042062530e+00
1.071825319163434820e+00
1.073564279568933300e+00
1.066493492012416944e+00
1.074389662563331571e+00
1.070013493178098907e+00
1.070737280577055639e+00
1.070170283243088827e+00
1.071582278257323217e+00
1.068317438266818353e+00
1.073473572987866165e+00
1.069712919614523194e+00
1.069463671726103904e+00
1.071324661126604294e+00
1.073589606978695876e+00
1.067510458286077490e+00
1.072216633084820181e+00
1.071590751765931548e+00
1.072172733209571627e+00
1.067795213847522628e+00
1.075582648071553793e+00
1.069720337042033176e+00
1.071930137609476752e+00
1.069383291978711625e+00
1.071561401661937696e+00
1.068811331922970620e+00
1.072310845113710887e+00
1.071326945431138267e+00
1.069785348592124707e+00
1.070469357837843249e+00
1.073081998789592761e+00
1.069053911068444496e+00
1.070338848350470551e+00
1.071767716094620848e+00
1.074256311418219978e+00
1.068239031188413790e+00
1.069507456161891801e+00
1.070919538447361097e+00
1.075664357627996504e+00
1.071024426921162176e+00
1.068939755366209221e+00
1.068049936755179230e+00
1.072999626251200933e+00
1.070575456768047662e+00
1.075448094385031084e+00
1.070334802854049139e+00
1.070677527686415109e+00
1.066160109068027939e+00
1.069141861768873270e+00
1.067545076874038879e+00
1.071465973069092303e+00
1.068277255487638744e+00
1.075603506260638165e+00
1.073522086675197107e+00
1.074911003703765244e+00
1.069148131781435307e+00
1.067535141142138544e+00
1.066164908618628004e+00
1.070209332673821123e+00
1.067464545474618332e+00
1.075710909425247053e+00
1.073192289112574471e+00
1.075043897409404758e+00
1.068391409259711988e+00
1.068280254700750387e+00
1.067272478916905021e+00
1.073143978878666305e+00
1.071049683862150825e+00
1.073880528086384123e+00
1.067684343161401594e+00
1.068822490537898684e+00
1.065216620413941051e+00
1.074197023749400959e+00
1.071532757795554680e+00
1.072879891628148119e+00
1.066848067461917182e+00
1.069143160280225269e+00
1.071139240108083923e+00
1.075834154469645698e+00
1.068969145317258729e+00
1.068551587608532527e+00
1.068910546374709059e+00
1.075454324393837258e+00
1.070260678636631324e+00
1.069173556324555685e+00
1.069327980668892897e+00
1.074629050192865920e+00
1.070723870038009506e+00
1.068067650395589041e+00
1.069068494431684391e+00
1.074599574309011762e+00
1.070587964713315632e+00
1.068583277469055126e+00
1.070097975860898831e+00
1.074016671994510119e+00
1.067985385949046462e+00
1.069955734766583566e+00
1.070802302099410630e+00
1.073954676297621535e+00
1.068172485512565606e+00
1.073593381539890812e+00
1.071049866416713403e+00
1.072663438554252613e+00
1.066336130893994927e+00
1.073508672301244582e+00
1.071205266596087613e+00
1.071964175190291746e+00
1.069339380724579014e+00
1.073097323782842061e+00
1.068843129362746724e+00
1.070827684302566363e+00
1.071119005422849435e+00
1.071057804992874729e+00
1.069180247756259305e+00
1.073557245257799275e+00
1.070137034665618714e+00
1.069276873285021523e+00
1.071398796772944584e+00
1.073747319604181349e+00
1.067220715359573191e+00
1.074305121984148625e+00
1.071168639715315507e+00
1.072663424054635328e+00
1.070118773287955127e+00
1.075146625820935675e+00
1.068727899353830280e+00
1.072716578939641341e+00
1.070835439578895043e+00
1.069465201286444511e+00
1.069496006619338635e+00
1.074801282494186161e+00
1.068932334043392496e+00
1.070517540934480039e+00
1.071603503577989169e+00
1.072514047302939755e+00
1.066932292827325046e+00
1.074797269947344702e+00
1.069730508041947026e+00
1.070034196820961014e+00
1.070124094557065586e+00
1.072889930871458786e+00
1.066868040396977246e+00
1.073297452943384078e+00
1.070930465494885464e+00
1.067889661158805348e+00
1.070085397173835995e+00
1.073288506311975921e+00
1.065512232496753642e+00
1.073891398397097463e+00
1.071622201813470454e+00
1.071355504233956424e+00
1.068907230628243443e+00
1.073189864839453334e+00
1.067392810776482293e+00
1.073347655931081945e+00
1.070282055902835205e+00
1.068558049932693654e+00
1.070857913679013729e+00
1.073301119428827111e+00
1.065757195956605008e+00
1.074916474920647458e+00
1.070100839143222515e+00
1.071219100566093152e+00
1.070133667742287908e+00
1.070380915646535591e+00
1.067958012115161059e+00
1.074354455375688078e+00
1.067613869302033391e+00
1.071682060591035768e+00
1.071253415330300829e+00
1.072360169267386754e+00
1.067988476026938693e+00
1.073454473000212239e+00
1.068406172138734123e+00
1.073161358190792836e+00
1.068967823053409649e+00
1.070626705346647833e+00
1.070868092514678294e+00
1.073255997885894431e+00
1.068229992095959258e+00
1.074346792764728997e+00
1.069729568992758617e+00
1.072524952297637668e+00
1.069706499384886156e+00
1.069071694652802273e+00
1.069878410632615573e+00
