1.031526696558372258e+00
1.030308354738900478e+00
1.031590118850597149e+00
1.030497304110239654e+00
1.031354853858953868e+00
1.030636125381492629e+00
1.031212010169535231e+00
1.030665425297248472e+00
1.031395580461113237e+00
1.030524761927727795e+00
1.031554114054527682e+00
1.030366146536202843e+00
1.031617214347872347e+00
1.030813792125271133e+00
1.030887960977362461e+00
1.031656566135827680e+00
1.030514948827569777e+00
1.032327037452171359e+00
1.030356719272598642e+00
1.031906932772258756e+00
1.031036521588765131e+00
1.030566612577171526e+00
1.031732340259807756e+00
1.030941431176052525e+00
1.031216591679300132e+00
1.032433268894877409e+00
1.030531425091758768e+00
1.031359758173789665e+00
1.031386884519110536e+00
1.030809314059213611e+00
1.031592643192265069e+00
1.032180334261197263e+00
1.030646190866887357e+00
1.031707620151163463e+00
1.031132985914147593e+00
1.030538831862351401e+00
1.031850929362392311e+00
1.031663828868387700e+00
1.030842425148566610e+00
1.032357648169930808e+00
1.030451476383009712e+00
1.031067504679821667e+00
1.031586279281553997e+00
1.030796025123853932e+00
1.031325579836267714e+00
1.032311330747719191e+00
1.030268585754816169e+00
1.031610115780432269e+00
1.031183741070128557e+00
1.030515904617651968e+00
1.031425788501510121e+00
1.031733314160129700e+00
1.030237046845265292e+00
1.032382050644343296e+00
1.030578418672737140e+00
1.030711301262875690e+00
1.031479684100238714e+00
1.030215316765574762e+00
1.030925641558028127e+00
1.031491893639253421e+00
1.030190834781008480e+00
1.032321835958791345e+00
1.030273030677344437e+00
1.031007327050969424e+00
1.031043492279121399e+00
1.030389365602302210e+00
1.030493777215639506e+00
1.032115592047545993e+00
1.030443267477282099e+00
1.030934103729752804e+00
1.030914300661805783e+00
1.030444149430003620e+00
1.030165037371098657e+00
1.032284827180645959e+00
1.030765123519087334e+00
1.030721325583427550e+00
1.030850362960709976e+00
1.030568036200630644e+00
1.030174444229390751e+00
1.032206787978110496e+00
1.030745992547986045e+00
1.030839260077636599e+00
1.031066414652057617e+00
1.030551583691534878e+00
1.030475292072160043e+00
1.032168849054016846e+00
1.030438600228425372e+00
1.031527682544626012e+00
1.031055591304497643e+00
1.030317333047522599e+00
1.031342728432930178e+00
1.030921980794138326e+00
1.030721918522971015e+00
1.032080830130446714e+00
1.030263660555740923e+00
1.032021277460050346e+00
1.030880523465536491e+00
1.030899002575646595e+00
1.031596634232141207e+00
1.030413353539159749e+00
1.031416642608820711e+00
1.031741740547003960e+00
1.030668232696563269e+00
1.032410378322552669e+00
1.030601486114599785e+00
1.030989153687825732e+00
1.031551453935921847e+00
1.030615463061072434e+00
1.031530982043656008e+00
1.032155832968252973e+00
1.030580557122989793e+00
1.031961493986004230e+00
1.030877897930867482e+00
1.030634919562213092e+00
1.031900646087036355e+00
1.031464763375268268e+00
1.031028703334106567e+00
1.032402039334565647e+00
1.030571454895494066e+00
1.030649958305135838e+00
1.031738880529191604e+00
1.032153053155290490e+00
1.030378462180127075e+00
1.031160256892644789e+00
1.031549932660125179e+00
1.031484791791017264e+00
1.030659035699759363e+00
1.031652582736794166e+00
1.031328366614747249e+00
1.031106569101748249e+00
1.030706496377390868e+00
1.031884464659729383e+00
1.031107878304833081e+00
1.030853374995534866e+00
1.030643344309932319e+00
1.031885355716629649e+00
1.030898856595853896e+00
1.030724439444786755e+00
1.030582731658506113e+00
1.031709066719765922e+00
1.030786508588616091e+00
1.030837019118456599e+00
1.030650787333250218e+00
1.031495820121810958e+00
1.030772161879157212e+00
1.030826373936092111e+00
1.030656549518977227e+00
1.031493354638363114e+00
1.030613064996469763e+00
1.030778777220135112e+00
1.030666459756047981e+00
1.031325750290832621e+00
1.030550901759113680e+00
1.030933154643252081e+00
1.030722570138585592e+00
1.031109826367201387e+00
1.030463454314200389e+00
1.031099946764047148e+00
1.030886614930631939e+00
1.030804304799945559e+00
1.030362219028253312e+00
1.031645049842777828e+00
1.031033145707896947e+00
1.030434975082203719e+00
1.030566235711479317e+00
1.032072593263928306e+00
1.030858476627842801e+00
1.030282880682345192e+00
1.030587642684065441e+00
1.032173244295761405e+00
1.031089069864033370e+00
1.030462313535786878e+00
1.030758124248378094e+00
1.032303498899375560e+00
1.030933229391900463e+00
1.030599340267693398e+00
1.030976128659489399e+00
1.032126432044673026e+00
1.030950322748790393e+00
1.030922932293072636e+00
1.031097857585039579e+00
1.031857138998407253e+00
1.030995449672007735e+00
1.031401114976779221e+00
1.031305699148324706e+00
1.031060153497899146e+00
1.031341086712052268e+00
1.032289297200109646e+00
1.030896521758022155e+00
1.030538676008074139e+00
1.031748687667757958e+00
1.032334207687706895e+00
1.030539841265606160e+00
1.030531321886517970e+00
1.031811624619575651e+00
1.032344214149250039e+00
1.030528201398166255e+00
1.031068955271885024e+00
1.031558340314027378e+00
1.030987141578234789e+00
1.031153951686948345e+00
1.032399612968535330e+00
1.030421552499697135e+00
1.031175157034820655e+00
1.031609591832746142e+00
1.030896802059833917e+00
1.031232121870428342e+00
1.032409940280064609e+00
1.030376849511714044e+00
1.031199867703690876e+00
1.031442786778269172e+00
1.030696747726357332e+00
1.030837774035313625e+00
1.032399583040770175e+00
1.030402896962175463e+00
1.031013163934660248e+00
1.031300698459861387e+00
1.030705651142484136e+00
1.030521942827657744e+00
1.032337832705660707e+00
1.030784451553018455e+00
1.030017267783927437e+00
1.030671172283067261e+00
1.032176109179510304e+00
1.030693477811120085e+00
1.030312870409103132e+00
1.030526868531798312e+00
1.031978158650375565e+00
1.030770404501853754e+00
1.030254779375735952e+00
1.030248364752113899e+00
1.032194641421850578e+00
1.031067563399086229e+00
1.029971538659886887e+00
1.030347041242255957e+00
1.032101556497094119e+00
1.030790788848040540e+00
1.030605041294295088e+00
1.030867514155941134e+00
1.030999618001517071e+00
1.030231964812155621e+00
1.032082343878715225e+00
1.031183943703655181e+00
1.030203235721190325e+00
1.030618096770628656e+00
1.031742154609640139e+00
1.030683254155402961e+00
1.031721471819955660e+00
1.031080103776015111e+00
1.030524375190343456e+00
1.030800774201289682e+00
1.031585780604814317e+00
1.030797087053854311e+00
1.032108201722799601e+00
1.030923713234338734e+00
1.030702578631948585e+00
1.031249841599845674e+00
1.030926915363354013e+00
1.031145495556611280e+00
1.032288006566448590e+00
1.030676370707195755e+00
1.031545738737610129e+00
1.031201214518843168e+00
1.030491344807712428e+00
1.031714282618724665e+00
1.031958032561107741e+00
1.030882058643188381e+00
1.032116997685602167e+00
1.030602064052928979e+00
1.030589573329286690e+00
1.031779213879434609e+00
1.031474818652301950e+00
1.031104225159475751e+00
1.032213623958497140e+00
1.030603779989891944e+00
1.030809179204998483e+00
1.031702358264939834e+00
1.031309859751150970e+00
1.031332703730511335e+00
1.032231761458340502e+00
1.030461532879023867e+00
1.030977263820581191e+00
1.031433629505930094e+00
1.030967893614910258e+00
1.031384586733099074e+00
1.032224498506817634e+00
1.030618492670315467e+00
1.031416479676204201e+00
1.030948404883674341e+00
1.030717345111067607e+00
1.031074956568983403e+00
1.031629148247133809e+00
1.030859218076833672e+00
1.032057335370029305e+00
1.030726807805376621e+00
1.030554029444229913e+00
1.031111508968425738e+00
1.030700021853685922e+00
1.030658202243380783e+00
1.032167577402547831e+00
1.030444381280514188e+00
1.031362725670666114e+00
1.031076787305036824e+00
1.030222015514846934e+00
1.030499755530486894e+00
1.031927251069069573e+00
1.030415507022167665e+00
1.031342078787373273e+00
1.031136315095464662e+00
1.030153057322012344e+00
1.030377878303764483e+00
1.031920285049202413e+00
1.030332443110597351e+00
1.031353571270941405e+00
1.031382079278890140e+00
1.030137377646430652e+00
1.030529538977114745e+00
1.031772660567687794e+00
1.030172966463878570e+00
1.031943874936091854e+00
1.031040695452249079e+00
1.030530629837042911e+00
1.031304215215540943e+00
1.030588785444798594e+00
1.030576587738350591e+00
1.031876511198011270e+00
1.030601601009241364e+00
1.031895180741452700e+00
1.031015952714224637e+00
1.031072457271867027e+00
1.031350028468679847e+00
1.030717689541932769e+00
1.031205472883744978e+00
1.030943694853156956e+00
1.030940451890915543e+00
1.031939576476646581e+00
1.030841233706709881e+00
1.032223169795895013e+00
1.030542461646060337e+00
1.032172435490365858e+00
1.028421409560475119e+00
1.031379669628109008e+00
1.035083851168531188e+00
1.032600107831020519e+00
1.028316209902883305e+00
1.030593584101699545e+00
1.034798051454708823e+00
1.032335579627936983e+00
1.028558947642053356e+00
1.032340342817409828e+00
1.034066818171649915e+00
1.029667739178024233e+00
1.030091039211455506e+00
1.034593019647898737e+00
1.030263398905495897e+00
1.030610648512613192e+00
1.033764076575576452e+00
1.029920486789656087e+00
1.030768585048025265e+00
1.033032882332002744e+00
1.030465617701350034e+00
1.031318289433996949e+00
1.031330573382491123e+00
1.030844191732851245e+00
1.031701930777446208e+00
1.032308005375208060e+00
1.030458917844033095e+00
1.030992436231410903e+00
1.031352011585744854e+00
1.031075233301564698e+00
1.031320777274700839e+00
1.032167077533129085e+00
1.030631991316435236e+00
1.030910643065508614e+00
1.031013865970028975e+00
1.030937645962600513e+00
1.031011771822853085e+00
1.032193153866042490e+00
1.030731217979247383e+00
1.031240494021482323e+00
1.030952850662354647e+00
1.030490478554147105e+00
1.030919909422965075e+00
1.031468839304854113e+00
1.030430473483713749e+00
1.032228394074572897e+00
1.030566426546407621e+00
1.030792492706114061e+00
1.031101174850793223e+00
1.030244620317535720e+00
1.030866444926163306e+00
1.031276357376029518e+00
1.030075786078258782e+00
1.032343666446431163e+00
1.030285632158514542e+00
1.031088173638250227e+00
1.031138314974338055e+00
1.030019585187613718e+00
1.031294646040781249e+00
1.030683120119105345e+00
1.030260035100633909e+00
1.031811640743314440e+00
1.029939261033177900e+00
1.032031219864245841e+00
1.030662301404358772e+00
1.031192677967982085e+00
1.031208830808368893e+00
1.030514551842325099e+00
1.031546011863449408e+00
1.030588886425926942e+00
1.031260340361894068e+00
1.030952346434529154e+00
1.030746530489967450e+00
1.031504846763845240e+00
1.030634813884098389e+00
1.032076365165544907e+00
1.030622842195714206e+00
1.031769681898797808e+00
1.030915906895809586e+00
1.031163376393951392e+00
1.031383292852727562e+00
1.030716008016824503e+00
1.031433950400155508e+00
1.030601226769293666e+00
1.031586071616293676e+00
1.031097269290759177e+00
1.031368336800756014e+00
1.031885667782356242e+00
1.030985308939902367e+00
1.032402428772435155e+00
1.030435747095061805e+00
1.032184868366585517e+00
1.030668226001326682e+00
1.031562484695255133e+00
1.031272983932583376e+00
1.030966204802987507e+00
1.031863749079905190e+00
1.030508177900896438e+00
1.032119783729688933e+00
1.030877773770663142e+00
1.031732465905500273e+00
1.031650693656732676e+00
1.031169868486459196e+00
1.032191856732854074e+00
1.030565673733657039e+00
1.032297643487576799e+00
1.030485330384483866e+00
1.031818853551825343e+00
1.030756369413776241e+00
1.031194365969348548e+00
1.031178986945475717e+00
1.030918918496867454e+00
1.031607075853510525e+00
1.030892995780978927e+00
1.031305751268973836e+00
1.030969980666635033e+00
1.030971242534490795e+00
1.031335354631945700e+00
1.030664909559689368e+00
1.031588864099342917e+00
1.030462907422829311e+00
1.031825424918762613e+00
1.030212958272214152e+00
1.031942300433865922e+00
1.030022325222441859e+00
1.031830610877726651e+00
1.030034672219264147e+00
1.031818049135336146e+00
1.030040282056092105e+00
1.031570838034564286e+00
1.030450472895235059e+00
1.031356090327848030e+00
1.030898591986185275e+00
1.031003244311234690e+00
1.031229004278156447e+00
1.030707268568922474e+00
1.031349424567366446e+00
1.030809460103556008e+00
1.031087306042167695e+00
1.030994618439037502e+00
1.031086819526030540e+00
1.031060401203161003e+00
1.030899385641057986e+00
1.031099953635587374e+00
1.030751283249373262e+00
1.031313551685904439e+00
1.030589001065437049e+00
1.031276872324143223e+00
1.030569745242840618e+00
1.031377596896302817e+00
1.030710550014388271e+00
1.031470865765585332e+00
1.030713887996859590e+00
1.031503542105237203e+00
1.030841433617902370e+00
1.031432661512470261e+00
1.030987401747984089e+00
1.031426651382743032e+00
1.031170427947899926e+00
1.031408924980363073e+00
1.031168682400828596e+00
1.031502520642750387e+00
1.031192859475709156e+00
1.031838666046033692e+00
1.030892653126076919e+00
1.032108032546475540e+00
1.030620393419147351e+00
1.032247257869342461e+00
1.030503503394864628e+00
1.032300035459881693e+00
1.030413274934407708e+00
1.032098820071386758e+00
1.030671289211241071e+00
1.031501150820848922e+00
1.031414883109824210e+00
1.030845545855715528e+00
1.032023982543149865e+00
1.030517549389843301e+00
1.031896833318081574e+00
1.031024497490434566e+00
1.031531397238151460e+00
1.031751069079475336e+00
1.031114146234943796e+00
1.032168297897127385e+00
1.030681301349382739e+00
1.032241512744690670e+00
1.030497763474335082e+00
1.031983567725655027e+00
1.030599434468019826e+00
1.031725346086543427e+00
1.030688936314235304e+00
1.031422335651722699e+00
1.031101655982719301e+00
1.031169108959348879e+00
1.031302981944919983e+00
1.030830171107502080e+00
1.031563641321216362e+00
1.030669563046269888e+00
1.031572693178108624e+00
1.030636102849281199e+00
1.031677854354187573e+00
1.030521343076318930e+00
1.031685401868602581e+00
1.030463156182236828e+00
1.031794128459474935e+00
1.030325681818611283e+00
1.031685684607744902e+00
1.030310446860616569e+00
1.031763389264550579e+00
1.030359591303987132e+00
1.031770326630830459e+00
1.030394987468904899e+00
1.031447819191902315e+00
1.030459900520964700e+00
1.031395807791096741e+00
1.030566733773465637e+00
1.031316790707881959e+00
1.030824936534326719e+00
1.031222697548064726e+00
1.030867976570438271e+00
1.031092917268025433e+00
1.030991385912751745e+00
1.031090236821480710e+00
1.030876125860912484e+00
1.031403570114402424e+00
1.030993653767127149e+00
1.031677692544762825e+00
1.030826827189586181e+00
1.031837801316729308e+00
1.030908262776153883e+00
1.031569070386793685e+00
1.030955164558500892e+00
1.031056581747842982e+00
1.031499698839625001e+00
1.030535357498302940e+00
1.031750378654505473e+00
1.030408602550561437e+00
1.031992318519537877e+00
1.030553829136669375e+00
1.031706076928940119e+00
1.031235203780618948e+00
1.030947594290073432e+00
1.032065595830600868e+00
1.030581912898481445e+00
1.032231931238035028e+00
1.030929768237270894e+00
1.031756865403153256e+00
1.031411861197289115e+00
1.031411013686927003e+00
1.031685473318609603e+00
1.031350028643857719e+00
1.030773986450285840e+00
1.031679924843683871e+00
1.031834072428753579e+00
1.030999905335984401e+00
1.030597578903735378e+00
1.031883079222379429e+00
1.031072120731327590e+00
1.031433999583592831e+00
1.031445530457919979e+00
1.031100923961453253e+00
1.031724718029853882e+00
1.030781409521548397e+00
1.032079532701495994e+00
1.030418843715574795e+00
1.032524008413290950e+00
1.030112871629921933e+00
1.032119887948610870e+00
1.030774820758300070e+00
1.030793854751002936e+00
1.031626260692335428e+00
1.030549898590984670e+00
1.031056146492741910e+00
1.031946483383803903e+00
1.030363373211314437e+00
1.031684080226255240e+00
1.031024111583560776e+00
1.030145188040566095e+00
1.031179763924551462e+00
1.031313836011548135e+00
1.030254531176748145e+00
1.032318855405796709e+00
1.030245946045560856e+00
1.031204802632188278e+00
1.031111307119818798e+00
1.030205952579774209e+00
1.030570877153482945e+00
1.031824032723492213e+00
1.030413805727602661e+00
1.031438828877133229e+00
1.030999851001579204e+00
1.030181044772689791e+00
1.030373356661007600e+00
1.032303586601983847e+00
1.031007903729435071e+00
1.030114457715316068e+00
1.030274465324535260e+00
1.032142530486090948e+00
1.030969735245844898e+00
1.030181312686259787e+00
1.030339596597057428e+00
1.032081087755423843e+00
1.031157172522235266e+00
1.030296564370315915e+00
1.030479388559643050e+00
1.032189161875136874e+00
1.031092821815477567e+00
1.030731195327535321e+00
1.030905783165561695e+00
1.031231734934606292e+00
1.030728404566631395e+00
1.031958392543272263e+00
1.031099066290426247e+00
1.030638608975013915e+00
1.031115235679306297e+00
1.030944593646003327e+00
1.031058932629734137e+00
1.032235952023801140e+00
1.030847122151379081e+00
1.031764684749836070e+00
1.031007490130625426e+00
1.030893815185978113e+00
1.031642334076492862e+00
1.030536617149429901e+00
1.031681739537557929e+00
1.031522811408101870e+00
1.031140860099091450e+00
1.032232481047375749e+00
1.030566260336817086e+00
1.032354950375662828e+00
1.030508630859090058e+00
1.031963454780988831e+00
1.030997246797617839e+00
1.031491584014962548e+00
1.031431356283081469e+00
1.030905006033823623e+00
1.031866831002238305e+00
1.030603789395051706e+00
1.031982419187865263e+00
1.030576947713752745e+00
1.031738160996743980e+00
1.031259696433457718e+00
1.031351524812454956e+00
1.031892207008284545e+00
1.030961042308929487e+00
1.032229154809067406e+00
1.030621835945274345e+00
1.032045484965202542e+00
1.030660224648789924e+00
1.031666006558942250e+00
1.030752903812146348e+00
1.031277215595698626e+00
1.031093357206159800e+00
1.031013776170185192e+00
1.031468544737564219e+00
1.030711337636256886e+00
1.031560398297482806e+00
1.030705152631260502e+00
1.031595806241965008e+00
1.030547294131954450e+00
1.031659657734403934e+00
1.030565839800069661e+00
1.031608261507094060e+00
1.030579892539219111e+00
1.031449058380963901e+00
1.030796794491431800e+00
1.031124163206122324e+00
1.030938029441926806e+00
1.030745775162151823e+00
1.031282057742086922e+00
1.030501658362306561e+00
1.031444561744240263e+00
1.030112947746681717e+00
1.031902336725178726e+00
1.029750077210087378e+00
1.032189328914434823e+00
1.029741635001706568e+00
1.032186483730711535e+00
1.030015872962943613e+00
1.032112915746656645e+00
1.030322668695971000e+00
1.031738454206337030e+00
1.030702415927432503e+00
1.031251518334726613e+00
1.031117900353516914e+00
1.030815820236371527e+00
1.031445168987874306e+00
1.030715826245424127e+00
1.031507268800010646e+00
1.030666112905650689e+00
1.031446759634365273e+00
1.030763613102531062e+00
1.031441966948572375e+00
1.030796678770546704e+00
1.031332344499376941e+00
1.030894766451589506e+00
1.031387505817096484e+00
1.031287318310435852e+00
1.031371423741535898e+00
1.031506052430537945e+00
1.031118281627116273e+00
1.031874417150599355e+00
1.030898242469677761e+00
1.032152222368267980e+00
1.030544095705389518e+00
1.032409052086829648e+00
1.030442567348070382e+00
1.032494167279045749e+00
1.030251171742899929e+00
1.032335322572621727e+00
1.030594690213808562e+00
1.031849448937842473e+00
1.030857497549046986e+00
1.031560091019963377e+00
1.031405925165969739e+00
1.030964382955101399e+00
1.031855736358416209e+00
1.030719402643794913e+00
1.031925251683339262e+00
1.030682448443018595e+00
1.031825768693367174e+00
1.030889769355900487e+00
1.031726027004753243e+00
1.031217008784461875e+00
1.031259144759393731e+00
1.031700366826196813e+00
1.031007746388836743e+00
1.032088449653213669e+00
1.030686520069375112e+00
1.031804355273069795e+00
1.030752293246149254e+00
1.030731623109158335e+00
1.031099536104954861e+00
1.031259677233240524e+00
1.030842247520737054e+00
1.032265166957275992e+00
1.030705008558047808e+00
1.030197178501171429e+00
1.030702654107488181e+00
1.032043085853032727e+00
1.030639638945998859e+00
1.030997947825182282e+00
1.031063980667936919e+00
1.030423912894601779e+00
1.030350848738693870e+00
1.032205122582125378e+00
1.030483602273791544e+00
1.030987382175664990e+00
1.031350896743113088e+00
1.030133714684839052e+00
1.030737909398572683e+00
1.031400777627087040e+00
1.029847431745068320e+00
1.032316429708059813e+00
1.030430049694484040e+00
1.031216424596813619e+00
1.031307823269088431e+00
1.030274886131368417e+00
1.031406174053498326e+00
1.030572364337967173e+00
1.030636293327417130e+00
1.031479747354763443e+00
1.030197728199878204e+00
1.031927889754000960e+00
1.030241755273864301e+00
1.032098877226710787e+00
1.030375502159763590e+00
1.031927197938363072e+00
1.030534126663853023e+00
1.031903111935618345e+00
1.030514973389971001e+00
1.031884311389648534e+00
1.030508946492449507e+00
1.032083382105354996e+00
1.030488973936449781e+00
1.032009118093526245e+00
1.030389220348818746e+00
1.032142895893763956e+00
1.030317252491281144e+00
1.032065334464084660e+00
1.030673807424952182e+00
1.031666670393902363e+00
1.031225031111517643e+00
1.031238711096549743e+00
1.031702390761167987e+00
1.030636286513038069e+00
1.032144088095677148e+00
1.030492502773463270e+00
1.032237782881922472e+00
1.030453272360111638e+00
1.032222624411617717e+00
1.030978168148582341e+00
1.031859001917278862e+00
1.031677682466055179e+00
1.031238298965701627e+00
1.032189941048213377e+00
1.030536721995185534e+00
1.032340633434747357e+00
1.030357398253401779e+00
1.032281595073690550e+00
1.030364014167212128e+00
1.032176952576224771e+00
1.030581995771267190e+00
1.031867047677261562e+00
1.030654679782788463e+00
1.031390096656408017e+00
1.030917536029724468e+00
1.030988837146707082e+00
1.031484226364526080e+00
1.030943311409841634e+00
1.032066699380942643e+00
1.031063132509560498e+00
1.031559850588995575e+00
1.031235381688567543e+00
1.030555167112782167e+00
1.031762721749959866e+00
1.029817337113764664e+00
1.031930815800189194e+00
1.029915322118430288e+00
1.031442040651850967e+00
1.031406359681920293e+00
1.030687457956650732e+00
1.032354497825231920e+00
1.030196169900287506e+00
1.031107724739903198e+00
1.031028368981298904e+00
1.029876210796530689e+00
1.032317257830055013e+00
1.029326709888441771e+00
1.032158785877039131e+00
1.030240462963979420e+00
1.031247854393882779e+00
1.031989500102129975e+00
1.030236658278304684e+00
1.031994420147042124e+00
1.030470648193003047e+00
1.030847795093475794e+00
1.031455979563703051e+00
1.029871783977225563e+00
1.032150982963086383e+00
1.030038432189318565e+00
1.031680206488714502e+00
1.031487278150175158e+00
1.030993858499474447e+00
1.031923295346105052e+00
1.030790230653660045e+00
1.030846532267874371e+00
1.031550964477493171e+00
1.030365325459884573e+00
1.031963511234824438e+00
1.030646039714220530e+00
1.031693021665392340e+00
1.031112401097626030e+00
1.031127257347971504e+00
1.031583150790533754e+00
1.030772690719200302e+00
1.031847039795354970e+00
1.030702467604459605e+00
1.032048260323023881e+00
1.030663764382605541e+00
1.032026625927839891e+00
1.030723557391011846e+00
1.031989179980313365e+00
1.030778005022816579e+00
1.031997368863925235e+00
1.031315848009539460e+00
1.031701611199267177e+00
1.031637521290751813e+00
1.031259379049606739e+00
1.032084318127031830e+00
1.030652606641508928e+00
1.032369319916623063e+00
1.030150183176158141e+00
1.032602661345682682e+00
1.030208738329422058e+00
1.032100187945955039e+00
1.030713935056444486e+00
1.031321649256604855e+00
1.031416620510774429e+00
1.030758051393951602e+00
1.031823825118775684e+00
1.030918723933386572e+00
1.031923304796401597e+00
1.031229497315524712e+00
1.031842901070257001e+00
1.031344365003941554e+00
1.031246163178693553e+00
1.031341489577010107e+00
1.030870697452457074e+00
1.031472241891330688e+00
1.030773397890627718e+00
1.031391665071495600e+00
1.030712771696328023e+00
1.031373007067442504e+00
1.030666111310119426e+00
1.031350930248180919e+00
1.030672977973403848e+00
1.031188620285616420e+00
1.030768616407271354e+00
1.031076477927499235e+00
1.030609345180766523e+00
1.031084146442091676e+00
1.030767365963952464e+00
1.031081814064914504e+00
1.030777232728473658e+00
1.030987046597588774e+00
1.030618445453025833e+00
1.031099084849198766e+00
1.030937536623597106e+00
1.030713343032830354e+00
1.031262025722098574e+00
1.030279693451972234e+00
1.031728815855532444e+00
1.030122790462220550e+00
1.031543545899351821e+00
1.030403990672237313e+00
1.031146020787097939e+00
1.031037514568340363e+00
1.030616318140001653e+00
1.031455333590437284e+00
1.030274232840276749e+00
1.031836024698376875e+00
1.030370750974186622e+00
1.031817506616448110e+00
1.030416293499966551e+00
1.031811832797430606e+00
1.030588172245916923e+00
1.031720046377620603e+00
1.030781344974641023e+00
1.031663443820100001e+00
1.030945904965513860e+00
1.031258078506063214e+00
1.031295472592733686e+00
1.030923606275339521e+00
1.031808402778182643e+00
1.030647797864484350e+00
1.032113165248799813e+00
1.030728317611594669e+00
1.032059568762216051e+00
1.031406536175256905e+00
1.031414737569341433e+00
1.032032421324313720e+00
1.030465947252087622e+00
1.032384305131344382e+00
1.030021069640686848e+00
1.032387251217981472e+00
1.030406530809287791e+00
1.031745444486341423e+00
1.031358119858698741e+00
1.030837302152425750e+00
1.031956525032884819e+00
1.030379363425419026e+00
1.032257320611257745e+00
1.030770691634055769e+00
1.032075239351335494e+00
1.031464373342260377e+00
1.031433510111944507e+00
1.032017026561940165e+00
1.030597866274879593e+00
1.032159902563827947e+00
