1.009456474225519651e-01
1.030317938503544500e-01
1.019560943606972886e-01
1.015913690497188826e-01
1.020029899874224932e-01
1.041233418785106613e-01
9.984545043997256064e-02
1.006227518474551302e-01
1.044553293573943081e-01
1.039832445993296717e-01
9.858053451294118696e-02
1.036401889065187015e-01
1.023248357922987573e-01
1.002842214772313723e-01
1.046664396143964226e-01
1.035934444939157761e-01
9.892842371114221600e-02
1.052122867108922777e-01
1.000620937336644672e-01
1.010041522601647507e-01
1.052176418132320795e-01
1.009721958067063691e-01
1.027227064823143104e-01
1.047799952208067070e-01
9.834937425753187412e-02
1.044604955344973635e-01
1.008058594388039214e-01
1.010913980383105620e-01
1.049449434911066126e-01
1.011861541497192513e-01
1.020560872356185700e-01
1.043716420808111084e-01
9.830684289046290325e-02
1.025894682876405950e-01
1.040453088695788425e-01
1.018294044929811543e-01
1.008518597610662260e-01
1.033908265629841228e-01
1.010735930968810203e-01
1.016953854107229410e-01
1.024290586469709941e-01
1.029110287151564218e-01
9.982456721289492685e-02
1.020696416055561634e-01
1.023718931917016184e-01
1.026503167882552303e-01
1.000937629756123992e-01
1.018946299155602253e-01
1.023398382062599143e-01
1.028664534407944253e-01
9.961315480534575773e-02
1.017425482449968027e-01
1.033374588782338122e-01
1.028995406051095296e-01
9.846842284610203555e-02
1.016979879899846811e-01
1.041936085435286458e-01
1.018458645773007570e-01
9.947138304177600976e-02
1.036185641373655181e-01
9.991660486949140163e-02
1.009318457676112585e-01
1.042833222360359940e-01
1.019778841490329019e-01
9.999724746871377357e-02
1.038729029931531184e-01
9.935193913522671894e-02
1.009832679176846659e-01
1.043533602647123137e-01
1.025957958530056835e-01
9.907943360267282285e-02
1.024516196071946078e-01
1.023478256259877928e-01
1.021714955029750793e-01
1.002650299504231762e-01
1.024401318140387568e-01
1.024330410795386004e-01
1.024403646882024455e-01
1.004153575023731398e-01
1.028131533427583816e-01
1.023861451311703918e-01
1.019126981268118626e-01
1.014260362025529993e-01
1.035056198759939788e-01
1.010928001203619531e-01
1.007540713690397854e-01
1.035235219830843018e-01
1.045356580908009675e-01
9.866321781166766114e-02
1.017222807486194980e-01
1.047607143609575603e-01
1.017260972660264384e-01
1.008861736889499761e-01
1.052588886162994231e-01
9.913759137515952558e-02
1.015628323931682259e-01
1.049902398829702932e-01
1.009370375587255730e-01
1.024559924948235667e-01
1.046436991294285440e-01
9.840199215231597296e-02
1.033938494635907590e-01
1.028318988394352901e-01
1.004255559733330944e-01
1.048243281796987642e-01
1.029446164561669680e-01
9.998801252085898206e-02
1.052037659903743705e-01
9.869695638208900168e-02
1.029315940629807885e-01
1.031906556763107496e-01
1.003174327315965869e-01
1.049863019699675964e-01
1.018677983981960550e-01
1.009907557830481417e-01
1.046952953932259595e-01
9.819135533912642932e-02
1.045958145540420298e-01
9.999387418489194546e-02
1.020182150563798684e-01
1.032209508971167200e-01
1.000292512027335379e-01
1.043382029759159224e-01
1.003433379362744376e-01
1.030316847607107428e-01
1.022695095830868373e-01
1.002761470330295057e-01
1.042357190854740073e-01
9.799545996729457087e-02
1.047339352372085169e-01
9.867353518044230665e-02
1.026980320712579664e-01
1.024019730243510007e-01
1.002460305209241370e-01
1.042117819805084278e-01
1.017784070056201307e-01
9.982788992209271073e-02
1.042090799833845227e-01
9.811308411863699230e-02
1.022040848643653577e-01
1.030096645785356091e-01
1.006860829124137380e-01
1.028546936229179087e-01
1.034037950570282083e-01
9.831729377819461990e-02
1.038131386307931669e-01
1.002795265319109119e-01
1.004625458180189723e-01
1.044729409906472034e-01
1.004291004358343481e-01
1.027156505677750409e-01
1.037799126105727193e-01
9.833895328261361979e-02
1.047958862682577680e-01
9.909571879810254169e-02
1.014465320417966832e-01
1.040539539315470247e-01
9.992177250437724034e-02
1.040916880217564872e-01
1.034391587034679677e-01
9.900342338818299281e-02
1.049027139437532091e-01
9.982734362772897885e-02
1.008282539095629871e-01
1.050539225394451492e-01
1.004437922839995778e-01
1.034629103249326970e-01
1.041669799094550458e-01
9.874477398097242231e-02
1.056543535007572199e-01
9.891106167826849149e-02
1.026926577216566716e-01
1.034760740230296489e-01
9.974668699540990835e-02
1.054710991893745287e-01
1.016104262053374868e-01
1.013582413646276909e-01
1.051809543847216921e-01
9.869694112981462764e-02
1.021657541345656617e-01
1.043391859526483501e-01
1.018158833281750941e-01
1.017371788614724326e-01
1.045189428705097512e-01
9.910114966521377244e-02
1.020110647271456061e-01
1.043758717004343028e-01
1.014089613783400040e-01
1.023292595545315792e-01
1.043740087599100141e-01
9.820024814929437240e-02
1.047910694350880217e-01
1.000378230803744689e-01
1.020310906111751847e-01
1.033444758811768449e-01
1.002261876421865622e-01
1.047261544114817117e-01
1.002901653352104017e-01
1.038679554495391677e-01
1.013315420587301008e-01
1.019124836673649254e-01
1.028894774969466713e-01
9.978041341752613702e-02
1.043147974756125640e-01
9.824110035915932515e-02
1.051106574529832305e-01
9.823786675201193197e-02
1.037508944791351584e-01
1.007230349406787878e-01
1.010414172950944850e-01
1.039954662775329636e-01
1.000655482617948122e-01
1.028083691461924160e-01
1.031370722217424679e-01
9.814112498612385938e-02
1.038825422058789055e-01
9.982084875844550453e-02
1.010112405613173836e-01
1.041729553518356277e-01
1.006692271726712246e-01
1.021595686436927164e-01
1.035344096074905240e-01
9.812792455616498044e-02
1.039357362633383797e-01
1.000620624793454594e-01
1.007403415060258017e-01
1.041302883116869554e-01
1.002061372873811751e-01
1.033546263149963534e-01
1.032158065075245018e-01
9.915886309772829754e-02
1.051281711827237453e-01
9.804852228262010694e-02
1.033417735616412175e-01
1.014368430741039301e-01
1.004727594962318976e-01
1.043615258054430284e-01
9.912301621584604372e-02
1.055838228448370136e-01
9.932166194501707013e-02
1.043566776251176609e-01
1.011738209479907252e-01
1.024612704910054656e-01
1.034227369928245738e-01
9.966032589936939246e-02
1.055353845162674414e-01
9.804373289038229022e-02
1.065696984354201904e-01
9.755257200721233202e-02
1.067115508422085551e-01
9.808366744116366054e-02
1.053923662059803867e-01
9.926656623987024919e-02
1.038520089109769701e-01
1.009349665245532351e-01
1.026110501052830415e-01
1.023123305442131259e-01
1.020481211089695056e-01
1.027556847711212779e-01
1.017103958437990396e-01
1.027277394692709400e-01
1.020252949125544373e-01
1.020778159913051653e-01
1.033615544745674075e-01
1.007430602285754179e-01
1.049719015689088014e-01
9.903331653862688932e-02
1.063480156783020436e-01
9.812979455492489012e-02
1.067152994416482453e-01
9.782577307634750252e-02
1.063829581280182068e-01
9.784463250282682267e-02
1.063892875490739520e-01
9.763311938666738299e-02
1.060287410953549558e-01
9.791893658026279423e-02
1.059193677886399870e-01
9.781776959962525109e-02
1.059317331853612265e-01
9.805445450500246962e-02
1.058736281621680264e-01
9.774069280933378456e-02
1.055570429571687369e-01
9.791861053226895428e-02
1.051047581920932783e-01
9.859882036241493508e-02
1.040788045732016637e-01
1.001817965669088983e-01
1.016833999553574397e-01
1.032930093173019537e-01
9.976230143640191228e-02
1.041702544102174055e-01
1.005245150147517919e-01
1.018981802532651776e-01
1.033739741747826540e-01
9.844390898914830157e-02
1.047260947143602294e-01
9.824354949494344680e-02
1.026421322178754786e-01
1.018407032390174494e-01
1.001587471864432699e-01
1.043986634876507419e-01
9.910727714502133578e-02
1.045715181341657224e-01
9.968146592425851382e-02
1.038479802300431437e-01
1.008130487881760129e-01
1.026494948850896621e-01
1.020407684338760362e-01
1.012742949202929954e-01
1.036215601266344127e-01
9.931845849429855877e-02
1.050477757226534054e-01
9.848614371648763133e-02
1.058843895016136211e-01
9.781877438129017721e-02
1.063746185142627615e-01
9.749590661751744713e-02
1.053025726099240944e-01
9.950280371746561547e-02
1.021838830973570700e-01
1.034732093501659067e-01
9.987367336332031442e-02
1.047283032287378707e-01
1.036602688657383281e-01
9.889221826189091569e-02
1.036984018718454664e-01
1.023640622387211319e-01
1.009218254705896295e-01
1.032620623783440106e-01
1.045982566811152897e-01
9.900279057831350149e-02
1.013335663954040011e-01
1.048071714957528877e-01
1.034266850906659929e-01
9.891360943439533870e-02
1.032933537574790839e-01
1.031896104050158552e-01
1.014355280322405545e-01
1.023616375466244038e-01
1.041269180909775716e-01
9.980928788172077626e-02
1.017261445606567755e-01
1.040615941446512011e-01
1.034941775256610769e-01
9.932412032379961397e-02
1.018693715983132742e-01
1.041719312061600844e-01
1.033955746372705459e-01
9.923806809467936030e-02
1.020570564602441138e-01
1.036424715166362753e-01
1.029150245579122519e-01
9.975118224978268833e-02
1.021025469566398808e-01
1.030052234667793859e-01
1.030561533309236749e-01
9.968114344161649321e-02
1.020467056014972701e-01
1.028519139823008827e-01
1.027396383053326562e-01
9.948277610299864626e-02
1.019283314761825487e-01
1.031570339386240764e-01
1.029069586106774736e-01
9.888069198991376874e-02
1.014958301290452558e-01
1.035750786523189915e-01
1.029154773867315409e-01
9.802533320498595104e-02
1.020488007878963543e-01
1.039675141481741644e-01
1.016902430733835488e-01
9.974446630799721492e-02
1.036457553137889592e-01
9.996501755048937954e-02
1.008995507409822939e-01
1.041143112374621621e-01
1.023045482450362503e-01
9.915334161847944028e-02
1.039080824878723386e-01
9.947952598983456074e-02
1.009095241211106220e-01
1.042905372741903675e-01
1.007150762640928177e-01
1.024600836562307993e-01
1.041077269397457788e-01
9.820270300746142267e-02
1.049954825559581695e-01
9.897965779307668632e-02
1.023182025162376330e-01
1.026549178834221809e-01
9.963794795172192797e-02
1.050704168816056910e-01
9.931357883730092262e-02
1.045115457727867903e-01
1.015870238092233535e-01
1.016833082487442474e-01
1.040608469403135616e-01
9.904121162430384873e-02
1.059327878851344662e-01
9.754572554770128689e-02
1.057250059695786920e-01
9.894372337190873723e-02
1.029548452390302571e-01
1.030516477047945245e-01
9.964809885713203641e-02
1.055541177225516325e-01
1.011024267834538526e-01
1.020410982076701001e-01
1.051135194601341277e-01
9.822282862375510126e-02
1.028258763090831446e-01
1.036797171515011079e-01
1.010665251085649113e-01
1.026753899456934044e-01
1.045428634742406465e-01
9.915276037342182769e-02
1.017024143091430355e-01
1.048823326422420460e-01
1.032627587726378388e-01
9.909720900625497431e-02
1.027776663957954556e-01
1.040405688885033680e-01
1.025894522036945866e-01
1.000092309608124758e-01
1.029399080039728742e-01
1.031803545538422934e-01
1.023963570732805001e-01
9.962914267369034349e-02
1.029555935026458535e-01
1.038329163894753798e-01
1.023255763603697494e-01
9.893464343995388155e-02
1.025354486257049336e-01
1.038409262372610720e-01
1.025175408294960178e-01
9.884470741604185762e-02
1.024515970894328415e-01
1.038935958847402585e-01
1.024724380231634285e-01
9.886135591370986964e-02
1.019027082093400538e-01
1.039093216270003117e-01
1.025640267252494187e-01
9.838096742730630118e-02
1.020238410560988934e-01
1.040544204494354003e-01
1.025857017186004583e-01
9.828965405265810418e-02
1.020213891034887493e-01
1.038597276438191219e-01
1.020629620811125682e-01
9.880244845318127134e-02
1.022822607980828080e-01
1.030780487003411100e-01
1.020603443374076269e-01
9.952761048640552943e-02
1.021808877603731514e-01
1.024676913435071113e-01
1.019748715007874895e-01
1.003130303051560229e-01
1.029042464575784799e-01
1.015449454916045324e-01
1.013822479600573756e-01
1.021549020718460488e-01
1.036222671837079973e-01
9.957537467603264081e-02
1.007028702020612010e-01
1.037294836677061377e-01
1.039299057610590660e-01
9.863871079338949743e-02
1.008648123220876325e-01
1.042585978702526006e-01
1.039130386102105480e-01
9.854851106143583395e-02
1.013208113588139475e-01
1.045553866807639037e-01
1.036580683832747790e-01
9.887873822743654950e-02
1.012318536656363066e-01
1.046635431776278963e-01
1.038830748962491085e-01
9.884068120961604642e-02
1.012582004164656324e-01
1.046651976417612429e-01
1.040923377533757160e-01
9.872914194106494068e-02
1.014305246193622917e-01
1.048901210485808783e-01
1.038175785998739081e-01
9.866810824408353553e-02
1.019364486761760585e-01
1.048522631089319340e-01
1.031618740345120050e-01
9.895957423463341840e-02
1.027017804960465713e-01
1.038311217438175754e-01
1.017810754249664495e-01
1.010607831546647267e-01
1.042181722639652502e-01
1.003090548181402031e-01
1.014211506046481526e-01
1.046102368513324860e-01
1.026839723192971982e-01
9.922914966513014801e-02
1.043210054680218934e-01
1.006337028226675645e-01
1.012830838921561366e-01
1.047024658535865987e-01
1.013582559010660356e-01
1.008968571729938896e-01
1.042595985031861960e-01
9.865367958566856332e-02
1.026411134414968868e-01
1.033843074557416336e-01
1.009069162785461715e-01
1.024547857948346352e-01
1.034314408659822021e-01
9.843795672897048821e-02
1.023730314192154572e-01
1.036099347146957339e-01
1.019349923085605403e-01
9.924574328944012203e-02
1.023206290137866487e-01
1.033755024547746842e-01
1.023374937362753062e-01
9.849551100793013658e-02
1.023335492245077138e-01
1.020357824536356900e-01
1.013776355837698873e-01
1.033632449751289428e-01
1.013341117391548113e-01
1.015650990531253156e-01
1.024292718866775392e-01
1.002385059502985259e-01
1.031747440308592029e-01
9.977654931901491775e-02
1.036450210820457768e-01
9.964246939838236616e-02
1.039942568360691100e-01
9.976934154294117563e-02
1.036380613198285838e-01
1.003234199087096046e-01
1.032623642312917450e-01
1.007657862408194160e-01
1.028881468878496686e-01
1.010759921732517497e-01
1.024776547737444449e-01
1.011155742129302426e-01
1.026596103705865876e-01
1.007780549485271515e-01
1.031742330693505433e-01
1.005240571054790838e-01
1.036467109430049133e-01
1.002070450963453013e-01
1.040714078302109324e-01
9.994435912364371677e-02
1.042296734057949203e-01
9.974017384716746260e-02
1.039416622019998376e-01
1.002631543504085843e-01
1.038210967299712656e-01
1.005461255081844113e-01
1.039619662791646110e-01
1.002781138274592976e-01
1.044974715214427169e-01
1.002608754523000578e-01
1.043758421949409904e-01
1.006764481059415628e-01
1.017341138802900918e-01
1.025095212227950525e-01
1.009028942991561512e-01
1.025581454177035140e-01
1.049984354377366258e-01
1.008410276661918237e-01
1.013617349319112376e-01
1.021221069879001409e-01
1.030335986525944408e-01
1.013273062182612760e-01
1.029686583740309358e-01
1.018912848886701916e-01
1.018052262175465350e-01
1.015378259883900902e-01
1.036443803576213712e-01
1.019933830223877236e-01
1.007748446652991930e-01
1.014832209861568635e-01
1.043861412344188749e-01
1.013543350621913669e-01
1.003621407595060855e-01
1.020587532860493946e-01
1.035192409024085769e-01
1.009057749497140610e-01
1.026161177250276418e-01
1.016536192983438225e-01
1.006825262425138229e-01
1.012220727765327927e-01
1.046958700174071555e-01
1.013239376774683342e-01
1.000164910608397906e-01
1.011755932660547419e-01
1.041695635098623812e-01
1.011670109537900208e-01
1.003295481484358376e-01
1.008678704025816331e-01
1.042086446687064544e-01
1.012201660300716538e-01
1.002028867111991878e-01
1.008915488567190821e-01
1.026056961108531146e-01
1.008744495634485427e-01
1.035448096386856753e-01
1.009349806413397388e-01
9.995203756672389750e-02
1.013938313096225952e-01
1.022055495811882847e-01
1.008676307313192827e-01
1.040478867283848585e-01
1.007772455017886815e-01
9.999587888576093320e-02
1.012324660017477201e-01
1.031212672409849151e-01
1.012476077359545645e-01
1.025412455594491012e-01
1.006531627646376909e-01
1.008373791357491250e-01
1.022053189855597621e-01
1.039417114508675438e-01
1.003783848502333848e-01
1.006462139211884987e-01
1.024840591955048924e-01
1.032001354034284418e-01
1.006525585388973743e-01
1.030684804430924001e-01
1.014684851477788280e-01
1.004739274140847988e-01
1.021935522724075063e-01
1.050037968074597483e-01
1.004019426507897217e-01
1.011851323755292575e-01
1.025331646763154442e-01
1.017679808379589879e-01
1.017004658780345100e-01
1.046096861988795174e-01
1.009720086592945515e-01
1.003057508164426487e-01
1.026193813900806301e-01
1.046231832440882720e-01
1.007566473714143068e-01
1.012116998658693784e-01
1.025608357227320439e-01
1.036293087854276984e-01
1.014482441347057534e-01
1.026095665580683269e-01
1.018498435465974017e-01
1.021296355746567214e-01
1.016810196631660196e-01
1.031893825321762714e-01
1.019669007677743572e-01
1.021426922159335143e-01
1.014492985253044322e-01
1.033339974172798603e-01
1.017769094313751149e-01
1.025731887146279220e-01
1.014979068989538685e-01
1.025803295247338931e-01
1.019245764168911217e-01
1.024654969923900899e-01
1.010771359551488613e-01
1.027590038753915247e-01
1.019011643187126420e-01
1.017958527965989318e-01
1.011775198531641579e-01
1.037864129612808550e-01
1.017241359264450667e-01
1.005129214493498541e-01
1.012198669910826243e-01
1.046782609605471231e-01
1.014339572096911168e-01
1.003229614902141076e-01
1.015666038664199966e-01
1.028349356118324481e-01
1.005691087811057954e-01
1.037059838511598525e-01
1.017277882293697727e-01
9.996332163803729742e-02
1.014441362217644721e-01
1.038023593041492304e-01
1.002289231401572028e-01
1.022989511176037314e-01
1.018409336687031846e-01
1.001037633905628582e-01
1.014501697439435940e-01
1.040632890683944184e-01
1.003176370604843409e-01
1.020072541083300033e-01
1.016948365623538270e-01
9.992399430350600020e-02
1.012974119712841542e-01
1.045425905113922527e-01
1.002477824395432565e-01
1.026930752947158854e-01
1.017971150339495451e-01
9.981852363332421874e-02
1.022743767690589556e-01
1.026156775198383692e-01
1.004465450584915015e-01
1.047054333634498263e-01
9.982200515911825167e-02
1.026366464883191609e-01
1.015680575539130714e-01
1.002851893161085528e-01
1.029962688734406273e-01
1.004401159839444502e-01
1.027888214313312093e-01
1.026819384704151100e-01
1.009951970323826748e-01
1.044035477457135597e-01
1.002801240510514669e-01
1.047404139046966415e-01
1.004763561938392391e-01
1.034759867862300176e-01
1.013560502206881236e-01
1.017261824694876415e-01
1.027618022298580763e-01
1.006501748818531827e-01
1.032811994034312786e-01
1.006639383639576363e-01
1.034166310091102214e-01
1.014740271248290165e-01
1.029232263023828753e-01
1.021784968845741298e-01
1.023853736249790286e-01
1.031408009127114944e-01
1.016515661445140523e-01
1.034247809107798483e-01
1.010838076605372476e-01
1.037276378942664223e-01
1.007424799164017004e-01
1.034582284270373354e-01
1.009970053318323679e-01
1.027875532815017284e-01
1.015545986035068793e-01
1.025841664606172293e-01
1.019421787529059542e-01
1.021603295178200310e-01
1.024280983349121488e-01
1.017003144736584319e-01
1.031124601554117698e-01
1.014708353131141549e-01
1.034090257123409934e-01
1.010161469305272258e-01
1.032269711672477025e-01
1.013220880854328737e-01
1.026356563175257475e-01
1.017637053979458944e-01
1.014220770884659284e-01
1.030145123535836787e-01
1.000255798162910520e-01
1.035431967249270807e-01
9.923422969300711716e-02
1.030778631103235338e-01
1.004408152379487329e-01
1.016914948847057742e-01
1.027410386305273038e-01
1.014530385621761899e-01
1.033241294046727543e-01
1.018034412935068939e-01
1.010565313369061746e-01
1.027145880736999167e-01
9.878005372693596242e-02
1.027327604565139024e-01
1.011413381798546007e-01
1.015380820420709179e-01
1.034080719800470616e-01
1.016368593816245752e-01
1.012917314279915687e-01
1.029713908483392282e-01
9.891935940103309399e-02
1.029323981640585250e-01
1.004350528596232445e-01
1.014318485005823445e-01
1.032502141529573203e-01
1.013693097619115108e-01
1.025591103617040228e-01
1.029077530318702471e-01
9.940119657184674773e-02
1.033783033710359289e-01
9.956845352285055573e-02
1.021044593108544063e-01
1.025227603212900962e-01
1.008318996729471451e-01
1.036563658185356701e-01
1.011207070274550562e-01
1.028625936412014830e-01
1.027025889672649600e-01
1.009502050482044833e-01
1.039613454231542444e-01
9.960466920284843928e-02
1.036533992876994686e-01
1.000408147459677100e-01
1.020283683903737554e-01
1.022438119367894832e-01
1.012983668524665010e-01
1.039876153166261474e-01
1.019689063287838732e-01
1.029481116090089216e-01
1.034340992940260967e-01
9.993440983164986191e-02
1.031507244265702228e-01
1.001444507947393536e-01
1.022152683987556654e-01
1.031447923352168117e-01
1.020221715719501626e-01
1.038394863165802706e-01
1.032305151876977689e-01
1.008382698283723372e-01
1.033302422295137440e-01
9.977068130604112295e-02
1.020565901351550425e-01
1.031751106722719330e-01
1.022659383334745403e-01
1.032648620360787084e-01
1.032072195016905669e-01
9.925555205495446842e-02
1.026402173049767302e-01
1.020738211979297094e-01
1.024717582573532182e-01
1.035378146935396204e-01
1.027283708652414751e-01
9.947865064277122693e-02
1.029145889293083815e-01
1.012538620852975607e-01
1.022399128378535249e-01
1.036988324185302013e-01
1.020469832242210800e-01
1.012302085184061534e-01
1.029727373126059220e-01
9.941266715559059219e-02
1.029085526568323666e-01
1.005513011784296001e-01
1.019912707979676730e-01
1.031065745051757410e-01
1.013054427476176023e-01
1.028575210083379904e-01
1.022707294104864689e-01
9.987235082352843851e-02
1.028037456151947027e-01
9.950689940990374571e-02
1.019871333528012264e-01
1.025307032200992868e-01
1.013501965292036427e-01
1.029218411123829641e-01
1.022676333090606349e-01
9.992385346914392508e-02
1.031206325549096914e-01
9.916988987775174347e-02
1.020826343310808626e-01
1.020929258290549785e-01
1.010493327625427568e-01
1.035375144595083591e-01
1.022030213674999383e-01
1.007951845889463321e-01
1.033452150903294703e-01
9.890040337319953856e-02
1.027578903725100690e-01
1.009327059402651133e-01
1.014916262917668760e-01
1.034195884366781865e-01
1.009084390696836364e-01
1.034274805633527139e-01
1.021878600663996273e-01
1.013289731440702585e-01
1.036832513735758410e-01
9.970366379738547502e-02
1.040746337545246092e-01
9.977086602541471172e-02
1.034943481719971942e-01
1.006040627516272129e-01
1.025249763219834714e-01
1.016286285248449578e-01
1.015909005400128795e-01
1.026559133307042987e-01
1.010540740046291103e-01
1.037576982812042636e-01
1.013932394126323688e-01
1.035193788309075463e-01
1.017997133799769388e-01
1.029357131033485362e-01
1.028622422296182892e-01
1.013574323765219498e-01
1.034462571782673451e-01
1.004235201915090331e-01
1.042222025629179483e-01
1.001321656788476261e-01
1.041105624049640244e-01
1.001757207520700133e-01
1.035474406780790696e-01
1.005260126231150158e-01
1.027430868173379447e-01
1.016323181072716769e-01
1.019432201764650242e-01
1.031413947889959909e-01
1.017004390821652088e-01
1.038609882926725264e-01
1.019108159047515255e-01
1.025642057192397705e-01
1.028822233086028604e-01
9.973632989480642197e-02
1.035494949462510417e-01
1.002574126853431891e-01
1.022978193019661031e-01
1.031476759828031525e-01
1.018104651509556813e-01
1.026488864949192670e-01
1.024719291214699485e-01
1.005005213720008284e-01
1.033906234434428528e-01
1.014836351103934470e-01
1.002001386056541599e-01
1.009883875268570985e-01
1.032520940296380169e-01
1.003816669381806248e-01
1.028703628673220405e-01
1.006001019509820682e-01
1.022357158840349611e-01
1.023785786511800938e-01
1.015496790966567420e-01
1.020958954255597323e-01
1.018308361914699173e-01
1.008044287086148766e-01
1.023367107624603284e-01
1.003615308473563700e-01
1.027539222784228518e-01
1.007021734254407719e-01
1.019946949406116410e-01
1.011962547290993497e-01
1.002610919694714026e-01
1.015188612673489643e-01
1.014226782538797528e-01
1.012538201513264180e-01
1.043136557952218241e-01
1.010786849089274492e-01
1.007393227982598671e-01
1.009410715765581834e-01
1.020016633281798646e-01
1.017317807637790339e-01
1.035660024042089761e-01
1.006230450174208507e-01
1.004240670415835479e-01
1.021435275783458690e-01
1.043734656913420100e-01
1.004321297306573352e-01
1.006248768959358969e-01
1.023331457021357249e-01
1.041139758537712734e-01
1.007176805100702399e-01
1.002570861665527668e-01
1.025494396157685673e-01
1.045537448280994403e-01
1.007233800891444986e-01
1.001851292833821905e-01
1.026517006819054889e-01
1.046802397473063778e-01
1.006057606457766429e-01
1.002269737854717124e-01
1.029902261907381794e-01
1.046448320596324866e-01
1.005733943522392065e-01
1.017284602796650339e-01
1.022985149157642770e-01
1.013839479024236101e-01
1.020778251556813260e-01
1.049419029444087631e-01
1.007564463571472418e-01
1.023644992058993924e-01
1.024187610523645958e-01
1.006381154268890382e-01
1.030931089889159658e-01
1.013786073946563310e-01
1.022637221043842665e-01
1.024673310848860375e-01
1.017444033790216862e-01
1.029746967095006988e-01
1.015542558915555893e-01
1.033863802639895524e-01
1.012529988820670412e-01
1.034475054847613373e-01
1.012555463105406367e-01
1.028694824718756340e-01
1.016454126572136074e-01
1.022547617912595574e-01
1.025112009898772741e-01
1.014585446219204157e-01
1.031144736927000760e-01
1.011373144980859812e-01
1.030863382436169595e-01
1.017221524123972654e-01
