4.355999221266013919e+05
2.324252164706254262e+05
1.876420397892280889e+05
1.796358456236339698e+05
1.827823996519682987e+05
1.814065613927516970e+05
1.807334607437538798e+05
1.814373745723261673e+05
1.827001830930658616e+05
1.823377442591964500e+05
1.812200197181668191e+05
1.830094124652101891e+05
1.845015237844135554e+05
1.825529399151394900e+05
1.809751611150355020e+05
1.819377514404216781e+05
1.825454008875191212e+05
1.821496428221964743e+05
1.814044951130192203e+05
1.803510170122760173e+05
1.802232906552835193e+05
1.801773405951966124e+05
1.801528201286143449e+05
1.820043661633323645e+05
1.836911507791512995e+05
1.839124398198436538e+05
1.820010586809626548e+05
1.836165739748218039e+05
1.823422433392868261e+05
1.802641631201756245e+05
1.834940081725493656e+05
1.805983036372841743e+05
1.798839773627063259e+05
1.823867083022073493e+05
1.809237723455168889e+05
1.799342702794732759e+05
1.797238841343060485e+05
1.811417795708715566e+05
1.815692885506511375e+05
1.819373090000943048e+05
1.822407893466255628e+05
1.794499313239424082e+05
1.801283859133889200e+05
1.810316322836762993e+05
1.820850333562523010e+05
1.807883738859228324e+05
1.793370890735726571e+05
1.795173061583520903e+05
1.800851437527582748e+05
1.822133343393557589e+05
1.802933431413805229e+05
1.795913322075628676e+05
1.808745608332785196e+05
1.793130159913214738e+05
1.817434027857131732e+05
1.801584031538483105e+05
1.810354618279290735e+05
1.805370892687588057e+05
1.777030869190211815e+05
1.798490142158071976e+05
1.802391005440579611e+05
1.805723764326173987e+05
1.837817898762552068e+05
1.820035504065537825e+05
1.797153673531703535e+05
1.811346152595906751e+05
1.788558559069770563e+05
1.816584564291761199e+05
1.808609716771972599e+05
1.804580771947496978e+05
1.800641253787269816e+05
1.810483469668106991e+05
1.809666352535716724e+05
1.798427555850890058e+05
1.802162649070232292e+05
1.840440739694258082e+05
1.793550250699374301e+05
1.797186789999701432e+05
1.819353342723542883e+05
1.803317080092929245e+05
1.832156745894721535e+05
1.810741123550307821e+05
1.812573477928992943e+05
1.797188886463049566e+05
1.816806787125852134e+05
1.799775060370020801e+05
1.794956692550984444e+05
1.805942757137170411e+05
1.803872191784343740e+05
1.807822961941082904e+05
1.820695019354392425e+05
1.831904042133693874e+05
1.803845396599173837e+05
1.810409431872451678e+05
1.792973406422653934e+05
1.805410119806125585e+05
1.792840984844055492e+05
1.818842109282532183e+05
1.807824532837556908e+05
1.776061757647523191e+05
1.828054974722195475e+05
1.800063245776366966e+05
1.783994154210182605e+05
1.812787638755988737e+05
1.797934343096482044e+05
1.814146226662791159e+05
1.827785632367360813e+05
1.830524136465568154e+05
1.802949420025566069e+05
1.816172326084039232e+05
1.826263428764362761e+05
1.815985447525781638e+05
1.821679150418042263e+05
1.808211301327995607e+05
1.791333972889344441e+05
1.819949200650412531e+05
1.807459553871705430e+05
1.799539294945719594e+05
1.830600303169193503e+05
1.813244868945256167e+05
1.819603633024574956e+05
1.809601147159134271e+05
1.786697347897073487e+05
1.817526041092906671e+05
1.810297103728104557e+05
1.837458243208888744e+05
1.822455478804141749e+05
1.796324940972330805e+05
1.829597851654979750e+05
1.827774083321023209e+05
1.813951333793546655e+05
1.819868318141851341e+05
1.819266304650906823e+05
1.808081952438989538e+05
1.819774116536765068e+05
1.819759630692907667e+05
1.836508498474419466e+05
1.827328866624530929e+05
1.804240654883066309e+05
1.807157073322742071e+05
1.789587313895735715e+05
1.807768261373109999e+05
1.808538178977363568e+05
1.788068945643196639e+05
1.792081104997223010e+05
1.810138621347863518e+05
1.796219754037480743e+05
1.827647153287632682e+05
1.804147151250400639e+05
1.832449119775947183e+05
1.814310593306495284e+05
1.811333649520047475e+05
1.795959256427409127e+05
1.813819252061225998e+05
1.798427858054314274e+05
1.804384780043658684e+05
1.819546991301014496e+05
1.821877615771487763e+05
1.817681890150989348e+05
1.821538728754845797e+05
1.797921683957514178e+05
1.848662094831154100e+05
1.800404088659818808e+05
1.813220633034572529e+05
1.836110769579466141e+05
1.792923861063862278e+05
1.811411079203750705e+05
1.765875130076730566e+05
1.786148613270402420e+05
1.794212414930218656e+05
1.837728062139170070e+05
1.788810061584936338e+05
1.823249120745583496e+05
1.804393454456506297e+05
1.747579020714717044e+05
1.696021144851404824e+05
1.821790656465668580e+05
1.833877524596607545e+05
1.808223879397962010e+05
1.798786312519396306e+05
1.799318726328062767e+05
1.777057077220802894e+05
1.803373608654828859e+05
1.816493705302224844e+05
1.802582070838222571e+05
1.802025749985896109e+05
1.814121901613412483e+05
1.781379536404831160e+05
1.802482643962338625e+05
1.838471116579414520e+05
1.811985027231302520e+05
1.796737956551091047e+05
1.818833958343054983e+05
1.844009067743328051e+05
1.802878304940179223e+05
1.783685033014945802e+05
1.839373909859034466e+05
1.841799906842765631e+05
1.822502406535460032e+05
1.816617729396340728e+05
1.787413324153437861e+05
1.788077141296584159e+05
1.809039584684656875e+05
1.812132799775309686e+05
1.780493662104328687e+05
1.780745337230738660e+05
1.822136013292139396e+05
1.811778101105781971e+05
1.820175115209333890e+05
1.775605266149420349e+05
1.790880639153038792e+05
1.820326139778690704e+05
1.847476828780559299e+05
1.839920640909434296e+05
1.825122535070492886e+05
1.827443928353952360e+05
1.824445004009465920e+05
1.790494008131630544e+05
1.808694083738264162e+05
1.776334433205610840e+05
1.796152169994177530e+05
1.804846898460313387e+05
1.818525432983962237e+05
1.803498135144887492e+05
1.811954912442557979e+05
1.797090494388910593e+05
1.799445310902584752e+05
1.782329391543037491e+05
1.807211491148247733e+05
1.835141996644244064e+05
1.822898713729678129e+05
1.826984826006329095e+05
1.811320247934670479e+05
1.815931246150437510e+05
1.822525929441198532e+05
1.828314989518219954e+05
1.832142251891372725e+05
1.786763761197046260e+05
1.794553054642072821e+05
1.814502244923901162e+05
1.821892955781015044e+05
1.778960090411673882e+05
1.796778998818885593e+05
1.817669377042460546e+05
1.798252209686194838e+05
1.815343124199497688e+05
1.828653024655833724e+05
1.812624127365525346e+05
1.778223239153796167e+05
1.796599194853341032e+05
1.828729685588951688e+05
1.823377140539112443e+05
1.805097555517991132e+05
1.776936391395383398e+05
1.824346692266882164e+05
1.810872510158158257e+05
1.820197517737441813e+05
1.794875439880818594e+05
1.842842876196142752e+05
1.816422386376350187e+05
1.819846078124530904e+05
1.798323406445051369e+05
1.831129845868667762e+05
1.828034978905630996e+05
1.814938681120979891e+05
1.800841623130324006e+05
1.819709217621121788e+05
1.814846406218597840e+05
1.821488806755013647e+05
1.822721598934985814e+05
1.821207706319746212e+05
1.816035652932661760e+05
1.775292137353589642e+05
1.789201351956788858e+05
1.812453990902771766e+05
1.825394241514469031e+05
1.808548399915488553e+05
1.797016022969872865e+05
1.792401226434074633e+05
1.847281132128042809e+05
1.812533756682261301e+05
1.827085457168401626e+05
1.801041780343595892e+05
1.826355472554747539e+05
1.824909425488942652e+05
1.791809775929512689e+05
1.789217008238296257e+05
1.795690235990695946e+05
1.812160440019032103e+05
1.825664553019560408e+05
1.804014250529004203e+05
1.810413489236677415e+05
1.803112086944476760e+05
1.825919925249479129e+05
1.809313883282620518e+05
1.804451717211216164e+05
1.810070563137514982e+05
1.809263326666690991e+05
1.825354317158880585e+05
1.812706583340461075e+05
1.799662912128118332e+05
1.839019025616383587e+05
1.813833426109334396e+05
1.796117085342545470e+05
1.814316555879376538e+05
1.801923505023040052e+05
1.827863409085169260e+05
1.850906951624662615e+05
1.789655626282740268e+05
1.801599300131089112e+05
1.812930759629721870e+05
1.789780542443462764e+05
1.816537300680631888e+05
1.822997222434142313e+05
1.800654314454114938e+05
1.836320034448398219e+05
1.801077974976336118e+05
1.803854953143705497e+05
1.833583909507032658e+05
1.809183697410780296e+05
1.797596794874762127e+05
1.812634988699102832e+05
1.790387182264458388e+05
1.819137771619750129e+05
1.810831089028090937e+05
1.792224820264002774e+05
1.820227336823825317e+05
1.795703862655571720e+05
1.822538345057412225e+05
1.810007546944079513e+05
1.804989253798394639e+05
1.810695069633901294e+05
1.877287470888214593e+05
1.802281241733813367e+05
1.834033200228162750e+05
1.815938406321468356e+05
1.808814792259042442e+05
1.810514036016555037e+05
1.811265752631587384e+05
1.777402679932147730e+05
1.788044331442553375e+05
1.774318793160389469e+05
1.806817611934861343e+05
1.845503589319481980e+05
1.821467615300792095e+05
1.808127868860108429e+05
1.804639097998278739e+05
1.837773758124608430e+05
1.825070661118183343e+05
1.813546570140300028e+05
1.805231312297971162e+05
1.810088593111325754e+05
1.836229221055404050e+05
1.804953463970530138e+05
1.819031893637474859e+05
1.812805471200616157e+05
1.827719837316116027e+05
1.802559166690642014e+05
1.777017049013441429e+05
1.796921419199967349e+05
1.806754850694029592e+05
1.805355641447543167e+05
1.808970669399759208e+05
1.798202857259073644e+05
1.810067907094465918e+05
1.793328116501896002e+05
1.840091603558798379e+05
1.826725433360233728e+05
1.813907909254981205e+05
1.797768595296153217e+05
1.810055758205836755e+05
1.831053668950359861e+05
1.801018095791655069e+05
1.788408858801633469e+05
1.817569519863890018e+05
1.802670763199052599e+05
1.775396565197219606e+05
1.826283667856919055e+05
1.819264753063283861e+05
1.762330479390560358e+05
1.799311304184549081e+05
1.787601293556091259e+05
1.820680450976152497e+05
1.796457782672463800e+05
1.801471628295101109e+05
1.821997092632579152e+05
1.839358997527552710e+05
1.813578662619894894e+05
1.788030809078630118e+05
1.811053712578795676e+05
1.806140395316031645e+05
1.816858846078432980e+05
1.823832835518138018e+05
1.800407791336866794e+05
1.808829985414474795e+05
1.844897268437873281e+05
1.802808418094196822e+05
1.813889009516630613e+05
1.818609426095953968e+05
1.809703615930681408e+05
1.789933636761706148e+05
1.814274670181683323e+05
1.817247573965281772e+05
1.815977724819076830e+05
1.824039450288935623e+05
1.822003381199773867e+05
1.811161663168791565e+05
1.807324207889769459e+05
1.818502840172727592e+05
1.820455320479237125e+05
1.820490832676581049e+05
1.785132759377296024e+05
1.811315714494693675e+05
1.793889833328150271e+05
1.778315175865277415e+05
1.810822840281641111e+05
1.821841189298117533e+05
1.775663149279225036e+05
1.799806500386834959e+05
1.801935242509557575e+05
1.822791266586415004e+05
1.792349393844116130e+05
1.820088457938975771e+05
1.814986015769401565e+05
1.806950356794081745e+05
1.813130242204736569e+05
1.813928301372751594e+05
1.809955840299035481e+05
1.822977363915397436e+05
1.816010856375374133e+05
1.812919410905370896e+05
1.811763765638944751e+05
1.815470938132958545e+05
1.802541359946764424e+05
1.786125965649154095e+05
1.790711048214861075e+05
1.793015173706940550e+05
1.805200786794896412e+05
1.814826737629461568e+05
1.821447740246549656e+05
1.842294549057628901e+05
1.800376471366865153e+05
1.818490337554292928e+05
1.852858885134864540e+05
1.795912762694850389e+05
1.806041079119573988e+05
1.805204263120605319e+05
1.811564177380531910e+05
1.810527592682632385e+05
1.823838939267771202e+05
1.804493546678733546e+05
1.841728166964953707e+05
1.792675661110668734e+05
1.817266466247462959e+05
1.812890277013965533e+05
1.807186602423687873e+05
1.816084009751480771e+05
1.825054105426540191e+05
1.814558119161151699e+05
1.795245723620335630e+05
1.835705046283039846e+05
1.831715213013806497e+05
1.804450566420697141e+05
1.805100486749030533e+05
1.787789035012469685e+05
1.813043557390286005e+05
1.802580677841315337e+05
1.813441315533429442e+05
1.826100435886092600e+05
1.812258583371453278e+05
1.806114335344015853e+05
1.807811309253748623e+05
1.797298084897892841e+05
1.816596381068912451e+05
1.788517599350299570e+05
1.815828464918938989e+05
1.825082034209136909e+05
1.831601629838757217e+05
1.818694402908178454e+05
1.788198736209232884e+05
1.817327413294295256e+05
1.800114160565582279e+05
1.807042118239981355e+05
1.819802691777372092e+05
1.824921956023037201e+05
1.812909548821010976e+05
1.832418657609941438e+05
1.790083246835300815e+05
1.843778240120792179e+05
1.786027310934437555e+05
1.799179210183473187e+05
1.801545990971945575e+05
1.817041338748102135e+05
1.807590724722281157e+05
1.822045823627860809e+05
1.820275726309282181e+05
1.798113227814768616e+05
1.804502058129484067e+05
1.824512571670537000e+05
1.803871233011520817e+05
1.826228376923372271e+05
1.797448319083417591e+05
1.819171582860711496e+05
1.809284635933242389e+05
1.863079853652125748e+05
1.804295406591399806e+05
1.780099235871265118e+05
1.843031178287692892e+05
1.825518982238789904e+05
1.807316278151426814e+05
1.801128439126815065e+05
1.801597048558265669e+05
1.825793299790066376e+05
1.792399052566712780e+05
1.797986311067739734e+05
1.785686670713349886e+05
1.794948674904244253e+05
1.817025887541067787e+05
1.807847841815239517e+05
1.804805466612618475e+05
1.810249601715752797e+05
1.798736577053129440e+05
1.810466295389418665e+05
1.815689812801693624e+05
1.814676995835908747e+05
1.805706652397846628e+05
1.818791639480577433e+05
1.796834078605959949e+05
1.808465409225657349e+05
1.856600228131389304e+05
1.828258304960506503e+05
1.783079866208196909e+05
1.808523264834397705e+05
1.814449548898208304e+05
1.810294651291890768e+05
1.782679551132453198e+05
1.790001269794744730e+05
1.796192616251157597e+05
1.840966638019597158e+05
1.832373249462310923e+05
1.796834190584381868e+05
1.799338307370198308e+05
1.782161700869933411e+05
1.812680158322317584e+05
1.828063400581630412e+05
1.814748224086011178e+05
1.799671571795273048e+05
1.777030549256844970e+05
1.817726182636855810e+05
1.815737692259387113e+05
1.825747135532284738e+05
1.823943681119881221e+05
1.824234275932688033e+05
1.816592299528688600e+05
1.821517301176313485e+05
1.816420654902674141e+05
1.799289431526639382e+05
1.820400418712729006e+05
1.791987043955025438e+05
1.831345696423179470e+05
1.801470674782484712e+05
1.806235421546018333e+05
1.838039505870600697e+05
1.807201883381514635e+05
1.816366585481828661e+05
1.792169165052872268e+05
1.810240953935713624e+05
1.811935664963768213e+05
1.774749280184521340e+05
1.794325032262793975e+05
1.797226421460100100e+05
1.704972116069283220e+05
1.840109698213281808e+05
1.780746186596412153e+05
1.804596277649616241e+05
1.810139929311042943e+05
1.798103021386355977e+05
1.813887735682469211e+05
1.807455623520098161e+05
1.811809939479829918e+05
1.802780626650883059e+05
1.816842454312986520e+05
1.827629455694354256e+05
1.809582018277674215e+05
1.810716785057388188e+05
1.821029099970047828e+05
1.818154702618268784e+05
1.832804559182969970e+05
1.815978732144789828e+05
1.791449139741202525e+05
1.814584559459956363e+05
1.790547829033400049e+05
1.795467019352159114e+05
1.808317588512076763e+05
1.817479964240265836e+05
1.803099547018253943e+05
1.802459917544394266e+05
1.791728859854153125e+05
1.784711614811416657e+05
1.815199206467005424e+05
1.817362002504785196e+05
1.786974377743270015e+05
1.808591507841921702e+05
1.801425611275956908e+05
1.797841230495066848e+05
1.805721040530241444e+05
1.812488763035123993e+05
1.801364646669294743e+05
1.820806796396782738e+05
1.808486930270098092e+05
1.803997432725152466e+05
1.811383857953420957e+05
1.794535384585613210e+05
1.819308221728513308e+05
1.805867823152249039e+05
1.795562103635516833e+05
1.810973056027445127e+05
1.821587626082204515e+05
1.804844176348104957e+05
1.811662116732239956e+05
1.829978100008226174e+05
1.792989683841791702e+05
1.817117485588432464e+05
1.800071514503313811e+05
1.830667269957554527e+05
1.831703408385039656e+05
1.811974061717194854e+05
1.798073412048965984e+05
1.822762214320026978e+05
1.805281706610624678e+05
1.844798387453349424e+05
1.814229708165221673e+05
1.828432361134201929e+05
1.799815403360683122e+05
1.800494739910847857e+05
1.805816096051710774e+05
1.825294106649420282e+05
1.804470320266514318e+05
1.827561278823622270e+05
1.830212658365441603e+05
1.802558841709870321e+05
1.806021207633776939e+05
1.808096419993670424e+05
1.815982728599023540e+05
1.809087336404912930e+05
1.801682981855963590e+05
1.806700237342854380e+05
1.822466623878001992e+05
1.829571805678628152e+05
1.806763661324814602e+05
1.819043690088052826e+05
1.810003527884481591e+05
1.814456477200016670e+05
1.796197960847432551e+05
1.805946371229288343e+05
1.795403330514451663e+05
1.801787151803682791e+05
1.801642828624659742e+05
1.783749766146616312e+05
1.794103874233824317e+05
1.791063881279276393e+05
1.775257985193112108e+05
1.717874891215631505e+05
1.826411552048360172e+05
1.777297391687575437e+05
1.810805149414753832e+05
1.787990440179872094e+05
1.829978079026376654e+05
1.839237115668986808e+05
1.818578207704998495e+05
1.836260725801188964e+05
1.818376974866167293e+05
1.799484598959698633e+05
1.835071119559824874e+05
1.810199971785838716e+05
1.818676437009155634e+05
1.800618589502964751e+05
1.804740552616348141e+05
1.798737359552879061e+05
1.812212046572004328e+05
1.817400769372302748e+05
1.813008654219768650e+05
1.793513509428068355e+05
1.840788369261046173e+05
1.798810694206125045e+05
1.799900671287103323e+05
1.810454643837089243e+05
1.823205194760207087e+05
1.802215742742501025e+05
1.837907597513571964e+05
1.793895370621971670e+05
1.817118232242758968e+05
1.799709663061728352e+05
1.830509928861197259e+05
1.823892014378962922e+05
1.798194893392813392e+05
1.816818142582511646e+05
1.836608048016845423e+05
1.825559003614005633e+05
1.812199592267443368e+05
1.793244212417004455e+05
1.811014215705979441e+05
1.797005074920633342e+05
1.807075137957685220e+05
1.784144647920905845e+05
1.834758350474817562e+05
1.813681185126126511e+05
1.816382701889152813e+05
1.817938225265139190e+05
1.809726516693031590e+05
1.784496880515316734e+05
1.809525717770525662e+05
1.776365164673005347e+05
1.806076122482465580e+05
1.828343649788528564e+05
1.814077965339253133e+05
1.810146978345166135e+05
1.803347565797757998e+05
1.824374399426179298e+05
1.803793120166736480e+05
1.778892817603145377e+05
1.820198756688894646e+05
1.795201314740214439e+05
1.808245918812458112e+05
1.801439543136792490e+05
1.822279231887423084e+05
1.799235164839125064e+05
1.837581477325309243e+05
1.827577650400030543e+05
1.810317694201930717e+05
1.812139459720888990e+05
1.815474869103046367e+05
1.812667297967608320e+05
1.851441235022263427e+05
1.815417081496717583e+05
1.791228570136706403e+05
1.788318253389034071e+05
1.808666388432689710e+05
1.830896910021222720e+05
1.814277459661874746e+05
1.808215921414602199e+05
1.824227896928344271e+05
1.816937217326911341e+05
1.786431210685285623e+05
1.821726498911877570e+05
1.826164332530622487e+05
1.817140319963156362e+05
1.810312058566988853e+05
1.827618642788167053e+05
1.820358214095780859e+05
1.790518303563939116e+05
1.819632441945879837e+05
1.831807969176636834e+05
1.796665744378072850e+05
1.812349368737765762e+05
1.786778414487052360e+05
1.810784306234543328e+05
1.817182362012583180e+05
1.792108747066567885e+05
1.787186666991693783e+05
1.803571424380463432e+05
1.808827590974174673e+05
1.796607207056335174e+05
1.817044379272394581e+05
1.796895150170696725e+05
1.823419630258390389e+05
1.824243660203099716e+05
1.791525799258981133e+05
1.815696732438150211e+05
1.827197750278147578e+05
1.820136374059998197e+05
1.815128166797632293e+05
1.828698334106018883e+05
1.815694486722646980e+05
1.786888183180796623e+05
1.800575034453547851e+05
1.788228043034396542e+05
1.824903335071993351e+05
1.824549233138102572e+05
1.803216883385711990e+05
1.805073706474295468e+05
1.808774315994664794e+05
1.810058801669888489e+05
1.804467760234729503e+05
1.807875207860658120e+05
1.783630907843807654e+05
1.825336178646600747e+05
1.831590790626636881e+05
1.824602717204774381e+05
1.811066215148402553e+05
1.791749023990449787e+05
1.830947876344530669e+05
1.799205231651540089e+05
1.855415851721701038e+05
1.825309004857883847e+05
1.800547700313000532e+05
1.815824674889306189e+05
1.835973372014314518e+05
1.802051684506440070e+05
1.819446781701610307e+05
1.842715361537521530e+05
1.800790933097235684e+05
1.790268817069774086e+05
1.831017161406633386e+05
1.804526647962408024e+05
1.812200315219467739e+05
1.803273300283475255e+05
1.811428010681938031e+05
1.801494342274871306e+05
1.805132547410302213e+05
1.804301720182139543e+05
1.774214744407283724e+05
1.796548999422857596e+05
1.808280049849399365e+05
1.803905146150958899e+05
1.788365601104667585e+05
1.833682653279707592e+05
1.823675856626474124e+05
1.799645323572751950e+05
1.782538777629272954e+05
1.803460579889171640e+05
1.795600135230839078e+05
1.808955126080011833e+05
1.814406731201085786e+05
1.828529176336657838e+05
1.804994549181984621e+05
1.797368218479570933e+05
1.801589182328358875e+05
1.802052838465935201e+05
1.774593722026096948e+05
1.801340520116982807e+05
1.807574707597587549e+05
1.798038606109974207e+05
1.805138590172412223e+05
1.837000909082333674e+05
1.800119117395189824e+05
1.801798343318323896e+05
1.831550404627572279e+05
1.801670727604936401e+05
1.802509042067070259e+05
1.808133251748415933e+05
1.829625175420804590e+05
1.824768402788224630e+05
1.822828559648090159e+05
1.803873658312699117e+05
1.813896699820354406e+05
1.789248463677383843e+05
1.803477954967165133e+05
1.816254612924194953e+05
1.819401162415934668e+05
1.820950924162354786e+05
1.794406186870064703e+05
1.801052978117117891e+05
1.794437443075775518e+05
1.829521227384288213e+05
1.826186583212236583e+05
1.823154218847803713e+05
1.833104696616900328e+05
1.791681085262851266e+05
1.828151115990889957e+05
1.835186147304937767e+05
1.821079646798143513e+05
1.788431175109780452e+05
1.807464002757795970e+05
1.798973687904698018e+05
1.812635411840361194e+05
1.803375832594163949e+05
1.838738305512049410e+05
1.816977108048324299e+05
1.805539034057213576e+05
1.791614142225599790e+05
1.814241506764521764e+05
1.825796833197972155e+05
1.829000801807374519e+05
1.810194591552592756e+05
1.798639714818169014e+05
1.810044810430901125e+05
1.801259951477872673e+05
1.820009069672684418e+05
1.774761824281704612e+05
1.797246348692440079e+05
1.827358973661502823e+05
1.815815469729006290e+05
1.818618344014521572e+05
1.820218538943613239e+05
1.773168985404881532e+05
1.816108877290523669e+05
1.799789698845777311e+05
1.816327015289728879e+05
1.869159214889610303e+05
1.814980569011789048e+05
1.828115497272230568e+05
1.811934948949235550e+05
1.805826310288918030e+05
1.806241256422610313e+05
1.826022421526230755e+05
1.808907179980568471e+05
1.801766010719614860e+05
1.813662993336467189e+05
1.790615835166439065e+05
1.838731603784401086e+05
1.815938981527007127e+05
1.816505159592891869e+05
1.821348661966284853e+05
1.775945395245061081e+05
1.814895336062723945e+05
1.793194759271399525e+05
1.788703116253483749e+05
1.826425468903906585e+05
1.801976694343626150e+05
1.790072465587843035e+05
1.813579438238501898e+05
1.819435432742497360e+05
1.799347890999605879e+05
1.836585482289101346e+05
1.802960264134926838e+05
1.792357334937809792e+05
1.802602587135510112e+05
1.813053012580009527e+05
1.786079031013728818e+05
1.814191357700104709e+05
1.810876625743051409e+05
1.808373100542821339e+05
1.829327846683375828e+05
1.803732472704322136e+05
1.816835482549126318e+05
1.820353609104521165e+05
1.795162178042708547e+05
1.808357487068639603e+05
1.805620275731350412e+05
1.818822344394660613e+05
1.805633076217217604e+05
1.860407590008609695e+05
1.817615690641859837e+05
1.811344761426536716e+05
1.815810392182017968e+05
1.802525204890400637e+05
1.795702792507538688e+05
1.788980128307358827e+05
1.810311421881212736e+05
1.832086563529914711e+05
1.816153624095860287e+05
1.805780014196731499e+05
1.813756515615817334e+05
1.800640405043665378e+05
1.822437824951593939e+05
1.798873475175962667e+05
1.811994224060860288e+05
1.786021036232746847e+05
1.801881512314531428e+05
1.809234469191133394e+05
1.793309343481176766e+05
1.818591284012241813e+05
1.797049289552399423e+05
1.817997866313426057e+05
1.814364601092634839e+05
1.772727383087004710e+05
1.779858612891920493e+05
1.821161668387595564e+05
1.809601377074444026e+05
1.789825342996316031e+05
1.832312506873899838e+05
1.812055158884199045e+05
1.825005476913373568e+05
1.804864269250654324e+05
1.811726700965866621e+05
1.814848118018262903e+05
1.812677403091806045e+05
1.812036523617403873e+05
1.808548410551651032e+05
1.845450014697724255e+05
1.810402898902881134e+05
1.787064373240593413e+05
1.819557672229746531e+05
1.795346747619940434e+05
1.820994259956637688e+05
1.800263048040670692e+05
1.818990203928996925e+05
1.806349921863352065e+05
1.799018297636623611e+05
1.819788385037764965e+05
1.809846765254191414e+05
1.792540694560774427e+05
1.803998246874747565e+05
1.798536340204009612e+05
1.820546510037881380e+05
1.797738576197290095e+05
1.809513666487929877e+05
1.833397785909268132e+05
1.817772573308256979e+05
1.817242457536208967e+05
1.815119787574919756e+05
1.796769733798096713e+05
1.810471153542178799e+05
1.789497036453461333e+05
1.781901025781025528e+05
1.804705414699912362e+05
1.802978018688294396e+05
1.805788345884846349e+05
1.773776804210061964e+05
