4.295867933526849924e+00
1.503306114339892474e+00
1.179485665222094637e+00
1.160547850673593118e+00
1.170276715111100874e+00
1.165858729536464189e+00
1.161642068843409925e+00
1.164557990865360271e+00
1.165495636956545011e+00
1.158456966537253052e+00
1.164904916185518946e+00
1.168149441127203314e+00
1.170146925593960718e+00
1.165617839916386789e+00
1.164303028819423602e+00
1.155501411316133265e+00
1.165750432061012143e+00
1.165855234818790942e+00
1.168111290883958153e+00
1.166248020738066771e+00
1.170358600343207156e+00
1.159197775705681055e+00
1.167842059177197633e+00
1.171113911277130271e+00
1.161453372904988290e+00
1.161482740670454206e+00
1.164494414823770363e+00
1.160961072526738525e+00
1.164630244817253635e+00
1.162467847984580693e+00
1.162446731811572320e+00
1.166755336072200944e+00
1.164152117385544916e+00
1.167418081159779852e+00
1.166753501278581906e+00
1.164998900978242435e+00
1.165965196708042662e+00
1.161301240117642575e+00
1.166345576716438348e+00
1.167860036443299387e+00
1.161496520868091631e+00
1.163428963147040474e+00
1.157725587233663589e+00
1.157709693526337347e+00
1.165774449711103999e+00
1.168938604107778279e+00
1.164027834848275544e+00
1.166255075725548096e+00
1.166889341262929314e+00
1.159546536596194999e+00
1.163696825031312221e+00
1.168164904489064293e+00
1.157987240726537248e+00
1.168293587402500444e+00
1.167515420046500996e+00
1.170280520232697352e+00
1.160652512953660009e+00
1.157355282009749020e+00
1.160471748720064866e+00
1.164198383756438249e+00
1.164847993530008008e+00
1.168645408097358063e+00
1.162478429294713678e+00
1.163552506060865355e+00
1.159404892800724562e+00
1.167983977298689746e+00
1.161631875668821312e+00
1.161902158058114143e+00
1.160873056910008749e+00
1.161873338461410166e+00
1.169306738820867775e+00
1.159375214002260623e+00
1.161580920980300746e+00
1.168959128561647853e+00
1.169204494274624695e+00
1.166621025125115674e+00
1.158914928016415935e+00
1.166197474497708386e+00
1.162892800048464403e+00
1.161123575091079774e+00
1.162634301185130559e+00
1.161294483287178325e+00
1.161550860965620213e+00
1.174348744525617549e+00
1.162477750702770818e+00
1.167778831406603990e+00
1.162668360994234318e+00
1.160821511072209100e+00
1.163891056198446350e+00
1.159710814856339534e+00
1.162488927452401066e+00
1.167693869030568710e+00
1.166194966299836766e+00
1.159822751116136752e+00
1.164494182427596281e+00
1.163148312719428867e+00
1.164737556198557566e+00
1.166595672532774186e+00
1.167719004146662076e+00
1.162867068751052502e+00
1.163882815637544477e+00
1.158696241599681542e+00
1.169167854220305891e+00
1.169200800224918790e+00
1.161682279586766953e+00
1.164327350333058453e+00
1.167517075325897657e+00
1.163290905834035271e+00
1.163939743966263984e+00
1.164465369847841991e+00
1.164052350028320859e+00
1.166085162313089674e+00
1.162913516403444980e+00
1.161640524388585227e+00
1.171832169090744946e+00
1.159819083831427289e+00
1.160345818956488362e+00
1.158519651332410527e+00
1.168431495025459510e+00
1.163626491269712071e+00
1.155116962766092659e+00
1.162040906000254115e+00
1.161871319608761111e+00
1.165406890143024121e+00
1.171021248721609620e+00
1.161138801902098505e+00
1.165313879479867865e+00
1.166951762475535226e+00
1.160971624902416011e+00
1.165944767315612696e+00
1.162874622103253097e+00
1.164466883847633749e+00
1.169313306069189817e+00
1.164676528149835910e+00
1.165592172084302547e+00
1.167439866806971649e+00
1.157311581646399468e+00
1.167558259914975638e+00
1.164072194413957151e+00
1.160821715453982828e+00
1.164320613401709892e+00
1.171678576618951695e+00
1.161541922119904813e+00
1.162707868104388087e+00
1.162309779955457589e+00
1.159855919623983711e+00
1.161178495017470169e+00
1.160269279267778009e+00
1.166488300223393892e+00
1.164990415135285451e+00
1.159546934915573368e+00
1.164964709034392865e+00
1.160384768696252955e+00
1.163944063916706240e+00
1.172256087111006817e+00
1.158377782044475390e+00
1.161501117540564065e+00
1.162334101785057916e+00
1.175763242456717705e+00
1.175392788023791546e+00
1.167612814647021713e+00
1.169294150659735632e+00
1.160893570185605794e+00
1.164490038706005315e+00
1.163474723174665382e+00
1.168520404894868081e+00
1.156735163368258767e+00
1.164372576252042712e+00
1.159296380748352950e+00
1.169734543110651170e+00
1.167140090518273166e+00
1.160258558612001778e+00
1.158572537092182442e+00
1.162225659848901582e+00
1.171919873958664038e+00
1.159634408649246273e+00
1.165432997021659700e+00
1.160251872645113647e+00
1.154869476548498364e+00
1.162431580788470198e+00
1.161032417729666921e+00
1.165057047935632362e+00
1.162260805010312481e+00
1.174277056079390702e+00
1.169218840348631216e+00
1.168456096703873515e+00
1.161511404238003697e+00
1.161799917520088599e+00
1.170427731059498599e+00
1.170430645008541548e+00
1.159425433656715576e+00
1.166462962687726979e+00
1.162550533987252166e+00
1.164711285600191770e+00
1.168842609613989447e+00
1.160718308110960661e+00
1.168268921547482631e+00
1.166413465279472872e+00
1.168115366864564297e+00
1.163665074521844645e+00
1.157587567024155328e+00
1.157278659894741324e+00
1.158140481942244060e+00
1.170607770275014392e+00
1.160954156085185041e+00
1.161124483730515022e+00
1.163532149136773164e+00
1.167039189601573934e+00
1.160626366061101145e+00
1.164241659939875717e+00
1.165922590814304272e+00
1.161733260807526591e+00
1.169791664758738969e+00
1.162539539828570945e+00
1.163478424178310711e+00
1.168452275188277767e+00
1.159647832175538795e+00
1.157402143651019566e+00
1.164053484519747217e+00
1.161684928360708025e+00
1.162045794584061653e+00
1.158348315399377881e+00
1.156726413570069001e+00
1.164663606940400609e+00
1.173740976375356349e+00
1.164089617962031920e+00
1.170237985417839077e+00
1.163607743416189999e+00
1.164147711475133518e+00
1.161193861443895470e+00
1.160884642238837472e+00
1.163709683908051629e+00
1.167355947643188507e+00
1.167532714815098460e+00
1.161942685664927311e+00
1.167246203691727491e+00
1.163754859463152158e+00
1.163445253788857325e+00
1.158062749292781746e+00
1.163507172565692471e+00
1.163835152752660917e+00
1.165717647581772543e+00
1.158713948173670572e+00
1.166307193872534897e+00
1.164698085010786421e+00
1.160234637090015397e+00
1.161136257829084917e+00
1.156481381120508134e+00
1.163280847523604056e+00
1.169229005341383187e+00
1.162757118426256175e+00
1.167141092180595141e+00
1.163129157739241526e+00
1.165609999887903259e+00
1.158888399713965622e+00
1.160310497862668377e+00
1.164925523545768726e+00
1.162081248369158715e+00
1.165779049503900433e+00
1.162410267413946707e+00
1.161766283482682294e+00
1.160690237841484285e+00
1.164042906035323011e+00
1.156844822312495191e+00
1.155858698808160501e+00
1.167488957166755936e+00
1.164236208618155022e+00
1.160448566405989812e+00
1.179233586648283039e+00
1.163004964734728253e+00
1.164626678170131546e+00
1.169706498170537401e+00
1.162996944729042248e+00
1.162491775544590267e+00
1.157381308271569820e+00
1.163481084557788092e+00
1.164380822202194077e+00
1.165573711961665815e+00
1.164310672049248652e+00
1.166640089448204298e+00
1.164413787242514431e+00
1.166660933047251270e+00
1.162344032247821790e+00
1.167794478743217290e+00
1.166210884867426856e+00
1.160080951492190149e+00
1.160252794396801956e+00
1.157387874655617654e+00
1.165165540422144597e+00
1.163439984748888767e+00
1.174995783088472967e+00
1.156015181922306123e+00
1.157977577745648468e+00
1.168466869923330931e+00
1.160313011480519574e+00
1.167296016395424241e+00
1.170013904521028714e+00
1.160160016189103915e+00
1.169167788125736740e+00
1.166649144814523531e+00
1.161384378961634267e+00
1.161030477192197319e+00
1.159827342822822738e+00
1.166314459175693541e+00
1.161493138225947686e+00
1.159446755804083296e+00
1.161855142092073523e+00
1.167017637008888942e+00
1.167079867553246775e+00
1.157747898753964666e+00
1.168567287777603436e+00
1.165671780799666823e+00
1.162401084937040530e+00
1.165385943983008099e+00
1.163708123425629237e+00
1.157731567700730935e+00
1.160216911991339028e+00
1.162867070585769769e+00
1.166488842432869433e+00
1.166219891904954009e+00
1.165548469649406282e+00
1.160873488238592710e+00
1.161276674912369078e+00
1.167859782321736484e+00
1.163360495981632381e+00
1.161249013205775560e+00
1.165442075936080624e+00
1.168095904365874960e+00
1.164212814625091408e+00
1.170927511020923184e+00
1.164154451514710420e+00
1.160404948034893469e+00
1.165703698250937892e+00
1.159001523981331383e+00
1.163428804476150269e+00
1.161661990744252915e+00
1.179715894836825152e+00
1.156824149738619356e+00
1.171784953573327348e+00
1.162456183306302515e+00
1.163746280338485928e+00
1.161964513949238720e+00
1.169597208720105641e+00
1.164420693355646463e+00
1.157966801495363685e+00
1.161699694992101906e+00
1.166699618985284070e+00
1.175736161765502219e+00
1.165795356862068477e+00
1.159181632041133447e+00
1.165502061032740233e+00
1.161689080521066231e+00
1.162886262330106613e+00
1.160817275961095296e+00
1.161452544395344511e+00
1.168257155822409299e+00
1.161275059408411359e+00
1.163825880716762962e+00
1.163708768795150394e+00
1.162197447026940278e+00
1.160803958103089562e+00
1.163736694835313168e+00
1.159547851273065922e+00
1.162323935715528833e+00
1.165849981472268038e+00
1.156047793926678446e+00
1.165195240913739827e+00
1.164668555700161034e+00
1.167176963186752126e+00
1.159183010741377196e+00
1.162653328448348677e+00
1.158344991937674928e+00
1.165058088706737216e+00
1.162442042506989681e+00
1.162886710027624115e+00
1.163588839256952223e+00
1.159754967497528488e+00
1.159064939141399408e+00
1.166395991500138951e+00
1.166925099192147819e+00
1.175086534485268119e+00
1.167789876728121179e+00
1.162941767488964606e+00
1.162039476480140499e+00
1.158381390576665337e+00
1.159878409238568775e+00
1.164005755901529326e+00
1.163814802302806539e+00
1.164159503418841002e+00
1.159479280389925426e+00
1.172783919900460159e+00
1.165644016973786057e+00
1.167577208915472120e+00
1.161231201641372390e+00
1.160677474191390113e+00
1.165610976525285114e+00
1.163264079850333532e+00
1.167796822342906493e+00
1.163398352192740237e+00
1.165885575998344414e+00
1.165490190721296448e+00
1.177789253459244678e+00
1.159322576130206395e+00
1.162313987058448905e+00
1.158649680681484995e+00
1.155362238331862468e+00
1.173951893236229838e+00
1.168769689133356549e+00
1.159605845843124206e+00
1.164108800842178493e+00
1.166267719952216897e+00
1.164141985659927325e+00
1.163106983875047407e+00
1.154321951807190105e+00
1.163035187524598335e+00
1.156828549690016361e+00
1.174149266168377226e+00
1.164710002675365841e+00
1.156763820281272670e+00
1.162350487604809635e+00
1.159570531447323471e+00
1.162915780517969289e+00
1.159270898297120711e+00
1.174049118560782645e+00
1.155299912587106181e+00
1.163213093361277206e+00
1.162803792533432912e+00
1.163676553847077466e+00
1.160194198883314209e+00
1.181353385219730656e+00
1.171655147790132467e+00
1.166361283069380139e+00
1.162470396218309387e+00
1.168534238108219325e+00
1.167181572193296768e+00
1.163625639782685628e+00
1.166214962087722906e+00
1.159421706953761344e+00
1.168063993582528992e+00
1.157162799199571213e+00
1.162745778351459425e+00
1.163408672398050570e+00
1.159426186714950235e+00
1.165316185279306138e+00
1.159118905527491972e+00
1.160555362624080322e+00
1.167022978044938375e+00
1.167792051409154652e+00
1.161474629688082905e+00
1.164296627183325272e+00
1.159551579755370598e+00
1.162027148448415925e+00
1.159496971110949959e+00
1.173221644892141313e+00
1.165823292824996082e+00
1.164019473635441448e+00
1.173439841440389930e+00
1.162917915342974728e+00
1.167789282968241027e+00
1.163366819663385732e+00
1.159417191999936314e+00
1.164108149169855499e+00
1.162524752263488725e+00
1.170415242814153656e+00
1.167368183989020203e+00
1.167674590693071002e+00
1.161532614900024685e+00
1.160911214312912776e+00
1.162384438929692010e+00
1.165185869382318717e+00
1.165897281833328858e+00
1.160782037150233093e+00
1.165475258155073579e+00
1.171605695631754207e+00
1.168636130501555570e+00
1.161065511468531541e+00
1.167957464870540862e+00
1.163293581650612252e+00
1.160408860336133996e+00
1.167303771446576599e+00
1.162645286047718329e+00
1.168676100902279913e+00
1.160938491001449524e+00
1.162112515104419819e+00
1.166448766378962665e+00
1.165750147623942690e+00
1.158184105687216636e+00
1.156177228888396691e+00
1.164195729592068629e+00
1.162220288285702008e+00
1.159825601650013027e+00
1.162195074472332168e+00
1.165490672725659094e+00
1.162049876086449940e+00
1.164314800056310828e+00
1.166858383710631886e+00
1.166894231913067514e+00
1.164209501609125619e+00
1.160820018113471352e+00
1.165735142015082992e+00
1.165715020875310426e+00
1.161363138024644970e+00
1.171248949603342693e+00
1.158273708104272437e+00
1.165070826188474573e+00
1.167919132755430356e+00
1.167483311541323898e+00
1.159223278351379394e+00
1.162862655004951007e+00
1.163149784587073743e+00
1.165950867979236305e+00
1.165922390183991686e+00
1.160300063112000402e+00
1.167882276514525808e+00
1.158311069429253104e+00
1.165771271010951349e+00
1.163584778061905745e+00
1.164405735427720856e+00
1.165201990711375535e+00
1.162955254323414289e+00
1.167968640294158922e+00
1.169012652775671235e+00
1.163467264607361829e+00
1.161162602857899628e+00
1.164170023449473623e+00
1.158637712835560940e+00
1.166208754638324852e+00
1.165990620425705560e+00
1.167103423531518303e+00
1.166286840750782705e+00
1.162372852298659831e+00
1.166765409733431680e+00
1.163087019251443532e+00
1.165746171115905394e+00
1.159679795052324103e+00
1.155037752005272811e+00
1.168061152029125083e+00
1.162427044285185840e+00
1.163469092079570277e+00
1.161161867183037710e+00
1.161532671766022595e+00
1.164389610765982797e+00
1.167633214112397289e+00
1.156139588590158862e+00
1.156942272501234603e+00
1.171328763154459773e+00
1.161653469749231116e+00
1.159054104016130848e+00
1.159851798296199332e+00
1.166314718942100814e+00
1.163516094923455757e+00
1.164841868861485441e+00
1.165942599925361645e+00
1.165701262253838966e+00
1.167949248591101385e+00
1.165151106817713833e+00
1.158514059251735784e+00
1.164889819629622680e+00
1.161217119887032245e+00
1.160592427933696769e+00
1.166379117132937404e+00
1.168853299661956058e+00
1.161050016072668001e+00
1.166780312326686886e+00
1.162263689974862846e+00
1.161687370793209828e+00
1.159056525153302042e+00
1.175274024009602458e+00
1.165607244303027867e+00
1.175615214034463563e+00
1.161914879647678367e+00
1.161367863254089583e+00
1.163801807731513538e+00
1.161240154583421225e+00
1.160418125398936740e+00
1.162506868476032018e+00
1.164957069511330712e+00
1.154723831233092080e+00
1.164321161858238307e+00
1.162124210638766142e+00
1.167405268875617574e+00
1.162906117837169573e+00
1.163619487731789803e+00
1.166835222190222510e+00
1.163526277017219668e+00
1.162858241794428649e+00
1.156675768137090499e+00
1.156331808239188019e+00
1.165094659132164034e+00
1.161133741957421694e+00
1.170868701772057152e+00
1.169526480324464268e+00
1.164540867099242760e+00
1.159071356423259980e+00
1.162178316567764380e+00
1.165607593409099030e+00
1.162811306825130453e+00
1.177770283334572010e+00
1.162724508317723338e+00
1.161329952785961073e+00
1.167555121003228003e+00
1.162994657656418740e+00
1.160660086421894999e+00
1.169323138873341827e+00
1.168832621157206431e+00
1.171092949163240249e+00
1.166884662168882425e+00
1.163597142949664098e+00
1.163481005139130220e+00
1.166391147285657182e+00
1.164694789843115030e+00
1.161400248133704682e+00
1.162120796837140091e+00
1.161810220404801308e+00
1.163773668216127710e+00
1.168416226243781830e+00
1.166840521750503123e+00
1.165655367619238936e+00
1.165623654357402117e+00
1.163716404306127661e+00
1.165079663808464394e+00
1.165789048269135986e+00
1.166391861322626289e+00
1.168688078125567520e+00
1.164480452331128291e+00
1.165816055432273624e+00
1.160720902532888621e+00
1.167643377515380720e+00
1.161463294590380002e+00
1.158090778267935939e+00
1.163269793987967704e+00
1.164988670193834563e+00
1.156681199441472740e+00
1.166411820538451494e+00
1.164822451843605888e+00
1.160197714462850138e+00
1.159004415370754382e+00
1.161058038391523439e+00
1.162419679929401095e+00
1.164426411920272741e+00
1.164153720249838209e+00
1.159540850418931290e+00
1.160866566682788203e+00
1.163584001228055609e+00
1.157755488148808576e+00
1.168318781777043736e+00
1.168265799653901205e+00
1.163082041560312696e+00
1.172671911028118741e+00
1.156934031610754587e+00
1.159864839311943063e+00
1.156064333674783562e+00
1.163311841626283538e+00
1.170019038315923909e+00
1.166317366389745036e+00
1.162435932894299029e+00
1.161786251525555036e+00
1.159323966652451965e+00
1.169991189359151473e+00
1.158851367600546967e+00
1.159542422804539452e+00
1.157212506332758073e+00
1.160054223504268789e+00
1.165263980056162829e+00
1.161329182298491913e+00
1.163220449995373551e+00
1.160820295946072056e+00
1.170878894407288318e+00
1.166106989185350384e+00
1.166297453742654477e+00
1.158984929021663612e+00
1.167715475998956753e+00
1.158441236960595866e+00
1.158617232684366227e+00
1.157202013602073754e+00
1.163805426635267315e+00
1.161042330469799211e+00
1.163249951649772962e+00
1.166455574132640116e+00
1.160920521004306538e+00
1.159496845546306831e+00
1.166170065789140065e+00
1.168842274257741121e+00
1.163353336054349318e+00
1.165561284347093052e+00
1.164138316186313249e+00
1.166624000131896377e+00
1.162312666643885217e+00
1.163345780776619431e+00
1.170629345001127142e+00
1.166343617423887258e+00
1.170851537737483072e+00
1.165429188975168673e+00
1.161368873387277789e+00
1.164938253444069538e+00
1.161231434067363510e+00
1.165042379807618822e+00
1.161120817412418127e+00
1.158221060136239045e+00
1.171498474377274723e+00
1.165125834797213100e+00
1.168204439035534392e+00
1.162876864702868884e+00
1.162618272131432207e+00
1.162400531087153244e+00
1.158557366540269529e+00
1.166335778710871907e+00
1.159059291986755280e+00
1.162344299710805773e+00
1.165356430111618158e+00
1.161415392136431857e+00
1.159540166328976385e+00
1.159873705973148761e+00
1.163637771976595348e+00
1.167361720909839695e+00
1.168833173229391509e+00
1.160029301375322452e+00
1.163345710272917000e+00
1.164713720229861638e+00
1.164896055064388980e+00
1.163654601650448539e+00
1.161753286127022333e+00
1.167804128421141563e+00
1.166081353104777341e+00
1.159935624447425040e+00
1.161356127431259821e+00
1.162784566361611649e+00
1.163582886942230887e+00
1.156584314399441427e+00
1.163294229544456160e+00
1.162749550402498055e+00
1.164839116240126371e+00
1.164378330111992987e+00
1.162542896124449054e+00
1.159443767939698500e+00
1.163011668689310829e+00
1.166546616646082279e+00
1.167143793506582039e+00
1.163475870822218372e+00
1.158819608794010136e+00
1.159531774165897922e+00
1.163282753815657156e+00
1.165418524381172993e+00
1.167453614579536669e+00
1.160556382846807066e+00
1.164528470160489437e+00
1.159978438119171784e+00
1.168336397159254858e+00
1.168499637520131973e+00
1.167235252247459387e+00
1.165968124533226957e+00
1.163244186480953957e+00
1.165487967203267639e+00
1.164527750943002760e+00
1.159952490741612996e+00
1.156594476685228079e+00
1.160446643552138335e+00
1.169442610030847707e+00
1.159783901041577137e+00
1.165011814724502992e+00
1.163637566784042621e+00
1.161202013382225173e+00
1.177284183719519151e+00
1.163601171365152398e+00
1.164460205949501059e+00
1.158288902811092980e+00
1.159147569860728311e+00
1.162279910420025653e+00
1.156483949069818440e+00
1.162875387008691197e+00
1.167097608809697817e+00
1.161571826371509797e+00
1.166117839743213036e+00
1.160023997111813809e+00
1.163981179760071649e+00
1.163578460133578130e+00
1.160735384439960827e+00
1.159630618479339903e+00
1.167507386259310387e+00
1.158916824553885450e+00
1.158437035542384974e+00
1.162488058140872971e+00
1.163066542603707676e+00
1.163527462920329603e+00
1.169955242785723160e+00
1.161730397696566275e+00
1.167908126371629551e+00
1.162957183970592334e+00
1.164860169197430295e+00
1.167555311321471612e+00
1.171392774346478260e+00
1.161996149437759973e+00
1.170401684799021957e+00
1.167778336482862445e+00
1.161314387671633419e+00
1.160125741684603140e+00
1.167555243106319418e+00
1.168254293703532287e+00
1.168079012242269288e+00
1.165673712473210610e+00
1.158740101212387241e+00
1.165713442364575858e+00
1.165265374378229746e+00
1.159745324821918055e+00
1.162631326142482546e+00
1.161307482816227976e+00
1.160603291730142095e+00
1.170691986357889069e+00
1.169296562813614937e+00
1.158176083742033402e+00
1.165825666125973159e+00
1.160612944905640598e+00
1.170251545094686429e+00
1.159954036675410194e+00
1.166485404397682668e+00
1.163693731567865486e+00
1.167017082085776591e+00
1.161022531191033380e+00
1.162997751364877708e+00
1.158336786733237922e+00
1.159624449110479683e+00
1.165595773860644835e+00
1.164142351272229980e+00
1.166350458316520289e+00
1.166113948247112564e+00
1.159908605843249507e+00
1.165561071965632189e+00
1.168078280378438860e+00
1.162063421673240171e+00
1.159408866268144545e+00
1.164359151627532674e+00
1.162517656475680283e+00
1.168248068702084419e+00
1.162856377153266285e+00
1.164670829735897861e+00
1.165366017512344365e+00
1.165593723023298667e+00
1.169412482459471381e+00
1.163794422985875876e+00
1.170292586397889911e+00
1.156847920006232266e+00
1.170289477727069816e+00
1.162806836097171059e+00
1.158660702355253758e+00
1.168188903825170044e+00
1.166202864143426776e+00
1.163090889989032872e+00
1.162083644578824737e+00
1.162465670771625659e+00
1.164484265174536848e+00
1.161459524881595984e+00
1.160895752166675621e+00
1.163014931036086885e+00
1.168694345383616495e+00
1.161292657652808868e+00
1.160454208604380755e+00
1.157639133600893988e+00
1.167825123882473504e+00
1.165046565631317144e+00
1.164268489934662254e+00
1.166892610083662740e+00
1.160611060739598743e+00
1.165522100927084859e+00
1.160775952412038237e+00
1.165941455695479689e+00
1.160847710284430123e+00
1.168486539973282889e+00
1.168572682837494048e+00
1.169146802676391594e+00
1.166920018162929784e+00
1.162164496718410378e+00
1.161622976406840868e+00
1.166852148153312063e+00
1.162789078083413363e+00
1.164325718835976131e+00
1.164685822401069437e+00
1.161995240314073641e+00
1.163946457642092813e+00
1.164188171067356059e+00
1.170975295566959673e+00
1.161286791614421610e+00
1.170732362861438780e+00
1.162185720195048955e+00
1.168257997487168742e+00
1.165172829232990148e+00
1.165553933537962328e+00
1.167535467804267757e+00
1.169008008621247763e+00
1.159010635308826531e+00
1.159280322415361164e+00
1.169180177599494330e+00
1.161921945431898751e+00
1.160484895541558537e+00
1.169762171266424344e+00
1.162039768383250626e+00
1.159765263455750484e+00
1.164569687695525380e+00
1.161718691295392514e+00
1.169169299261711314e+00
1.164324799107823383e+00
1.162378574173091650e+00
1.164073837033809955e+00
1.154694115739734128e+00
1.162108272681424914e+00
1.163564649402208717e+00
1.161538979920733849e+00
1.169248270343949736e+00
1.160027877052597134e+00
1.174056182389199954e+00
1.164265353271489944e+00
1.161672585737230312e+00
1.160184351604377495e+00
1.160963718383194676e+00
1.165143112823071370e+00
1.166290434452490699e+00
1.167880256480607670e+00
1.157885225867357315e+00
1.166292976778181112e+00
1.159716010628261573e+00
1.168022748587817627e+00
1.167844618611567409e+00
1.165420287983276015e+00
1.165137377756356951e+00
1.161051370773569014e+00
1.166592661584237911e+00
1.163139800312894767e+00
1.155387725769578600e+00
1.164533354111709329e+00
1.164631954768743594e+00
1.163561210543526458e+00
1.163747135910670361e+00
1.156790323747184601e+00
1.161905809541913248e+00
1.161317374129256841e+00
1.163626152157904770e+00
1.162168799245842044e+00
1.161403870953932715e+00
1.167436075228410308e+00
1.157102638345913093e+00
1.162386009672415454e+00
1.161666149701924500e+00
1.162551637815802952e+00
1.164199940639572883e+00
1.162810363804528846e+00
1.157883311582771135e+00
1.160838302213960338e+00
1.159694456737282220e+00
1.163940187019002703e+00
1.155637087130105156e+00
1.165977269312718612e+00
1.166424550555716033e+00
1.165754782868316575e+00
1.161168029977712290e+00
1.160385229642069804e+00
1.169432028947304802e+00
1.159750659967750730e+00
1.161386966513666463e+00
1.159066048939531690e+00
1.162110880703111082e+00
1.173456674844074676e+00
1.158028491721555975e+00
1.169121074537027738e+00
1.162436129548151120e+00
1.165248850522176971e+00
1.159913022047560638e+00
1.168411283919117194e+00
1.160513454124190602e+00
1.159531730354107504e+00
1.165899863458710106e+00
1.164188756912753586e+00
1.160619437040873558e+00
1.164915860020554028e+00
1.161003790728764251e+00
1.164882065522864663e+00
1.157704645220681394e+00
1.163508836739758578e+00
1.172597582693755358e+00
1.162136101503423280e+00
1.156054054781297635e+00
1.165384739606866837e+00
1.157761645205751089e+00
1.162758332714643350e+00
1.159976181844167398e+00
1.165482163691462292e+00
1.166518446426281885e+00
1.161651970370563003e+00
1.160813726823946013e+00
1.164172079904624679e+00
1.163845024983873211e+00
1.160664154926334124e+00
1.163076729962078559e+00
1.167550177951670154e+00
1.167592849364444296e+00
1.167230808831735134e+00
1.160648268138843919e+00
1.166114554627215139e+00
1.167082530331688295e+00
1.162983347375843080e+00
1.159853570359084429e+00
1.161614522401719807e+00
