1.063808560793239044e+00
1.061717963104593654e+00
1.062630580599322139e+00
1.064076778489276398e+00
1.063229475543952862e+00
1.064926515376180660e+00
1.062574693143638838e+00
1.064625533838562843e+00
1.060595954678228425e+00
1.061765328933297559e+00
1.060507426923587904e+00
1.063288491447498041e+00
1.062251417174475243e+00
1.064324902507237658e+00
1.063854072245681293e+00
1.063925338780095986e+00
1.061897268279207829e+00
1.063594878225081475e+00
1.061641882949341920e+00
1.063732491180215067e+00
1.063218678397613415e+00
1.063031655779837159e+00
1.063044956313032863e+00
1.065029697871296088e+00
1.063729905538417286e+00
1.064518059735829913e+00
1.061030909911499842e+00
1.062462663630056703e+00
1.061430355576170381e+00
1.062653255576474720e+00
1.062149935057923100e+00
1.063956451637138700e+00
1.063296701248377829e+00
1.063696550362915438e+00
1.065249987766994311e+00
1.066882960709845340e+00
1.064039473342952125e+00
1.066657575327970564e+00
1.063581259303209681e+00
1.065745239353255380e+00
1.063171045480236554e+00
1.065755200716417939e+00
1.059436529880474431e+00
1.060390599541542134e+00
1.059523250015428353e+00
1.062972718608454104e+00
1.059764700660047909e+00
1.061052003895340601e+00
1.060560194989612404e+00
1.063004022246712754e+00
1.064257758700225764e+00
1.066439970169231088e+00
1.066093859206821426e+00
1.067692463863737062e+00
1.066734928795099346e+00
1.068787533568839487e+00
1.063819341091158499e+00
1.067892384791441662e+00
1.058620204167159295e+00
1.060138018335803567e+00
1.058685122107277055e+00
1.060257471021313957e+00
1.059612937185782977e+00
1.063399242103878706e+00
1.062151502742950004e+00
1.065364770264514815e+00
1.065034077394706680e+00
1.068639345367282223e+00
1.064642594396226771e+00
1.067350518455919106e+00
1.060192771075822993e+00
1.061526117378698508e+00
1.058900775586572918e+00
1.060395410809421124e+00
1.061225804219108504e+00
1.063913448285592755e+00
1.061306931531257769e+00
1.063940599418802702e+00
1.063809473560422436e+00
1.065883588331804521e+00
1.064259539569483382e+00
1.066387869050284820e+00
1.060306586650740401e+00
1.061061983640677608e+00
1.059269272612992863e+00
1.061978151594571873e+00
1.061359093027306910e+00
1.062125830085112854e+00
1.061181986455932869e+00
1.063816052372739129e+00
1.061615141615873670e+00
1.064646043240855766e+00
1.064222842254270995e+00
1.066456557958878726e+00
1.060344953881622088e+00
1.061542946615009031e+00
1.059924345247229116e+00
1.062585694293850302e+00
1.061510238607420220e+00
1.063808109841192007e+00
1.062464732565387759e+00
1.064532778341367614e+00
1.063439356754386278e+00
1.063891846836652277e+00
1.062754912925319317e+00
1.066510006321572446e+00
1.060405979835667534e+00
1.063177670805922181e+00
1.060018062364408431e+00
1.063293511151991222e+00
1.064967253739879327e+00
1.065557764759622827e+00
1.063369869877777152e+00
1.065365277237970920e+00
1.059355893491861433e+00
1.061414694820949078e+00
1.060505600336506538e+00
1.063795258799694832e+00
1.064809115875658074e+00
1.065627539715959360e+00
1.062095582277813977e+00
1.064943129271214595e+00
1.059247910606433196e+00
1.063681722097659543e+00
1.063666138347729051e+00
1.065847802097853014e+00
1.064487916274009516e+00
1.063941492213925644e+00
1.061334637162576922e+00
1.062037504817644251e+00
1.061223206478626002e+00
1.065149155620101817e+00
1.064644441873258573e+00
1.067731998496632029e+00
1.062190838010305116e+00
1.061549884992269988e+00
1.058899332916680036e+00
1.061669245024438046e+00
1.063545866294632214e+00
1.066014309872071131e+00
1.065845242850473662e+00
1.069421995005122694e+00
1.062537512920021188e+00
1.062757556992848684e+00
1.059758188974131654e+00
1.060244762785275130e+00
1.059870353975743917e+00
1.063235325423318667e+00
1.063408668256779599e+00
1.066237321242267777e+00
1.065408806564575039e+00
1.067815268065157364e+00
1.063251366986156077e+00
1.064388245506499464e+00
1.058633354449227015e+00
1.061061996044233124e+00
1.060070621005143376e+00
1.062961605974851675e+00
1.063929974584441052e+00
1.067592375887295608e+00
1.064988813062712980e+00
1.066530605140203702e+00
1.060482923242223041e+00
1.060063170859589787e+00
1.058952001163117940e+00
1.061744743048154804e+00
1.062999981559289875e+00
1.066818610509775223e+00
1.064915908415565049e+00
1.065767543576721099e+00
1.060493751333451806e+00
1.061003568420939791e+00
1.059411904129228033e+00
1.063195938928954920e+00
1.062183175618157227e+00
1.065827666675681185e+00
1.062979014843740355e+00
1.063443348508512853e+00
1.061450265162320106e+00
1.063307991892240345e+00
1.061354521858481448e+00
1.064892133534604213e+00
1.062577184244553719e+00
1.061923804219093714e+00
1.060563174599892466e+00
1.063246070584566993e+00
1.061342876959437742e+00
1.064506879402111750e+00
1.062572090353674392e+00
1.064842226533125435e+00
1.061726570948458237e+00
1.062576055047452561e+00
1.061484112557737891e+00
1.062985703888228661e+00
1.062208245648643468e+00
1.065533124810904786e+00
1.064031910117749335e+00
1.066255111130198996e+00
1.060129995163661354e+00
1.062190917335248619e+00
1.061050522012630948e+00
1.063655786885136845e+00
1.063173796329368370e+00
1.065834067882533320e+00
1.063986919864528868e+00
1.065779433160166212e+00
1.062440209511329003e+00
1.062958612306448503e+00
1.061180745787048796e+00
1.063887820492386282e+00
1.061082166228114021e+00
1.064343953802110443e+00
1.064066183995250325e+00
1.066226672412790233e+00
1.065905988955242023e+00
1.065705198151347899e+00
1.064333987160808626e+00
1.065629422151759487e+00
1.058442975817849740e+00
1.059848090725991954e+00
1.059275577694913650e+00
1.061733617808559904e+00
1.062343999782211057e+00
1.066227152672332590e+00
1.064687656310330244e+00
1.068787668762551935e+00
1.064406793432956633e+00
1.066209609244815226e+00
1.062736971267981056e+00
1.065243012234694753e+00
1.058128696479873732e+00
1.059823006819299085e+00
1.060168377801904427e+00
1.061518493879163083e+00
1.063134327463674200e+00
1.064284813116880057e+00
1.064439292716887309e+00
1.066305437347245366e+00
1.065852040458409755e+00
1.068191324732135739e+00
1.064998266014598460e+00
1.066800419926498211e+00
1.060746307676380340e+00
1.061268646701736484e+00
1.059082947181116729e+00
1.061157608322305324e+00
1.059075318670569255e+00
1.061520211483962806e+00
1.060946526913285837e+00
1.063492449007987339e+00
1.063971297824068296e+00
1.067099721759448228e+00
1.065131475490474156e+00
1.067172576414969098e+00
1.060635666538417565e+00
1.061734539632052998e+00
1.060047589877041618e+00
1.061265881937941247e+00
1.061643272417344797e+00
1.063667427061228077e+00
1.062875529531664531e+00
1.064159126176261960e+00
1.063288186622007414e+00
1.065211564261755006e+00
1.061452099231544155e+00
1.062770714999404564e+00
1.061447099610594025e+00
1.063156741637524272e+00
1.062133395231324773e+00
1.064229144914176750e+00
1.062838486363704149e+00
1.063977717706489523e+00
1.061076358924870622e+00
1.062604245577170481e+00
1.062344415333952075e+00
1.064301774670864953e+00
1.063333372791252174e+00
1.065471807350938827e+00
1.060993473473294202e+00
1.063128813742921785e+00
1.061124290202110743e+00
1.063061020663704559e+00
1.063997148279643312e+00
1.065158969532595146e+00
1.063895742995021765e+00
1.063978826853977599e+00
1.061320192540417207e+00
1.064482178047222449e+00
1.062946092148459476e+00
1.066505585842168369e+00
1.061057107133510868e+00
1.061858096330855705e+00
1.061658508063672901e+00
1.063546323855894649e+00
1.064190311600353711e+00
1.064845839644777969e+00
1.062426500476854940e+00
1.063246841562831113e+00
1.061535656694504448e+00
1.065090954880322016e+00
1.065137627171947710e+00
1.067937557571477791e+00
1.061913385931373188e+00
1.060651858619708676e+00
1.060693206715600523e+00
1.064445203760314707e+00
1.064479808106410630e+00
1.065882068255272763e+00
1.060531872592417768e+00
1.060942310551215462e+00
1.062294498103034890e+00
1.065752351536948250e+00
1.064719790619015116e+00
1.065878892224233265e+00
1.057775469367461030e+00
1.060856253656787818e+00
1.063144311435167300e+00
1.067934094191231642e+00
1.063599645228729518e+00
1.061726957279097938e+00
1.060169186261502805e+00
1.062795780444161231e+00
1.064426473431512754e+00
1.066099493525740183e+00
1.060381320999443489e+00
1.061378291013477693e+00
1.061983375873116531e+00
1.067044973160437227e+00
1.064976937885129260e+00
1.062734510387929765e+00
1.059762330754019821e+00
1.064171620357763803e+00
1.064479958071520960e+00
1.065170026374537171e+00
1.058801693682918099e+00
1.063324459815242040e+00
1.064111460179766322e+00
1.065780468115625546e+00
1.058934954111769411e+00
1.062097591745811753e+00
1.063413013635624793e+00
1.066697117111308435e+00
1.059797944285986393e+00
1.062855069738733338e+00
1.061817413036204583e+00
1.064162922960333324e+00
1.060399696731489927e+00
1.063059829101076437e+00
1.063158753524485522e+00
1.064962663721519709e+00
1.060318794731853753e+00
1.062928893171572797e+00
1.062120448527934746e+00
1.064762377393366322e+00
1.060467861370750109e+00
1.062566145204444812e+00
1.062926654877289989e+00
1.064786946557258140e+00
1.060847196935269521e+00
1.063235829307917157e+00
1.061882426980804928e+00
1.063014959291167960e+00
1.060850903212102736e+00
1.064651402383917533e+00
1.062459114849011232e+00
1.062941036217727842e+00
1.063447539807436337e+00
1.064151341224518932e+00
1.062863151471140855e+00
1.063222447712470320e+00
1.064422198566382871e+00
1.063174161220947989e+00
1.062199992930281667e+00
1.065978513398923466e+00
1.062357425404104605e+00
1.061898780344844972e+00
1.064261364966747614e+00
1.067808683715444573e+00
1.059853117509872433e+00
1.063958314846560338e+00
1.063314528379850188e+00
1.064971888004852207e+00
1.060086330115154407e+00
1.065142800671115442e+00
1.062820314973509150e+00
1.062350048871970820e+00
1.062404005181152744e+00
1.066776528361875975e+00
1.060424710640112345e+00
1.063268367015705262e+00
1.066058605528571235e+00
1.063217415151812117e+00
1.060714562621504209e+00
1.066447288185347286e+00
1.065697791292773866e+00
1.061359750381088096e+00
1.061799388024097235e+00
1.067907748292829195e+00
1.063306449716885593e+00
1.060105569757815447e+00
1.060953443343431557e+00
1.066456868893114418e+00
1.063228783241212394e+00
1.060986753507867197e+00
1.059748824538292666e+00
1.066594649598928468e+00
1.064157745901856300e+00
1.062633000048929022e+00
1.058987247559344702e+00
1.063367405054453929e+00
1.064386251201179467e+00
1.065089721502403775e+00
1.059640736277311479e+00
1.063153388770579300e+00
1.064427836325032795e+00
1.065815214618522244e+00
1.060180164256155022e+00
1.061499113077654100e+00
1.062985830771910001e+00
1.065146980046055347e+00
1.059980166464806750e+00
1.062223777712914652e+00
1.063517879653552711e+00
1.065554683121422208e+00
1.060592065391513961e+00
1.061668498960003371e+00
1.063677141350921840e+00
1.065018910634498717e+00
1.060138652215806276e+00
1.062877386372670374e+00
1.063274181933301588e+00
1.063969295233827550e+00
1.060806648870932012e+00
1.062726063645806907e+00
1.063985713741704808e+00
1.062653737124300335e+00
1.061152293606809405e+00
1.064302833937098125e+00
1.063729070407609445e+00
1.063852691994831678e+00
1.061246403110496228e+00
1.065084370313185813e+00
1.061220446274999896e+00
1.064056393058298244e+00
1.061611086359911083e+00
1.065072868733229372e+00
1.060741214900718266e+00
1.062960430140331036e+00
1.063122905443553590e+00
1.064402614882440590e+00
1.060431558303041033e+00
1.063769043721456420e+00
1.062114693191529069e+00
1.061966722286483478e+00
1.062834037510721474e+00
1.064999224237936692e+00
1.062505200556955742e+00
1.064542023604650112e+00
1.064515128452758530e+00
1.063496659920056153e+00
1.062074832819283499e+00
1.066240719429504491e+00
1.063369701506832632e+00
1.063938371359520740e+00
1.063222667476716676e+00
1.066329158254799792e+00
1.058901689245876021e+00
1.065162491047050519e+00
1.064232827267753478e+00
1.062675950373516365e+00
1.061294016718902444e+00
1.067363500652047215e+00
1.061486294328807256e+00
1.062765118241398854e+00
1.065378998352868756e+00
1.064890830051157256e+00
1.060534014860211371e+00
1.064663407309072829e+00
1.064740727833451084e+00
1.061876625468640478e+00
1.061238832864557446e+00
1.067704940531237545e+00
1.063450985536833704e+00
1.060216608214561873e+00
1.063696279177857251e+00
1.068633088312880730e+00
1.059049026051101183e+00
1.063171751349388350e+00
1.064885244870123815e+00
1.065005888830753644e+00
1.059107832977870034e+00
1.065038996280304628e+00
1.063860132622823196e+00
1.060924771915581433e+00
1.061593787856667470e+00
1.066585412396624521e+00
1.060984611709985481e+00
1.061577970814349792e+00
1.064013747611987526e+00
1.064491374531754353e+00
1.058966925051572083e+00
1.064772586493529793e+00
1.062837374203247309e+00
1.063109259581204835e+00
1.061318284971101367e+00
1.065969273402658679e+00
1.061319058795142212e+00
1.062134555727915153e+00
1.062679253167714055e+00
1.064499274372915805e+00
1.059100224833993575e+00
1.063666623190367311e+00
1.062344667084786920e+00
1.061888389601339355e+00
1.061238319490781512e+00
1.064707388835438140e+00
1.061624055126056954e+00
1.062707079291343781e+00
1.063694018777823880e+00
1.064218957219711825e+00
1.062171700956288767e+00
1.064783111271500493e+00
1.063750806672091320e+00
1.063041384141359291e+00
1.061529275398845451e+00
1.065627822119524559e+00
1.061033780573893859e+00
1.063932814231767443e+00
1.062697613212850722e+00
1.064820194834816824e+00
1.061166148331319281e+00
1.064949807513941193e+00
1.062929969849838674e+00
1.063617171265639927e+00
1.062399186706206589e+00
1.064057463577156692e+00
1.061559224473549667e+00
1.063934939695163173e+00
1.062318288888918216e+00
1.064587265442437758e+00
1.062316859008226144e+00
1.064497710254225238e+00
1.064205467060597154e+00
1.065260473745641034e+00
1.061579053048566923e+00
1.063501326085902310e+00
1.064039043748379321e+00
1.066598162176712217e+00
1.062482481781438448e+00
1.064257009057356207e+00
1.060882824477759057e+00
1.064848389934588191e+00
1.064602152331848073e+00
1.067940575678122173e+00
1.059717589833746754e+00
1.060092415840511393e+00
1.061498276274455588e+00
1.065302000717278652e+00
1.065971538765599469e+00
1.064646130582634020e+00
1.060358496851411481e+00
1.061376979662701503e+00
1.063107624700216247e+00
1.066657659362649557e+00
1.064660843968888493e+00
1.064470396514167971e+00
1.058472745187878816e+00
1.063701898235685395e+00
1.064638704933927427e+00
1.069780480888684604e+00
1.061022509480156861e+00
1.060853137014784675e+00
1.060744202921743984e+00
1.064756878607030277e+00
1.064902086324947650e+00
1.066329088374072587e+00
1.060737943975079034e+00
1.060349010695030625e+00
1.061072810799408739e+00
1.066079759146674855e+00
1.065341789199833356e+00
1.066087214789824378e+00
1.057763324850502729e+00
1.061307005664611003e+00
1.061201201826117213e+00
1.065474617901748466e+00
1.064209340251662361e+00
1.064330679339673402e+00
1.060666447167708748e+00
1.061649572717757950e+00
1.062145704832156756e+00
1.065655515725070668e+00
1.063997116892399619e+00
1.063794198604696373e+00
1.060389476534648878e+00
1.061908855240127236e+00
1.062401620911866296e+00
1.064804017061741881e+00
1.061727766335122558e+00
1.062525842073136051e+00
1.060462162983102807e+00
1.060916538993015523e+00
1.063887467091197303e+00
1.066014361088210460e+00
1.062708758319709679e+00
1.063497415434250692e+00
1.060525225643569769e+00
1.064555776116117070e+00
1.063731744183575856e+00
1.065766497502337984e+00
1.061135789466336687e+00
1.062533006510863132e+00
1.060909028067441362e+00
1.063883600939401486e+00
1.064904523479835996e+00
1.063997765267422180e+00
1.062679275361660292e+00
1.063101753981214426e+00
1.062550016137645992e+00
1.064800102104513924e+00
1.063335747725402403e+00
1.066482412881045949e+00
1.060344523774281900e+00
1.062832292849540172e+00
1.062360436492454596e+00
1.065361072182000157e+00
1.063959474071715539e+00
1.063525650112604692e+00
1.061487463414975574e+00
1.063732754110287448e+00
1.064132493167434523e+00
1.066651968302234188e+00
1.063326256772002987e+00
1.063693085158171625e+00
1.060114893403312442e+00
1.065442509866945331e+00
1.064533935044402746e+00
1.067149076450272904e+00
1.060206930406896619e+00
1.061586291504727164e+00
1.061514896606094549e+00
1.064651788214534989e+00
1.065917994016702508e+00
1.063474079761380642e+00
1.060219571247148274e+00
1.061366212614655025e+00
1.062333329322738829e+00
1.069017147120466582e+00
1.064293568192001382e+00
1.063377434403025790e+00
1.057942588390241578e+00
1.063631580254476905e+00
1.065322506742842901e+00
1.069750417753658533e+00
1.061937518636046907e+00
1.060903923046307984e+00
1.060046200223806689e+00
1.062043385810679696e+00
1.064346356990671039e+00
1.067236400108634964e+00
1.065016127474517127e+00
1.066312499846183925e+00
1.058752410439385949e+00
1.060449788223687850e+00
1.059129487014764281e+00
1.060584960352451978e+00
1.060631752243506254e+00
1.062898251334093436e+00
1.061596068634204304e+00
1.064175397217465235e+00
1.063167629381290391e+00
1.065435312104427323e+00
1.063241725295877238e+00
1.064802980740000349e+00
1.063728602649257615e+00
1.066429603116352487e+00
1.063916364753292099e+00
1.063933966446781731e+00
1.063674435028834298e+00
1.066384607581802424e+00
1.064243895503662829e+00
1.065076612757077434e+00
1.062945520547960987e+00
1.066627381110841100e+00
1.065481755480298887e+00
1.066425208016750226e+00
1.063524483256500508e+00
1.063844303675161918e+00
1.062123040807810614e+00
1.064318247249554261e+00
1.058736117753535932e+00
1.062133920706352708e+00
1.059299496423314446e+00
1.063141542877958257e+00
1.062113336287944021e+00
1.063422840132008051e+00
1.063084956605055087e+00
1.063600381394493644e+00
1.063280401134178099e+00
1.064527371603282146e+00
1.063127705784738586e+00
1.065198270639285072e+00
1.060428947891776996e+00
1.062795593933810068e+00
1.060969865065749307e+00
1.063266288830545969e+00
1.063503703837965331e+00
1.066152606422245075e+00
1.063938434429491764e+00
1.065340086052559920e+00
1.060284579697121865e+00
1.060996286740810035e+00
1.061145128380095892e+00
1.063199293323518591e+00
1.064644447373375824e+00
1.065517060927289483e+00
1.065190625453666717e+00
1.066998015875751271e+00
1.059885150122271025e+00
1.061628337229042263e+00
1.061651201793944121e+00
1.065404988500616712e+00
1.065330939411323286e+00
1.066038174626247281e+00
1.062406197420191267e+00
1.062679727688240261e+00
1.058329651046055808e+00
1.062643715707139558e+00
1.063161266833461127e+00
1.067940778298141158e+00
1.063999769942944651e+00
1.062482678404372161e+00
1.059838616907572861e+00
1.062401621089790860e+00
1.060590694266740686e+00
1.066996389205663087e+00
1.066332923289294410e+00
1.067518985246165064e+00
1.059992185268718634e+00
1.061360316635478140e+00
1.060522891637922349e+00
1.064018374543640899e+00
1.065455494217893095e+00
1.067369071170136685e+00
1.061028283198539590e+00
1.062080994208149276e+00
1.060209414012764251e+00
1.064762668606416440e+00
1.064440829228489260e+00
1.069196729893437725e+00
1.060234488344753645e+00
1.061767214333812825e+00
1.059717607222207869e+00
1.063996332652119570e+00
1.064715176340831126e+00
1.066091600563352504e+00
1.060645398816365104e+00
1.060610125505654810e+00
1.061857250938064379e+00
1.066273330238125538e+00
1.065229815283955661e+00
1.064827605954721257e+00
1.059312570136597742e+00
1.063086829886224605e+00
1.061589594293344430e+00
1.066842205319658898e+00
1.062814545399604071e+00
1.061740682009042258e+00
1.060384447652279016e+00
1.063099524782578298e+00
1.063436310942093233e+00
1.064736462430324604e+00
1.061624521297939605e+00
1.062247771526448448e+00
1.060770015415683387e+00
1.064547483636784975e+00
1.063596264803331026e+00
1.066582042613789971e+00
1.059233998445803238e+00
1.063286266912749189e+00
1.062211836790750930e+00
1.064101370095198007e+00
1.063471208495817111e+00
1.063828978975180917e+00
1.060748003808676732e+00
1.063127019451809208e+00
1.062292212268676872e+00
1.065021447216900619e+00
1.064427996718746439e+00
1.066464271928700303e+00
1.062019611889507553e+00
1.061930257752065510e+00
1.061105145314038545e+00
1.063263719179593725e+00
1.064189106093833548e+00
1.066021832579548079e+00
1.063940094093326572e+00
1.066493693086338013e+00
1.062473133110253265e+00
1.062490141109972752e+00
1.061204762144425828e+00
1.063581886377796604e+00
1.058924585214179537e+00
1.063900215709166597e+00
1.062830323641419383e+00
1.065137157287502356e+00
1.064891021451268571e+00
1.067577812816057570e+00
1.064145033776113358e+00
1.065584133541670253e+00
1.059258512885096870e+00
1.059905810085120859e+00
1.059704393177068882e+00
1.063209929968357281e+00
1.065266020013818205e+00
1.068617635611534222e+00
1.066184849199691476e+00
1.068722646386911057e+00
1.061566500587906692e+00
1.060773201404162869e+00
1.059442139072527045e+00
1.061069556256958091e+00
1.062336410442635604e+00
1.066974826142728316e+00
1.065659059300983147e+00
1.068580513770923890e+00
1.063203745624977881e+00
1.062825311271235140e+00
1.058036036942595404e+00
1.059956923811891771e+00
1.061437548705738809e+00
1.067348368177944540e+00
1.066378588093940261e+00
1.068397763957448676e+00
1.060020172252770454e+00
1.060410930906988236e+00
1.059618396894079106e+00
1.063322317727204647e+00
1.063948440584791211e+00
1.067369455875811557e+00
1.062574973533369382e+00
1.063175886935700198e+00
1.059339345377698915e+00
1.061676752957681602e+00
1.062321443972958690e+00
1.066773834535555965e+00
1.062573883854552204e+00
1.063401748732005547e+00
1.059579464619078371e+00
1.061458373462783156e+00
1.061867659874493830e+00
1.065974556648794813e+00
1.063487494872707106e+00
1.063931838558120013e+00
1.060101624196359227e+00
1.062050542845092815e+00
1.061556235361175382e+00
1.064895910333228501e+00
1.062682535625513625e+00
1.063033797460978924e+00
1.059834555947231527e+00
1.062801092029338035e+00
1.062412327655184674e+00
1.064700538242897121e+00
1.063255551865627258e+00
1.063513087011032532e+00
1.061338162613816083e+00
1.063616398890422587e+00
1.062973787527701663e+00
1.066148135175461142e+00
1.060693400538487374e+00
1.063898125812361650e+00
1.061686605826841268e+00
1.064192313694686698e+00
1.063203134325263033e+00
1.062755732859705482e+00
1.061897291368428586e+00
1.063302682095381257e+00
1.064576478993610742e+00
1.065243092899190058e+00
1.063183449514231382e+00
1.062223008018520432e+00
1.062819909659452389e+00
1.065913845792343162e+00
1.063665191180029890e+00
1.064899023964094527e+00
1.059002563213352843e+00
1.065438009524702911e+00
1.063382723248375905e+00
1.066826258046827736e+00
1.059755358605817044e+00
1.062168053163553783e+00
1.063765567187098915e+00
1.066953271863637864e+00
1.062068158120750949e+00
1.061077443196794423e+00
1.061552277433661651e+00
1.066739901584589534e+00
1.065123379345424892e+00
1.061789851004344865e+00
1.059577054108688410e+00
1.064425843708972419e+00
1.065871078243841641e+00
1.065703077238979057e+00
1.059851278845389100e+00
1.061181136802973990e+00
1.064897307078362498e+00
1.067310480511144410e+00
1.060539115668205135e+00
1.061153501139476596e+00
1.062936186672421623e+00
1.067335745391986501e+00
1.061476614746869274e+00
1.060680205782472463e+00
1.062909412034159340e+00
1.067004899694397269e+00
1.063380357358588935e+00
1.060622364217414182e+00
1.059877112491024898e+00
1.066723926853387017e+00
1.062807222296804355e+00
1.062376710467558993e+00
1.060209689139080647e+00
1.066597045321238335e+00
1.063707704404477372e+00
1.064224544193188349e+00
1.058640436974546795e+00
1.062261273992197053e+00
1.063623291742801902e+00
1.066281578208742475e+00
1.059606017508675446e+00
1.061879677044487824e+00
1.060385483306756083e+00
1.063771907627889313e+00
1.063093279809826042e+00
1.064219261952626505e+00
1.060235285146480910e+00
1.061013287077682721e+00
1.061597697054910361e+00
1.064791846844393319e+00
1.064899976678620908e+00
1.066380695472955997e+00
1.060736510869335847e+00
1.062855012089090279e+00
1.060974131899441009e+00
1.063505326172001331e+00
1.063598793890744520e+00
1.062531109957767894e+00
1.061474989790401890e+00
1.062627644122405846e+00
1.062144355931385231e+00
1.065515620035283328e+00
1.063728669190675991e+00
1.064150548663369777e+00
1.061220995854786020e+00
1.064447009599946536e+00
1.063717223661966305e+00
1.065854468476367778e+00
1.060857814624947659e+00
1.063213647967341968e+00
1.061409318263175861e+00
1.065270688363182838e+00
1.063120074365440759e+00
1.062266780129960564e+00
1.061678598215176628e+00
1.063808477818451337e+00
1.064056307175652583e+00
1.064971383435606045e+00
1.060747212959757713e+00
1.062636193910325488e+00
1.063764598537800143e+00
1.066899501403222761e+00
1.063698133144237001e+00
1.064161676050910943e+00
1.059147581496715951e+00
1.064221768275963820e+00
1.063731764271738101e+00
1.067970819186100373e+00
1.062782156708677483e+00
1.062434508167987790e+00
1.060890524325070805e+00
1.061526187831723922e+00
1.059550978270606958e+00
1.061294159577554241e+00
1.060052859473869402e+00
1.061686352139635581e+00
1.061447272431658595e+00
1.061555337083626149e+00
1.058399830861386892e+00
1.061123530967684303e+00
1.057669709662683921e+00
1.059096262807055933e+00
1.059864980956443103e+00
1.063644000629540232e+00
1.058968017987966359e+00
1.064165526468231482e+00
1.065855845214081166e+00
1.068743770301372020e+00
1.064251161045298044e+00
1.068374513564608552e+00
