1.045914133213802444e+00
1.044171900220462135e+00
1.042747744243182284e+00
1.053826951519448274e+00
1.044771680245121015e+00
1.039738538971171300e+00
1.032160558569220621e+00
1.048324155264506174e+00
1.049179057668795823e+00
1.039965755426562444e+00
1.049098039563884477e+00
1.048313002395890647e+00
1.042063470084025001e+00
1.055134325388692229e+00
1.064032595847349549e+00
1.044670342102765659e+00
1.038529144572046592e+00
1.036607782165439806e+00
1.039592276270827620e+00
1.038382724017367531e+00
1.049424544899199896e+00
1.048172196595361205e+00
1.037077599166155606e+00
1.045610024683827799e+00
1.045127273491740061e+00
1.040504770503730469e+00
1.043626982102942913e+00
1.046985601047572878e+00
1.048405811235288976e+00
1.066417728628593853e+00
1.049889831115690342e+00
1.053476207327253444e+00
1.055147649256700015e+00
1.048832571156111948e+00
1.043128195223177457e+00
1.059750989984225455e+00
1.070399607615337034e+00
1.036768186915380419e+00
1.043002538542294744e+00
1.053804891428215651e+00
1.037576468494940896e+00
1.031578435049412157e+00
1.051971976936155295e+00
1.052496449739797280e+00
1.051239106566357107e+00
1.036277441073987449e+00
1.061792200174558776e+00
1.061080994831061775e+00
1.046888137995156232e+00
1.039806111877717543e+00
1.046722194017919216e+00
1.041290527773082619e+00
1.040881961082534835e+00
1.044772498045519526e+00
1.040678825934827412e+00
1.034962772153203536e+00
1.048780330250017157e+00
1.038970736894756275e+00
1.038298528682571664e+00
1.051406404838244768e+00
1.054745041429513863e+00
1.043123323965648774e+00
1.045994422792554390e+00
1.049279328298939884e+00
1.037919816099227344e+00
1.050191622322721896e+00
1.048079730003127263e+00
1.068660023150499461e+00
1.043786168885676657e+00
1.053796540385577574e+00
1.046130670822863484e+00
1.052113261507835240e+00
1.051557678208500990e+00
1.034368320822076415e+00
1.048469840925692731e+00
1.045061676624650548e+00
1.042054383251830751e+00
1.035052357803998069e+00
1.043418260624418226e+00
1.043051751334696631e+00
1.056028639946785752e+00
1.068170958851422991e+00
1.047914632834964888e+00
1.046212723882671281e+00
1.047290749745151350e+00
1.044593678638934042e+00
1.045812754493360197e+00
1.048583195137669621e+00
1.041837462675385462e+00
1.038272216432651440e+00
1.043488713431798942e+00
1.045068650816760369e+00
1.049650578272187662e+00
1.053085102968806641e+00
1.044196710458895616e+00
1.038596235016287173e+00
1.049770266303508004e+00
1.043131935799394894e+00
1.039722438383305025e+00
1.040300629792363374e+00
1.046697812260872773e+00
1.059892852003256891e+00
1.042924619690735799e+00
1.040466136167566225e+00
1.043879978287895582e+00
1.045888743928714337e+00
1.049159479450200605e+00
1.036017964782153911e+00
1.053397286653418252e+00
1.045181744237875687e+00
1.044544426633837952e+00
1.055240172064273452e+00
1.045324261380002451e+00
1.042336850961261163e+00
1.044806256584493331e+00
1.039425013215400817e+00
1.038602445266002317e+00
1.043950066576929903e+00
1.051352957514971820e+00
1.045509095272686872e+00
1.040417187491869955e+00
1.048068445221993050e+00
1.044689953283460149e+00
1.051122117110754539e+00
1.046855188593488473e+00
1.039484227759202684e+00
1.048061830041199682e+00
1.045819872679804252e+00
1.048035691488927723e+00
1.045909687772286212e+00
1.047004063126022233e+00
1.068140399777438798e+00
1.038627017563221289e+00
1.041066197051120579e+00
1.045181935750315594e+00
1.047604665259595613e+00
1.039205123462432212e+00
1.043710092803988410e+00
1.051087352613168102e+00
1.034090355317996535e+00
1.036532649283655516e+00
1.041883046204983509e+00
1.064032500750996757e+00
1.043955418036541571e+00
1.052491834183669983e+00
1.046342824026375462e+00
1.047626202515636207e+00
1.044710679947662646e+00
1.053615326099393901e+00
1.045219961714120904e+00
1.038885996965452252e+00
1.050935797803430161e+00
1.045157421769238981e+00
1.043116715230081981e+00
1.059381979115129768e+00
1.040327119817467949e+00
1.039832641759953713e+00
1.044028513403193914e+00
1.047365512424890177e+00
1.047610597132928589e+00
1.064124190174729589e+00
1.059862108542962478e+00
1.039310000483107288e+00
1.041399167091058064e+00
1.050378279844867091e+00
1.044032846866696840e+00
1.051727752398274651e+00
1.050678602738549738e+00
1.038711266618948637e+00
1.050145241814234520e+00
1.035540024946759452e+00
1.042199188856818060e+00
1.046095044660533269e+00
1.038510212004201572e+00
1.045079019224882888e+00
1.055034666454097048e+00
1.037657434847625737e+00
1.038182334657834494e+00
1.050152797835022023e+00
1.047162774439506450e+00
1.062866113930397649e+00
1.042403088076921058e+00
1.038204115352839407e+00
1.058913670407796603e+00
1.058237895548255425e+00
1.050224851884918875e+00
1.044096813490799747e+00
1.047212281400456746e+00
1.044789023589738575e+00
1.047361059541573436e+00
1.053489647898903758e+00
1.039643286310658166e+00
1.039676145660132445e+00
1.043272679265180525e+00
1.049032425870133123e+00
1.045214440005703516e+00
1.038047596425356378e+00
1.052593596681076882e+00
1.042445905724999511e+00
1.047131659788841151e+00
1.041444349562755445e+00
1.058998814816205947e+00
1.048907315145569674e+00
1.045662210095881450e+00
1.050376706774640345e+00
1.055390231409478519e+00
1.056776913451528133e+00
1.062184157551584462e+00
1.053648541272799166e+00
1.041966426787720001e+00
1.044533374669061931e+00
1.045547135376172943e+00
1.040282812075399743e+00
1.041557841818739449e+00
1.037376409609715555e+00
1.049752307615090974e+00
1.052145733966129537e+00
1.042786277111941828e+00
1.056596867111755156e+00
1.061871684045426312e+00
1.053645035998149293e+00
1.049701015803210957e+00
1.044777207757801252e+00
1.050685131863090982e+00
1.047334054919553781e+00
1.047206544811864815e+00
1.055169112442034818e+00
1.040122225594072969e+00
1.043613970080544240e+00
1.031356641867592128e+00
1.037298653082487476e+00
1.051823596863347143e+00
1.058426539866901273e+00
1.047029783916998191e+00
1.069523116570512355e+00
1.052480377506728626e+00
1.049546803926360017e+00
1.040205809369712631e+00
1.040748464091649783e+00
1.048679358919319515e+00
1.053059407986654428e+00
1.037677281595765777e+00
1.047215133741391302e+00
1.049476376860823290e+00
1.048898186196535853e+00
1.054232254095206933e+00
1.042693132420430713e+00
1.044202561690948716e+00
1.057860405505900658e+00
1.049611356644397198e+00
1.043733153419279525e+00
1.042837695705582712e+00
1.053641655045419068e+00
1.038545057372358915e+00
1.057225050851092085e+00
1.051333112487202071e+00
1.039435447837095294e+00
1.039829517725742836e+00
1.044904269002743913e+00
1.055789826789601094e+00
1.035481321408864508e+00
1.045098629234492371e+00
1.034397281442098970e+00
1.045347983662212821e+00
1.051085975235281467e+00
1.044420732528497764e+00
1.042304932044272547e+00
1.050900566674715764e+00
1.037035410620530618e+00
1.036157660550836468e+00
1.053718015919336004e+00
1.041693508836470050e+00
1.040170899050347764e+00
1.053939360907994338e+00
1.043353145966148920e+00
1.042449094748631344e+00
1.033402109075429287e+00
1.043335878254810778e+00
1.048611607919868183e+00
1.036451288218704692e+00
1.038303616288015041e+00
1.043620488606279650e+00
1.038528943958283435e+00
1.040845270418266022e+00
1.038359457948387243e+00
1.044322955988896462e+00
1.046823199598867937e+00
1.036721346978388691e+00
1.053259416307528173e+00
1.043491194957920198e+00
1.045325817937794222e+00
1.043142325553043648e+00
1.041131146616209868e+00
1.042378978510699827e+00
1.042012416485150750e+00
1.039163351086996645e+00
1.048775563625464757e+00
1.038712662692820698e+00
1.046554546330309865e+00
1.037929520250833848e+00
1.053087521963833817e+00
1.041924226092766581e+00
1.049878576454662538e+00
1.043312299486985228e+00
1.056832254206926391e+00
1.037613925825275896e+00
1.036854241010066957e+00
1.042565262328867703e+00
1.056229670992547609e+00
1.060858745810052017e+00
1.034981843870827367e+00
1.045765383129266590e+00
1.042747781755675396e+00
1.036731625830369596e+00
1.042025684760658821e+00
1.054905953972953503e+00
1.047656709402352559e+00
1.045391070070157413e+00
1.046157013486110010e+00
1.040962587193369870e+00
1.044437987763854991e+00
1.044030235560362341e+00
1.039921490604317711e+00
1.048086419880672082e+00
1.052639368055266367e+00
1.054120296930867395e+00
1.070754402754349854e+00
1.035045898340691828e+00
1.041850758270754573e+00
1.042337367148902683e+00
1.046160318362970632e+00
1.042736803110243526e+00
1.046739637073745177e+00
1.054130075804990518e+00
1.041739956285139046e+00
1.046154076937828803e+00
1.044799465063216859e+00
1.045405265740400935e+00
1.044672437067274640e+00
1.071639048234566793e+00
1.043395757005126878e+00
1.046467575947773287e+00
1.064981601448766080e+00
1.044395382830723307e+00
1.038739901756163819e+00
1.043979978490379823e+00
1.046253067802217052e+00
1.043802035129145489e+00
1.041337232077489405e+00
1.041323463097856949e+00
1.042334470859143325e+00
1.062585483907421802e+00
1.049079207884221709e+00
1.046805336139634113e+00
1.045908295315439052e+00
1.042666513708607079e+00
1.044968257139919032e+00
1.037516679366307537e+00
1.050876106116106490e+00
1.040204165683233928e+00
1.048083942900017496e+00
1.048134212234020701e+00
1.046856609978978669e+00
1.038735095471472025e+00
1.052487846902793622e+00
1.058594876365489768e+00
1.057683670486265104e+00
1.038373991668197549e+00
1.065179130276971975e+00
1.044236686316458940e+00
1.056610394193883584e+00
1.043446206591313263e+00
1.055807368032734672e+00
1.034413416110204764e+00
1.048873722588193669e+00
1.044075504791935671e+00
1.045205028393834112e+00
1.047479513374859783e+00
1.036978408378536276e+00
1.051608335307013808e+00
1.041341943531470360e+00
1.049374715644461276e+00
1.044692391516521601e+00
1.029155088471715107e+00
1.048967130519648849e+00
1.037171498018876425e+00
1.050925757099156810e+00
1.043309323277149758e+00
1.055154952303684501e+00
1.053413312058254503e+00
1.041157488279875976e+00
1.049122632245053088e+00
1.044253201553009269e+00
1.041946818699582167e+00
1.056245740209336148e+00
1.045903628928121165e+00
1.046853964243066981e+00
1.045671690182818914e+00
1.048354713471790323e+00
1.053222046710797111e+00
1.051604642916868837e+00
1.041499849457453442e+00
1.048695834905448931e+00
1.039132406841859257e+00
1.039533633962703263e+00
1.044018712613674849e+00
1.042138664200818132e+00
1.037009819699447499e+00
1.044431425766625621e+00
1.039092662104697640e+00
1.040605780242726430e+00
1.056712945021084371e+00
1.054383020386302716e+00
1.046126062118386990e+00
1.035887205630253494e+00
1.035765342111265586e+00
1.037599094874039007e+00
1.046572022111436517e+00
1.041487278051084431e+00
1.046121588091209587e+00
1.045269413926622537e+00
1.042957694732901119e+00
1.048633729961329975e+00
1.051865483761914355e+00
1.045886161763023070e+00
1.047899832502502848e+00
1.040011625630625547e+00
1.042096691544393439e+00
1.055208310506768665e+00
1.036246482064185015e+00
1.045618559335288689e+00
1.041439026743500529e+00
1.043687265868814551e+00
1.045350014664950367e+00
1.058180803931946912e+00
1.030175543796916893e+00
1.053920639725462349e+00
1.039903584462519959e+00
1.060556510969274724e+00
1.052483964418770235e+00
1.051214247466611740e+00
1.043231268573226567e+00
1.043475361966929693e+00
1.055862553424115724e+00
1.046915042943879381e+00
1.040739909284151388e+00
1.040978850076263562e+00
1.064756301386384996e+00
1.044171471683007502e+00
1.058030736016237316e+00
1.055943301080779939e+00
1.035446711348583904e+00
1.042796887347261503e+00
1.051841362262879498e+00
1.051185632240944301e+00
1.033730236340943076e+00
1.040251429912974812e+00
1.046843544452133568e+00
1.040017006678173539e+00
1.061652845665840061e+00
1.040189514508476076e+00
1.046553794129072346e+00
1.042256311363387589e+00
1.060658811287548131e+00
1.046927787054626746e+00
1.041272661950976230e+00
1.054688154529363819e+00
1.032280866428125998e+00
1.045634740375283922e+00
1.046978719990483864e+00
1.047775181991160043e+00
1.042707095643292448e+00
1.040064750230212498e+00
1.059368970292791534e+00
1.048685911858655118e+00
1.066004289334649302e+00
1.047073395665420792e+00
1.040212723963390928e+00
1.047964114333341801e+00
1.051103879175498523e+00
1.043462390291130859e+00
1.032583039625892152e+00
1.036625900648786347e+00
1.043059236126835820e+00
1.050596239258658748e+00
1.037830906637988493e+00
1.065546578279964685e+00
1.048061321756629471e+00
1.044898652999593169e+00
1.043174706634016458e+00
1.056858122882278650e+00
1.042943365674760869e+00
1.058194846892492880e+00
1.038694234196370303e+00
1.040617186756015222e+00
1.058000948103016148e+00
1.038552894237617430e+00
1.041636283696768528e+00
1.034990250673794465e+00
1.052380073333273325e+00
1.043177573990798024e+00
1.045186913184935396e+00
1.053126340922708293e+00
1.044749555307566080e+00
1.064645375610022260e+00
1.052971261127128688e+00
1.040734703879131473e+00
1.043462586641505041e+00
1.048656416130236302e+00
1.052861048793665821e+00
1.040221258068330989e+00
1.035599691522906873e+00
1.040819140378479890e+00
1.034064261633079740e+00
1.042613991175721733e+00
1.050367284485423713e+00
1.031979374295584728e+00
1.033942929567852831e+00
1.046111054499738957e+00
1.042026191819318770e+00
1.062422243211634365e+00
1.061852661916346863e+00
1.044625542262791029e+00
1.041896035347781080e+00
1.038314935473580114e+00
1.042925193399979689e+00
1.044154756114168414e+00
1.044020954259331502e+00
1.049959193921570666e+00
1.041833370217689403e+00
1.047405974288982522e+00
1.039840015133266959e+00
1.046313068784701983e+00
1.036281138018389614e+00
1.044309476771852374e+00
1.041976882595872622e+00
1.040609621757087488e+00
1.046000591423403181e+00
1.047610100289520396e+00
1.062535104917928797e+00
1.048417885973728536e+00
1.035498954839698449e+00
1.036886409703113188e+00
1.044675108632395766e+00
1.046142745753469994e+00
1.063181008024448593e+00
1.048814524582172281e+00
1.041521708986816286e+00
1.043692238147540863e+00
1.042520171288982889e+00
1.040936065246905740e+00
1.048679224436318114e+00
1.048747412549002833e+00
1.060861639085973751e+00
1.050902096376680861e+00
1.047990802072564565e+00
1.052593099467088011e+00
1.063468770156466459e+00
1.049943251065804217e+00
1.036882713846645876e+00
1.049408671721399067e+00
1.052812022337098696e+00
1.051380231748904936e+00
1.040704353847308861e+00
1.041655128481836945e+00
1.040212860270491202e+00
1.042702986286032640e+00
1.059730071572063670e+00
1.041645604701503913e+00
1.044833866412673284e+00
1.036987459174377957e+00
1.040707539435109297e+00
1.041238297011076508e+00
1.045578925689685690e+00
1.046935547622407592e+00
1.034822299751860575e+00
1.052561925211111360e+00
1.054016625802510321e+00
1.054722409941373673e+00
1.040884563825885900e+00
1.051387282519428812e+00
1.036453084137919145e+00
1.046333195839606933e+00
1.048616987075368323e+00
1.036539092492557046e+00
1.041429140721531255e+00
1.056570913984838933e+00
1.030965287030519706e+00
1.044283705287333719e+00
1.054953850318065989e+00
1.043140617344731069e+00
1.058373518372140332e+00
1.047399565823050827e+00
1.050731842838852126e+00
1.038820102429544034e+00
1.054482672606239513e+00
1.054511543077386371e+00
1.043830356379051194e+00
1.044824911184097260e+00
1.051717097828018588e+00
1.043536387267461230e+00
1.052462329087032966e+00
1.046415212544611784e+00
1.051553520435899003e+00
1.047279135090590563e+00
1.038996549986786144e+00
1.049184126606495848e+00
1.043174567464309810e+00
1.050258532485853324e+00
1.040988531967742770e+00
1.037928215742256244e+00
1.043158773991183397e+00
1.041149767711418095e+00
1.039896129743317577e+00
1.052230761185918295e+00
1.058015426718241780e+00
1.051387596823172066e+00
1.049135380525726191e+00
1.040864573294512319e+00
1.067478706658590681e+00
1.050145398544088948e+00
1.049141096070348000e+00
1.047179158362744777e+00
1.047617088836591215e+00
1.040106680905745762e+00
1.041544721797398765e+00
1.039554997008008685e+00
1.044672993453199750e+00
1.046061924654611230e+00
1.040753961534879757e+00
1.034948362216119300e+00
1.062426577831809382e+00
1.035584822913134584e+00
1.042924860414572885e+00
1.056623923703767121e+00
1.041573436369367833e+00
1.041647907997025335e+00
1.054074399445585453e+00
1.042373269815148884e+00
1.044491819596745197e+00
1.037789721731046999e+00
1.046628767988446063e+00
1.047636584057586306e+00
1.046014039751312463e+00
1.047001438463012857e+00
1.043430600216532111e+00
1.039732971380768589e+00
1.040794415670969641e+00
1.057095103460363950e+00
1.048790234994023463e+00
1.044853559654672415e+00
1.056222147527177579e+00
1.038158408029725921e+00
1.036999913613704027e+00
1.054890927304368509e+00
1.035099931661008776e+00
1.043691925445060065e+00
1.039811171689056346e+00
1.046810399252629198e+00
1.040423788809754280e+00
1.041377093924771957e+00
1.038669165198396360e+00
1.049211663391438121e+00
1.036454137804640574e+00
1.032685220559302675e+00
1.059609515282542658e+00
1.045284654194970742e+00
1.052754577480498499e+00
1.044562764799316312e+00
1.046568507343905718e+00
1.041281377308199252e+00
1.051950697336974994e+00
1.053355364498547608e+00
1.048914206686046180e+00
1.045489797903511819e+00
1.060022380288237365e+00
1.044493451077830537e+00
1.047076762624451485e+00
1.044153668836607318e+00
1.047374372111276708e+00
1.050604623126779158e+00
1.051862615599692408e+00
1.044009179784396224e+00
1.054646528977254416e+00
1.038448393856021390e+00
1.054532700013516733e+00
1.052857798953340529e+00
1.054094995857711492e+00
1.039770192792710324e+00
1.047125363467398707e+00
1.042986786162499957e+00
1.042109348522392676e+00
1.046516092072232285e+00
1.050075077565993942e+00
1.045638465553332175e+00
1.038406092238890022e+00
1.041235698126735221e+00
1.054370537168610955e+00
1.048653180341626800e+00
1.040487289468339682e+00
1.033339528148182751e+00
1.041607550450708297e+00
1.041475704743602293e+00
1.040695461893327289e+00
1.048126132416880241e+00
1.048257086800598925e+00
1.050430849731837091e+00
1.039870575098671868e+00
1.050900425864772281e+00
1.042634969639487652e+00
1.065014410077629314e+00
1.050372394870138892e+00
1.036261919859898795e+00
1.043424364026158235e+00
1.034978904560991397e+00
1.037459741618001141e+00
1.039012865432496602e+00
1.045487837047125890e+00
1.045545781461094226e+00
1.040392693060066431e+00
1.047628502019775976e+00
1.056887678513798834e+00
1.042513370680573148e+00
1.042579395457594593e+00
1.035959310806391587e+00
1.050474722740594391e+00
1.044851304634949907e+00
1.049189586240804273e+00
1.042069146623255227e+00
1.044701607517238395e+00
1.041198849893609557e+00
1.041788153244279647e+00
1.049140222845798442e+00
1.053441614070351973e+00
1.042035425210696920e+00
1.044646784540081530e+00
1.056185005770247098e+00
1.045717726016271110e+00
1.050943097466200182e+00
1.043767723752848209e+00
1.044771666123266662e+00
1.046942598313983286e+00
1.046668041619612133e+00
1.041406484546462785e+00
1.045832950109985671e+00
1.059604140077676115e+00
1.037586272233198992e+00
1.044931407632095910e+00
1.045449553681036425e+00
1.046220204757478012e+00
1.057716325237955779e+00
1.051416050614407682e+00
1.054796665357526919e+00
1.052337173139833437e+00
1.047375171301663244e+00
1.039748486572044550e+00
1.049551742448868064e+00
1.035118170269207827e+00
1.050888802850749704e+00
1.054354663146788385e+00
1.056520673060582283e+00
1.039214015021027615e+00
1.047762226144871578e+00
1.041411000074086823e+00
1.036897897797192991e+00
1.056341294661712782e+00
1.048444980154810358e+00
1.042637223673423152e+00
1.043148510867012435e+00
1.046111254418246261e+00
1.055894313920869854e+00
1.045824930588557411e+00
1.046624226021580562e+00
1.051903171762327727e+00
1.040776723156472183e+00
1.044038675114799197e+00
1.040682996260635873e+00
1.044581706440445901e+00
1.054664209558965560e+00
1.044026665010471477e+00
1.038264271477986389e+00
1.049238842260126425e+00
1.055123113987422645e+00
1.048189190549372318e+00
1.047680853583417004e+00
1.047514109596149101e+00
1.052230727185562653e+00
1.045077426576088930e+00
1.038289104437997601e+00
1.052426258453420083e+00
1.049708804555717467e+00
1.043236328568346583e+00
1.045319307374949158e+00
1.034031844159221336e+00
1.045494858751227385e+00
1.050902328141364306e+00
1.048942332552361911e+00
1.048990676652137743e+00
1.041891439066640945e+00
1.048497169602443213e+00
1.048888758382851893e+00
1.050194352387568086e+00
1.040693371460825745e+00
1.055796237766192025e+00
1.046432172959532947e+00
1.051473496260997065e+00
1.067861493529845385e+00
1.032156429791737384e+00
1.058065399990131938e+00
1.032307056711300630e+00
1.056977769812370349e+00
1.053466085055648094e+00
1.056617464777883653e+00
1.049595868393214504e+00
1.050746844965741778e+00
1.042740642986803801e+00
1.044552145818492095e+00
1.043943877270536946e+00
1.050510012269887605e+00
1.066325198266539154e+00
1.049718175485746530e+00
1.050462642740888297e+00
1.056545130677350786e+00
1.043664839390512578e+00
1.039614842562116115e+00
1.048395456900531375e+00
1.041914684250711653e+00
1.042798251398092235e+00
1.042310343926214689e+00
1.042620291252299047e+00
1.031753103669190708e+00
1.044966009894406689e+00
1.050179317198114415e+00
1.047610908640481675e+00
1.037669606498970110e+00
1.054741969154587844e+00
1.056936511248845800e+00
1.047563017090222592e+00
1.053375251808627011e+00
1.051161321636025159e+00
1.035850542988124623e+00
1.043168675179159344e+00
1.044106522470199527e+00
1.046686898896849627e+00
1.036685389598410501e+00
1.047451654713146052e+00
1.034973995799808533e+00
1.047043753802377131e+00
1.045987855324600257e+00
1.054129033234339374e+00
1.048064297747296258e+00
1.046044430118246549e+00
1.041022537453903052e+00
1.052110834493219071e+00
1.037692238566481295e+00
1.046697866169034263e+00
1.032979799653497066e+00
1.041570207124527414e+00
1.045503847968298761e+00
1.052670060719883116e+00
1.044397683316803827e+00
1.032801220622941774e+00
1.047967434107119677e+00
1.037528332911774820e+00
1.042818351439755542e+00
1.035510974778752535e+00
1.051322155578311879e+00
1.060726552124919619e+00
1.044280526625255057e+00
1.045811321199668908e+00
1.054520671704295420e+00
1.033917336751728921e+00
1.040272436096315811e+00
1.035532339984402528e+00
1.045763369485055438e+00
1.049257111271472587e+00
1.040488273773183758e+00
1.046909136200970813e+00
1.038718310812568824e+00
1.048290423013929162e+00
1.044291325823039740e+00
1.050410181671651122e+00
1.044054121754336650e+00
1.052403342717742607e+00
1.040311936356786537e+00
1.050183886950465828e+00
1.041668396489389803e+00
1.052029832433130752e+00
1.069111330445357444e+00
1.043229645961900598e+00
1.045076219336469103e+00
1.046324220508699776e+00
1.049582206668584261e+00
1.052498112661652385e+00
1.066449151859691469e+00
1.047590659178105899e+00
1.045765984187641218e+00
1.048238927719924662e+00
1.054380457681493910e+00
1.043423312529772495e+00
1.065677199864347724e+00
1.044520082850783460e+00
1.047833637098293247e+00
1.047811163575152360e+00
1.050248908406621551e+00
1.046433996907726538e+00
1.049689304657349220e+00
1.061845025472391235e+00
1.052621209256662027e+00
1.044747425189234358e+00
1.050217110677837962e+00
1.056386231597852277e+00
1.042426585698958741e+00
1.045150071199344666e+00
1.045100098377949038e+00
1.038635802269099573e+00
1.045727747509448857e+00
1.044325213241756201e+00
1.066399172391883088e+00
1.037813198946964333e+00
1.044181497942640924e+00
1.036321015971660486e+00
1.052191533036029858e+00
1.044432991178022130e+00
1.045763435912870243e+00
1.046683419408042548e+00
1.046402837054053458e+00
1.049113243895502645e+00
1.050827543654565543e+00
1.058994527054869295e+00
1.044034118273001965e+00
1.047142573902954510e+00
1.044031288693310966e+00
1.043839763581676072e+00
1.046211451712362850e+00
1.067035045545082772e+00
1.052994421867657682e+00
1.050107772011916296e+00
1.038350148279165497e+00
1.037262502548086607e+00
1.041859218859207070e+00
1.046433773388525834e+00
1.046888563464902999e+00
1.054187706384997814e+00
1.032669825907210237e+00
1.048944656656915608e+00
1.046975849959959737e+00
1.040862679344442210e+00
1.048846935482649956e+00
1.056821508477379989e+00
1.048532672871823834e+00
1.047648317782968741e+00
1.057222753032548423e+00
1.046880941217590566e+00
1.055491670986066444e+00
1.036816141697552540e+00
1.057973153761284868e+00
1.056423515456002438e+00
1.049853279747314572e+00
1.043513382978670911e+00
1.042573079997954677e+00
1.038776385684321735e+00
1.043933729895289986e+00
1.046515168367319726e+00
1.048131439587920877e+00
1.045977917752322517e+00
1.055566976880705887e+00
1.050046960203533386e+00
1.048427965899245695e+00
1.045242711462583740e+00
1.058283871257654107e+00
1.041055032992884710e+00
1.048100354978256155e+00
1.038958340474252617e+00
1.056469473176304907e+00
1.047004131358399759e+00
1.063317863202796199e+00
1.047691252063756240e+00
1.042718606496556344e+00
1.037482001022603573e+00
1.041974657960739847e+00
1.040049261459090157e+00
1.034447959478711265e+00
1.046229459444654619e+00
1.042303915640262257e+00
1.051834940269477991e+00
1.056325965453525084e+00
1.049134877619818162e+00
1.041933572051516377e+00
1.038276155558388814e+00
1.041002356848901300e+00
1.056551587635779388e+00
1.039550198425140071e+00
1.040724389021851604e+00
1.044155266573960628e+00
1.046366559185119671e+00
1.043190431448117739e+00
1.038438846845039398e+00
1.052229400092365319e+00
1.035711241209087197e+00
