6.052149088528994803e+00
6.170113661531028804e+00
6.038509053379441660e+00
6.025148720737655061e+00
5.929695937779415615e+00
6.016319246165697798e+00
5.913360047905141137e+00
6.675734653620096992e+00
6.630745562894082568e+00
6.283581987395413293e+00
6.191790181654662106e+00
6.136320510930067584e+00
6.449080385765703305e+00
6.404005620168589985e+00
6.228414399264040391e+00
6.413446567947501009e+00
6.505543568224500639e+00
6.933369530370065092e+00
5.830828651685520114e+00
6.450061267693362410e+00
6.350072413690099005e+00
6.514439330488997371e+00
6.916083745106849534e+00
6.067325226846260300e+00
6.569209373739511193e+00
5.827319230683234430e+00
6.311482549910008899e+00
6.662821917606288835e+00
5.976005255041994424e+00
6.447057566045389265e+00
6.808151111323857307e+00
7.223142574620753820e+00
6.992381711443464987e+00
5.989415154837010036e+00
6.868301673855135903e+00
6.586593696027065015e+00
6.613636884186345988e+00
6.616587449405008314e+00
6.272256478120860734e+00
6.412605471893943587e+00
5.987692995314516153e+00
6.339750429310773150e+00
6.177913847743604414e+00
7.287535017603428145e+00
6.082225389756110268e+00
6.256519601673200093e+00
7.156656735168393624e+00
6.608180318333961800e+00
5.762549717619306122e+00
6.458597856293527784e+00
6.428921674189465918e+00
6.379040061812242257e+00
6.322192114282175091e+00
6.236350373513804612e+00
6.204588451570402619e+00
6.275121787327348599e+00
6.244932974695999839e+00
6.394449155872717228e+00
6.872011545046990300e+00
6.475383733764412675e+00
6.441948745494181061e+00
6.176347375797273997e+00
6.384923466639409462e+00
6.331816305541467571e+00
6.520875432564268159e+00
5.921561460111451680e+00
6.330604387106953723e+00
7.337676715621644696e+00
6.130593975780738170e+00
6.140553139815192907e+00
6.584436911670649373e+00
7.125410575321938111e+00
6.283990598461331345e+00
6.019821344264229879e+00
6.302036470095756293e+00
6.312612941236328545e+00
5.937250021061339922e+00
6.326386234281695664e+00
6.388259194592688317e+00
7.509595210416705413e+00
6.370496608494273794e+00
6.172967307428631756e+00
6.105578124269744222e+00
6.647846474689726115e+00
5.942483540009011023e+00
6.116651554047968453e+00
6.035828810880588868e+00
6.548121692295228335e+00
6.547143847817158857e+00
6.225922612137289924e+00
6.471149780657245110e+00
8.199979422628578263e+00
6.442548473959692323e+00
6.393057246112196168e+00
6.319884526942276537e+00
6.577791186415852032e+00
6.368875738810282350e+00
7.219412237406954702e+00
6.354377769351677863e+00
6.165273523072002604e+00
6.564898588864402029e+00
6.117179128098236163e+00
6.315211176689841999e+00
6.472973508985963242e+00
6.107189686369026482e+00
6.362148422123958369e+00
7.251274876743740272e+00
7.115934410779299668e+00
6.163624955487932766e+00
6.528132002994544436e+00
7.044736094575249297e+00
6.069156646413979672e+00
5.971260939018638858e+00
6.419862886943858094e+00
6.294438579084060237e+00
6.089782713746089371e+00
6.508341516534959403e+00
6.635502377008044128e+00
6.159081713614042997e+00
6.666344057237896692e+00
6.470017979501696104e+00
6.530829580678402912e+00
6.271130343074759139e+00
6.365461301383757764e+00
6.496172634302149085e+00
6.005631397047355158e+00
7.355449024288278181e+00
6.102998039740274550e+00
5.933670541009617772e+00
6.225229687720784888e+00
6.559504674492401932e+00
6.047690346562545116e+00
6.394773235691923574e+00
6.522992898372108606e+00
5.869360739983786601e+00
6.166819900455956294e+00
6.336732481063436673e+00
6.438101548575313693e+00
6.421350996399302957e+00
5.935609063542291786e+00
6.305104183092730352e+00
5.919009627741379731e+00
6.372242147685665437e+00
6.118653320257430472e+00
6.219275507973040185e+00
6.001493411930325372e+00
6.708428859697646907e+00
6.254334003440050971e+00
5.772945600814717970e+00
5.669256715114563860e+00
7.246118752319556044e+00
6.079837456725971201e+00
6.352425403959713002e+00
6.552245118216548647e+00
6.378087326483896646e+00
6.564313175676261380e+00
6.207826194654614049e+00
6.205832443174785773e+00
6.408221754640770484e+00
6.286817737500315140e+00
6.061443472112827635e+00
6.601020165250809590e+00
6.220552993966301791e+00
5.927933957709572432e+00
6.130656399211134477e+00
6.255890921839137420e+00
6.022991295977313975e+00
6.067658585492210044e+00
6.306571056015670251e+00
6.592476823365448269e+00
6.542803695885684334e+00
6.121600307463136659e+00
6.919560640109458483e+00
6.397802275849445053e+00
6.069229363799610866e+00
5.977356520431884590e+00
6.136097039885891391e+00
6.108740586299408193e+00
6.588438531971505974e+00
6.098073229111633076e+00
6.345387021175194597e+00
6.265674426158922117e+00
6.386405505415489792e+00
6.023642352582821324e+00
6.219247371740459940e+00
6.553447720714701497e+00
6.194408475221955257e+00
6.459791156486073938e+00
6.667079901798425468e+00
6.345741718146146404e+00
5.807410519335388877e+00
6.215630641160594827e+00
6.092653805503306153e+00
5.966746699859233338e+00
6.325496464537939900e+00
6.469360603263067944e+00
6.532018843224270732e+00
6.316539971372382212e+00
6.505894122178496275e+00
6.426113419400014237e+00
6.302632540657250537e+00
6.464594340142512330e+00
7.411858698781341737e+00
6.448126160675144547e+00
7.122125871720203172e+00
7.463045834389053113e+00
6.311268429607527430e+00
6.263502597854941456e+00
6.363518335720039332e+00
6.380807803009864720e+00
6.802376334194942586e+00
6.247893124721892733e+00
6.277109196983571948e+00
6.130507395393161474e+00
7.123987533694298158e+00
6.023754434393685742e+00
6.745163036752623853e+00
5.937229441865155444e+00
6.088933750249982957e+00
5.890139517607976494e+00
6.045488976322077157e+00
6.240846134867190642e+00
6.392014858110321107e+00
6.409225603041951658e+00
6.375277478028611888e+00
7.163783900144682804e+00
6.343512844955250252e+00
6.343359784165678583e+00
6.263010754011969716e+00
7.354637702692367718e+00
6.024180004265796029e+00
6.320803075195752463e+00
6.815134805725269196e+00
6.505447002356606667e+00
7.287137080944442680e+00
6.518520430119520981e+00
6.621465023201381861e+00
5.966802890847796803e+00
6.360764550641492932e+00
6.898881091534735610e+00
6.319422790329158879e+00
6.145127712192074654e+00
6.208901116952134203e+00
6.777289354921198772e+00
6.151599720738536448e+00
6.625729036014758933e+00
6.327669504862912575e+00
6.199151705581866345e+00
7.163636507409698595e+00
6.555019985200815746e+00
5.963952645910954864e+00
6.425295968687626313e+00
6.349181989124409675e+00
6.111204031255730307e+00
6.165658187285142589e+00
6.421332806271648153e+00
7.026355467780724950e+00
7.279344869230565784e+00
6.187959405130967205e+00
6.248634956134447194e+00
6.435401766771516208e+00
6.078532090793054898e+00
6.491092811943496521e+00
6.087139715752484470e+00
6.674070633937987829e+00
6.126609744770090238e+00
6.444501903704207280e+00
7.258927075695302378e+00
6.229637311985030124e+00
6.703009749893091396e+00
6.486810636876159997e+00
6.501697787772617865e+00
6.192024939759081192e+00
6.448447994994750410e+00
6.418560172021183341e+00
6.418542062250787161e+00
6.251119056258866991e+00
6.231868558097834132e+00
6.147102893434522208e+00
6.373087108826926972e+00
6.767652108829772750e+00
6.332962756441056662e+00
6.521205729112533156e+00
6.140665102644000228e+00
6.086991385653258035e+00
6.066085927604810912e+00
6.420969152455145768e+00
5.987624497360154230e+00
6.504288633669272457e+00
6.640849621174206519e+00
6.216080052153215796e+00
6.355833726492140734e+00
6.189607028184886950e+00
6.433612706166761619e+00
6.089762218600784927e+00
6.327697009148741003e+00
6.423397960802739171e+00
7.300255005622912741e+00
6.124452540444003112e+00
6.263270902186847344e+00
6.769595719420880897e+00
6.665449156122423169e+00
6.847126104554690507e+00
6.072881322671120685e+00
6.269219333346836009e+00
6.198357891657754415e+00
5.748782567102348473e+00
6.168613426746387240e+00
6.344552311385966092e+00
6.292836719916659050e+00
6.469355501166269562e+00
6.526779199941314502e+00
6.567314120526646981e+00
6.749197154382945207e+00
6.571329590336635995e+00
6.234408890821094396e+00
6.799523049566884580e+00
6.541367858003781954e+00
6.555562834165837849e+00
6.320043232772042607e+00
5.904491115338553087e+00
6.147428425937681240e+00
6.240838083414138815e+00
5.842617465182650349e+00
6.502528239601254256e+00
6.423985967644068040e+00
6.166594220074870236e+00
6.155252203027978375e+00
6.646946567651325743e+00
6.477523756741685901e+00
6.714890721882865066e+00
6.570012208662168618e+00
6.202533058103902874e+00
6.609723247433385573e+00
6.394727922263196085e+00
6.569581820893036550e+00
6.135053474892736780e+00
6.786996330687117940e+00
6.293457465349138857e+00
6.340911620682771144e+00
6.718133375040059363e+00
6.663361616806149357e+00
6.366222230120278880e+00
6.225852813001921504e+00
6.465278004380933474e+00
6.637667174073841991e+00
6.005870620313690011e+00
6.024646893906139056e+00
6.303635645567980283e+00
6.755102269445823815e+00
6.275197814374481986e+00
6.557526866191945913e+00
7.704336331804271687e+00
6.594994325912604261e+00
6.272200284616658017e+00
6.338541701739106138e+00
6.179358135131427510e+00
6.070328871855321218e+00
5.721276344555379367e+00
7.855769570450667594e+00
5.713989570469597545e+00
6.508374859623653919e+00
6.616268679000963715e+00
6.131331931197705032e+00
5.983153623241501684e+00
6.097481721638351893e+00
6.097357941932732395e+00
6.166027255392223516e+00
6.614418449208787187e+00
6.468340870232844431e+00
6.982513586014306384e+00
6.175265871886795210e+00
6.588410043246166303e+00
6.995387643792422061e+00
6.372569015297371742e+00
6.148209577813458893e+00
6.789572444404371687e+00
6.118498240844411740e+00
5.934742977819772669e+00
6.530502847019117318e+00
6.295547013211385767e+00
6.280713823049845601e+00
6.278442921105770402e+00
6.705106664339900213e+00
6.415980570689102436e+00
5.947663685517829535e+00
6.120325267129168800e+00
6.780252528811716140e+00
6.437958793673566937e+00
6.470747447923681506e+00
7.831104448905608528e+00
6.699792235703417198e+00
6.565291771251220432e+00
6.321396196948511736e+00
6.842950352753110366e+00
6.384973058177420668e+00
7.297247106245869475e+00
6.353688711428596925e+00
6.273558718034613513e+00
6.460575922589685938e+00
6.557321036844029116e+00
6.622775215490094070e+00
6.464796241261201004e+00
6.227085223318435503e+00
6.388327293128238438e+00
6.247872649550155977e+00
6.132262841255557539e+00
6.244009478276143277e+00
6.329865598687217876e+00
6.094189241592168571e+00
6.353173124391351401e+00
6.390968274153626005e+00
6.307668966548982681e+00
6.654419110586084152e+00
6.392036194575201336e+00
6.793077305658544951e+00
6.202824161251774271e+00
6.533129442288742261e+00
6.146512393987723755e+00
6.209718400168223518e+00
6.853356925064336913e+00
6.379143102109005703e+00
6.184315126774261095e+00
5.981764943174836091e+00
6.030424094536461332e+00
6.003255307370676697e+00
6.346752874642452191e+00
6.374637404752561132e+00
6.609137176030001726e+00
6.665510869725602916e+00
6.455626937499331142e+00
6.276017446626778629e+00
6.250790912623623186e+00
6.745119862293011970e+00
6.236667442980670550e+00
6.252760041403940150e+00
6.655383890017402493e+00
6.886438869887722802e+00
6.432217556349101528e+00
6.364991070592615152e+00
6.507138247280200183e+00
6.265640445926221602e+00
7.039170455893282607e+00
6.001199121041211448e+00
6.504284862357218699e+00
6.292606716441159875e+00
6.470176404079014176e+00
6.663584693112357904e+00
6.448507525917157146e+00
6.167468095620528779e+00
6.181716588520813183e+00
6.392497595532027788e+00
7.117750970012313161e+00
6.350713350988796080e+00
6.256756225676658900e+00
6.728851794262030062e+00
6.213372236477217037e+00
6.686055203949505810e+00
6.228421359975207849e+00
6.471114319153318917e+00
6.215253670584070633e+00
6.218027167060522054e+00
6.090640591463505338e+00
6.306142434723517098e+00
6.242858641378644435e+00
5.774634703166830363e+00
6.720816531777064284e+00
6.953121996304423291e+00
6.716863879442520613e+00
6.415448816815579214e+00
6.712052939747477964e+00
6.448743454864471758e+00
6.774217652722493099e+00
6.134695470078884050e+00
6.965922958725211167e+00
6.415929609683793444e+00
6.134292978158102372e+00
6.405549341149634479e+00
6.190839793785932521e+00
6.329892652318811486e+00
6.522772137907660195e+00
6.603452001858757470e+00
6.621208957541115048e+00
6.143908005902311231e+00
7.169712581354913183e+00
6.193935325107450929e+00
7.100888716119978739e+00
6.309725794294834600e+00
6.457676825911097929e+00
6.296755543624601437e+00
6.582787941201629245e+00
6.404182186067568949e+00
6.050211440798041629e+00
5.941064119556581424e+00
6.122650142547398922e+00
6.312737363792818357e+00
6.742510727649854374e+00
6.903319022479474931e+00
6.380612893015909393e+00
6.119835915199227649e+00
6.391711044892930182e+00
7.044861482131372199e+00
6.282760588948409719e+00
6.283108210987173869e+00
6.752951726901880392e+00
6.221505508983286248e+00
6.324556747631422837e+00
6.025960984192387571e+00
6.034499443059306856e+00
6.131915067528075802e+00
6.671674356685246110e+00
6.515693854739624591e+00
6.059311576004133393e+00
6.415850587938594529e+00
6.241525324406262065e+00
6.439262799172912999e+00
6.126433797280036231e+00
6.225088394738106601e+00
6.519488466053096509e+00
6.530756852406029545e+00
6.095406584928032778e+00
6.447665301215069533e+00
6.551167987617613875e+00
7.035915653543955095e+00
7.271207979256417708e+00
6.741081873837718064e+00
6.189011442771669813e+00
5.970775978057744737e+00
6.915330278229801841e+00
7.462638766753393327e+00
6.252443094621997766e+00
6.361275669619683271e+00
7.099964256175563371e+00
7.892494053240096896e+00
6.529461101711766524e+00
6.193831087118139678e+00
6.307086781000446507e+00
6.696997227283473464e+00
6.011065204206945900e+00
7.357911966832785033e+00
6.584323013631694366e+00
6.591730303843580607e+00
6.217457364442138257e+00
5.843372777205504853e+00
6.721736112648120987e+00
6.131480706988985396e+00
6.440991302601324797e+00
5.949076076931117285e+00
6.481221489246868472e+00
6.242712118182571324e+00
6.122418861340171325e+00
6.212515566433063796e+00
6.161013198210117281e+00
6.124553488004721657e+00
6.380121028513214831e+00
6.605625010364605032e+00
6.318880846289242292e+00
6.439794017194778952e+00
6.240966371680834790e+00
6.750461905541777163e+00
6.185868838771027001e+00
6.707989265091938158e+00
6.317949742635097010e+00
6.198215315043932527e+00
6.066477991049944229e+00
5.963712487780059135e+00
6.824106704713779337e+00
7.321111980212744008e+00
6.772133707427482996e+00
6.412604865629168316e+00
6.158163350197519925e+00
6.394501817346986527e+00
6.460072432947209009e+00
6.130352070840409340e+00
6.194599339012862416e+00
6.301512084505294986e+00
7.704355670639822407e+00
6.618790470755042676e+00
6.017292694903522587e+00
5.809465435111762943e+00
6.671415486454722377e+00
5.970779391138620440e+00
6.752056690130173955e+00
6.143236728817337067e+00
6.472357785938498864e+00
6.166518850712465749e+00
6.438990777177704850e+00
6.508093118794656462e+00
6.205957339276591433e+00
6.840896613812019744e+00
6.993558674932580210e+00
6.347030355566938731e+00
6.361361514524750405e+00
6.205019159408307949e+00
6.069486840849837250e+00
6.074729767095474742e+00
6.143339366523330014e+00
7.604251400714225007e+00
6.364729700695819226e+00
7.117536538631282994e+00
6.323191271765589150e+00
6.289365526511037530e+00
6.305893758705273910e+00
6.123185642235401183e+00
6.359222480002337363e+00
6.523916314092459423e+00
6.966834837648667289e+00
5.885287762684480839e+00
6.105207612471430068e+00
5.837288223078589411e+00
6.337997208233597135e+00
6.356707678213905588e+00
6.677502268140897534e+00
6.828848011833929199e+00
6.284769594173045704e+00
6.822990768548487850e+00
6.005615669254937394e+00
6.408968957276048428e+00
6.729870169429791105e+00
6.232467637859469001e+00
7.285345968363205138e+00
6.037257894717061646e+00
6.723614037693346646e+00
6.354443817217971358e+00
6.008736047443940187e+00
6.019356025318385761e+00
6.277867946689966061e+00
6.550585414456075561e+00
5.784548008510571826e+00
6.510876402247723682e+00
6.340022836211867130e+00
6.473780269844293223e+00
6.194132561178338214e+00
6.297884354115154792e+00
6.205740704808362374e+00
6.743642983317367445e+00
6.306099492474197987e+00
6.420329398000375498e+00
6.344474163393585719e+00
6.462726339116799501e+00
6.689706472069250509e+00
6.304358990640502647e+00
6.576929399460004433e+00
5.789666061899043648e+00
6.035840795131208303e+00
6.320100781220820529e+00
6.379703491905851287e+00
6.760874498064022298e+00
6.338987109485840321e+00
6.569309923858675404e+00
6.056938521728707947e+00
6.810970369303661620e+00
7.583752551982366086e+00
6.723516403060799895e+00
6.434798462644697459e+00
6.485684663641441361e+00
6.055728228631735988e+00
6.166478124076970602e+00
7.253497413812456607e+00
6.447431969281040232e+00
6.474315326016052197e+00
6.297148447513762903e+00
6.944720867274002174e+00
6.105331061329507314e+00
8.108115323699633947e+00
6.120574027178333765e+00
6.318268510549891026e+00
6.262955897765460911e+00
6.837852818101609387e+00
6.381168513995247871e+00
6.385866725009585743e+00
6.225449223102357266e+00
6.174240465445286929e+00
6.685713026367340994e+00
6.189299968004140950e+00
6.184404914525271302e+00
6.204861486456128006e+00
6.078747454689034768e+00
6.435940847616937077e+00
6.492148206301119551e+00
6.530679002299051739e+00
6.204836176099457035e+00
6.219287412536143478e+00
6.499261175309542615e+00
5.966950280571379217e+00
6.483196829610796463e+00
5.942492879926110305e+00
6.590885676279040872e+00
6.287992872586150028e+00
6.089455565428965933e+00
6.000221911465656532e+00
6.519350969267077467e+00
6.118025400385833201e+00
6.197755268829104658e+00
7.239892096409485056e+00
6.259419838940717185e+00
6.406117238349498422e+00
6.211203546965264444e+00
6.056370771370152006e+00
6.221650012478798786e+00
6.499571154963725839e+00
7.091040008433329156e+00
6.045641563369304805e+00
5.929043344303301488e+00
6.449377600793899212e+00
6.051576519776937779e+00
6.232782041913917048e+00
6.491751633721880133e+00
6.512761365884517595e+00
6.225010150791653096e+00
5.956391869725147004e+00
6.075590294549202852e+00
6.267662400378044119e+00
6.578175425662261766e+00
6.505178568667297156e+00
6.650186997063070038e+00
6.274838117124440728e+00
6.031100513033901045e+00
6.302615298558166046e+00
6.321714358717817284e+00
6.484909412137745299e+00
6.464953793945048766e+00
6.229911501379075567e+00
6.132959955155746989e+00
6.634334295362271483e+00
6.825052176973448681e+00
6.191917050754772056e+00
6.342890789950670793e+00
7.199922593698707018e+00
6.360640097343905452e+00
6.274683061593171018e+00
6.075792154699191094e+00
6.253342015918050834e+00
6.515728075591984414e+00
6.401276558665721872e+00
6.372926430545565069e+00
6.870651999584027614e+00
6.400425547770880463e+00
6.520719114253036075e+00
6.416266956838947877e+00
6.437599197588236954e+00
6.374828240752678177e+00
6.940250627897649238e+00
7.328560369099579752e+00
6.708557182632118199e+00
6.277502771567591289e+00
6.952448757589674067e+00
6.458962422699176642e+00
6.376857292603959060e+00
6.578647307708679115e+00
6.056466004287625715e+00
6.406098646622933934e+00
6.656373809171265421e+00
6.237655404432043582e+00
6.422243617388540216e+00
6.286356784600647174e+00
6.488585324647711872e+00
6.324370298721391670e+00
5.964620063656186133e+00
6.518530321633710045e+00
6.049824394891894386e+00
6.785030323924640783e+00
6.734043174064834325e+00
6.449120311803740790e+00
6.493068089092122186e+00
6.528759015141760713e+00
6.134747953547682542e+00
6.114496382214979597e+00
7.449672594114863600e+00
6.766777242887926036e+00
6.222569993436113833e+00
6.541696802070382510e+00
7.088318534381372160e+00
6.408076851628077719e+00
6.380170710054847483e+00
6.485656714269554257e+00
6.331019989575461970e+00
6.711700775047007461e+00
6.078824328521734266e+00
5.645549610362968096e+00
6.221432183043928532e+00
6.237888033631658224e+00
6.568587876861956332e+00
6.602866761026067621e+00
6.343740947155371401e+00
6.197940826757282196e+00
6.334638428240159769e+00
6.236512698168819924e+00
6.099449113412868329e+00
6.311556493679102431e+00
6.635320028048665719e+00
6.550498603857644042e+00
6.661928779533804246e+00
6.424234067545067539e+00
6.568715343949015129e+00
7.027260631460725548e+00
6.285571781675369785e+00
6.276803940807262450e+00
7.692476708567248522e+00
6.727069961711036328e+00
6.215042477200546145e+00
6.581383614558486528e+00
6.442329458573628820e+00
6.005291841786440266e+00
5.875848551247642604e+00
6.492552107289268903e+00
6.509379881613588381e+00
7.430552164017795391e+00
6.553875804167318186e+00
6.133491012285055000e+00
6.112011528162007323e+00
6.679237901567435465e+00
6.690925059602209402e+00
6.192414154272377402e+00
6.614712021169379064e+00
6.353501556467873179e+00
6.533084827938395733e+00
6.770151684661249725e+00
7.483567697493248794e+00
5.780837856236318295e+00
6.153549768128210751e+00
6.381203846197392338e+00
6.631652941825808334e+00
6.328369000250830823e+00
6.422665617675049177e+00
6.351679989142734684e+00
6.392513278465757232e+00
6.734045329373928190e+00
7.121390049329717087e+00
6.489055095621381497e+00
8.063819598917666198e+00
6.442144047870504764e+00
6.197312008356552937e+00
6.014973584876286417e+00
7.202820543656864416e+00
6.274348909742430536e+00
6.746320842232698567e+00
6.400229066031437597e+00
5.946692326316785682e+00
6.228117338938852221e+00
6.603277954239360703e+00
6.598337143412670081e+00
6.285713582246688524e+00
6.563391556204894783e+00
6.940676704463062840e+00
6.281663112629695789e+00
6.589428955531446697e+00
6.175622857494264650e+00
6.164177196823752425e+00
6.242399548136919663e+00
6.447128111183379140e+00
6.447596750506364494e+00
7.590799009223665017e+00
5.964377028707139594e+00
6.773040499759654054e+00
5.988139101729400338e+00
6.467897272376033513e+00
6.003350997870428252e+00
6.601748680997989283e+00
7.033044918706279347e+00
6.630573389751480029e+00
7.164551001364221960e+00
6.471559842711672950e+00
6.228145933441399329e+00
6.251674627390221062e+00
7.134780888207461480e+00
6.157600936945325287e+00
6.365285641099561964e+00
6.065521895924525175e+00
6.493432523948253099e+00
6.567370049723471936e+00
6.072842178721836959e+00
6.109735971645497088e+00
6.682770951968524109e+00
6.210603420939231789e+00
6.111544699995504537e+00
6.313057920462317618e+00
6.112404859145137870e+00
6.153479673183785970e+00
6.313984529210043384e+00
6.403742575135549231e+00
6.479120063693806664e+00
6.682851518590574358e+00
6.332459819805988488e+00
6.872516343091395363e+00
6.059445134906924935e+00
6.727705243143159208e+00
6.547498928452760047e+00
6.366147420076179841e+00
7.860128193384206874e+00
6.022359941814221074e+00
6.270174624173927569e+00
6.441664512796322128e+00
7.443942907230729489e+00
6.407347828725657557e+00
6.245752934745063101e+00
6.035637976330895604e+00
6.231908815795773826e+00
6.942878233717138414e+00
6.253228230901278550e+00
6.811554777701638308e+00
6.177022069320238451e+00
6.116680083521524480e+00
5.811628709226768663e+00
6.864033979535767216e+00
7.424829142346477617e+00
7.734228637166028264e+00
6.582993444412708506e+00
6.784099188378982070e+00
6.425981254661575548e+00
6.130569123061360592e+00
6.124231100845644704e+00
6.246110734549989552e+00
6.269349717037737690e+00
6.668063579615742142e+00
6.467530476344125923e+00
6.399235863460118523e+00
6.030668929870754980e+00
6.261298163153583118e+00
6.436434969104205095e+00
6.426180626306623012e+00
6.263394441235192289e+00
6.020152435305661243e+00
6.180543658727282619e+00
7.523025042381151550e+00
6.494954438882523107e+00
6.355463859600400056e+00
6.625396978284631366e+00
7.691699232407757769e+00
6.230932601220359857e+00
6.450694884467456980e+00
6.222595449627904785e+00
6.783517495568791134e+00
6.237183874671011097e+00
6.082532420127938266e+00
6.780394664449212350e+00
6.013853862855575549e+00
6.534706756414273343e+00
6.912019487759737402e+00
7.061870755688002710e+00
6.391034889655704099e+00
6.529582985306099374e+00
6.475273636170850722e+00
6.626074711663364702e+00
6.342569157757355747e+00
6.424211686115063102e+00
5.950079433353379521e+00
7.501993483510414507e+00
7.132116312061029362e+00
6.501612986341906542e+00
6.013155511325260605e+00
6.475319475167084171e+00
6.553652768106808857e+00
6.419761381839243164e+00
6.058631308366508428e+00
6.319412322236102497e+00
6.076270601138959115e+00
6.250478270218763122e+00
6.177524015897097875e+00
6.493029146913408489e+00
6.234768015342271319e+00
6.013977258095375866e+00
6.955073935083237124e+00
6.528344045355440883e+00
6.313869700912498217e+00
6.793695199501775583e+00
6.091589220585350795e+00
6.189936704894181574e+00
5.974510199424361900e+00
6.222323144184938926e+00
6.699768298566291413e+00
6.384911447352126679e+00
6.361788732015464909e+00
6.137661362980320057e+00
6.498050220413911227e+00
7.565606997116944399e+00
6.405586268947915940e+00
6.654538020669336085e+00
6.548146078255268954e+00
6.749519888301271031e+00
6.259917226884264885e+00
6.270191452045881242e+00
6.299374955076776139e+00
6.499995250149103398e+00
6.334050056970738751e+00
6.848014750854557242e+00
9.247614961405155043e+00
7.982091798186973897e+00
6.652179806214030044e+00
6.468480667465496659e+00
6.060965334216265710e+00
6.401798808653851758e+00
6.614351957000141446e+00
6.036035254489799051e+00
6.038491573815113256e+00
6.314401554027319285e+00
6.078305691184660908e+00
5.863392144451864851e+00
6.427265304504959254e+00
6.027650185899168456e+00
