5.467719019280481874e+00
4.012778660613272486e+00
4.529761582933981678e+00
4.355919452600327979e+00
4.654656943732551788e+00
3.961200281121783906e+00
4.601990820874733323e+00
4.351983382364119635e+00
4.583786090319578399e+00
4.060721825254101525e+00
4.564624927460449122e+00
4.231838498448363239e+00
4.639613685118012754e+00
4.004463420998281897e+00
4.803035984568423622e+00
4.269948621096546049e+00
4.670066014717628278e+00
4.001661315627025317e+00
4.705691128359590358e+00
4.305208683897223665e+00
4.749682535639448311e+00
4.129391586353004406e+00
4.886346247812389798e+00
4.231167584044189134e+00
4.823102031674813439e+00
4.065873949028508072e+00
4.766944526622795664e+00
4.447471835318498101e+00
4.619274394288001240e+00
4.075200517071201567e+00
4.602680110673730063e+00
4.301525925990302923e+00
4.730828134597625301e+00
4.213160352586242219e+00
4.499085336088186615e+00
4.414924262668209920e+00
4.451947653100319258e+00
4.423263910835309787e+00
4.473881090938255589e+00
4.395525770359038908e+00
4.387223302942952152e+00
4.351456592950906810e+00
4.363179638893027068e+00
4.359208578515502808e+00
4.314611132587912401e+00
4.455749295914198882e+00
4.449806074470330941e+00
4.382663512632756664e+00
4.160917766781971672e+00
4.524027932550217734e+00
4.225009601865420628e+00
4.561086113101477046e+00
4.192357081769996441e+00
4.470216650047778018e+00
4.161615930559911192e+00
4.537071779425784435e+00
4.049072647625648891e+00
4.546046977430017400e+00
4.122838681077921841e+00
4.552957246814853143e+00
4.218903502642425529e+00
4.746176094383230293e+00
4.088532279226584798e+00
4.514702884101406966e+00
4.121005677584258287e+00
4.636119226890085265e+00
4.225016873888383095e+00
4.417994660993443290e+00
4.087984269692270800e+00
4.651398700802726438e+00
4.213433232847676457e+00
4.342026803360427678e+00
3.980762992937918021e+00
4.663268656321140071e+00
4.154571236152933444e+00
4.438113624588192252e+00
4.076719520729464641e+00
4.550889861793438129e+00
4.241077496728635765e+00
4.398452611096796971e+00
4.079005290415836704e+00
4.452197202141517707e+00
4.188384882714283108e+00
4.406579337751491465e+00
4.211018169445726933e+00
4.626143536915416909e+00
4.087952521316021937e+00
4.575738632619686719e+00
4.208599178828963616e+00
4.657413910292777182e+00
4.168195129131309074e+00
4.630587176671609129e+00
4.281798398441392095e+00
4.755797394784480048e+00
4.260193779181229878e+00
4.505655444436411194e+00
3.994967281303811735e+00
4.682192703334737693e+00
4.380940359452795363e+00
4.643313804902486019e+00
4.199221089006685226e+00
4.830537806507414267e+00
4.145004906387868893e+00
4.692741816001275268e+00
4.160300921702541288e+00
4.720529015070319190e+00
4.314473705603610654e+00
4.867855329180922119e+00
4.199417100103469913e+00
4.825088385589766382e+00
4.189122006891238925e+00
4.748519230139062408e+00
4.229740683378474309e+00
4.805321898690159799e+00
4.252742811656675670e+00
4.722854603385989947e+00
4.164900014135613837e+00
4.830315489632639903e+00
4.406632636000430203e+00
4.462021510057274654e+00
4.193620130478890040e+00
4.459599850299303725e+00
4.339095684370607664e+00
4.468939111683470244e+00
4.354071448327468730e+00
4.554543630219943573e+00
4.382943787046325923e+00
4.434885892839274923e+00
4.489832766796169494e+00
4.293010569049377168e+00
4.587365016157137099e+00
4.252378703577106123e+00
4.295545415444749437e+00
4.231570940772639844e+00
4.691834359045667036e+00
4.250090791680179336e+00
4.465490305634690849e+00
4.247081067524847597e+00
4.439422163134121746e+00
4.282409896824433737e+00
4.359161229748576005e+00
4.382982598683067721e+00
4.351600318769579090e+00
4.347137545695026084e+00
4.309294823812548358e+00
4.258579812510863150e+00
4.244167989205725355e+00
4.265784586376498488e+00
4.303337477578636161e+00
4.381452435352149344e+00
4.270626863870738532e+00
4.377541511718822775e+00
4.341057844922155518e+00
4.613763292908944713e+00
4.058067702632412121e+00
4.469443268481851916e+00
4.416891276330815685e+00
4.528698772510042936e+00
4.250920801504981306e+00
4.522366339208179653e+00
4.072593754187596282e+00
4.679120029964326299e+00
4.163455469606685888e+00
4.556036761720792860e+00
4.159405889262218103e+00
4.449065789706839524e+00
4.167010444813572079e+00
4.624705887210064148e+00
4.391757257844004947e+00
4.231365505412617800e+00
4.488012462683071746e+00
4.390583065518731232e+00
4.700859364208521463e+00
4.050115205127977624e+00
4.542833242098613944e+00
4.305581646114728045e+00
4.514073460225507262e+00
4.287144492213898594e+00
4.582042702797089362e+00
4.583338148822514668e+00
4.409007087687228044e+00
4.623832793407852471e+00
4.200619913063803779e+00
4.726708906459810677e+00
4.279387413796471584e+00
4.546214935495036080e+00
4.242179003872426968e+00
4.727127493080547360e+00
4.364348505871968875e+00
4.192023728436319985e+00
4.621883849605012529e+00
4.495766204781694420e+00
4.762169308500109111e+00
4.089220914231540327e+00
4.960057015584808049e+00
4.104574422787543142e+00
4.739403222238433244e+00
4.019524108376807625e+00
4.821889601561354155e+00
4.217459794913918536e+00
4.679425733035957435e+00
4.243420983841897254e+00
4.493684389584590377e+00
4.353130450877241486e+00
4.340880629551532977e+00
4.429669730720408261e+00
4.474279090739060827e+00
4.417280907939327150e+00
4.182173361476098528e+00
4.631532379606817962e+00
4.332957974735390572e+00
4.620855744844698521e+00
4.225210697332093979e+00
4.774710313624935587e+00
4.092173741629122397e+00
4.568141320271351447e+00
4.230306335584549160e+00
4.395277953152726624e+00
4.392549281051318921e+00
4.386607264680105089e+00
4.352809210218224756e+00
4.223958706643226257e+00
4.571987789305662631e+00
4.173126842927734614e+00
4.718973777939575953e+00
3.848987384574545256e+00
4.559261737967666761e+00
4.155729453171389309e+00
4.232716077504313112e+00
4.585790727060761185e+00
4.269710841451856531e+00
4.553186153421205695e+00
3.975132133458734174e+00
4.433656533517334353e+00
4.290820710606348065e+00
4.267752425069975430e+00
4.408269689073617492e+00
4.043935147320628865e+00
4.399501979325321166e+00
4.318081932549850066e+00
4.535161032516739077e+00
3.949186736477729109e+00
4.363431977705848119e+00
4.235350240899045104e+00
4.260991866920169180e+00
4.501247630302662728e+00
4.169819324929711080e+00
4.605845111934832481e+00
4.038238311541539005e+00
4.640916572281957642e+00
4.131268408076746113e+00
4.511759104515315144e+00
4.436773181137632527e+00
4.307318693272753407e+00
4.453637946864784425e+00
4.501587490676341119e+00
4.489179172666021067e+00
4.171229466333342906e+00
4.587771677906232526e+00
4.340737452928349782e+00
4.620254656468086196e+00
4.064142329620048955e+00
4.723866988347737106e+00
4.198931993210229585e+00
4.677457803892441035e+00
4.183358641802194633e+00
4.688565016216560188e+00
4.219958546406033406e+00
4.608210475188136535e+00
4.023536986562036510e+00
4.750395776344961796e+00
4.326272887937889777e+00
4.670155725873608610e+00
4.244912525447553264e+00
4.866833612905076656e+00
4.318246288427020296e+00
4.530788670245997629e+00
4.144264798154061680e+00
4.814578696871281593e+00
4.239357602679015180e+00
4.573745319776991280e+00
4.106809468334298607e+00
4.601333624323060256e+00
4.478417277923823825e+00
4.518003139202540375e+00
4.131411554037696554e+00
4.621629639642216070e+00
4.406904717778535208e+00
4.479763379221786579e+00
4.222988637189893701e+00
4.453101238520446259e+00
4.716569691667672259e+00
4.112929421971305288e+00
4.465073109266580076e+00
4.367022507929907427e+00
4.529257367741565510e+00
4.331357587709776524e+00
4.744122730256857601e+00
4.125004395932478474e+00
4.502897825228869166e+00
4.240759714712292627e+00
4.701223579057985269e+00
4.097950659275526597e+00
4.457569090679312396e+00
4.354280158169744119e+00
4.634507211264777382e+00
4.353206333341508305e+00
4.191395621301482244e+00
4.503036147382399434e+00
4.115295590717699348e+00
4.479126922789083309e+00
4.285962906506970427e+00
4.546820691272637660e+00
3.952008181000688847e+00
4.418067785120361357e+00
4.201979537192719327e+00
4.548872528587931008e+00
4.078367157975031354e+00
4.432928764689706647e+00
4.329843343185467042e+00
4.279486609614512993e+00
4.326640044492426007e+00
4.278953869633215668e+00
4.286947923102401248e+00
4.122714324891131987e+00
4.703303831401964175e+00
4.247867646990786561e+00
4.411392773589103200e+00
4.323604084015480353e+00
4.356688825048839142e+00
4.564307854154660227e+00
4.233900826463234957e+00
4.645844341361859087e+00
4.014403981172377733e+00
4.567841382028617225e+00
4.561680075037180870e+00
4.461849595277600500e+00
4.270358110127419948e+00
4.234432459655469216e+00
4.457375899334531155e+00
4.176455244886133400e+00
4.784714655263301530e+00
4.370978810314832153e+00
4.465035601319189418e+00
4.564066342283306987e+00
4.198039330231316590e+00
4.749027004775340899e+00
4.269530181751572506e+00
4.668866430949971225e+00
4.167660721220145525e+00
4.356134998409274317e+00
4.650027009100144326e+00
4.335309311728818393e+00
4.612445849794482911e+00
4.094885963880181556e+00
4.663108193749835984e+00
4.276266163038329182e+00
4.403213716650458132e+00
4.450803684115516745e+00
4.398705918965917228e+00
4.760622378166431190e+00
4.207134647816822337e+00
4.779660643904447781e+00
4.034049787104704521e+00
4.621210892596661068e+00
4.291073512790259947e+00
4.485891827099500517e+00
4.740846333671111523e+00
4.475106344357829613e+00
4.626857435859689005e+00
4.382858955765759568e+00
4.694859367407991257e+00
4.363686601971920709e+00
4.363354862668651357e+00
4.479102626712749391e+00
4.188207272941252945e+00
4.757621849661374469e+00
4.070625567879131879e+00
4.611542499277260454e+00
4.444747413461048957e+00
4.489046519111067113e+00
4.326579434063989815e+00
4.267226941450751987e+00
4.439669095856401348e+00
4.103086462848755112e+00
4.644271881539630442e+00
4.262008401872194874e+00
4.324309282727922366e+00
4.455146734243036200e+00
3.974281264568102046e+00
4.583570502237309441e+00
4.322251154842365217e+00
4.403481281844723760e+00
4.031097731002618367e+00
4.524608479533450023e+00
4.410367713109734744e+00
4.324334131769850487e+00
4.499227309291969235e+00
4.097699412230964455e+00
4.443495784115246039e+00
4.206403243113114421e+00
4.335185343744982767e+00
4.280473228356962423e+00
4.494724684298398110e+00
4.681945887225762881e+00
4.033870774081268706e+00
4.559879819308218174e+00
4.282133507592003063e+00
4.499270646768573911e+00
4.144238280115744466e+00
4.391181194374476071e+00
4.383476463407033563e+00
4.105460489665857082e+00
4.521922752345849617e+00
4.255790352138742350e+00
4.421527488195164501e+00
4.314452579575688951e+00
4.421009506139138345e+00
4.501458449442728771e+00
4.325358953563401165e+00
4.524877143171051941e+00
4.086431289081957630e+00
4.671793412815421043e+00
4.395206706181602030e+00
4.570589999741200060e+00
4.171148134672949759e+00
4.330245754145539472e+00
4.694479509302018627e+00
4.161549909683881054e+00
4.489528253908254385e+00
4.185784251487157270e+00
4.452436940680656541e+00
4.385923741197797376e+00
4.541388751122367395e+00
4.499980762160697090e+00
4.259716888833650295e+00
4.703488163447405057e+00
4.120066481457801189e+00
4.802667983731404355e+00
4.176779920617780029e+00
4.670162821565520872e+00
3.919841198272003613e+00
4.767829143522520852e+00
4.279706515377877274e+00
4.646547008874091667e+00
4.232412929702606519e+00
4.820178740993599220e+00
4.238642094858196430e+00
4.560995773602190440e+00
4.244185817915258951e+00
4.574101040063764501e+00
4.371205490799774829e+00
4.500439944178975082e+00
4.116836617524466391e+00
4.446768403587005203e+00
4.419589891357841083e+00
4.517449843748573279e+00
4.316835706981899889e+00
4.469415439186213312e+00
4.337872008294675119e+00
4.334125961477114153e+00
4.019576490353955478e+00
4.616207881920188605e+00
4.127784081500525559e+00
4.639462543279135431e+00
4.163807515378273649e+00
4.647887140197103584e+00
4.150382367252166915e+00
4.609618594172715689e+00
3.918075651073068766e+00
4.583220235545029553e+00
4.108320704606219564e+00
4.426895217102798874e+00
4.249952250897235828e+00
4.338694184986373159e+00
4.533395768125296321e+00
4.203197438540290598e+00
4.487779354913832286e+00
4.052692265329356225e+00
4.344912486319763900e+00
4.092035612402979972e+00
4.649627361349544685e+00
4.241429701191085755e+00
4.550994897443380260e+00
4.286770765518480353e+00
4.319017132660029290e+00
4.447242507032739489e+00
4.180806630539347424e+00
4.793970035948749597e+00
4.025205681183702922e+00
4.552459714479016206e+00
4.226242576245744509e+00
4.711929834211821877e+00
4.117906385417213322e+00
4.538251066365846853e+00
4.179476703368948165e+00
4.474152611077668595e+00
4.270624141977627630e+00
4.455961469721886559e+00
4.329084022562153855e+00
4.337422040669688172e+00
4.619400568167824517e+00
4.252151689469577001e+00
4.703506182983276496e+00
4.042806645307281954e+00
4.900124600928084995e+00
4.215129322740359008e+00
4.836312939394252552e+00
4.073666495262099119e+00
4.659467143843424530e+00
4.362766535929532452e+00
4.520397217959783553e+00
4.524344957591320160e+00
4.362072423478837280e+00
4.732809573876203935e+00
4.239624510267641533e+00
4.871569740348840938e+00
4.190927435815470226e+00
4.869640132438581404e+00
4.221186299094893180e+00
4.853403430634862126e+00
4.152168359345304260e+00
4.773287017147564981e+00
4.224014924749369015e+00
4.628074790913077941e+00
4.231422406512981738e+00
4.393205338004549709e+00
4.500960986427525512e+00
4.231841723691247559e+00
4.741869876563916897e+00
4.388816334570131872e+00
4.658482767293762983e+00
4.331757362592471239e+00
4.669359716566945373e+00
4.074452095586490685e+00
4.713549564518316082e+00
4.172875805861937515e+00
4.977982457454247722e+00
4.234236454372231506e+00
4.512546167098274275e+00
4.248117889515201639e+00
4.468871792922253228e+00
4.053990155984528165e+00
4.662630909256402667e+00
4.209736252279880020e+00
4.515777656341765756e+00
4.511152107815052936e+00
4.519484097973121450e+00
4.312502316255656609e+00
4.290193995316307962e+00
4.452408270312520955e+00
4.212262019937866420e+00
4.502330736978779946e+00
4.148640482197994750e+00
4.527374422185090452e+00
4.282036208403359190e+00
4.304742938270904595e+00
4.138489046433332597e+00
4.727813276691199107e+00
4.095089198065166691e+00
4.367958437617808443e+00
4.151133546728736690e+00
4.524103543974494102e+00
4.196541788105607296e+00
4.591414327493265723e+00
4.099849316166929825e+00
4.480327933595244616e+00
4.218129784564852436e+00
4.422568473849913140e+00
4.135457676706892904e+00
4.591039837477306484e+00
4.381651749039757959e+00
4.628311829918848375e+00
4.176335690570608605e+00
4.467036625539168249e+00
4.381642096490357297e+00
4.443484678317259018e+00
4.203832152374451070e+00
4.517718797284129728e+00
4.433876752473548954e+00
4.377197758052879806e+00
4.421460675258476414e+00
4.209878932095993953e+00
4.402364936277515461e+00
4.285899452455250724e+00
4.511424262015488296e+00
4.357694285715235871e+00
4.579000605785350508e+00
4.210801850277857916e+00
4.646753600389867067e+00
4.241482957260993558e+00
4.780621548221285266e+00
4.241096013720979663e+00
4.613021970055468657e+00
4.211154430537817461e+00
4.685950934365440190e+00
4.273417844173618363e+00
4.616854397262169840e+00
4.094643984232506639e+00
4.661210777954456042e+00
4.253388572384801058e+00
4.843621213246015245e+00
4.357454505308584913e+00
4.745466740519234783e+00
4.352305939082762087e+00
4.735756916047212606e+00
4.401401773251256699e+00
4.414019042273307214e+00
4.598281389396963625e+00
4.252108247624361681e+00
4.562163965205711769e+00
4.443873278665533277e+00
4.519789223239452092e+00
4.222917174698669562e+00
4.705256606410154419e+00
4.153234259754273516e+00
4.565852289407397180e+00
4.097163392261720105e+00
4.803705051734881160e+00
4.133856685427780953e+00
4.777501687863664692e+00
4.107887171489640998e+00
4.641051559627125123e+00
4.264380788526525023e+00
4.499234901660973840e+00
4.214289586039268620e+00
4.611506710991441160e+00
4.546447030576141302e+00
4.294781427272560848e+00
4.275369824235546901e+00
4.216584954654181594e+00
4.498982368947613608e+00
4.138969308488191778e+00
4.588196752700914871e+00
4.206858479521588201e+00
4.624433273093228713e+00
4.200813008185073194e+00
4.458866427309206237e+00
4.147994562517987482e+00
4.420858213914533152e+00
4.328131778563076182e+00
4.324828626863152614e+00
4.521046887464144959e+00
4.197582460336371390e+00
4.531453571817788628e+00
3.953291603583156455e+00
4.549798972435256772e+00
4.430558418650249131e+00
4.424084007854161449e+00
4.224533810585692883e+00
4.503718042869025773e+00
4.298575313920975915e+00
4.337011877696195228e+00
4.675752140637271737e+00
4.258282550988258031e+00
4.493628728418039842e+00
4.264422503709464962e+00
4.534885024651009289e+00
4.286520673429701667e+00
4.284876518405469348e+00
4.421021548526081979e+00
4.115193008798692098e+00
4.581930727954535598e+00
4.424531875861821284e+00
4.686745734864826041e+00
4.073705295622064071e+00
4.693321281953736879e+00
4.436936501907884356e+00
4.660595511778858224e+00
4.179362651574699328e+00
4.495372663621872711e+00
4.575795114435259769e+00
4.400790213612740587e+00
4.253679212970939538e+00
4.347785251469185042e+00
4.495226821796552308e+00
4.402211888848882815e+00
4.528390350128596253e+00
4.287525250032230062e+00
4.702849986671646221e+00
4.185875863920664131e+00
4.460322896921873337e+00
4.336105022772493989e+00
4.653708774260795877e+00
4.283232411388559591e+00
4.488990451763116063e+00
4.223791672994082980e+00
4.515633946438601498e+00
4.425932535582972172e+00
4.298093866838209820e+00
4.547494551648381567e+00
4.611600839154140097e+00
4.483264042033817454e+00
4.255295241693741737e+00
4.608027592505210102e+00
4.160824310622636801e+00
4.529346130146904237e+00
3.957436453056784043e+00
4.865315194381614639e+00
4.104197832782207733e+00
4.703210802862680673e+00
4.093986379989102531e+00
4.774500198758785174e+00
4.124937673032978758e+00
4.558937525411447034e+00
4.210677031248290625e+00
4.616433654018768706e+00
4.419041060415703548e+00
4.377556013716876748e+00
4.635499057024301983e+00
4.205153539852820366e+00
4.405861401891208118e+00
4.197312819016986829e+00
4.606118982045185994e+00
4.212077865143439404e+00
4.268814831528565001e+00
4.290947513380401368e+00
4.228810257616504309e+00
4.508253458017435378e+00
4.299222803529294090e+00
4.590161138188839196e+00
3.937273091842465433e+00
4.513439440678716608e+00
4.358463528635140527e+00
4.255399661470907979e+00
4.345376201570513075e+00
4.153277478851634896e+00
4.500040050121000945e+00
4.091344704386400188e+00
4.269320428562118686e+00
4.459481526073442836e+00
4.025117646507582414e+00
4.642518135864861506e+00
4.209311716369462886e+00
4.584782555300047413e+00
4.483549822416875941e+00
4.034243368912809657e+00
4.617653646228756514e+00
4.299073069743383435e+00
4.323002441641740745e+00
4.694668728109455458e+00
3.973395296869359328e+00
4.755267912830391630e+00
4.488166193559030681e+00
4.120615256231920043e+00
4.823576843546608650e+00
4.327545230239938867e+00
4.310250416464916690e+00
4.807922147013927727e+00
4.225963781470573721e+00
4.494550524182250761e+00
4.632972680365997853e+00
4.277143133087956350e+00
4.475978186825292582e+00
4.575609067633679139e+00
4.219470273346905387e+00
4.851860079856714414e+00
4.576101133677222599e+00
4.192638037354627478e+00
4.798468256835402457e+00
4.526497174480411445e+00
3.928112944969479603e+00
4.756553377964834795e+00
4.493890772193890548e+00
4.135454126481224790e+00
4.552347949764757651e+00
4.678934451420289520e+00
4.263065293432235947e+00
4.505039416812687492e+00
4.851983341681074258e+00
4.002041055881536913e+00
4.379990552447852181e+00
4.954822660488408914e+00
4.373149606917154486e+00
4.032518391400454760e+00
4.665231127468994821e+00
4.843924981661590579e+00
4.063008605680637153e+00
4.260336537622171349e+00
4.715698282810721231e+00
4.584701617837603216e+00
4.106921776369523158e+00
3.984815056286146628e+00
4.702779450326119992e+00
4.791356214804416425e+00
4.326536348768349249e+00
4.056845458817531558e+00
4.460717876811961524e+00
4.821531672552557879e+00
4.586881219419861822e+00
4.259194728832322419e+00
4.063868036734928246e+00
4.106092695103302326e+00
4.540741223723532727e+00
4.839282530008953920e+00
4.633627870973922036e+00
4.269605345962795617e+00
3.896767470898990116e+00
4.059368137921872233e+00
4.365105600256450558e+00
4.642504046602597967e+00
4.659130081938217316e+00
4.275167110767112533e+00
4.081562369035286686e+00
4.110643761055459144e+00
3.910476864270192365e+00
4.404933316272042987e+00
4.390257445939956149e+00
4.443497554013686290e+00
4.435427690819341073e+00
4.460367949448747815e+00
4.336094432921195896e+00
4.312364406100797076e+00
3.935733075332663145e+00
4.272318412151067335e+00
4.301064326587190401e+00
4.346641907843382668e+00
4.752531056983293922e+00
4.577149199506406418e+00
4.406280415736289591e+00
4.220520597157204179e+00
3.860089134171028835e+00
4.097814318965654401e+00
4.405408535100456824e+00
4.648715118275303482e+00
4.703481086628621632e+00
4.258574293895055263e+00
4.249685143633710638e+00
4.125026857449882733e+00
4.180064049408740878e+00
4.842076013287293534e+00
4.943292136876259235e+00
4.822387690544278627e+00
4.183322220416044956e+00
4.226594589175158845e+00
4.260825041303315075e+00
4.612855842788902372e+00
4.787473454582818810e+00
4.279344807778209692e+00
4.096962155872364342e+00
4.293006294267023293e+00
4.700739839678639065e+00
4.806381233948702203e+00
4.371243061961495258e+00
4.197906969896485485e+00
4.076571375119597995e+00
5.182737196668495194e+00
4.773783264031749241e+00
4.388704706090509333e+00
3.934912990050342341e+00
4.350800487819983076e+00
4.842947075511492727e+00
4.597589348747596283e+00
4.252135329687297016e+00
4.015363878687264965e+00
4.488188590590943328e+00
4.733604677108101733e+00
4.758025637208254999e+00
4.243288570235387525e+00
3.852697438542957986e+00
4.463846390789410812e+00
4.491656792314846491e+00
5.020557509033568344e+00
4.332235724344768002e+00
3.974344475312024283e+00
4.097939301016968017e+00
4.934709409395143354e+00
4.790958439249491718e+00
4.243295703011011888e+00
3.805369909613917745e+00
4.260809718259193524e+00
4.846139209509795265e+00
4.744155761120373960e+00
4.062870160957839261e+00
3.901737783576197049e+00
4.436268627861866598e+00
4.822455283484730515e+00
4.283901508085710574e+00
4.104163116854087079e+00
4.131712682437912676e+00
4.456081895026470896e+00
4.722002372607347453e+00
4.205462238543987930e+00
4.092713142827582473e+00
4.263995684312396506e+00
4.710104216914790420e+00
4.421334232028111266e+00
4.063811320026357699e+00
4.104474134581051814e+00
4.393590554673914461e+00
4.722406227479472918e+00
4.163802115601104248e+00
4.262545912613827426e+00
4.377878834892446669e+00
4.746284125268386056e+00
4.298246549116945481e+00
3.957942649757948850e+00
4.305308842588259743e+00
4.548434962118743208e+00
4.398521632191387809e+00
4.002852103550013751e+00
4.225210237729760010e+00
4.672522774222467312e+00
4.251743046939274961e+00
4.070515486744106681e+00
4.012977618241208688e+00
4.687632169704915697e+00
4.490572044602354040e+00
4.274923515516059425e+00
4.211802502690468408e+00
4.653410156835815492e+00
4.508643439510349182e+00
4.157717338513041483e+00
4.180195343558243515e+00
4.792168154304553340e+00
4.444339388745556896e+00
3.962553614896121346e+00
4.393395513007599007e+00
4.776119807350492685e+00
4.252683070115875097e+00
4.089384413524539852e+00
4.673663358233041798e+00
4.799250356005974716e+00
4.163638758844343535e+00
4.210375937240057098e+00
4.965223957567751256e+00
4.456843978737011547e+00
4.155930630635060297e+00
4.297151301545114599e+00
5.038232989549861429e+00
4.345987956140165309e+00
4.194060886900448537e+00
4.696658787074575514e+00
4.898772085570922030e+00
4.164026681689691145e+00
4.278128387672472499e+00
4.780752847500250979e+00
4.392230711271905008e+00
4.032059919959309902e+00
4.534823491848428034e+00
4.930764531962928743e+00
4.116521046893741875e+00
4.056177369956944112e+00
4.762948297479448811e+00
4.560483317351214261e+00
3.867294533818970148e+00
4.585839029117574128e+00
4.904521148770919048e+00
4.262410583274829357e+00
4.340912087318343993e+00
4.847618299833658106e+00
4.354850287729806979e+00
4.028577660005416838e+00
4.491047256901175011e+00
4.704998649075129435e+00
4.259185475358294504e+00
4.440962545958759833e+00
4.675959157972141789e+00
4.200331342116271571e+00
4.289450386621659561e+00
4.711665229682350464e+00
4.191298969298737020e+00
4.031585634650739713e+00
4.553721336477755344e+00
4.364342625399110887e+00
3.873041292591614226e+00
4.476875930705499051e+00
4.584438332331046695e+00
3.990948262292183024e+00
4.330403407210088318e+00
4.611867479575377793e+00
4.172147709516309533e+00
4.402157601952641386e+00
4.581305553473938197e+00
4.126580860061594969e+00
4.240393261425890792e+00
4.531141219380580232e+00
4.100952564118824917e+00
4.106490199481874548e+00
4.604659838150593210e+00
4.242548067185477834e+00
4.050939503172235945e+00
4.682243957299335513e+00
4.362461165948904096e+00
4.215044206006807848e+00
4.701981121012558162e+00
4.253006076290132498e+00
4.143308578786954577e+00
4.623941687894225439e+00
4.124645136709601090e+00
4.263188191952721695e+00
4.597932644707471539e+00
4.383448249163051536e+00
4.200766722987795632e+00
4.579057413187115344e+00
4.200526066562662031e+00
4.366138045959698566e+00
4.602769815665482156e+00
4.078312745067314005e+00
4.678835608115516465e+00
