6.778419979057780154e+00
3.305194381027301009e+00
1.954242684661944285e+00
1.656346163020847584e+00
1.635836428252039010e+00
1.683534332814978107e+00
1.710085787293622817e+00
1.705696987914277818e+00
1.666995820275950058e+00
1.692314246737972816e+00
1.684836215958539718e+00
1.660390939156982659e+00
1.720137046724673269e+00
1.754328300417079101e+00
1.804511933524678202e+00
1.681584201251086430e+00
1.702750916182158569e+00
1.761065373026307057e+00
1.700642480385945010e+00
1.625116246431220768e+00
1.672928255945301146e+00
1.663271735979792387e+00
1.747760501562666935e+00
1.714003712195801610e+00
1.681605425651782504e+00
1.745856046459260291e+00
1.645296279145722407e+00
1.653002082734593703e+00
1.639724454653554764e+00
1.670880924106708854e+00
1.672206789230637591e+00
1.684648844444569527e+00
1.627035289094264758e+00
1.730790371968033980e+00
1.739703041936042860e+00
1.672405706010668291e+00
1.646726201189494532e+00
1.661766753450522716e+00
1.697966470299181907e+00
1.671358190148242162e+00
1.668232052149166034e+00
1.691411085584347607e+00
1.703505087864083833e+00
1.711004825899125503e+00
1.679135706030973507e+00
1.664507012980436684e+00
1.732359495071016386e+00
1.674468858626544598e+00
1.658955853118670110e+00
1.702529792200803360e+00
1.667150463510357339e+00
1.706106247315416269e+00
1.727340597407670764e+00
1.702201020785133023e+00
1.657606916091932447e+00
1.653282575416349154e+00
1.708923348487046967e+00
1.677659757393713980e+00
1.649937593889454046e+00
1.681651961078074908e+00
1.690615544788851787e+00
1.709997850288186738e+00
1.672583373326258283e+00
1.675723896068322949e+00
1.684965074151788311e+00
1.716421867793943123e+00
1.692975225690660945e+00
1.708390419243587477e+00
1.652460577495133753e+00
1.668318221510937560e+00
1.655637053274499282e+00
1.675282074113348285e+00
1.701246277792032746e+00
1.674440818079167670e+00
1.698649350265608149e+00
1.686833569211870554e+00
1.691810902323164001e+00
1.653811784791175965e+00
1.659424605976277167e+00
1.655991661150713723e+00
1.652031932958042404e+00
1.692890268429743550e+00
1.691944482149914997e+00
1.689313232937368570e+00
1.652901576489137714e+00
1.623473303766222564e+00
1.712735659925351372e+00
1.654236773825258133e+00
1.674147110076977585e+00
1.677880774988742552e+00
1.659037877480815215e+00
1.659162735244442244e+00
1.650303537958533795e+00
1.659602949005227313e+00
1.675842643111526309e+00
1.643590232017651864e+00
1.648609769432879402e+00
1.695536519264698283e+00
1.747612049729388994e+00
1.675627704260972184e+00
1.709134571910449374e+00
1.674890489164202689e+00
1.672470542824844975e+00
1.718809338920449958e+00
1.694897358119411779e+00
1.666067260680332618e+00
1.692280862119000640e+00
1.704209950751144786e+00
1.732261134885211717e+00
1.719374939808237635e+00
1.671554376320942392e+00
1.679236788171353245e+00
1.796689378171785201e+00
1.706792746656690563e+00
1.647354873255520324e+00
1.646474321851077560e+00
1.690110393545582346e+00
1.686044292431411851e+00
1.731164849423903584e+00
1.682807137006649745e+00
1.668283050655405830e+00
1.686164300654327208e+00
1.657451794324622973e+00
1.659605992953055775e+00
1.677828012745169906e+00
1.651746633527035657e+00
1.663797586936882844e+00
1.677672311543591199e+00
1.767497586205733828e+00
1.639904922845951907e+00
1.745034499617108104e+00
1.705517968941632434e+00
1.681997254878382364e+00
1.686040438023949095e+00
1.643420270833771069e+00
1.645611323377872415e+00
1.715698780032722137e+00
1.698467100170473865e+00
1.662887745226976133e+00
1.692103189291753740e+00
1.705777276257550712e+00
1.685790082029446912e+00
1.636258379225735471e+00
1.691460745947037436e+00
1.726871398135966684e+00
1.703098072527506446e+00
1.742338650551327639e+00
1.668502278250451942e+00
1.726458443622099548e+00
1.652465341075806560e+00
1.824534738229908193e+00
1.668399608339443674e+00
1.691485893417842945e+00
1.705671578917847819e+00
1.773738933130828643e+00
1.718505848605809128e+00
1.669606152336749805e+00
1.793334081662009805e+00
1.697779206204426572e+00
1.704888810403583754e+00
1.749581941054638934e+00
1.723089682052092675e+00
1.704704638060112742e+00
1.698076343095133556e+00
1.716219075645861736e+00
1.663724895062580478e+00
1.655977643545123223e+00
1.677569603957516309e+00
1.686531814605906288e+00
1.691465370860070427e+00
1.724473781086433677e+00
1.653907506249803427e+00
1.697738257647658289e+00
1.761519367721666507e+00
1.669230479085285657e+00
1.676757047686101787e+00
1.683419710613613951e+00
1.680070844724133261e+00
1.674818954681732475e+00
1.652787862187476753e+00
1.811068124934348988e+00
1.680125701349034273e+00
1.635090412268591420e+00
1.739461970596097196e+00
1.709728996228191633e+00
1.721885713419688324e+00
1.662522870099604644e+00
1.664905465859462419e+00
1.721885766026703735e+00
1.708451054539924518e+00
1.671873492234587255e+00
1.671898242252033651e+00
1.735711371333760189e+00
1.751945508328527801e+00
1.766678166954420037e+00
1.664367174752713119e+00
1.657112261502304174e+00
1.698483010315802844e+00
1.651686248777879618e+00
1.652454026858371616e+00
1.691943252306549184e+00
1.660517476096106115e+00
1.639620380879319050e+00
1.689574882987037618e+00
1.777276324019984921e+00
1.748628577432560727e+00
1.720221186167383287e+00
1.671985755692516173e+00
1.655697925980693652e+00
1.651116830209779396e+00
1.720887686238353753e+00
1.733393267123699122e+00
1.712526008655796073e+00
1.671455736486493482e+00
1.764095513389211556e+00
1.690362855545141763e+00
1.667387654792570562e+00
1.661700860120010503e+00
1.645277829669063108e+00
1.682662863701805289e+00
1.727501590674783483e+00
1.664062630214427685e+00
1.685932344385775883e+00
1.724220480262274258e+00
1.641795563590727980e+00
1.701850727367486771e+00
1.661270164310052921e+00
1.696936046981501356e+00
1.685379485799640698e+00
1.687239242861206190e+00
1.665786173045406215e+00
1.662433943584417761e+00
1.653742942774428348e+00
1.657267925336612491e+00
1.665466861253490416e+00
1.764190374580869580e+00
1.709480763736760389e+00
1.741291751052771897e+00
1.704274604607024957e+00
1.642054349988040007e+00
1.711060817533985201e+00
1.637557408348225607e+00
1.693397901819467810e+00
1.688199004108735801e+00
1.718518214459984206e+00
1.808057678125640333e+00
1.702060565447957252e+00
1.758734417133316352e+00
1.781858978963173579e+00
1.805041440414433040e+00
1.669257523310774260e+00
1.643788053065784904e+00
1.680807266394136912e+00
1.677458729650763258e+00
1.698065866532755042e+00
1.707154826668545899e+00
1.726885873884728140e+00
1.670336782486414817e+00
1.693924322012597461e+00
1.691282881104219982e+00
1.691705532376522658e+00
1.659602547720141263e+00
1.695844976188479070e+00
1.675586154882558798e+00
1.789862019612458610e+00
1.634962559397042048e+00
1.740817978705112123e+00
1.625921550706984853e+00
1.672655438459324628e+00
1.762041171221209845e+00
1.674891918534405777e+00
1.664821077538853666e+00
1.636978377553680364e+00
1.667378872802868894e+00
1.658471350983270032e+00
1.717631437495581448e+00
1.719136553389021049e+00
1.662879876681697455e+00
1.715669367794308009e+00
1.666452439090918558e+00
1.634356697741013997e+00
1.671576740854812337e+00
1.699323983774426949e+00
1.669897292877662753e+00
1.668215027399115646e+00
1.672025624443789216e+00
1.747244291582215947e+00
1.646065011804705325e+00
1.683279039777537678e+00
1.674035325186250089e+00
1.657096783898237558e+00
1.684143316203776441e+00
1.702027715459162316e+00
1.674158818606993782e+00
1.696720129172017755e+00
1.657060671285037756e+00
1.701919720453645368e+00
1.735095275601491682e+00
1.712007325480747300e+00
1.671268581260202835e+00
1.785605219183262982e+00
1.654797184724636105e+00
1.684744680302901143e+00
1.693849483580161630e+00
1.640070842397885142e+00
1.645630977719125809e+00
1.654690977982045119e+00
1.697476091105640572e+00
1.754174776045955841e+00
1.677217058680931849e+00
1.652217174987511639e+00
1.656483245783431535e+00
1.761287312960307494e+00
1.746096404706189098e+00
1.669775508602288294e+00
1.782777067168975105e+00
1.776341481512058396e+00
1.659823283512556147e+00
1.695711892394600406e+00
1.753202150794567205e+00
1.664876679518209945e+00
1.659969639416560394e+00
1.652136875585303644e+00
1.708931392198731025e+00
1.690181066008246802e+00
1.679095133699533005e+00
1.653572501388409721e+00
1.661800467252708913e+00
1.680324302423022775e+00
1.680447627968633562e+00
1.641711060839790903e+00
1.689685642561408185e+00
1.723359989256790570e+00
1.653737289613681050e+00
1.716632778659461733e+00
1.708079350750135061e+00
1.658570962641765068e+00
1.677804831988560341e+00
1.684413855000734817e+00
1.658661379139201753e+00
1.672417845132464054e+00
1.655584656962693968e+00
1.666984223292232281e+00
1.665687670314040192e+00
1.683180278312596867e+00
1.664077868810484473e+00
1.674645217617458215e+00
1.679568846915969971e+00
1.694094752095097522e+00
1.669020103912422615e+00
1.670912613286037685e+00
1.672148502893258115e+00
1.686010792587187002e+00
1.676721454330957428e+00
1.677541453090047208e+00
1.695715912669046421e+00
1.669135132912262565e+00
1.690340719569555894e+00
1.664889989170694973e+00
1.762695427243814228e+00
1.658050934441077207e+00
1.697331419140492015e+00
1.665245521366346626e+00
1.677283295205128644e+00
1.651029014786238536e+00
1.708868239374637499e+00
1.701310756949767411e+00
1.690854116756451919e+00
1.696999128301554194e+00
1.656263246427773339e+00
1.671201666810915309e+00
1.665652726406536610e+00
1.780610162955005737e+00
1.734073796275484192e+00
1.658234966018930390e+00
1.676106858090137930e+00
1.728966152880990315e+00
1.652070666377061903e+00
1.665344550539461288e+00
1.714666484434393068e+00
1.690510095166736448e+00
1.694792664910057090e+00
1.678095406068683237e+00
1.711207698000203781e+00
1.705678460589987955e+00
1.659357133132111972e+00
1.687011204293034750e+00
1.651211178284451853e+00
1.731562793163205605e+00
1.690984040919435216e+00
1.691936147038057392e+00
1.685549798573047875e+00
1.761752587634109135e+00
1.683281547410114154e+00
1.685144910642198512e+00
1.706065030295499607e+00
1.649573564528052483e+00
1.672369339359041529e+00
1.665313117141959731e+00
1.697928805299189214e+00
1.724589850310034755e+00
1.708866527277653757e+00
1.670640615441348897e+00
1.636729761886512202e+00
1.669777598518921824e+00
1.618349270936786377e+00
1.670026950144911426e+00
1.650066169195232524e+00
1.695162450233042239e+00
1.657431035351597748e+00
1.680843634660698749e+00
1.672123188565721508e+00
1.761515409342540472e+00
1.679630661427880867e+00
1.802000729499664278e+00
1.667310330801032414e+00
1.680305915349034951e+00
1.634070446276514321e+00
1.690545021068561971e+00
1.681664701527504135e+00
1.668254352253351946e+00
1.678829408225100517e+00
1.650328232422223040e+00
1.687038223966235373e+00
1.708714071867452500e+00
1.683259866985661546e+00
1.681903365041421017e+00
1.747445279608140112e+00
1.727817079958268831e+00
1.689787635144559985e+00
1.681394158547529383e+00
1.687944535543879354e+00
1.803686403413244932e+00
1.678514680900682787e+00
1.656575162694149617e+00
1.726589862616958015e+00
1.662611902183464663e+00
1.692305541335168639e+00
1.704268240173059112e+00
1.688922913900374967e+00
1.689356486108072541e+00
1.655531375670846295e+00
1.682964476378079111e+00
1.693969876285256193e+00
1.702760936536982239e+00
1.707073163666212645e+00
1.668919778199505100e+00
1.716269825944656713e+00
1.677687264473236128e+00
1.696618596107785315e+00
1.659424307472783688e+00
1.718059531524954942e+00
1.681424765864349968e+00
1.754194762171612743e+00
1.693755734096829668e+00
1.719202635565334703e+00
1.688103115579605795e+00
1.662776114032354924e+00
1.679200544373992354e+00
1.659795745678882328e+00
1.688070447842627386e+00
1.704429380467819222e+00
1.631131580292235039e+00
1.708160543874601700e+00
1.740955970680823306e+00
1.653168730170810008e+00
1.639802035318018714e+00
1.655941897369002769e+00
1.651018614245406635e+00
1.689098832498075131e+00
1.668963469508700781e+00
1.752380280001330837e+00
1.743936477539937746e+00
1.653975354454145785e+00
1.643403902040740716e+00
1.651147403523381518e+00
1.758398270449103240e+00
1.733631524056949980e+00
1.664950626371763720e+00
1.752698445005843819e+00
1.729398752674060402e+00
1.660878032857971753e+00
1.661365851834045726e+00
1.635566005012720758e+00
1.633640390801722964e+00
1.657017265942535955e+00
1.715077583765028058e+00
1.673601710746312143e+00
1.697869383724704528e+00
1.648381363664486843e+00
1.653517183554722658e+00
1.687766392809390670e+00
1.658167031777797229e+00
1.662420558724767350e+00
1.688246417061587623e+00
1.672225420527050144e+00
1.809049078637208208e+00
1.676982645165067565e+00
1.644545439753294369e+00
1.786359259352405582e+00
1.778645908724904023e+00
1.661073201554961631e+00
1.714992743758489313e+00
1.732511906315224781e+00
1.680822057654275170e+00
1.650069462796286857e+00
1.639843043975465209e+00
1.676593175940305880e+00
1.711141289452071224e+00
1.683033461668022035e+00
1.683403577855586031e+00
1.754203521596877868e+00
1.673202344680834175e+00
1.727255735188415686e+00
1.702078788759335159e+00
1.681476465446497315e+00
1.719061581300951769e+00
1.668089732347793452e+00
1.672825791260237560e+00
1.692187870005193329e+00
1.656412666084683405e+00
1.639883880668558502e+00
1.709022177115511631e+00
1.660793189323448216e+00
1.707296746704048518e+00
1.675571131169829142e+00
1.711152646860621740e+00
1.703806884396745769e+00
1.707602408608916544e+00
1.689269135308752778e+00
1.753819929500933350e+00
1.712999976951848469e+00
1.705910505595389148e+00
1.681296340161901437e+00
1.702106794363713149e+00
1.694391285873514397e+00
1.709420922233104267e+00
1.788148115853588127e+00
1.664322482650956392e+00
1.649506316795837479e+00
1.690402896263399679e+00
1.689671455128054722e+00
1.629949810568147139e+00
1.710453436533384997e+00
1.698282754717983289e+00
1.667962138669230709e+00
1.711118727356257807e+00
1.641487986656240849e+00
1.671699542104084113e+00
1.715989352503473508e+00
1.722430335667456180e+00
1.694990417282909556e+00
1.644304762774980055e+00
1.662453337434459000e+00
1.678626834162529891e+00
1.666977109664435686e+00
1.738288404474088722e+00
1.739421666253518906e+00
1.674354424968872879e+00
1.673650716726853505e+00
1.694794475399091116e+00
1.725846184911751457e+00
1.658043030816014340e+00
1.689017648791251158e+00
1.728372886432831379e+00
1.724911553470695580e+00
1.721159047863972891e+00
1.738756137957668813e+00
1.701540657246608745e+00
1.658699898696219366e+00
1.645024453531146236e+00
1.687843313265457112e+00
1.688340760455320000e+00
1.672222639316956139e+00
1.655468077848314179e+00
1.704640682146866704e+00
1.675752536788664981e+00
1.645755950833744263e+00
1.709861845529964119e+00
1.742525318082201125e+00
1.670023745494356948e+00
1.691295965842170235e+00
1.665266687814189295e+00
1.687133950334422261e+00
1.652286351617964888e+00
1.652455243339740587e+00
1.663238923744025044e+00
1.710192846079985118e+00
1.654757840973824390e+00
1.682639866080736235e+00
1.690491155238293075e+00
1.690364507717117881e+00
1.703773660698579606e+00
1.726805447239105895e+00
1.682302569604499087e+00
1.714557237259851208e+00
1.714807723066033907e+00
1.673057441245498600e+00
1.782181445033665268e+00
1.681615662538654687e+00
1.739896280273615981e+00
1.676823191297488025e+00
1.657263769421745359e+00
1.707272159644103615e+00
1.750468752137273487e+00
1.670383195463425841e+00
1.696865888900718655e+00
1.667237451246991631e+00
1.663369532089205682e+00
1.724348275432117106e+00
1.675758448201396744e+00
1.659556144786735521e+00
1.678447955295769400e+00
1.750207119834125580e+00
1.667168888748173705e+00
1.735504784850081306e+00
1.664981213207973765e+00
1.652779072161341567e+00
1.645417440444766566e+00
1.671388823107569532e+00
1.741878037467582407e+00
1.690859822842525562e+00
1.634322321877881512e+00
1.670080275844034068e+00
1.689397813686859928e+00
1.668399983386469776e+00
1.716683733043722571e+00
1.677778039684288069e+00
1.674138288611643821e+00
1.664296680602287859e+00
1.660508624828218149e+00
1.706791187711824698e+00
1.641402670462862590e+00
1.653653461440492078e+00
1.718724256460226307e+00
1.694161987082485554e+00
1.678780492903451327e+00
1.733250649907125629e+00
1.690245742104743876e+00
1.671961513736247573e+00
1.687498541856280454e+00
1.666425764891965144e+00
1.651243009559794528e+00
1.663116005338671988e+00
1.679930866360404229e+00
1.645823780160356797e+00
1.651055443721635374e+00
1.669234769192079471e+00
1.669412723831081857e+00
1.716704105605953767e+00
1.638961926524990842e+00
1.672561088415379205e+00
1.768122773720167906e+00
1.704972617433321735e+00
1.671870411796594569e+00
1.630925423306329280e+00
1.691474549555180173e+00
1.661719891162327434e+00
1.705288109514529804e+00
1.666408193433452256e+00
1.704340403078956179e+00
1.662892050015680745e+00
1.662445533984029167e+00
1.702731191006943590e+00
1.689886677774486756e+00
1.674581207636970603e+00
1.655716485752386502e+00
1.718212619218571602e+00
1.694106589994887280e+00
1.688381094086554013e+00
1.671990121720792422e+00
1.664764259636317689e+00
1.726684666432229287e+00
1.683878333709455388e+00
1.761542449376166219e+00
1.816324724919248901e+00
1.682792284989427456e+00
1.643200886978553488e+00
1.654431015274017591e+00
1.694285087899066511e+00
1.703018319369066891e+00
1.744480366501766078e+00
1.694703661247757287e+00
1.834095626736168549e+00
1.667699520404825497e+00
1.684200964879627671e+00
1.811441811040534366e+00
1.660879169341839212e+00
1.671296173189782852e+00
1.689573441192837366e+00
1.665962443123521597e+00
1.657939628600795023e+00
1.710583505089105394e+00
1.661574961345760659e+00
1.675216999634614679e+00
1.724801926743956493e+00
1.699697602579830269e+00
1.654272841417898654e+00
1.639979861262168548e+00
1.688400061007816921e+00
1.665671111988370257e+00
1.715110698145992041e+00
1.658461363716990711e+00
1.834761681006678469e+00
1.732726603004647092e+00
1.679259696118197587e+00
1.705945152421139310e+00
1.651779263128335229e+00
1.701510414516247183e+00
1.720805649745008381e+00
1.684824719881804933e+00
1.683630524432239373e+00
1.651961854833167154e+00
1.642429046917762259e+00
1.658191294330008336e+00
1.681378492994334506e+00
1.656181423457510959e+00
1.669928866400675505e+00
1.671149987959702043e+00
1.676717716567486027e+00
1.637391829437069957e+00
1.687028044465221033e+00
1.679790169200526817e+00
1.691865625095445358e+00
1.688151497697417680e+00
1.671554416714758240e+00
1.684661841104740931e+00
1.607170189261751814e+00
1.685758537213708719e+00
1.647262304721064163e+00
1.663730841749199163e+00
1.627871492436135936e+00
1.675808757989740272e+00
1.670529924340282246e+00
1.706215676830162176e+00
1.653322193488914627e+00
1.654227792717117396e+00
1.672415664359447440e+00
1.725787599410667505e+00
1.690232049192026187e+00
1.692377355099450309e+00
1.689562826490079051e+00
1.713157623970170462e+00
1.748560614285802783e+00
1.675028782264147864e+00
1.641016113171174684e+00
1.679730895703567706e+00
1.665257940041687590e+00
1.692384706987987819e+00
1.723109322363074236e+00
1.674032812181083907e+00
1.718766427832972621e+00
1.673910421544323457e+00
1.732531695116639847e+00
1.644320307731463204e+00
1.727028810570367501e+00
1.642709495740339198e+00
1.664768954093067466e+00
1.702381206456901941e+00
1.687175473267153336e+00
1.681158533560202617e+00
1.679998476981888755e+00
1.652645550121690121e+00
1.717468971366210795e+00
1.689179765693966440e+00
1.634350192095616938e+00
1.649634329595748072e+00
1.700909516041574365e+00
1.816598976758867057e+00
1.677643026059897347e+00
1.721710341438543734e+00
1.711046749576188963e+00
1.710569307069030653e+00
1.688480442590580166e+00
1.671115942972136947e+00
1.783817956544144767e+00
1.696997021571039266e+00
1.666155039194887610e+00
1.656539169406530787e+00
1.681575318883291370e+00
1.767657558824908381e+00
1.670193263907258974e+00
1.685283911827062164e+00
1.669290872922247981e+00
1.652414008405179713e+00
1.660571841908132784e+00
1.708772460220494116e+00
1.629241641292438203e+00
1.714258127693115918e+00
1.670980054688814276e+00
1.638959083318631160e+00
1.677597496600566895e+00
1.835591679995930869e+00
1.658214459241536431e+00
1.698577437801639611e+00
1.666222549123945074e+00
1.687785942987834131e+00
1.644277408151918252e+00
1.741593133922348935e+00
1.630944260384570077e+00
1.695062208437722706e+00
1.743630281755779610e+00
1.682071383206773740e+00
1.657391312863191857e+00
1.682452637088839520e+00
1.712493760895197337e+00
1.661887035856639772e+00
1.694439494873392515e+00
1.692013610775313648e+00
1.707435011521931445e+00
1.676185975517734850e+00
1.681702667576109977e+00
1.682289775424611111e+00
1.640029089515055105e+00
1.666581660690595879e+00
1.660011650889732238e+00
1.707053694935968480e+00
1.690758117692500173e+00
1.685475685087666875e+00
1.640456829130569005e+00
1.696477171320756927e+00
1.635146275101226676e+00
1.657767654901101784e+00
1.683045314901493894e+00
1.682682145454011957e+00
1.659218372370215411e+00
1.696286382432635520e+00
1.670786934152189929e+00
1.753877340631370574e+00
1.685038442824183580e+00
1.705783653444875370e+00
1.710040236106304290e+00
1.684007689937480956e+00
1.704956936396932132e+00
1.688076098131661817e+00
1.692614345628789430e+00
1.721044742606339328e+00
1.671581986909010498e+00
1.753841939700338193e+00
1.685827204417735370e+00
1.701402677814056519e+00
1.688865229550128744e+00
1.677313903267958928e+00
1.684101607443823090e+00
1.685460827067788436e+00
1.674541802658363610e+00
1.650373786610439764e+00
1.693295822302057330e+00
1.722171069093408891e+00
1.709123679338711010e+00
1.693236233880700992e+00
1.693123061400381824e+00
1.686683111058658868e+00
1.722857554647446721e+00
1.728329499565464777e+00
1.784419579569178183e+00
1.692525845580768351e+00
1.775690045164865616e+00
1.748943852704867741e+00
1.723644702515005456e+00
1.694237640167062464e+00
1.651412036408945960e+00
1.660463623019046819e+00
1.670157231592303004e+00
1.658436466571402423e+00
1.683494664339405977e+00
1.695345970693433735e+00
1.725748039110411636e+00
1.726915751000869248e+00
1.673593147744211196e+00
1.730935641654945956e+00
1.662474424243216342e+00
1.778683196925028520e+00
1.727635630199567229e+00
1.680743879113228756e+00
1.642216007913258613e+00
1.662767362861201192e+00
1.716314255429333580e+00
1.658409869707868856e+00
1.677802629677879187e+00
1.745804636100474871e+00
1.667067138273399030e+00
1.680305369687686401e+00
1.629549613602040425e+00
1.697319188959960146e+00
1.662893409142403023e+00
1.700250129145491007e+00
1.682528888616251272e+00
1.651797808512912802e+00
1.650680768919417396e+00
1.843927069028987953e+00
1.664567553139643996e+00
1.680572720477583104e+00
1.725692028743786688e+00
1.664733127510627630e+00
1.681475095192448865e+00
1.661122242933838811e+00
1.672647423095402042e+00
1.669629224138555745e+00
1.646086649060406915e+00
1.662014244939654661e+00
1.674804891674297691e+00
1.654939205602400154e+00
1.708382631848741839e+00
1.656979647619057028e+00
1.665480109877864656e+00
1.688784005951691203e+00
1.715130987204904978e+00
1.701531195476962965e+00
1.675398549393682934e+00
1.675312121544953348e+00
1.648686819111117030e+00
1.643258345433421086e+00
1.657173052980654093e+00
1.695850725012983728e+00
1.693564623905874145e+00
1.664949319543956197e+00
1.658538028225391869e+00
1.704446651352347963e+00
1.691539811366520762e+00
1.693904544786867916e+00
1.716976953738685863e+00
1.720441639984843452e+00
1.628205381060650048e+00
1.653761293971629742e+00
1.685935810933216983e+00
1.764499596952632032e+00
1.786861274626219576e+00
1.692649159483118781e+00
1.647106434216209836e+00
1.634864137559322916e+00
1.680391145081077342e+00
1.729944180191801628e+00
1.668734516579689853e+00
1.652216562431030544e+00
1.752230338259922471e+00
1.664404633642256881e+00
1.701736133089641001e+00
1.679970759468329744e+00
1.710875735291242039e+00
1.669918547084250582e+00
1.745657344383767962e+00
1.707162984542069273e+00
1.691748229911471002e+00
1.690563783939903253e+00
1.654785236099380663e+00
1.721764704865150764e+00
1.668483794520867702e+00
1.670701962442622701e+00
1.690238011511390193e+00
1.677521738469225365e+00
1.688618367813323751e+00
1.660211803319074031e+00
1.676993492655631801e+00
1.650496826074656642e+00
1.828109644685981916e+00
1.723925580860980578e+00
1.680908801243520712e+00
1.673900917326568871e+00
1.813191063778751166e+00
1.683749788591677898e+00
1.665174835015940991e+00
1.664287212301086116e+00
1.678046079451702921e+00
1.649574295315798800e+00
1.659769387776141691e+00
1.707366202855972181e+00
1.718684942046844411e+00
1.673778661920963140e+00
1.673475422507410881e+00
1.646534087662965495e+00
1.738570702789479672e+00
1.664414427307915112e+00
1.653912715371778752e+00
1.717226722166298680e+00
1.666741069386013407e+00
1.634690713216998104e+00
1.690423655069124731e+00
1.652562255533591706e+00
1.717029438566166633e+00
1.654012324040340154e+00
1.722067865499753658e+00
1.668620261448069186e+00
1.705244693345223439e+00
1.642808397104644547e+00
1.691807554821097126e+00
1.710691171187717963e+00
1.637481516441151808e+00
1.803845130698440435e+00
1.685625668526086640e+00
1.647388551778355081e+00
1.701336436865540813e+00
1.656908797459452742e+00
1.705495913298141097e+00
1.677387493998340195e+00
1.694573329805702189e+00
1.689111539720720367e+00
1.736405822845611846e+00
1.787329564175128782e+00
1.687335817410894778e+00
