2.549049553667318779e+00
1.289587700932375069e+00
1.120904714197515917e+00
1.100836337558064981e+00
1.093416068866786217e+00
1.085766990140024424e+00
1.092338280287515451e+00
1.089531384132641945e+00
1.089838840464759429e+00
1.091125799113787043e+00
1.091720763156212470e+00
1.093450468198541969e+00
1.091189443020097904e+00
1.087370219566922147e+00
1.084773845018541794e+00
1.083375817811184971e+00
1.090768071997813893e+00
1.094783237709842538e+00
1.098444803616335008e+00
1.086015505222690081e+00
1.087505356554511859e+00
1.088022304694390430e+00
1.095711163748988248e+00
1.095335038918136217e+00
1.096065228291497995e+00
1.089927429552105753e+00
1.094607721767732800e+00
1.086289242415286793e+00
1.099499073842298502e+00
1.085592206706668117e+00
1.088072168791103023e+00
1.093082724684152574e+00
1.095890588222046658e+00
1.099551371223064455e+00
1.087657017999144715e+00
1.091585022167854024e+00
1.098178810823800644e+00
1.091747136702761134e+00
1.088521464109053705e+00
1.083401065207689973e+00
1.090505686231560745e+00
1.081167025743426491e+00
1.087340702892438449e+00
1.093288129486790661e+00
1.090987231340140751e+00
1.086256524412867464e+00
1.091920321177316300e+00
1.094066469886498583e+00
1.088865665787756898e+00
1.087265780986814478e+00
1.089157136097242740e+00
1.092596570207812645e+00
1.087997975024119102e+00
1.091299321693842028e+00
1.093189929648330061e+00
1.086386979643912731e+00
1.087568800345702913e+00
1.090712277635217164e+00
1.089709045554673184e+00
1.094261264511735998e+00
1.094909917167735447e+00
1.086008812907687915e+00
1.090170331480694532e+00
1.089462535451360514e+00
1.083698623894734370e+00
1.083171337072662999e+00
1.091868089064796710e+00
1.091317564222184400e+00
1.098841549428610120e+00
1.086346216535521547e+00
1.089972346645729839e+00
1.095334623029439403e+00
1.089663999836335773e+00
1.089144682051629953e+00
1.090306064877601733e+00
1.092096532147673216e+00
1.089420790013396312e+00
1.086536945862893511e+00
1.090431760023251595e+00
1.087623932450636710e+00
1.091130910872877502e+00
1.092409827218471019e+00
1.090963694626045255e+00
1.094882473861127359e+00
1.098845843002820732e+00
1.085088197156652612e+00
1.091236529776111075e+00
1.094802427987301208e+00
1.089211438142241750e+00
1.096883329531559648e+00
1.101690626928320649e+00
1.087302430627034910e+00
1.090344120496617775e+00
1.086788046888818471e+00
1.086976267921972328e+00
1.091642283621850895e+00
1.084332912560553197e+00
1.101032429879881924e+00
1.089420775772880212e+00
1.091096852904885006e+00
1.093926778612476447e+00
1.089510745182358908e+00
1.090770358106629256e+00
1.093051643200450007e+00
1.085480983633162699e+00
1.086459533485000906e+00
1.095647522032777044e+00
1.087873484614835462e+00
1.093666681544690711e+00
1.090842353675840481e+00
1.089381679238757394e+00
1.097787090959121636e+00
1.091535013113341224e+00
1.081660370194695187e+00
1.087984199268054786e+00
1.090977120382441878e+00
1.092233419316668508e+00
1.090451542140207675e+00
1.090244230283167415e+00
1.093809071421620649e+00
1.086409874759612704e+00
1.098493648576469806e+00
1.083947292461009626e+00
1.089521324242930689e+00
1.095722256792707849e+00
1.089521155424223231e+00
1.092090847270104081e+00
1.090066981726957485e+00
1.090704884733667113e+00
1.087602071042419460e+00
1.092064325590523355e+00
1.089784066954383013e+00
1.091349274059774332e+00
1.084449650937173937e+00
1.087678131709976403e+00
1.094806790950965336e+00
1.088276409065909167e+00
1.097555751590511663e+00
1.091746678061243037e+00
1.085856101109557548e+00
1.086874144641674311e+00
1.091575761016259305e+00
1.089023061082146526e+00
1.087111046328262498e+00
1.090960319755398089e+00
1.083378627672648697e+00
1.089128147913317690e+00
1.088833830791299917e+00
1.088584046254482685e+00
1.085472238849524595e+00
1.087002133578404806e+00
1.081042490613700613e+00
1.090112276629583432e+00
1.084276752873936100e+00
1.086771256233995953e+00
1.088931474326223503e+00
1.091025817534663656e+00
1.091646716846055742e+00
1.094846843132115444e+00
1.089818033195192992e+00
1.086757510272426508e+00
1.086935014843279035e+00
1.088845944324926984e+00
1.083269557110148495e+00
1.090176763264182558e+00
1.098683456575314077e+00
1.084231785721307073e+00
1.081725751586109618e+00
1.084776069221757400e+00
1.090293984285614970e+00
1.088166677146013894e+00
1.086246752142159044e+00
1.089517407364900103e+00
1.092546293914633537e+00
1.086589218234320198e+00
1.089764762842036383e+00
1.089684297106457755e+00
1.090084722078037416e+00
1.093849291653770539e+00
1.086661639034679716e+00
1.095816007649858648e+00
1.098061700017082920e+00
1.086119572203691819e+00
1.088388447059540853e+00
1.085210247601204214e+00
1.088067942649944442e+00
1.085591645478089617e+00
1.095896228599344324e+00
1.092423325155362557e+00
1.096959953408743749e+00
1.089802924389450256e+00
1.083776511849932955e+00
1.092347513519371205e+00
1.085765866181759520e+00
1.088144613456481391e+00
1.084063794807271108e+00
1.097186674307723209e+00
1.089557596107631587e+00
1.087859016278507784e+00
1.092398269180292036e+00
1.089594481876052567e+00
1.092002410200683338e+00
1.087826393635487499e+00
1.085950320677262493e+00
1.091276453051372330e+00
1.089965597001584019e+00
1.086459062089440986e+00
1.088626047678886932e+00
1.096868363929080381e+00
1.081243840674537493e+00
1.085887007252409164e+00
1.087744624082473299e+00
1.098490810772533965e+00
1.088946582241556715e+00
1.096862649547673652e+00
1.085099541669013234e+00
1.087479158853631445e+00
1.086899255878317483e+00
1.094341643361458338e+00
1.085846952463210169e+00
1.094596183769073861e+00
1.088957533844321812e+00
1.090750013818418740e+00
1.086893989247824877e+00
1.086381932243715154e+00
1.092407017554255955e+00
1.090519569366507513e+00
1.087908841673638882e+00
1.088804437457024710e+00
1.091771853706925643e+00
1.091487214992655108e+00
1.085740993563498957e+00
1.087960416720611612e+00
1.092686475571021498e+00
1.090352786699457788e+00
1.086643336417338457e+00
1.088097954754542851e+00
1.097101121174823612e+00
1.090618052446783670e+00
1.082121213363677503e+00
1.085906445371241924e+00
1.087118813376568793e+00
1.092597758162896060e+00
1.091079051425176027e+00
1.089865359853541715e+00
1.090381491350254084e+00
1.086143397769356866e+00
1.086019038858414554e+00
1.093300042330675792e+00
1.091373167244487963e+00
1.087091549222893416e+00
1.084731889664213078e+00
1.091976878070776813e+00
1.090397297037195123e+00
1.090907985778609035e+00
1.086412086846421099e+00
1.086479824712287989e+00
1.086395802361518115e+00
1.088157496152913906e+00
1.090181077451573000e+00
1.086691973781122256e+00
1.090015601120483790e+00
1.093321964296749771e+00
1.091732647347514407e+00
1.095237599711410104e+00
1.091762787208991448e+00
1.099173482270744406e+00
1.094791999886900680e+00
1.091596268429005923e+00
1.095341813849165513e+00
1.097774265631632495e+00
1.088366567172469601e+00
1.088915118379207403e+00
1.098225738121357820e+00
1.095609861276984009e+00
1.090633706958938909e+00
1.091620025744014288e+00
1.089680359934636522e+00
1.090427490405011302e+00
1.087590140918388126e+00
1.098395193437668338e+00
1.088576486213840067e+00
1.095164227010386293e+00
1.089709023181433700e+00
1.086061011017721345e+00
1.088022635568884455e+00
1.088600102218211463e+00
1.090828195959139713e+00
1.087545991679147450e+00
1.091553037975403262e+00
1.081973311398466864e+00
1.092947690895796242e+00
1.086507570896882324e+00
1.085826237897069113e+00
1.096969646186848335e+00
1.083025196439096671e+00
1.088775045216229254e+00
1.084916774426285979e+00
1.091902883908696831e+00
1.091097085702080971e+00
1.094767499061024107e+00
1.089238203509910630e+00
1.088506783905818898e+00
1.083147937057588051e+00
1.085061700902212989e+00
1.087256974437919910e+00
1.087553428926465449e+00
1.085257756813913677e+00
1.089775356270985762e+00
1.098212307792401976e+00
1.086243902867571887e+00
1.090574153861715523e+00
1.090397377503519394e+00
1.083781808246578438e+00
1.094176001900895256e+00
1.091158879151930883e+00
1.094547324022532075e+00
1.089946021307127255e+00
1.087345936748056685e+00
1.086831313590754799e+00
1.087907818601903109e+00
1.095441921944793950e+00
1.097621793937645363e+00
1.084743601493881604e+00
1.092052627036919077e+00
1.087876148761447226e+00
1.090590530607659092e+00
1.087778277364452206e+00
1.090406324127661586e+00
1.093808699373758353e+00
1.085035812853508475e+00
1.090187549553017554e+00
1.090074701812555169e+00
1.087894810368430054e+00
1.092824405318072678e+00
1.086069291083750166e+00
1.081860483385564953e+00
1.091325245555778034e+00
1.093260118616848464e+00
1.097405415440938281e+00
1.102849228123949477e+00
1.090647336873808548e+00
1.091775571999509475e+00
1.084778659220150265e+00
1.088028087456824222e+00
1.083247765760661618e+00
1.087272024755264299e+00
1.086841703762317479e+00
1.104325055846003600e+00
1.093532532082500230e+00
1.088833343245251939e+00
1.089935203384934548e+00
1.090459945377318496e+00
1.087399123225715192e+00
1.089212779802308129e+00
1.087766024261561437e+00
1.093044289023072491e+00
1.096465041849739031e+00
1.085642005112128272e+00
1.082981171193084569e+00
1.094996428316610038e+00
1.088760485653560428e+00
1.085302070840601152e+00
1.097132086279558605e+00
1.084123604330397228e+00
1.086073654585981263e+00
1.095222637647226493e+00
1.083374235941945818e+00
1.081875108947009778e+00
1.087672602347715012e+00
1.092911114058612965e+00
1.089371825549937611e+00
1.091008419767008242e+00
1.091828667038257761e+00
1.091494761843300632e+00
1.086349460755937857e+00
1.087177840331831513e+00
1.094158987326364407e+00
1.091940051064857364e+00
1.085442876811477886e+00
1.095268930377804706e+00
1.085770825964118114e+00
1.093962833023692793e+00
1.093817439411712167e+00
1.082236402838597567e+00
1.086956738216291019e+00
1.086986420461246050e+00
1.083729026097774994e+00
1.083348578906841331e+00
1.089047333302299858e+00
1.087759771284039223e+00
1.086456038898319987e+00
1.085408467406106192e+00
1.083386641684813023e+00
1.092625526945453007e+00
1.087640817284516670e+00
1.088703120437130689e+00
1.087286300216829371e+00
1.088215368101755232e+00
1.089288988539836911e+00
1.090152295147998052e+00
1.101294934299810846e+00
1.091253692159676714e+00
1.090802670918640249e+00
1.093501209003729269e+00
1.089740351577629829e+00
1.094879984948144314e+00
1.094155376243119537e+00
1.089571940929461968e+00
1.085611848970160054e+00
1.086780731875640171e+00
1.091764763350725476e+00
1.087393418732120143e+00
1.088080634123129276e+00
1.096645048917554321e+00
1.083696498484592263e+00
1.103907490684075121e+00
1.092256136569320413e+00
1.091333221057104730e+00
1.091084573390699974e+00
1.089239158711739597e+00
1.088128521526174231e+00
1.088195107111978421e+00
1.101962118769126198e+00
1.095758039435618558e+00
1.085938280889529040e+00
1.088475580490160688e+00
1.087847777842972041e+00
1.087431241718545660e+00
1.086417841451734922e+00
1.085070039904767247e+00
1.088817744296838974e+00
1.091878439590784788e+00
1.092096165281855713e+00
1.090093048246574492e+00
1.088182179261645954e+00
1.085857335845252347e+00
1.082489796457911435e+00
1.092032592781690292e+00
1.092095742248618162e+00
1.090065310600183190e+00
1.089953593410965649e+00
1.082459689045658591e+00
1.085897379893903114e+00
1.088134078389578541e+00
1.089402058698084819e+00
1.089881843879629386e+00
1.091132647217887275e+00
1.091503295281135211e+00
1.085996191366599417e+00
1.088200514475007541e+00
1.089776849466430386e+00
1.090368686358761829e+00
1.092260488291035836e+00
1.086087108365042520e+00
1.095794164820451000e+00
1.093374453600407525e+00
1.086933182980138968e+00
1.086793854562704276e+00
1.097004413704651959e+00
1.087379223099365744e+00
1.089124872285060608e+00
1.097096575777213756e+00
1.093607479919332715e+00
1.092156081158483616e+00
1.082999720327314064e+00
1.087799743856666224e+00
1.082084070907634255e+00
1.085426823225893234e+00
1.100256837681708344e+00
1.090222304221068361e+00
1.095037382146818228e+00
1.080263957707579880e+00
1.081654930610870702e+00
1.083355083958767784e+00
1.089590914265953669e+00
1.087693293664049765e+00
1.085292520434188779e+00
1.092885402930902750e+00
1.087857311584158992e+00
1.085344147506793755e+00
1.087170411814608162e+00
1.087769612505679051e+00
1.092287448592795585e+00
1.084018291908662945e+00
1.090366341336195477e+00
1.089680355946922585e+00
1.090206483623173739e+00
1.090764638610443926e+00
1.085200893167826086e+00
1.092091667285645995e+00
1.092006159394720788e+00
1.088547009099906315e+00
1.095860812883959312e+00
1.090105715669726694e+00
1.085158273331253254e+00
1.087674073225664451e+00
1.092955780591396531e+00
1.090027262478640457e+00
1.091317938412764033e+00
1.084437365939753928e+00
1.086878113606326801e+00
1.092676047879296730e+00
1.095818742481601049e+00
1.090634026208123775e+00
1.084096128277485915e+00
1.087708260952620298e+00
1.094286716658446235e+00
1.089823540789201628e+00
1.090006177876799542e+00
1.085087304602504243e+00
1.091835902056829566e+00
1.090881342923881725e+00
1.090143385452538860e+00
1.087105807272624514e+00
1.085872076984075285e+00
1.087966216659241425e+00
1.084811460754053991e+00
1.084294490228171259e+00
1.093811954796152230e+00
1.093285482222073890e+00
1.088734150401687417e+00
1.093801312251004410e+00
1.099543957965557262e+00
1.100762751981596788e+00
1.100260634647698632e+00
1.090219664598528482e+00
1.084627802365903504e+00
1.087257827747265981e+00
1.085761013743903769e+00
1.090827717627570692e+00
1.094889900494043777e+00
1.088071342215967574e+00
1.081209916352750877e+00
1.091561420793513593e+00
1.092382916694624617e+00
1.090885810396382105e+00
1.087253746623370487e+00
1.085953113314001683e+00
1.098729342901362704e+00
1.098809631081741012e+00
1.085778666976119577e+00
1.094697105962664674e+00
1.083407302299931319e+00
1.086396401220757646e+00
1.084667007516273207e+00
1.086941925555786170e+00
1.097713447691689215e+00
1.087213559298224608e+00
1.084871058857955317e+00
1.090521927324214380e+00
1.087164962038118743e+00
1.089213315429081064e+00
1.099228499595791719e+00
1.091342226241279301e+00
1.088044328895634072e+00
1.095720139091665546e+00
1.096195133523905962e+00
1.090230867386362323e+00
1.087213245543342754e+00
1.092397566065993031e+00
1.086724653156552645e+00
1.093897764032150555e+00
1.088019132827015234e+00
1.086459102189861081e+00
1.092596485588178901e+00
1.088554946546528290e+00
1.089808958362993518e+00
1.085622552830942888e+00
1.089145924179936609e+00
1.086809346505439811e+00
1.093840225958391921e+00
1.091408706748371982e+00
1.083772472741045600e+00
1.095960988551716309e+00
1.082686898446958201e+00
1.090851757850540782e+00
1.088803133256701861e+00
1.093488117166478535e+00
1.086261875295231327e+00
1.086470955721680287e+00
1.086033733988693628e+00
1.085199208280857697e+00
1.091732327385947610e+00
1.091202383750170091e+00
1.090993203458076710e+00
1.090786163735465220e+00
1.085071703231751838e+00
1.090445411642121387e+00
1.091130311661580032e+00
1.090678461334935845e+00
1.092678687011788830e+00
1.084440241119206449e+00
1.091941814797022348e+00
1.082173318516051808e+00
1.091649981288479676e+00
1.102917432917616125e+00
1.091699711362746683e+00
1.088595542151726603e+00
1.092745878537513260e+00
1.080665097036346056e+00
1.087689348785278565e+00
1.087987226837970889e+00
1.085427896721760321e+00
1.083157333263534028e+00
1.096810954376420177e+00
1.090259460341566289e+00
1.085885947819428266e+00
1.089770246527796305e+00
1.095175135920927412e+00
1.091210508312169258e+00
1.093260948405078814e+00
1.090439973095136628e+00
1.098242985988392428e+00
1.095490887448133055e+00
1.091498916290869259e+00
1.088235136832200300e+00
1.090168552601561425e+00
1.086368295678102003e+00
1.091385382758592426e+00
1.083607160627706234e+00
1.086470158624073479e+00
1.089306828853796594e+00
1.101737248665026980e+00
1.090883608565394347e+00
1.086090699730385190e+00
1.093006850256499574e+00
1.088735319413926872e+00
1.090298931859088327e+00
1.085179712221888471e+00
1.089670906991484500e+00
1.087567701236234585e+00
1.088563418201327515e+00
1.087722082879410967e+00
1.085730981924058147e+00
1.086656364747197845e+00
1.086767465562135770e+00
1.088580738861765429e+00
1.085663342633437445e+00
1.084240110246829314e+00
1.090752836535629822e+00
1.090739726441507740e+00
1.088880716633126466e+00
1.088127944197158525e+00
1.082962633487568160e+00
1.092668066333708943e+00
1.085176614242172377e+00
1.092916219927830834e+00
1.086839441664872119e+00
1.090201413338750092e+00
1.089137494966064601e+00
1.087123541987083941e+00
1.089941545304547343e+00
1.094448362215118653e+00
1.089210624971594932e+00
1.090080680439315719e+00
1.093304452090392287e+00
1.087285985567026048e+00
1.086698087354665221e+00
1.081546251826577487e+00
1.084760625572249726e+00
1.090498938267445039e+00
1.084273424640892491e+00
1.089933200328160101e+00
1.088817413667550804e+00
1.091238890783774229e+00
1.088654738112427856e+00
1.088217513820582516e+00
1.091528987044508181e+00
1.094114250947787248e+00
1.082001254757315012e+00
1.092790254308632303e+00
1.090799205109393988e+00
1.087702729947560121e+00
1.088157710662126076e+00
1.087168528248742883e+00
1.085783116013417038e+00
1.091307433101232460e+00
1.090130140512469259e+00
1.095347201109025503e+00
1.092823901376034357e+00
1.084460976065894311e+00
1.094721363513364576e+00
1.097743476551808595e+00
1.094534375575042962e+00
1.089683039417638222e+00
1.087786220652645852e+00
1.087251971660041727e+00
1.086919402705065929e+00
1.086561065497331002e+00
1.088863380637616451e+00
1.095354287189237441e+00
1.105650066667178688e+00
1.092814174331678378e+00
1.088166672205304053e+00
1.086238912790792099e+00
1.087502210806644776e+00
1.091049200562911548e+00
1.087758168887692056e+00
1.089194926905702410e+00
1.085361624065853681e+00
1.089107912028172587e+00
1.086828541888484434e+00
1.083194100505009416e+00
1.089897274247642933e+00
1.085907933023715355e+00
1.089835205764771775e+00
1.095096487167008359e+00
1.087788186341445362e+00
1.088844657992315001e+00
1.089723606653007160e+00
1.098663552622699546e+00
1.099743627821779812e+00
1.091977656428404941e+00
1.088894376616449833e+00
1.096606232222907762e+00
1.089805858336056810e+00
1.091393619027346107e+00
1.092488086055340979e+00
1.091960979687159661e+00
1.086125266517051990e+00
1.092690577298444765e+00
1.089108843916230640e+00
1.097759627442431718e+00
1.087627810380732196e+00
1.091975445122182142e+00
1.090217831189953746e+00
1.087507589961375531e+00
1.083806851107539382e+00
1.085748441424944533e+00
1.091505495941058612e+00
1.091540011624588358e+00
1.091263415449065466e+00
1.086071826615549130e+00
1.089121807268677466e+00
1.082619314350306672e+00
1.090686954596979064e+00
1.087654032873077936e+00
1.089539670379080949e+00
1.087039024187163028e+00
1.086965508103467704e+00
1.088758842911552005e+00
1.090121828775953317e+00
1.083917367454384939e+00
1.091612076158748446e+00
1.085815071835926293e+00
1.089577398717759493e+00
1.088009807067735313e+00
1.093855677945984262e+00
1.092260515753946448e+00
1.093841863090706967e+00
1.085493987328482124e+00
1.091857265127981425e+00
1.093579895132034130e+00
1.085344316444611934e+00
1.087858433092313781e+00
1.086618892570353045e+00
1.091141410082947294e+00
1.087894212027511021e+00
1.092775029567098155e+00
1.088751762915685539e+00
1.089187853533721384e+00
1.087130990560126964e+00
1.082870510255511620e+00
1.089790138577911405e+00
1.089672555872604809e+00
1.091600444714509122e+00
1.095173207332495346e+00
1.091576596872235072e+00
1.088178701066555343e+00
1.087662254624018221e+00
1.085930778496818849e+00
1.091346033611046096e+00
1.087285478817513917e+00
1.086471504648906405e+00
1.084041673349158019e+00
1.088621146077658031e+00
1.078075164672934516e+00
1.087191277306380321e+00
1.085817480613366248e+00
1.094716084504222531e+00
1.086224757770974492e+00
1.083653762073754745e+00
1.086110859120119843e+00
1.085975695146599085e+00
1.089081737112782333e+00
1.088758708101219774e+00
1.091804249798550730e+00
1.088837544234454446e+00
1.085588389057265069e+00
1.082512810529700831e+00
1.092985707489212865e+00
1.092007108238881141e+00
1.088607956743363747e+00
1.085862266228634798e+00
1.084529887633640444e+00
1.090498521726907200e+00
1.086030947780877165e+00
1.088728221425304898e+00
1.089855220454465590e+00
1.089836485773813646e+00
1.087273416698141704e+00
1.085859647147449980e+00
1.085219518670590189e+00
1.084502351174870816e+00
1.093215457420337655e+00
1.087045462859794975e+00
1.086524404795503385e+00
1.086382378080563038e+00
1.090685127537559751e+00
1.091245672431979674e+00
1.092341085016750535e+00
1.081813964129311634e+00
1.085872056816565623e+00
1.084598790675169511e+00
1.086266460948973611e+00
1.092346710494815687e+00
1.086013860974593515e+00
1.089718280949427687e+00
1.093633025378887735e+00
1.086949104494788543e+00
1.090184403346386333e+00
1.084874925198396678e+00
1.087781656433237210e+00
1.091805565204858164e+00
1.089676700279540666e+00
1.086649576371999881e+00
1.090583501085518714e+00
1.083392195038865857e+00
1.086917156060577705e+00
1.090812122127335471e+00
1.084102102659395106e+00
1.084441739077523836e+00
1.085212738898569729e+00
1.088984470166912244e+00
1.086466329259158758e+00
1.086697077006228085e+00
1.086122577946867063e+00
1.085042369252360306e+00
1.092043409157160694e+00
1.088745795299365993e+00
1.087652166834695677e+00
1.095293638031086036e+00
1.095210973647677388e+00
1.086975606313604681e+00
1.091965222411096725e+00
1.097184238311600168e+00
1.093151802196035360e+00
1.080309818190664295e+00
1.089999757000466474e+00
1.087238060913790827e+00
1.085649067756009334e+00
1.093586098660045192e+00
1.094361263973898213e+00
1.081627765826327137e+00
1.085341500110709401e+00
1.086674117225696845e+00
1.089001816065540806e+00
1.092999714634255159e+00
1.101586492365890013e+00
1.088413324446492192e+00
1.090044569789361706e+00
1.084814573132694360e+00
1.089362423764601351e+00
1.087477328206162497e+00
1.086231261813667359e+00
1.094990706913103962e+00
1.095825545535330736e+00
1.090597439922677436e+00
1.088371715758108760e+00
1.090199197445600454e+00
1.095594159774028853e+00
1.085005241750888638e+00
1.090039084479444753e+00
1.084208432112207854e+00
1.087505524435630422e+00
1.090119837061536145e+00
1.085100697835011729e+00
1.083597812940423122e+00
1.086165009733541353e+00
1.090404251112853551e+00
1.090620072206003099e+00
1.096413972000139347e+00
1.090061012670654472e+00
1.085897488027267599e+00
1.097262336105091718e+00
1.084341843861668764e+00
1.086477020116686010e+00
1.088850232403849150e+00
1.089196308916482225e+00
1.092469770184159694e+00
1.086999355910565068e+00
1.091995305416319395e+00
1.085288938904672484e+00
1.085820020643738726e+00
1.088543528526205284e+00
1.093372941212730876e+00
1.090292517824707152e+00
1.090848415374242153e+00
1.090178935835585561e+00
1.087953235687569853e+00
1.092916833504876450e+00
1.086712720024604728e+00
1.095651942735282214e+00
1.082395126853094913e+00
1.086099771965693517e+00
1.089937329461884596e+00
1.095456926562710542e+00
1.102211605707389186e+00
1.093011199931124056e+00
1.089468148288058380e+00
1.084704705238662470e+00
1.087607606048518472e+00
1.090816901175052811e+00
1.087673308300942443e+00
1.091881025209877176e+00
1.085866100894682607e+00
1.083643825627427226e+00
1.088005723636379374e+00
1.088454829664739165e+00
1.090482173809573130e+00
1.091002736050584287e+00
1.086478992398069110e+00
1.084667820990852238e+00
1.089305208998020857e+00
1.085273763060377261e+00
1.083961059517202008e+00
1.092903542600241140e+00
1.091441976684664583e+00
1.083436744886740799e+00
1.086801601012789664e+00
1.095615902573444655e+00
1.086119101465107484e+00
1.088709988767082137e+00
1.089728648694567426e+00
1.088772485779553767e+00
1.087393493856243509e+00
1.088128604716000813e+00
1.087772069931216778e+00
1.085227079408184414e+00
1.088889284407006830e+00
1.088242229882935064e+00
1.091581950913083521e+00
1.094034560633258879e+00
1.085519373426959699e+00
1.089180523779072374e+00
1.095024922241203180e+00
1.088892451000103234e+00
1.090157220143827876e+00
1.087055177563239328e+00
1.083617534125890458e+00
1.091746733542608983e+00
1.092930250436442652e+00
1.085814265109713572e+00
1.086429917593215944e+00
1.087885742412642687e+00
1.090036208400685158e+00
1.095521634955221923e+00
1.088349655312666808e+00
1.087532230617257456e+00
1.083631294390164701e+00
1.090228012326453166e+00
1.093062655871214872e+00
1.089334090663386378e+00
1.092199089589397154e+00
1.090675478341271765e+00
1.092342922438165553e+00
1.089356325969314199e+00
1.093040616035599433e+00
1.093229755276213133e+00
1.087191824485613356e+00
1.092230712974835427e+00
1.084473506520820418e+00
1.083512051740777249e+00
1.095507136758076205e+00
1.091712473695323871e+00
1.084203869880250526e+00
1.086913981918690597e+00
1.088595113260758973e+00
1.087037404446716593e+00
1.087798752655817713e+00
1.083856136760033451e+00
1.087148651851707948e+00
1.082454564790837903e+00
1.087333668436234246e+00
1.088307000431555593e+00
1.085837037790374993e+00
1.086555893210428003e+00
1.084402535365710518e+00
1.084967655601414727e+00
1.091718442144324897e+00
1.086090248560647842e+00
1.089188984056001841e+00
1.088017076988169851e+00
1.088796881038827546e+00
1.085724872238142735e+00
1.087988081579403854e+00
1.086841778115652080e+00
1.097455006565321911e+00
1.086774585815379446e+00
