4.369849951937891456e+04
4.129789948037244176e+04
3.936947009591424285e+04
4.042069897233467782e+04
4.267686775325425697e+04
4.111862683339800424e+04
4.033850947626904235e+04
4.218490282004969777e+04
4.106981964682989928e+04
4.315945286428325926e+04
4.137203863285858097e+04
4.178166537496492674e+04
3.974017673975278740e+04
4.196591158020318107e+04
4.272711947181922005e+04
3.955613068059305078e+04
3.974192299104236008e+04
4.266018707348405587e+04
4.226947472576019936e+04
4.104755406083114940e+04
4.189480113495622936e+04
3.990047983185853809e+04
4.021221571403485723e+04
4.257987633015428582e+04
4.021718684636695980e+04
4.048562498255409446e+04
4.069564978099022846e+04
4.292373577682687755e+04
4.296520290700883197e+04
3.962076225630130648e+04
4.195746087780387461e+04
4.044984505180765700e+04
4.172989994190992002e+04
3.988091803877701750e+04
4.089013171953426354e+04
4.195088007259673032e+04
4.003777743546767306e+04
4.518543665276938555e+04
4.270445258170191664e+04
3.937845569010875624e+04
4.140365685726511583e+04
3.890098578440269193e+04
4.076265683672028536e+04
4.210802127490405110e+04
3.998013500966529682e+04
4.272776714204671589e+04
4.261547389482747531e+04
4.157175512042394257e+04
4.366901562849187030e+04
4.134511993284957134e+04
3.898950063332634454e+04
4.180614082167561719e+04
3.911891743917267013e+04
4.072559522505725909e+04
4.120380892667538865e+04
4.002624964239665132e+04
4.197394029626897827e+04
4.491651402045385476e+04
4.189559293692273059e+04
4.330848013488399738e+04
4.319728944995528582e+04
4.588810746478791407e+04
3.965317772407001758e+04
4.213986386231931101e+04
3.923606274832851341e+04
3.921813783407262963e+04
4.128918865002026723e+04
4.145371221577887627e+04
4.368100312038521952e+04
4.291673684498217335e+04
4.254222531577246264e+04
4.099977703731577640e+04
4.126645966538416542e+04
4.461788272855641844e+04
4.068724583365810395e+04
4.208305705109165865e+04
4.288241440299676469e+04
4.140389209364217095e+04
4.127727294159989833e+04
3.999900371292526688e+04
4.072800176968216692e+04
4.370772190219743788e+04
4.069345903683978395e+04
3.903671711786968808e+04
4.460196538826456526e+04
4.262894838921834889e+04
3.961903621795008075e+04
4.140562100597087556e+04
4.083734425078373170e+04
4.156352228808997461e+04
4.000255275098431594e+04
4.101173432074936136e+04
4.033519176689992310e+04
4.168348853020038950e+04
3.948143238375619694e+04
4.044045083749737387e+04
3.944908118912864302e+04
3.992973295457616041e+04
4.274351702028119325e+04
4.017956849383709778e+04
4.083452705754045746e+04
4.294146656891651219e+04
4.166183509668881015e+04
4.206677269220723974e+04
4.198768730019582290e+04
4.254386059612019017e+04
4.161301527065430855e+04
4.140671301239059540e+04
4.167981055452882720e+04
4.053209825961321621e+04
3.997847201279969886e+04
4.082392753367078694e+04
4.076756187640790449e+04
4.069696861418104527e+04
4.186719784908078873e+04
4.099796718327235430e+04
4.015291529491423717e+04
4.219484442093514372e+04
4.059026500782430230e+04
4.410819480728127382e+04
3.982181329433447536e+04
4.337955532939831755e+04
4.251160751667251316e+04
4.136173551072098053e+04
4.159620035908572027e+04
4.170944732562568242e+04
3.995465994217749540e+04
3.819984450459312939e+04
4.206471277088048373e+04
4.091634982734104415e+04
4.194736906072685815e+04
4.126174961681284913e+04
4.293966563524843514e+04
4.093060535579274438e+04
4.296393770793099975e+04
4.024524332294156920e+04
4.133124986053688917e+04
4.090243586808228429e+04
4.505890396201961994e+04
4.167876186564957607e+04
4.224349885219949647e+04
4.253090219561671984e+04
4.073503285909904662e+04
4.060020691866924608e+04
3.877569295700597286e+04
4.109788615160911286e+04
3.848670387412856508e+04
4.037745544675386918e+04
4.134805747239863558e+04
4.080295408177273202e+04
4.314569136557410820e+04
4.271048991838265647e+04
4.231897214081476704e+04
4.183345897515513207e+04
4.204282810463546048e+04
4.091644205345808587e+04
4.199405658317360212e+04
4.257191069646499091e+04
4.275813929325444042e+04
3.934968858776966226e+04
4.109502377708690619e+04
3.957586285053177562e+04
4.565051501844669838e+04
4.029358897578036704e+04
4.125807463310732419e+04
4.018865324282352958e+04
4.240546668046565173e+04
4.070691015770989907e+04
4.144635302749072434e+04
3.980851888644183782e+04
3.911059315857415640e+04
4.157490998630680406e+04
4.003910233216246706e+04
4.187393757448022370e+04
3.834714753070962615e+04
4.043673691141185554e+04
4.248909689057352807e+04
4.026471634320704470e+04
4.145286425482722552e+04
4.216707604315987555e+04
4.081911173095864797e+04
3.918903689718397800e+04
4.242681638948620821e+04
4.007810981913717842e+04
4.119169024237317353e+04
4.100882240037865995e+04
4.088054882458672364e+04
4.117189115385260084e+04
4.150603233815340354e+04
4.063305179750466777e+04
4.086826278713468491e+04
4.185849889768125286e+04
4.114796650214769761e+04
4.020242454849553906e+04
4.116712691161384282e+04
4.263733028620807454e+04
4.203039222702572442e+04
4.004682571872583503e+04
4.559380207478872035e+04
3.994445870790183108e+04
4.143848295214462996e+04
4.214462862957279867e+04
4.081535291701205279e+04
4.061142235464739497e+04
4.047541610109954490e+04
4.112294294459446246e+04
3.926442944778158562e+04
4.356464802391178091e+04
4.239881063833995722e+04
4.043787832223375153e+04
4.256375105882505886e+04
4.205660732371600170e+04
4.035878703043348651e+04
4.220940191275777033e+04
4.048349796911430894e+04
4.109683768913611129e+04
4.085223821649170713e+04
4.083446019263737253e+04
4.017304671864216652e+04
4.020379714507416793e+04
4.065213624771048489e+04
4.090181725172934966e+04
4.083286429420630884e+04
4.053968993732339732e+04
4.053181850541770837e+04
4.229869293792512326e+04
4.053340649872244830e+04
4.070992152590242040e+04
4.179682311431747803e+04
3.930404125414887676e+04
4.372985912939527043e+04
3.912138588230167079e+04
4.132602647817540856e+04
4.659290123338204285e+04
4.113397709760475118e+04
4.114088093154119997e+04
4.146413179576424591e+04
4.212740591275801853e+04
4.220946742337917385e+04
4.084679274071755935e+04
4.217267618810059503e+04
4.113389323987121315e+04
4.156802210065392865e+04
4.147462835233519581e+04
4.136835283967220312e+04
4.429810596186716430e+04
4.188277057334118581e+04
3.891627295572384901e+04
4.205920610602636589e+04
4.328265686259837094e+04
4.155108119832888769e+04
4.165103197017476487e+04
4.028055660718010040e+04
4.318139840911882493e+04
3.983521482504940650e+04
4.203126549372762383e+04
3.970410417698861420e+04
4.208257714755351481e+04
4.077240485116296622e+04
4.097760830562002957e+04
4.144128782531663455e+04
3.919611972902964771e+04
3.838590196594959707e+04
4.137400312701852818e+04
4.015638372293210705e+04
3.914402574157403433e+04
4.167606392016854807e+04
4.073698414409493853e+04
3.908613039347207086e+04
4.126577723604338098e+04
4.291502200466705835e+04
4.341140749713296827e+04
3.975041139001667034e+04
4.078732041646760626e+04
4.179662043607827218e+04
4.235871193398754258e+04
4.142638582932305144e+04
4.078062062918902666e+04
3.990275178406127816e+04
3.936092192727800284e+04
4.059612022184667876e+04
4.011356933167667012e+04
4.023730820414564369e+04
4.163055334971242701e+04
4.068775067698385828e+04
4.097367474900481466e+04
4.261482525928896212e+04
4.134713726521390345e+04
4.083043738757685060e+04
4.082122658672076795e+04
4.108104951827581681e+04
4.374471133217196621e+04
4.099464982489829708e+04
4.230621973790937773e+04
4.108682551465800498e+04
4.176267790374522883e+04
4.324431870884636010e+04
3.937807685666967882e+04
4.294143567730393261e+04
3.991720990408737998e+04
4.249896241906692740e+04
4.210994958359889279e+04
4.197966965895870089e+04
4.131243115119299182e+04
3.982054040424522100e+04
4.082253842352874926e+04
4.129181769204006559e+04
4.103998917375119345e+04
4.340311491077749815e+04
4.200147932366887835e+04
4.051192407711734268e+04
4.056363411028088012e+04
4.276672981556104787e+04
4.391636149362003198e+04
4.054132044146231055e+04
4.064388744220435183e+04
4.025265189265213121e+04
4.281106017035308469e+04
4.467056039109642734e+04
4.439650600903614395e+04
3.986005182351148687e+04
4.317732436364913156e+04
4.047209691618676879e+04
4.342649213219641388e+04
4.000604823667570599e+04
4.145674816355435905e+04
3.970236702446811978e+04
3.948920579280844686e+04
4.441103667926871276e+04
4.128988461251455010e+04
4.040400340144356596e+04
4.201209094533682219e+04
4.227508546028439741e+04
4.030247155100826058e+04
4.140819452406594064e+04
3.951195576708025328e+04
4.074811664805925830e+04
4.213928875740225340e+04
3.977577934082473075e+04
4.243853723341436853e+04
3.998990605548627354e+04
4.214387141581148899e+04
3.990941694401288260e+04
4.243174533186438202e+04
4.138183031839501200e+04
4.029367244157037203e+04
3.972498678150727210e+04
4.083584004457321134e+04
3.915668790983712097e+04
3.921493168124411750e+04
4.043805166928216931e+04
4.152241516675353341e+04
4.067245457609254663e+04
4.017959094170410390e+04
4.263848343877141451e+04
4.157698686953155993e+04
3.901347796258981543e+04
3.924483138606362627e+04
4.138513051251358411e+04
4.131071685616355535e+04
4.354140832888037403e+04
4.399110494501932408e+04
3.991685041382697091e+04
4.196254199949635949e+04
4.021155572742246295e+04
4.237172980722782086e+04
4.016951265673400485e+04
4.095844956612082751e+04
4.229188976452246425e+04
4.077089010923773458e+04
3.839976085241577675e+04
3.943642775569840160e+04
4.173375170727560908e+04
4.131401191789541917e+04
4.247579543653610745e+04
4.150838592253591924e+04
4.153568418836399360e+04
3.815897496443052660e+04
3.959160084491218004e+04
4.227262589418802236e+04
4.238122263471309270e+04
4.017593458904436557e+04
4.317274799028396228e+04
4.147661123705634236e+04
4.327147218756665097e+04
4.073130889847678191e+04
4.109993573205835855e+04
4.196217706396775611e+04
4.023328758282458875e+04
4.075620759358466603e+04
3.940235292874219886e+04
3.974633226325232681e+04
4.102088238267593260e+04
4.199961178238439607e+04
4.209716983737629198e+04
4.119769503122803144e+04
4.147307302396574232e+04
4.100549534558084997e+04
4.105090735311170283e+04
4.131146730527515319e+04
4.233724535953209852e+04
3.941694715542734775e+04
4.312042650434967800e+04
3.977683072585954505e+04
3.971076682311618788e+04
4.073021363743700203e+04
3.859224501215063356e+04
4.313191078437086253e+04
3.984205084598697431e+04
4.127000314012105082e+04
3.988356732873746660e+04
4.122242965348536381e+04
4.328126959986579459e+04
4.208231409833188081e+04
3.874048574370772258e+04
4.119398529848803446e+04
3.755264390734287736e+04
3.951845303683482052e+04
4.009609959628438082e+04
4.132607480356941960e+04
4.139861629547318444e+04
4.314227219998641522e+04
4.092362359499512240e+04
4.082204895159822627e+04
4.286847335254674545e+04
4.185051046573022904e+04
4.210175345587554330e+04
4.173268399614106602e+04
4.093003423430107796e+04
4.282188769465206133e+04
4.171553593905008165e+04
4.099945029397702456e+04
4.403833605619030277e+04
4.228254691313804506e+04
4.085691849010363512e+04
4.182929627470259584e+04
4.155079592941694136e+04
4.284228430952379858e+04
4.127198718957883102e+04
4.074348244807742594e+04
4.096221775512173190e+04
4.095162188873410923e+04
4.104225937742093811e+04
4.096836940187356959e+04
3.955891595924202556e+04
4.177735519396247400e+04
3.996465462215403386e+04
3.966180818375438685e+04
4.226355271077738144e+04
4.058742078278778354e+04
4.176499879056643113e+04
4.067707043477630214e+04
4.156913809463863436e+04
4.075980209637329244e+04
3.891528639721361833e+04
4.031029839363092469e+04
3.971275649419238471e+04
4.289797523283279588e+04
4.219075209390442615e+04
4.205008875866493327e+04
4.235167000014082441e+04
4.095519747634187661e+04
3.996076420747394150e+04
4.019398418407248391e+04
4.049371484934457840e+04
4.160178266243990947e+04
4.083197273825672892e+04
4.130833030368560139e+04
3.981831254560017987e+04
4.129460043848864734e+04
4.183771108457984519e+04
3.973200955366508424e+04
4.074513887350154255e+04
4.240506547255287296e+04
4.153261751439925138e+04
3.895850328809284110e+04
3.847536522750565200e+04
4.137716248873070435e+04
4.340705298891568964e+04
4.438168069151275995e+04
4.217400979003693647e+04
4.206458182646687055e+04
3.942151278733735671e+04
4.241130254998694727e+04
4.263888343623375840e+04
4.128958782311472896e+04
4.054127330114608776e+04
4.041688738080741314e+04
3.948661950747102674e+04
4.124835243773826369e+04
3.897893159813573584e+04
4.045164105846129678e+04
4.082580182005983079e+04
4.131081978883041302e+04
4.027976537169677613e+04
4.020365511561022140e+04
4.009303907907701068e+04
3.914007533045867604e+04
4.146653616999193764e+04
4.179102561188877007e+04
4.119314938568088110e+04
4.003600503260028199e+04
4.345144261638113676e+04
4.183566347991699149e+04
4.312175972835579159e+04
4.041452187353287445e+04
4.218637354737805435e+04
4.166288252757953887e+04
4.042311496767553763e+04
4.017714574518136214e+04
4.220342682176843664e+04
4.271630310189307784e+04
4.390419822497319547e+04
4.420738273262609437e+04
4.075877629441444151e+04
4.254990690735049429e+04
4.226843686767204781e+04
3.960835893135081278e+04
4.158239905870574148e+04
3.934095692068721110e+04
4.268084892690586275e+04
4.001124468041754153e+04
4.191030700508393056e+04
4.051456852542969136e+04
3.990581480725324218e+04
3.969499623905598128e+04
4.118394458561015927e+04
4.420596053716808819e+04
4.200723806225014414e+04
3.980206398859796900e+04
4.215534315013873857e+04
4.106794831942286692e+04
4.155871460187889897e+04
3.936141443270171294e+04
4.110758008653188153e+04
4.132173033308466984e+04
4.021334405383584090e+04
4.019053019428483822e+04
4.087480308482821420e+04
4.106721049205308373e+04
3.980141671492037131e+04
4.114942414356805239e+04
4.039591073902575590e+04
4.188243440452476352e+04
4.173709429170488147e+04
4.040102906558060204e+04
4.079852791302443802e+04
3.989033712409601139e+04
4.157669299138362112e+04
3.975963331553475291e+04
4.128387507064265083e+04
4.088060622118283209e+04
4.182445766965583607e+04
4.116283049283157015e+04
3.992774460231938428e+04
3.912079938152183604e+04
4.048671269285797462e+04
3.978393530611204915e+04
4.079058837001865322e+04
4.044773520450582146e+04
3.979790204227694630e+04
4.087691423320589820e+04
4.187271185773650359e+04
3.947428241736853670e+04
4.039847293820126652e+04
4.110783480165629589e+04
4.330502868709643371e+04
4.102191263432728010e+04
4.082654091692942166e+04
3.925961787414755963e+04
4.297851935620891163e+04
3.930204768817438890e+04
3.886927860243203759e+04
4.243349887049396784e+04
4.170787981739031238e+04
4.218923224968595605e+04
4.040225308776145539e+04
4.364333875933488889e+04
4.089398843382249470e+04
4.329447474855355540e+04
4.143164494226268289e+04
4.002424280541968619e+04
3.873223143692229496e+04
3.974921453965359979e+04
4.146473509470251156e+04
4.013247643751038413e+04
4.017981779832806933e+04
4.139596805983907689e+04
4.060283253538776626e+04
4.013309954610325804e+04
3.878708419522672921e+04
4.142246263638128585e+04
4.181717373337351455e+04
4.230855756688889960e+04
4.126288559737198375e+04
3.862990247695179278e+04
4.133878759226763941e+04
4.063271762945275259e+04
4.106951883401221130e+04
4.086520785052891733e+04
4.217103736708116048e+04
3.865331105358169589e+04
4.275362649877709919e+04
4.184305855099473411e+04
4.116175580089059076e+04
4.134033181271252397e+04
4.026911915163300000e+04
4.009299946704806644e+04
4.258716494320695347e+04
4.144554846255337907e+04
4.116889707974627527e+04
4.317339738704554475e+04
4.107445094650160172e+04
4.047204026054938004e+04
4.101094089570844517e+04
4.329804341015443060e+04
4.058802396930573741e+04
4.010103065033704479e+04
4.342972512958911102e+04
3.919429990287478722e+04
4.032815746972989291e+04
3.899775486043436831e+04
4.245659937513632030e+04
3.964587447443856945e+04
4.058460284393779875e+04
4.040376109285404527e+04
4.268841796672449709e+04
4.000681632885251747e+04
4.036717397917153721e+04
4.066728695458621223e+04
4.104529395276109426e+04
4.111007327807221009e+04
4.150764051156940695e+04
4.015359952762725152e+04
4.266724470823154843e+04
4.110679642243197304e+04
3.968443091381927661e+04
4.092884699725241808e+04
4.228176585221663117e+04
3.894149212864162837e+04
4.071514658096505445e+04
3.809653370050640660e+04
4.198067749028877734e+04
4.143618960659539152e+04
3.782199629888932395e+04
3.888269996504968731e+04
4.293949721473176760e+04
4.071263566779992834e+04
4.120604184233025444e+04
4.293935621636976430e+04
4.267340925462167070e+04
4.091832795255137898e+04
4.025058903084413032e+04
4.111464075395464897e+04
4.067449580743261322e+04
3.895496072992664995e+04
4.093439424492031685e+04
4.091624688249330211e+04
4.078737594815532066e+04
3.970142631136057753e+04
4.058923557162586803e+04
4.256282778338976641e+04
4.153015396539415087e+04
3.923091448901793046e+04
4.034907846757295192e+04
4.081003767573234654e+04
3.750119771209265309e+04
4.238692974642276386e+04
4.329946875201980583e+04
4.034929203143014456e+04
3.945061957389197778e+04
4.049231604005805275e+04
3.942025029315365828e+04
4.313818173366470000e+04
4.380601755771414901e+04
4.223869442432591313e+04
4.089905141823621670e+04
4.253574329645673424e+04
4.336600386930317472e+04
4.381932637361845991e+04
4.082420127809128462e+04
4.144627496476590750e+04
4.096951068242775364e+04
4.116377336201666913e+04
4.001255551242048386e+04
4.138407910138303851e+04
3.929353456893190742e+04
3.790157008808087267e+04
4.067949914218168124e+04
4.011211734003134916e+04
4.038812011182281276e+04
4.083190205982939369e+04
4.292839820756523113e+04
4.097665107503384934e+04
4.138170481070657843e+04
4.222239886931759975e+04
4.227000235352298478e+04
4.148440396423549100e+04
4.021955593045611022e+04
4.397388410861296870e+04
4.043941969547504414e+04
4.115680808296009491e+04
4.114039146467485989e+04
4.269263730413642043e+04
3.909678658082553738e+04
3.865697859675268410e+04
4.119223322812422703e+04
3.928835094664244389e+04
4.111437214071596100e+04
4.007907444049278274e+04
3.988250568536500941e+04
4.048739137876960012e+04
4.379081094483179186e+04
3.988491839336482371e+04
4.019893261529244046e+04
4.157905468904212466e+04
4.262742688462662045e+04
4.061526012967251881e+04
4.184033315468862565e+04
4.035996036061282939e+04
4.007996414921894757e+04
4.257863293533358228e+04
4.077450775706298009e+04
4.102567703645141592e+04
4.086154866346169001e+04
4.199216331125899160e+04
4.156115404728217982e+04
4.169172389501682483e+04
3.893237848695903085e+04
4.029927432075141405e+04
4.163907268075580214e+04
3.929993370984942885e+04
3.961967795453362487e+04
4.022194999481341074e+04
4.298350118379319611e+04
4.200834540609493706e+04
4.131306234798866353e+04
3.938218747086445364e+04
4.045187931788973219e+04
4.155909272046312253e+04
3.997497935921313911e+04
4.027881499503357918e+04
3.990386189291825576e+04
4.244304639841372409e+04
4.078985730237540702e+04
4.138508446281114448e+04
4.292557196730427677e+04
3.895818678268045187e+04
4.145891476034694642e+04
4.236779995176271768e+04
4.234949157382133853e+04
4.191384754781915399e+04
4.195176756292315258e+04
4.206891246049825713e+04
4.150371511783696042e+04
4.344376773198532464e+04
3.971296387858331582e+04
4.310480556590948254e+04
4.261229440279318078e+04
3.975474195604221313e+04
4.073209917646202666e+04
4.084660664706073294e+04
3.959408290074981778e+04
4.446367470854365820e+04
4.226592394350552058e+04
4.297534912246245949e+04
4.010627328367698647e+04
4.059491787055377790e+04
4.361744495380938315e+04
4.286444697925502260e+04
4.021242463015532121e+04
4.134994621905145323e+04
3.916208396579388500e+04
4.099964051772681705e+04
3.997738594381936855e+04
4.168058822795112792e+04
4.407535475677775685e+04
4.372200605181398714e+04
4.021493847780195938e+04
4.109794637575765955e+04
4.456631520297381212e+04
3.960443409330891882e+04
3.930984266735603887e+04
3.899935049464032636e+04
4.090912739768157917e+04
4.136137122222086327e+04
4.038508290491414664e+04
4.145014052582783916e+04
4.005292378631796601e+04
3.865795604673720663e+04
4.178419552464390290e+04
3.977384201715873496e+04
4.083136930961183680e+04
4.040723216433233029e+04
4.070839160849028121e+04
4.033205510884843534e+04
4.258121040962739789e+04
4.152882114251475286e+04
4.045140039881994016e+04
4.015627661742281634e+04
4.238620575342630764e+04
4.472937759459008521e+04
4.057709815679633903e+04
3.816788998135122529e+04
4.065512429773509211e+04
4.192967493293338339e+04
4.187959881624736590e+04
4.087872312064193829e+04
3.774255995326432458e+04
4.176735798677999992e+04
4.269565295070389402e+04
4.132118982700695051e+04
3.902069495865579665e+04
4.097671320656163152e+04
4.242965191391313419e+04
4.185273751573701156e+04
4.138631790098733472e+04
4.094706959155889490e+04
4.151704096883806051e+04
4.095561439095873357e+04
4.139442667484145932e+04
3.842470501652714302e+04
4.311983484259837132e+04
4.167865130217944534e+04
4.013683113260909158e+04
3.869096006715382100e+04
3.991031877072835778e+04
4.018541353987702314e+04
4.213222571635257918e+04
4.128753867907599488e+04
3.896884306447028212e+04
4.144604630643284327e+04
3.986225823257059528e+04
3.906221143018969451e+04
4.057415208727697609e+04
4.050983338116473897e+04
4.171940792824071104e+04
4.186806003708834760e+04
4.213274743504713842e+04
4.260629576926898153e+04
3.987745990014378913e+04
4.115104077328580024e+04
4.037466257459830376e+04
4.097495871600951796e+04
3.940288740016890370e+04
4.119953636252236174e+04
4.083228047396118200e+04
4.008584660099341272e+04
4.162482651828057715e+04
3.989567650321732799e+04
4.094703411200777919e+04
3.843265057679219171e+04
3.998990292437007156e+04
3.996551708727713412e+04
4.186900145904024248e+04
3.933349765238164400e+04
4.299269371321676590e+04
4.007930875400677905e+04
3.937873329956555244e+04
4.106359122882290103e+04
4.231933140473849198e+04
3.962094487333906727e+04
4.033356619409048290e+04
4.059084829980090581e+04
3.965841061447373795e+04
4.039245165694881143e+04
3.960838468449434004e+04
4.500587841657526587e+04
4.079888704923517798e+04
3.959172306143157039e+04
4.247683645247411914e+04
3.938856387737075420e+04
3.970380818252004974e+04
4.102803866212115827e+04
3.853439043232631229e+04
4.355127943232173129e+04
3.971582804843784106e+04
4.091297312515773956e+04
3.993674789249136666e+04
3.946848075630969106e+04
4.038309689961044205e+04
4.249887552276170027e+04
4.013438484396703279e+04
4.109787490552525560e+04
4.158026030824134068e+04
4.205484276494955702e+04
4.203397717986023781e+04
4.005629838941056369e+04
4.140057917441410245e+04
4.048074072608973802e+04
3.856243915900063439e+04
4.349214659390471934e+04
3.855202414832286013e+04
4.005243523185033700e+04
3.963594944889369071e+04
4.054786668321560865e+04
4.064937289371731458e+04
4.000627844387928781e+04
4.103736574200658652e+04
3.991985423786750471e+04
3.950678682977893914e+04
4.228422622923361632e+04
4.085630727441104682e+04
4.137056166519295220e+04
3.932673507183102629e+04
3.995235708193926257e+04
4.305027644783112919e+04
4.070615281911258353e+04
4.298673529593307467e+04
3.815173443309711001e+04
4.161531380058238574e+04
4.021222295708607271e+04
4.298586863609864668e+04
4.004536350514218793e+04
4.140900599866496486e+04
4.083876259388797916e+04
4.051059182118080207e+04
4.053985879116781871e+04
4.158781767084678722e+04
4.220522774276869313e+04
4.096479403925568477e+04
4.147074330489325075e+04
4.178702139078643086e+04
4.046511122748929483e+04
4.312602535318848822e+04
4.289060653299210389e+04
4.181827684281388065e+04
4.179507015745456738e+04
4.010011831417583744e+04
4.096360160397528671e+04
4.218024153294656571e+04
4.379607833464701980e+04
4.075892895964021591e+04
4.209506741110098665e+04
3.856739781791224232e+04
4.012098043831149698e+04
3.931123231639715959e+04
4.030537196895482339e+04
3.977507058533474628e+04
4.280332718390407535e+04
3.858092492462188238e+04
3.995074750765407225e+04
4.062483377240630944e+04
3.958626960640284233e+04
4.205840111693670769e+04
4.211890659451703686e+04
4.387653846524679830e+04
3.993223673242417863e+04
3.810805512777218246e+04
4.314115293248240050e+04
3.798125775018559216e+04
4.300161072474768298e+04
3.958133850922351849e+04
4.197179932410553738e+04
4.071563041358007467e+04
3.901027425438549835e+04
4.045772651255883829e+04
4.045709530424325203e+04
4.075294586646129028e+04
3.949462576057810656e+04
4.077758272820956336e+04
4.266703283141509019e+04
4.078701401047039690e+04
4.302821220306074247e+04
4.009335810411448620e+04
4.097801749052655941e+04
3.978797445869011426e+04
4.374424848141681287e+04
4.018292048136625090e+04
4.352485085088049527e+04
4.048969412429082877e+04
4.284921023584509385e+04
4.040189010235058959e+04
3.983921026683202945e+04
4.319784395216897246e+04
4.161528462335163204e+04
4.063810500373368268e+04
4.054510525071062148e+04
4.159528916400390153e+04
4.171626998634596384e+04
4.188250392554369319e+04
4.021725827184922673e+04
4.103838599688426621e+04
4.328011270564455481e+04
4.069007388988258754e+04
4.120026469903246470e+04
4.298740789687016513e+04
4.163264603165798326e+04
3.974638069026404992e+04
4.333127012106328038e+04
3.977344065229807893e+04
4.057435558895816212e+04
4.158021141764224012e+04
4.255616881356199883e+04
4.111687033466937282e+04
4.265578468958034500e+04
4.241167336466025154e+04
4.131304159417851770e+04
4.045314560611246998e+04
4.242492764923806681e+04
