8.809379981588578084e+04
5.978343301384382357e+04
5.658221294086240960e+04
5.874154806140375877e+04
5.664035602014189499e+04
5.633152211568607163e+04
5.871425321375335625e+04
5.946220773747417115e+04
6.061322821204860520e+04
5.763942463526978099e+04
5.702287706463503855e+04
5.939850753165521746e+04
5.531508559262590279e+04
5.600047446144810237e+04
5.570407591213323758e+04
5.796334666383976582e+04
5.673122489495491754e+04
5.909856227644266619e+04
5.748420536376629025e+04
5.629743167114797689e+04
5.975860044075455517e+04
6.019097635950370022e+04
6.093705727372685215e+04
5.847784164408236393e+04
5.739196388236319035e+04
6.064500628476261045e+04
5.658698735185578698e+04
5.876698830053291749e+04
5.609977440050329460e+04
5.546906049904140673e+04
6.008655012462351442e+04
5.679111554974607134e+04
5.753752093553933810e+04
5.900077692720819323e+04
6.156333198113436811e+04
5.988354207029462123e+04
5.615222869236544648e+04
5.760110123076957825e+04
5.588983825924638950e+04
6.047417462376113690e+04
5.892708137168881512e+04
5.616358622022868803e+04
6.078203568594348326e+04
5.997871307160958531e+04
5.771805244643049809e+04
6.217191254637245584e+04
5.402608636348069558e+04
5.840196451047849405e+04
6.175900727545130212e+04
5.862400039830538299e+04
5.796125169443129562e+04
6.111392584567259473e+04
5.878094314808509807e+04
5.976965459019266564e+04
6.031922526370532432e+04
5.885314848780611646e+04
5.549604600007898989e+04
5.583028259296220494e+04
5.844070556807782123e+04
5.597208384866914275e+04
5.857892415034730948e+04
6.138667659876008838e+04
5.855076105123697198e+04
5.830974565552010608e+04
5.728348109354692133e+04
5.802423262185131171e+04
5.538731248506077100e+04
5.888409079089428269e+04
5.802269265718193492e+04
6.158365175791000365e+04
6.284513863916859555e+04
6.294596077401049115e+04
6.094571083696815185e+04
5.382248154045824049e+04
5.904109969225732493e+04
5.832106440473511611e+04
5.777162064728963742e+04
5.856452995424249821e+04
6.072757668529713555e+04
5.917274718975902942e+04
5.746700858301633707e+04
6.017349690529578947e+04
6.178282485357507539e+04
5.686846415210640407e+04
6.031864574162784993e+04
6.152261769409212138e+04
5.866331608931569644e+04
5.743186153499118518e+04
5.872719991076913720e+04
5.534597388704215700e+04
5.734012138084050821e+04
5.582822836708511750e+04
5.686195777024669223e+04
5.959593615469113138e+04
5.588247177820537036e+04
5.906417672122328077e+04
5.766557081553720491e+04
5.518390356976651674e+04
6.001064701256197441e+04
6.047544521346660622e+04
5.703310718049100979e+04
5.747700611349384417e+04
5.652446144608054601e+04
5.922940852189398720e+04
5.949852668889344932e+04
5.820629972669695417e+04
6.347314699552069214e+04
5.703483137587792589e+04
5.909035607250230532e+04
6.252476379108320543e+04
5.778820395489371731e+04
5.934817125583910820e+04
5.682352657084227394e+04
5.827763516466652072e+04
5.748496386736388376e+04
5.596552408304878190e+04
6.291889821195206605e+04
6.129722888015835633e+04
6.018470627596897975e+04
6.019532864969641378e+04
5.886063101024327625e+04
5.536038551317759993e+04
5.779611063147161622e+04
5.649991071241079044e+04
5.952880443205284973e+04
6.342162961781796912e+04
5.586474718406199099e+04
5.703735262945554859e+04
5.833325684398086742e+04
5.800903805950663082e+04
5.625886546328941768e+04
6.208259462411534332e+04
5.727659034204632189e+04
6.009415766719551175e+04
6.235672190469999623e+04
5.702627207680507854e+04
5.638324985290798213e+04
5.663687918684276519e+04
5.622964892235350999e+04
5.653602336245741753e+04
5.528175478100692271e+04
5.757832030256978032e+04
5.967439186087038979e+04
5.899608517917677818e+04
5.831353886424409575e+04
5.912803066169563681e+04
5.595903524307667976e+04
5.810526424110282824e+04
5.775577324801343639e+04
5.723439919338163600e+04
5.668784834808336018e+04
5.707212950827096211e+04
5.609072493127376947e+04
5.922741261413125903e+04
5.857242727177845518e+04
5.716620373290238058e+04
5.415961228578547161e+04
5.757616536408166576e+04
5.714320599034347833e+04
5.902413852059574128e+04
5.731514307848578756e+04
5.826469806787764537e+04
5.521008916787154885e+04
5.864911608561127650e+04
5.717329444062122639e+04
5.975351731284915149e+04
5.763476288339715393e+04
5.923198961378337845e+04
5.963285473134668428e+04
6.091937674878931284e+04
5.668456709226711973e+04
5.918481412115342391e+04
5.444720308968286554e+04
5.768975170252125827e+04
6.136021052210678317e+04
5.912943974644857371e+04
5.900153551963251812e+04
5.689504165328693489e+04
5.764528162889874511e+04
5.787993049790366058e+04
5.869810908899392962e+04
5.438580706221315631e+04
5.858317653001981671e+04
5.667105155280537292e+04
5.993620419576564746e+04
5.819839478436345235e+04
6.266299827055773494e+04
6.002868151292011316e+04
5.762583991682253691e+04
5.767458445070143352e+04
5.856590120801288867e+04
5.757163147269829642e+04
6.061021343379584869e+04
6.040970241923017602e+04
5.466672201260447764e+04
5.520983440915682877e+04
6.081317829014698509e+04
5.836498741441518359e+04
6.017038870099119958e+04
6.112604709970275144e+04
6.203593345978177967e+04
5.800525776215286896e+04
5.811069130534803844e+04
5.863275370436648518e+04
5.785232511779238121e+04
5.851765439223498106e+04
6.399650597212781577e+04
5.838346342180502688e+04
5.873414561157376738e+04
5.984510757362348522e+04
5.764247983359541104e+04
5.635467402172055154e+04
5.765204494730882288e+04
5.949829271633859753e+04
5.934439317857610877e+04
5.699904084926271025e+04
5.988395031895767170e+04
5.400956350525366724e+04
5.838257467671520862e+04
5.621378800706783659e+04
5.877018078589667857e+04
5.984298263739622053e+04
5.918405884956527007e+04
5.980479016402897832e+04
5.443447406870449049e+04
5.954344265115428425e+04
5.403249347179227334e+04
5.945316672651040426e+04
5.657559582662839966e+04
6.012766258382592059e+04
5.884196345948706585e+04
5.326892946750049305e+04
5.901344533703034540e+04
5.740307288190510008e+04
5.358810891984213231e+04
5.809470653435776330e+04
5.664291376286223385e+04
5.903569400846466306e+04
5.359612194131698925e+04
5.577000705542458309e+04
5.969809141018085211e+04
5.282388097693357849e+04
5.682911508157442586e+04
5.798619704805974470e+04
5.562314081344808073e+04
5.657308366464007850e+04
5.994805729126020015e+04
5.784095909497123648e+04
5.629810447594218567e+04
5.948105646965499182e+04
6.168548656905880489e+04
5.735467705038608256e+04
5.731181894421728794e+04
5.755498255237211561e+04
5.900940803306990711e+04
5.455499785537903517e+04
5.859866716040573374e+04
6.062994254179656127e+04
5.947108885423187894e+04
5.567257627574936487e+04
5.701777048938139342e+04
5.891013612250969891e+04
5.506122651267199399e+04
5.847138330498426512e+04
5.816738429503250518e+04
5.611753589599639963e+04
6.172413442977932573e+04
5.763705834080120985e+04
5.753487492503620160e+04
5.882970936661979795e+04
5.678994563973568438e+04
5.628514252657903126e+04
6.088868006995862379e+04
5.959851115864541498e+04
5.745827429450053751e+04
5.787723188512357592e+04
5.882699453009597346e+04
5.703750092206228874e+04
5.605705415191195789e+04
5.916100471266487875e+04
5.880212160785427841e+04
5.075428913126470434e+04
6.318940945448831917e+04
6.266516196133141784e+04
5.893149079304364568e+04
6.089548184103160020e+04
6.075794855736132013e+04
5.649661661143027595e+04
5.992626855090949539e+04
5.881005706413569715e+04
5.656312519615515339e+04
5.623124464438889117e+04
5.859952815753572941e+04
6.043008030082412733e+04
5.790344834085882758e+04
6.005915365006976936e+04
5.881925089630323055e+04
5.854597757895993709e+04
5.808065710142403259e+04
5.855194514399371837e+04
6.018034112721012934e+04
6.006170533605473611e+04
6.132926381664531073e+04
5.639138555872401776e+04
5.802494216178597708e+04
5.454435678922820807e+04
5.553502857295754075e+04
5.952852140168438928e+04
5.700598735491155094e+04
5.964933777686833491e+04
6.013105108379745798e+04
5.885442098403374257e+04
6.273525038741796743e+04
5.702299599591377046e+04
6.089862353889038059e+04
5.826613786309813440e+04
5.721791526041184989e+04
5.544715610147480766e+04
5.425535466850223747e+04
5.890922182025005168e+04
6.035100927354845771e+04
5.502246263684893347e+04
5.479506767761058290e+04
6.045841478226616891e+04
5.942812976390727272e+04
5.753538168613106973e+04
5.841142615755579754e+04
5.834419171095512866e+04
6.458021315629898891e+04
5.842991128874135757e+04
5.499848000624748238e+04
5.881739892595240963e+04
6.017232897066740406e+04
5.866907378309212072e+04
5.819469171679623832e+04
6.044700418236441328e+04
5.652902790560866561e+04
6.163236099561599258e+04
5.519926159159756935e+04
5.870579180343903136e+04
5.923002504185447469e+04
5.888640084900968941e+04
5.818208450896722206e+04
5.568254915683263243e+04
5.641682295793519006e+04
5.870013612029721116e+04
6.000825487879664433e+04
5.736056839308141934e+04
5.809065498842432135e+04
5.887738591555820312e+04
5.661916429402305948e+04
6.318501577728775737e+04
5.952246188506924227e+04
5.569664338249264256e+04
6.131728741005809570e+04
6.171068201690683782e+04
5.907382468390501890e+04
5.630592322747784056e+04
6.056466514984113746e+04
5.947642647401669819e+04
6.051243031087548297e+04
5.737910151440358459e+04
6.144290822063717496e+04
5.915530222951450560e+04
5.596747305646425229e+04
6.051198678881271917e+04
5.632206442808743304e+04
6.028931620731270959e+04
5.554578005920549913e+04
5.889063487191093009e+04
5.476905710209578683e+04
5.816450420085420774e+04
5.818184593796903209e+04
5.906615181554029550e+04
6.441726526380240830e+04
5.652918479167594342e+04
6.278332626726019953e+04
5.774138687165902229e+04
5.565651564965040598e+04
5.478780132408210193e+04
5.712857850862570922e+04
5.809887654153344920e+04
5.700116175619454589e+04
5.894968488280836755e+04
5.979373001651743107e+04
5.787861106344626023e+04
6.062752989141019498e+04
6.043391279960611428e+04
5.599242478675064194e+04
6.125465487214430323e+04
5.579469291907290608e+04
5.864120135709974420e+04
5.912532926868963114e+04
6.005374784337393066e+04
6.303753505273651535e+04
5.743439058351140557e+04
5.997065597118949518e+04
5.969454399109283986e+04
5.551137549670489534e+04
6.462355592332907690e+04
5.631012301912672410e+04
5.680432443857879116e+04
5.626807472656455502e+04
5.819044794283848751e+04
5.920459322018815874e+04
5.853162284135472873e+04
5.853381988330779132e+04
6.082945763196460030e+04
5.786553767004109250e+04
5.662167750055948272e+04
5.740691754769814725e+04
5.600216317241066281e+04
5.451094452628669387e+04
5.923437201548307348e+04
5.990611616852701991e+04
6.021342984315818467e+04
5.869580493366855080e+04
6.066412214626803325e+04
5.916058563295078056e+04
5.632879542695998680e+04
5.729299059227163525e+04
5.482894603875157918e+04
5.756314398871520825e+04
5.910089498688098683e+04
5.871389319534782408e+04
5.781697495327590877e+04
5.570180652953035315e+04
6.391516746643110673e+04
5.813969205123834399e+04
5.620173241470562789e+04
5.772593045673986489e+04
5.568095047655735107e+04
5.822594381344383874e+04
5.566082153242680215e+04
6.105551774850449874e+04
5.720454565170959540e+04
5.845785837382848695e+04
5.754602105262680561e+04
5.776484055535239895e+04
5.904756739354758611e+04
6.083644057057353348e+04
5.711633428189870028e+04
5.854143159725858277e+04
5.857197640838773077e+04
5.652634388293408119e+04
5.734464465151572949e+04
5.929424235750998923e+04
5.357975981747869810e+04
5.686571076437350712e+04
5.781027728737604048e+04
6.195023495062192524e+04
6.428123154252194217e+04
5.557591820861707674e+04
5.898836366250202991e+04
5.625575683285720879e+04
5.865855735853517399e+04
5.917457634242963104e+04
5.826491237769420695e+04
5.968636500025365967e+04
6.146031768226236454e+04
5.372868830248626909e+04
6.238167673147028836e+04
5.512870508401315601e+04
5.841906362856712803e+04
5.857784648008269869e+04
5.745182395325077232e+04
5.777518529717989441e+04
5.899535011485192081e+04
6.035572087716108945e+04
5.641825343475371483e+04
5.753491070560558728e+04
5.855906571325650293e+04
5.825728952390184713e+04
6.040209510082065390e+04
5.882805570687156433e+04
5.766037586235428171e+04
5.984093534017971251e+04
6.287296434607029369e+04
6.137880923336028354e+04
5.501556723150909966e+04
6.205574764133533608e+04
5.801883988551662333e+04
5.676046322826103278e+04
5.880509929398152599e+04
5.441635474769693974e+04
5.653662628018714167e+04
6.077687569334106229e+04
5.878333961404217553e+04
5.814372218266972777e+04
6.442838080289574282e+04
5.890113817166652007e+04
5.935460077737088432e+04
6.214044425421179039e+04
5.909391395781407482e+04
5.870480410509029753e+04
6.224186581418608694e+04
5.542213799347046734e+04
5.862856587311314070e+04
5.879064471534987388e+04
5.981485195545064926e+04
5.733591228302544914e+04
5.923749687011406786e+04
5.747828004164319282e+04
5.662968470824982796e+04
6.073762306389011064e+04
5.456538438449081150e+04
5.588048098088439292e+04
5.806857200707947050e+04
5.774381776573724346e+04
5.581224616098571278e+04
5.772554645623949909e+04
6.145236444856681192e+04
5.814832378899936157e+04
5.701318320229390520e+04
5.929587496950728382e+04
6.239290242374977970e+04
5.708471028303672210e+04
5.698372253196391830e+04
5.600675248370332702e+04
5.462504162854663446e+04
5.819635655227410462e+04
5.924778765348761954e+04
5.945866808716359810e+04
5.795317795420601033e+04
5.747028415741080971e+04
5.920224892396428913e+04
5.909144954906920611e+04
6.233876488648659142e+04
5.709362344801797008e+04
5.588036384809939045e+04
6.060221444074949250e+04
5.803998549614255899e+04
6.022719499782403727e+04
5.692742195738975715e+04
5.895642520074542699e+04
6.175343465877197013e+04
6.152775301399110322e+04
5.850791922917165357e+04
5.830180124529152818e+04
5.805619485426619212e+04
5.681195993937413732e+04
5.980984906468410190e+04
5.599608399366577942e+04
6.213377991851309343e+04
5.962356823753307981e+04
5.583817746135850757e+04
6.201341731096205331e+04
5.725722472009229386e+04
6.066677763252536533e+04
5.792613836105683731e+04
5.709068969458634092e+04
5.787529070627845795e+04
5.781066507750624442e+04
5.812232413785537210e+04
5.592338454149798781e+04
6.082379263174214429e+04
5.779107889756342047e+04
5.805178727364482620e+04
6.222571236379742913e+04
5.804995414299784898e+04
5.580233001856344345e+04
6.023360811670091061e+04
5.606125823652124382e+04
6.344155350209113385e+04
5.906969387246962287e+04
5.637097623234667117e+04
5.921250301111163571e+04
5.884808115223445930e+04
6.199633577227329079e+04
5.814783560892934474e+04
5.615349813558039750e+04
6.052045471997045388e+04
5.953255678082616942e+04
5.744644290311117948e+04
6.007003340430581011e+04
5.818308162757459650e+04
5.934456654443411389e+04
5.525491978593107342e+04
6.166695031429386290e+04
5.859660063076446386e+04
5.618218497490877053e+04
5.666705881267721998e+04
5.898634897688234923e+04
5.746215327651509870e+04
5.684773688751220470e+04
6.132678220663067623e+04
5.631675167949019669e+04
5.861730779226054437e+04
6.000006197062496358e+04
5.689231706060639408e+04
5.354060755600349512e+04
5.912545468777893984e+04
5.883377316251985030e+04
5.720258896006939176e+04
5.980507330760742479e+04
5.921558826618905005e+04
5.908175065041422204e+04
5.980036263172771578e+04
5.777819289103049232e+04
5.875452489427223918e+04
6.112017414313285553e+04
5.991452641599788330e+04
5.645911242077156203e+04
5.813942714808484016e+04
5.953038727211906371e+04
6.046162886481917667e+04
6.132119931021227967e+04
5.774980766102955386e+04
6.079327441883790016e+04
5.525739123194896092e+04
5.601417804685423471e+04
5.842193950585564016e+04
6.085528375402675738e+04
5.956630016579523362e+04
5.935711734325183352e+04
5.809067637869927421e+04
5.542436097081119078e+04
5.788481147082452662e+04
6.066841532685983111e+04
6.052693014239781041e+04
6.073575682648285147e+04
5.980276599852396612e+04
5.575109021230184590e+04
5.511463089793821564e+04
6.179090498726957594e+04
5.857172134919014934e+04
5.739374523738928838e+04
6.018490024680216447e+04
6.156872377079530270e+04
6.138012209217976488e+04
6.056931111452546611e+04
6.202342388236157421e+04
5.943504106833941478e+04
5.575184933183292742e+04
6.002496007887282030e+04
5.698322794234802132e+04
5.875170515710890322e+04
5.960296819912051433e+04
5.874794389058091474e+04
5.898296357207571418e+04
5.983150811701666680e+04
5.981399533618931309e+04
5.869633711897754984e+04
5.588998050255092676e+04
5.859702059539291804e+04
5.947664086361778027e+04
5.860779231546135998e+04
5.851279730056221888e+04
5.443437911264497961e+04
5.743065330637280567e+04
5.698855644108931301e+04
5.567390468498122937e+04
5.443774734398064902e+04
5.230578547922719008e+04
6.228112931509039481e+04
5.857232820537460793e+04
6.030717394931014132e+04
5.828190502655294404e+04
5.526294531635370367e+04
5.594105351319714828e+04
6.075197808289888053e+04
5.658329604241152265e+04
5.460653815378707077e+04
6.509406144162013516e+04
5.768311382962812786e+04
5.749205982512612536e+04
5.899686319433442986e+04
6.061595909475931694e+04
5.320627837644537794e+04
5.826609118684218993e+04
5.835952265647258901e+04
5.657376816824000707e+04
5.623031244546308881e+04
5.649830594243817177e+04
5.603271184749562963e+04
6.080124709293301567e+04
5.660511703126928478e+04
6.024373714127026324e+04
5.989835125788777805e+04
5.647122169236638729e+04
5.624146433569092187e+04
5.417552870181491016e+04
5.802745425208647794e+04
5.788970477749993006e+04
5.630932535246717453e+04
5.949897883561319031e+04
6.014740434103851294e+04
5.807088230027412646e+04
5.913914826239091781e+04
6.133098737040491687e+04
5.656832166186642280e+04
5.501530302156443213e+04
5.987867613435686508e+04
5.982555413111072266e+04
5.709766204218205530e+04
5.660239018938261870e+04
5.596281922659324482e+04
5.551076953065378621e+04
5.558042756867151184e+04
5.802518144196494541e+04
6.357852362625944079e+04
5.755954622897302033e+04
5.541242560523378779e+04
5.891929134708661149e+04
5.760194018811559363e+04
5.815269546970528609e+04
6.171759112664379063e+04
6.154527896300038992e+04
5.540557533567649807e+04
5.695549682587990537e+04
5.929920891451535135e+04
5.466254536068645393e+04
6.075883459913764091e+04
5.918909416595572111e+04
5.826133230736391852e+04
5.896898891875540721e+04
6.106847330704829074e+04
5.853530727776548156e+04
5.792537065124579385e+04
5.583149203203765501e+04
6.072444741121216066e+04
5.867282107670539699e+04
5.767843078200091986e+04
5.573339561833745393e+04
6.029892745247927814e+04
5.696291277407007146e+04
5.600651141167407332e+04
5.510066689914267045e+04
5.908221052189749753e+04
5.930421506570494239e+04
5.995523090427053830e+04
5.696673259010994661e+04
6.005821063807189057e+04
5.496017898248417623e+04
5.676730380268782028e+04
5.640661711956246290e+04
5.852841271064742614e+04
5.555793076205003308e+04
6.048059846115707478e+04
6.018965252444772341e+04
6.234309061768566607e+04
5.703022200993099250e+04
5.706210892258578679e+04
6.005214266698538995e+04
5.709877682741732860e+04
5.924139017936663004e+04
5.747404688585620170e+04
5.808916557134265895e+04
5.724544814929339918e+04
5.971528123652680370e+04
5.776116606611143652e+04
5.919133393552115012e+04
5.919868962407673098e+04
5.777033567645442963e+04
6.150210438033020182e+04
6.422577900876024069e+04
6.143644820329161303e+04
6.172899589373539493e+04
5.670354531732590840e+04
5.794854563840550691e+04
6.113252018755004246e+04
5.551069777661628905e+04
6.090641907206757605e+04
5.951241491484342987e+04
5.808012695816252381e+04
5.635177907597932062e+04
5.701500231892264128e+04
6.048994836791774287e+04
5.831475991141987470e+04
5.974773362290338264e+04
5.904110958826004207e+04
5.895115913040787564e+04
5.966729487582104775e+04
5.794713655291487521e+04
5.930391072951871320e+04
5.559112182847783697e+04
5.906190198515530938e+04
5.850628177965015493e+04
5.971769638558985753e+04
5.849932744221608300e+04
5.762909537160131003e+04
5.840791725387358019e+04
5.594687635808168125e+04
5.626114706940963515e+04
6.248364331029244204e+04
5.710174711261212360e+04
5.638669052603008458e+04
5.633972362889624492e+04
5.939923571636788984e+04
6.088854553112898429e+04
5.672186353696299921e+04
5.625349473328800377e+04
5.749567115857294266e+04
6.054203827989962883e+04
5.594768263744719297e+04
5.671639184249068785e+04
5.917195530569080438e+04
5.746089556019489100e+04
5.668104329814599623e+04
5.869551959658871056e+04
5.798141666234036529e+04
5.581969555639188911e+04
5.709334196917964437e+04
6.105260048443618871e+04
5.746685329225814348e+04
6.287971999174301163e+04
5.715312470164681872e+04
5.865292151559580088e+04
5.922158998806363525e+04
6.046809595020869892e+04
5.786442009688075632e+04
5.903611768226672575e+04
5.989021347928552132e+04
6.014102554717913881e+04
5.970809474419603066e+04
6.063598746114278038e+04
5.950882052689521515e+04
5.925991114485439903e+04
5.832656751298200834e+04
5.762292381553327141e+04
5.590931282803693466e+04
5.711395779143868276e+04
5.599447558536641736e+04
5.726072877751962369e+04
5.606029542125853186e+04
6.168919498465971265e+04
5.866174033615217922e+04
5.491749090444209287e+04
5.885297537941297924e+04
5.703172243161028018e+04
5.777903364507183142e+04
5.672275809550652048e+04
5.642980869657873700e+04
5.721725273724224826e+04
6.335259862656726909e+04
5.955843771673204901e+04
6.059748862469836604e+04
5.842064460323615640e+04
5.467229755773526995e+04
5.939398783050195198e+04
5.898695515687583975e+04
5.791816751579112315e+04
5.766689509595260461e+04
6.358903922701598640e+04
5.893700340940021852e+04
5.649342844748759671e+04
5.756054467788006878e+04
5.586390313005501957e+04
5.875507568594158511e+04
5.305745864480785531e+04
5.706335754394065589e+04
5.742434093676490011e+04
5.993444896629774303e+04
6.035870126805391192e+04
5.620722442930150282e+04
5.881603309273449122e+04
5.675009346285725042e+04
5.803829920472879166e+04
5.833934936361949804e+04
5.748099320320250990e+04
5.878652232608036866e+04
6.368690389447693451e+04
6.028730255904964724e+04
6.124191409928907524e+04
5.732311693338152691e+04
6.358053188280745235e+04
5.951230570576011087e+04
5.706812506373840006e+04
5.580358089805275085e+04
6.503177908234836650e+04
5.840296321521674690e+04
6.105786711329478567e+04
5.913735472806907637e+04
6.249162516588233848e+04
5.895238982217042212e+04
5.624345743788534310e+04
5.453399727374043141e+04
5.819025489346458926e+04
5.971845582435750839e+04
5.848481159023298096e+04
5.651479527707410307e+04
5.835232658833376627e+04
5.356063564253368531e+04
5.702992164712744125e+04
5.563445527752946509e+04
5.887377079126987519e+04
5.711272146935399360e+04
5.946100841820726055e+04
5.503624958027427783e+04
6.162689138246783114e+04
5.715950294320592366e+04
5.774521931577773648e+04
5.962745859786468645e+04
5.639954033711543889e+04
5.807582843252518796e+04
5.894102228792299138e+04
5.919684847105906374e+04
5.853097779888781224e+04
5.697223682627212111e+04
6.011216221914339258e+04
5.516023000678302196e+04
5.674990351821231889e+04
5.985792991886166419e+04
5.743896249594767141e+04
6.219233033229619468e+04
5.569557564649794949e+04
5.641259286100223835e+04
5.473274617259567458e+04
5.493865957846349193e+04
5.855197516118870408e+04
5.462038505252677714e+04
5.960059569417752209e+04
5.653663853134900273e+04
5.651170501622505981e+04
6.071590514915216045e+04
5.700248783605446079e+04
5.885230493139192549e+04
5.819749773265070689e+04
6.115717507800654130e+04
5.961541507041075238e+04
6.166406803507386212e+04
5.902335291871864320e+04
6.143091297774520353e+04
6.458757184967935609e+04
5.792735950863638573e+04
6.062789066087253741e+04
6.038977397900065262e+04
5.684997382661659503e+04
6.051279995120503736e+04
6.029861383448400011e+04
5.553672900039416709e+04
5.854633607858157484e+04
5.954566829455442348e+04
5.717472731795343861e+04
6.040055926275940146e+04
5.749149838460747560e+04
5.806091197785244731e+04
5.834133566391650675e+04
6.032722677926938923e+04
5.716433632587950706e+04
5.453929712900298182e+04
5.625796739827242709e+04
6.123925238378103677e+04
5.918555612134835974e+04
5.783955374359818961e+04
5.998222866205987521e+04
5.939630319809572393e+04
5.857538912396274827e+04
5.587624077399905946e+04
5.634411312888139219e+04
5.808757880152345751e+04
5.728906389269403007e+04
5.617768511273562763e+04
5.962873488793517026e+04
5.686749364919595973e+04
5.856621034818657063e+04
5.701707284063620318e+04
5.590490345662530308e+04
5.676198647789083770e+04
6.010273069002869306e+04
5.610232078536083282e+04
6.011623718952917989e+04
5.932563614431790484e+04
6.059214870123747824e+04
5.531596444237281685e+04
5.658770172633969923e+04
6.056192317364239716e+04
5.594309268654350308e+04
5.740313919672645716e+04
5.558810688886146818e+04
5.971285008082447166e+04
5.953939502625830210e+04
5.469348660008922161e+04
5.919828971915955481e+04
5.611369020219067170e+04
5.692663215791849507e+04
5.691092970642032014e+04
5.940143879764228041e+04
5.795064240425345633e+04
5.959794991820580617e+04
5.945287542012173799e+04
5.659495759498669213e+04
5.558454049790765566e+04
5.757331804902087606e+04
5.821659951853179518e+04
5.968684558249339898e+04
5.521748358133704460e+04
5.528563361912247638e+04
6.091361209470339236e+04
5.712472862454904680e+04
6.035927516779593861e+04
5.956817824235176522e+04
5.799563614687666995e+04
5.977615691335676092e+04
5.881771592994559614e+04
5.642762351306219352e+04
5.882097765713588160e+04
5.947837293263597530e+04
5.882443837538901425e+04
6.103725097125591128e+04
