6.259532603875613610e+00
1.799803057201338152e+00
1.170228738132979895e+00
1.134889624177916723e+00
1.124319419411476728e+00
1.121628632921337854e+00
1.123740192902134893e+00
1.138094202130574217e+00
1.113858828903294906e+00
1.119095870398331583e+00
1.129934752126232178e+00
1.122801462822866858e+00
1.112247290453863391e+00
1.114542944047337558e+00
1.136265061883561911e+00
1.125172770963884128e+00
1.125792195360281411e+00
1.122511679321230860e+00
1.117521747038400459e+00
1.130906570167494074e+00
1.118465892747563695e+00
1.107613504699763274e+00
1.125215670856902328e+00
1.124106841589638472e+00
1.111382637880084623e+00
1.114270861163085824e+00
1.133112887268931335e+00
1.120576720269629956e+00
1.121739280298872599e+00
1.125315436240536204e+00
1.117845402680374800e+00
1.125524031465834796e+00
1.121000241570400124e+00
1.131656196073487664e+00
1.111930305092048821e+00
1.131639240104441946e+00
1.122843097127879552e+00
1.124148269440234493e+00
1.123887272288210504e+00
1.125055293312998916e+00
1.124295012411155259e+00
1.123990085619860801e+00
1.120515269832410565e+00
1.143676286631964301e+00
1.119890742768049785e+00
1.127784838996414463e+00
1.119712626813724743e+00
1.136538839984577720e+00
1.121869229680556135e+00
1.118333131300839112e+00
1.112047702832061002e+00
1.123329987528770113e+00
1.115985577062522882e+00
1.129111109107843625e+00
1.112759328581975904e+00
1.122955031674301329e+00
1.114496626081581843e+00
1.130043114423438855e+00
1.126388679580931473e+00
1.115778461712904068e+00
1.133481433647740788e+00
1.133544102016140975e+00
1.123736920828195096e+00
1.121797828663172236e+00
1.135103181725594768e+00
1.123870141242693022e+00
1.112437250314664894e+00
1.131493788056176397e+00
1.118159718549156079e+00
1.118789256358413864e+00
1.137786720593174872e+00
1.120635963561437798e+00
1.119893937895379388e+00
1.116058933622112948e+00
1.140517263402085035e+00
1.123123862664451966e+00
1.118935206449175768e+00
1.115017138044598344e+00
1.123527973038767058e+00
1.114602209853760018e+00
1.129340960837079688e+00
1.126679743213977236e+00
1.116987442234525840e+00
1.114602664609235960e+00
1.114706663243098417e+00
1.118684341810536109e+00
1.113254844433606783e+00
1.116303186274120840e+00
1.133827479043973296e+00
1.125717068004902455e+00
1.126990420447775421e+00
1.113402290202965661e+00
1.129137824274400126e+00
1.132813429986732512e+00
1.117683379856305503e+00
1.123998562159924441e+00
1.130313518459333144e+00
1.123935160647014930e+00
1.112813243341073122e+00
1.126744298862057958e+00
1.124975053361896515e+00
1.117995013548507721e+00
1.119775922137210333e+00
1.122521822075671638e+00
1.116174329858246272e+00
1.115818963886773707e+00
1.118649074950362809e+00
1.119279057974522873e+00
1.131550034871495969e+00
1.116954878169047927e+00
1.110597150714513148e+00
1.119604856099521539e+00
1.122635191325736859e+00
1.123530840569393563e+00
1.116695245244706980e+00
1.118234394733240489e+00
1.107953838807966829e+00
1.116194572524003892e+00
1.119820254777427193e+00
1.124487057278915181e+00
1.111343110653249644e+00
1.110591656271072925e+00
1.112065072210387306e+00
1.114199580065359685e+00
1.118778970420335472e+00
1.115656891346669344e+00
1.122060313218100847e+00
1.114777222090975739e+00
1.116285620911206644e+00
1.111490475697349822e+00
1.117831430648712043e+00
1.126181679590478657e+00
1.124528327095243085e+00
1.117179725558045122e+00
1.117360985121526262e+00
1.111250173304092925e+00
1.118664473550271765e+00
1.126562622339423170e+00
1.141503117004393220e+00
1.131525250112186631e+00
1.131866392123377141e+00
1.124034216510226392e+00
1.125832456922978952e+00
1.123244227758963154e+00
1.113908673570308538e+00
1.127294509915600207e+00
1.113185729289938086e+00
1.114153707198771714e+00
1.105734491806456443e+00
1.122159623526644001e+00
1.119623540451015309e+00
1.116974543880388415e+00
1.121986541678583693e+00
1.127721822393226381e+00
1.110558993858779653e+00
1.126797169147505606e+00
1.117680592631545844e+00
1.113389880627745798e+00
1.122288356922526154e+00
1.123934404051855962e+00
1.122732088875526557e+00
1.112772975045017709e+00
1.117039331031148386e+00
1.111936744697941792e+00
1.114744871174557117e+00
1.129014323591290614e+00
1.124049744829651143e+00
1.142491020130424140e+00
1.131954525970459313e+00
1.125356081587064017e+00
1.131488678500280898e+00
1.123021023361288506e+00
1.121475055027615131e+00
1.133676284661607747e+00
1.110378909236939826e+00
1.120626503247044159e+00
1.121246979110974484e+00
1.113825222474022825e+00
1.113625312245706711e+00
1.119760467427953321e+00
1.118757083621762627e+00
1.117014850115176205e+00
1.115945973014923709e+00
1.129490142416632592e+00
1.121550154902319019e+00
1.114463344442675696e+00
1.120236043800719283e+00
1.121257960775512430e+00
1.120247598561752822e+00
1.119066556478997443e+00
1.116670985443347863e+00
1.125279309462470456e+00
1.131939831811425323e+00
1.128865257911324749e+00
1.123073472863527433e+00
1.127293747949409619e+00
1.130962526039278160e+00
1.113076645508848994e+00
1.127471233930388284e+00
1.125784893864583358e+00
1.114119318685878213e+00
1.120452914179906445e+00
1.112708091080933936e+00
1.118773459619204713e+00
1.112892874531709486e+00
1.123165968833886419e+00
1.112987998547968482e+00
1.116074583212816052e+00
1.117745539221356221e+00
1.122360174794104326e+00
1.114441069812675877e+00
1.121092077369118867e+00
1.117622286966030831e+00
1.127662139922089191e+00
1.115227870040946812e+00
1.117742920409281027e+00
1.112410594544957165e+00
1.111648617650826898e+00
1.109544907266388103e+00
1.118922957901716364e+00
1.120503581739566545e+00
1.120938608987319229e+00
1.109674164931196749e+00
1.131803256059361829e+00
1.138973657867244027e+00
1.127306730179599148e+00
1.112618435825862839e+00
1.149694118376541452e+00
1.134348017810190790e+00
1.120009327313435055e+00
1.128729090449241079e+00
1.115516747443014323e+00
1.108924192293199829e+00
1.108895429410104549e+00
1.126044567536588659e+00
1.127073187507298568e+00
1.125195099961340262e+00
1.135752761398022503e+00
1.124054136811299509e+00
1.132686089754141978e+00
1.119809485888994649e+00
1.114488647681199929e+00
1.120069636606037422e+00
1.119814985944390662e+00
1.120467314278389415e+00
1.115276490208430893e+00
1.121549694652031359e+00
1.128399342243129544e+00
1.124878658382931773e+00
1.120257537124997427e+00
1.120381585284398795e+00
1.120030092007477052e+00
1.117028452829592622e+00
1.119208895465699349e+00
1.118789198887782721e+00
1.114235311020660646e+00
1.113597475618757215e+00
1.120415841264236434e+00
1.114001944168831360e+00
1.113364905668430493e+00
1.116417188779190273e+00
1.130584581622873452e+00
1.121808584583158686e+00
1.122600535829744173e+00
1.124576156622039358e+00
1.124173663815638768e+00
1.113563454608570646e+00
1.114880551998317149e+00
1.126588837384984831e+00
1.122606070394475575e+00
1.116654208990708330e+00
1.111315151618583075e+00
1.119138882558068593e+00
1.123676625516714545e+00
1.120944093783808215e+00
1.125355185567659122e+00
1.114938011921178695e+00
1.125224201523401968e+00
1.121953768784837768e+00
1.126631985169959771e+00
1.115757871382206723e+00
1.113008932720259470e+00
1.119799258491069649e+00
1.122259143616368249e+00
1.115864442277897828e+00
1.125456370997991229e+00
1.132045427252240000e+00
1.120468412480726039e+00
1.124621410017516476e+00
1.122231903653181373e+00
1.132588934908013600e+00
1.117449517660241476e+00
1.115056838759143965e+00
1.113790194898766517e+00
1.119824798498120666e+00
1.114428254783704109e+00
1.113021075957738137e+00
1.124935459222433654e+00
1.123541423018029617e+00
1.110605037310232301e+00
1.117588179699132267e+00
1.119706436494810387e+00
1.118476174248004051e+00
1.112342968276276434e+00
1.117948630519622011e+00
1.120450492149543953e+00
1.124239278931154384e+00
1.110826737767282690e+00
1.119580922880730078e+00
1.115148454123063182e+00
1.116524537351203383e+00
1.115061832777355377e+00
1.116415659057331533e+00
1.124481202861024265e+00
1.119681549139144083e+00
1.115988049454895270e+00
1.110556571237890644e+00
1.115906984228459464e+00
1.129926260254844550e+00
1.130117227521961309e+00
1.120832688023905011e+00
1.126144679893433587e+00
1.124721647298611682e+00
1.112860129339686921e+00
1.133535895746084599e+00
1.120421975408678605e+00
1.119429524403964038e+00
1.135618553136426234e+00
1.119844063886492602e+00
1.121742538883471640e+00
1.124961311884369541e+00
1.130772461619970581e+00
1.123204189732561753e+00
1.112388814659130087e+00
1.111781552923980509e+00
1.135648459991992931e+00
1.116957042883634621e+00
1.152818326594607923e+00
1.120212700769871006e+00
1.124717054334819055e+00
1.121916432910556871e+00
1.115448688132816502e+00
1.112492829839439645e+00
1.119496413099243304e+00
1.116038358258347518e+00
1.120180895602348459e+00
1.117795365415261699e+00
1.125363952587066896e+00
1.125735027879377403e+00
1.116851462916846005e+00
1.128895590860088394e+00
1.112356240593379564e+00
1.126430272758531581e+00
1.123606712023948573e+00
1.117803445835006348e+00
1.113275546894578971e+00
1.130497970472246205e+00
1.120275844346398486e+00
1.124964373960211317e+00
1.119955300297996947e+00
1.125356515342218255e+00
1.117324485249344912e+00
1.131623789055538287e+00
1.116415536562004096e+00
1.125588414845277052e+00
1.118045054185665466e+00
1.126975811459193677e+00
1.112821448189046158e+00
1.119809780578024716e+00
1.114132998978224043e+00
1.114398779770920722e+00
1.114808795838574618e+00
1.117782838499978393e+00
1.122180374038156403e+00
1.111719180128467155e+00
1.128129425031893396e+00
1.131739517058860001e+00
1.121899229824355082e+00
1.119521917551717483e+00
1.112689563254600111e+00
1.123009045224828473e+00
1.130030321490586687e+00
1.124930531286959301e+00
1.113423771745851942e+00
1.111801120855345104e+00
1.111641103956454213e+00
1.126506157343798220e+00
1.139682023603686867e+00
1.120428142242691605e+00
1.109274078436810029e+00
1.125562725929053931e+00
1.120501865577278044e+00
1.115316776757716788e+00
1.113675034254078655e+00
1.117690825138991206e+00
1.125276858682521697e+00
1.125139272302120075e+00
1.117310227255514432e+00
1.126247064501438633e+00
1.112382975337635749e+00
1.121981967634628763e+00
1.120539366868748665e+00
1.133834918847681283e+00
1.121336534204317115e+00
1.119127237550524345e+00
1.124608291125362758e+00
1.132681742711340478e+00
1.130217746882200780e+00
1.119261768944519453e+00
1.114915929015166451e+00
1.126358447310940036e+00
1.115448931892837781e+00
1.118861713583922279e+00
1.117955650863048822e+00
1.115205916128172658e+00
1.112573092056696522e+00
1.121012966642741970e+00
1.112130378697770094e+00
1.115606223633555993e+00
1.108737637235326146e+00
1.118414611077712451e+00
1.125309536585913150e+00
1.127593573642085900e+00
1.117019065181137805e+00
1.110714607194754455e+00
1.125378386219913152e+00
1.109027899511536130e+00
1.121335757191042282e+00
1.124752148921856820e+00
1.111359657118198507e+00
1.120680510147467057e+00
1.133868085003128856e+00
1.125137981669125820e+00
1.133402698335941094e+00
1.122924637549958193e+00
1.117737076320489020e+00
1.120420684642078779e+00
1.125906799948571901e+00
1.123960216184854310e+00
1.112601067668412380e+00
1.121153728285783302e+00
1.120324162587120087e+00
1.122900917622111194e+00
1.119658645522031870e+00
1.113959651647250082e+00
1.125587785853372491e+00
1.125775663064407350e+00
1.142469454406360052e+00
1.118826182836968774e+00
1.121108492950380953e+00
1.120710653286261183e+00
1.120252825936392416e+00
1.122500606016900049e+00
1.111901446123480408e+00
1.112938924535744611e+00
1.126624300716854377e+00
1.148393436587825667e+00
1.126563743455787137e+00
1.135021450661312326e+00
1.116835481533063668e+00
1.120859496665712607e+00
1.122447782971226937e+00
1.111262577946868113e+00
1.116371466910923482e+00
1.121224790514517622e+00
1.114615079650158824e+00
1.115884761527835778e+00
1.122621868968206149e+00
1.129692191740014895e+00
1.119352873588367547e+00
1.118366364422973769e+00
1.119758041988622166e+00
1.121442857760561074e+00
1.117868650288320831e+00
1.114463096123957886e+00
1.127462599069504190e+00
1.117638406846209076e+00
1.130789198168129062e+00
1.116820085441896815e+00
1.115307695868729354e+00
1.125046630091220301e+00
1.129177093569226686e+00
1.125658177017022199e+00
1.120393397858426399e+00
1.116840887042471531e+00
1.126217508335797923e+00
1.147601574651193390e+00
1.117015444212098529e+00
1.112888113745989838e+00
1.136281389684222320e+00
1.129182884640735240e+00
1.118906091845405015e+00
1.109622181137514207e+00
1.116238068079503654e+00
1.117367834878556065e+00
1.112919961121182633e+00
1.109666817422111373e+00
1.114136103844833192e+00
1.112381666052370432e+00
1.121061871212695404e+00
1.121127225065873700e+00
1.129054941918611776e+00
1.120718795465772022e+00
1.124343919290914151e+00
1.120805757621535781e+00
1.117806472589919498e+00
1.118132595628718029e+00
1.132955001683821461e+00
1.114109817534911784e+00
1.128215911805762639e+00
1.112143593840859701e+00
1.121258968791826183e+00
1.129351907003949052e+00
1.132087464341646088e+00
1.116715037166547297e+00
1.123317499801166353e+00
1.116764591070912971e+00
1.128091607051604939e+00
1.115902523878750774e+00
1.115156881608743600e+00
1.112731494169050706e+00
1.123830122717980773e+00
1.122501422547777183e+00
1.114788067566010010e+00
1.133889122392945703e+00
1.114971905644106753e+00
1.117246556917729450e+00
1.128332149595926648e+00
1.127176551131708893e+00
1.117066038582928522e+00
1.118022203953733751e+00
1.125030361485740427e+00
1.119763681842630643e+00
1.110271899140007346e+00
1.133719125877426626e+00
1.110604080525525061e+00
1.110811908890971145e+00
1.123039737691276851e+00
1.122070173590108855e+00
1.121156711136618966e+00
1.112711414023207945e+00
1.126976451611188867e+00
1.111551333297669419e+00
1.107798235668988829e+00
1.116235280125114304e+00
1.120592007801063605e+00
1.115279841572404784e+00
1.112265895913154168e+00
1.106955990988522709e+00
1.132285405460432992e+00
1.110412644907372126e+00
1.120516942085481693e+00
1.113056501213451455e+00
1.125069241473038995e+00
1.127894622443323502e+00
1.119002855469745317e+00
1.120067688049908528e+00
1.124658388177023793e+00
1.116728499990902179e+00
1.122620196515187851e+00
1.118529750945440382e+00
1.116503891738030774e+00
1.126644836960676521e+00
1.123422734385147281e+00
1.123427907441038709e+00
1.122594776676374861e+00
1.106778976110703638e+00
1.115107406761124187e+00
1.116190082403074824e+00
1.121895957474907002e+00
1.115720459869829151e+00
1.126439178112080608e+00
1.129889578963268360e+00
1.125987740310821383e+00
1.115567355045991693e+00
1.118371049273155782e+00
1.116103204792368464e+00
1.121407699721822526e+00
1.121642323935239549e+00
1.126049311279807563e+00
1.128734440170469311e+00
1.128564748074811552e+00
1.128766472110355634e+00
1.130093427543128692e+00
1.119978395895122159e+00
1.118239932121031233e+00
1.131127531631767935e+00
1.125578301084703803e+00
1.118829282040817663e+00
1.128268417022549430e+00
1.113108648430690240e+00
1.133745625870560270e+00
1.107327319061598647e+00
1.121525869090261196e+00
1.119235176538115661e+00
1.137097046595471950e+00
1.118130337935383078e+00
1.125189447236732976e+00
1.126425754138943747e+00
1.116921756910516761e+00
1.109552104798422922e+00
1.127804539915265858e+00
1.113016830308805494e+00
1.119874482501089341e+00
1.111882978337469075e+00
1.129724540892452334e+00
1.113432838810236358e+00
1.119567351249419973e+00
1.125387955243403848e+00
1.119150472054776246e+00
1.124640026412103033e+00
1.128998978200050685e+00
1.127015649955070087e+00
1.130592203087884329e+00
1.136342887448470895e+00
1.112857531730470306e+00
1.117829079534226056e+00
1.116733936523483406e+00
1.115744228604107935e+00
1.107605119343119782e+00
1.108974570865614018e+00
1.116806568094866225e+00
1.121725046669941772e+00
1.132282453172897885e+00
1.125491106179127287e+00
1.119465295828028228e+00
1.127775005440821099e+00
1.123851945904282834e+00
1.115029472119292819e+00
1.116579667588533331e+00
1.115080396254502171e+00
1.112199871750889413e+00
1.114944732588597054e+00
1.118232677873676639e+00
1.128326248265705489e+00
1.126759942570546125e+00
1.119258231037002282e+00
1.121046586197093076e+00
1.112521100995416345e+00
1.118421626578651740e+00
1.112053068988042792e+00
1.124117757046481980e+00
1.139539828584297698e+00
1.113377806640966305e+00
1.116266149306664790e+00
1.113804795404868431e+00
1.118917222789400867e+00
1.112647038698776125e+00
1.120282156201970025e+00
1.112512519589885951e+00
1.121449727586517620e+00
1.118929533032807289e+00
1.115265071527005158e+00
1.116029068590190132e+00
1.125076625530105678e+00
1.115380171737025083e+00
1.118550304922949712e+00
1.118627928047139397e+00
1.115871037453688874e+00
1.111812633051753041e+00
1.116527580873343029e+00
1.118906520818049977e+00
1.117075875354394787e+00
1.114528596920704606e+00
1.119108430234582618e+00
1.130183809043256993e+00
1.123501517031814556e+00
1.124778857072381788e+00
1.117194935904513020e+00
1.118661945827891913e+00
1.111095544354093967e+00
1.122068261864713312e+00
1.125264170662384711e+00
1.113051561488495711e+00
1.113519757424739298e+00
1.123032861221564094e+00
1.126650660833973916e+00
1.110689049601117029e+00
1.119889631176591793e+00
1.123950376736571055e+00
1.112630531414543933e+00
1.116326181747971935e+00
1.113460239716333788e+00
1.129377324333517008e+00
1.114085280565424219e+00
1.110167258647629884e+00
1.118928154086362037e+00
1.121229372231620003e+00
1.127542580794976823e+00
1.114656906925287405e+00
1.113154549629874035e+00
1.110038823426310550e+00
1.110215747927354668e+00
1.111370313446002900e+00
1.112042776442350833e+00
1.132321809406484414e+00
1.119914763517832812e+00
1.124077113534371009e+00
1.122293938415463765e+00
1.126025879275635466e+00
1.110372910603099950e+00
1.115415803135798800e+00
1.123621605572169502e+00
1.124033789894121060e+00
1.124315906267701282e+00
1.121757634195101438e+00
1.114181777385945260e+00
1.126628445626770114e+00
1.116693032759094484e+00
1.131740919846613513e+00
1.121612885879917698e+00
1.113608303832543056e+00
1.113730072125234782e+00
1.115944300639949871e+00
1.124452631356194665e+00
1.115969837830881550e+00
1.116527667649233058e+00
1.118106444690918133e+00
1.113591326361549338e+00
1.132176025481582027e+00
1.111166029445548986e+00
1.120684500479370627e+00
1.126945274848543344e+00
1.124690124098461030e+00
1.117157644805165440e+00
1.119875933805328128e+00
1.117506293655050609e+00
1.139210384784747898e+00
1.125299923354617038e+00
1.114187066365164069e+00
1.123259850230384549e+00
1.111010355025985552e+00
1.117088896829636413e+00
1.109452178831475067e+00
1.121743748730337442e+00
1.119249888335090981e+00
1.121746926322480187e+00
1.111081129737458983e+00
1.121589692930495374e+00
1.132387297981499952e+00
1.116307207391081135e+00
1.118775326637310386e+00
1.123897074165047139e+00
1.108752545645108833e+00
1.129816149786387225e+00
1.126833138651826882e+00
1.109615381083250973e+00
1.110226327297299198e+00
1.112527464160197654e+00
1.112977163482067322e+00
1.111260903744536455e+00
1.117527899091749211e+00
1.124952305692677568e+00
1.110523480199866686e+00
1.121308187048797311e+00
1.114067344475219157e+00
1.120495474495818655e+00
1.114021528333872357e+00
1.119550149402790629e+00
1.115961275780732675e+00
1.118956027867162195e+00
1.114081704268274464e+00
1.119969435245723011e+00
1.122289651572373037e+00
1.115449352711181286e+00
1.118655606390719592e+00
1.140564056450136921e+00
1.113894425890061601e+00
1.121907179063240445e+00
1.116428411596142034e+00
1.118458931650987864e+00
1.108843123596673363e+00
1.113905014920793191e+00
1.137116077893294053e+00
1.117835518435561726e+00
1.122113629628519682e+00
1.117422840096303771e+00
1.126574464954493981e+00
1.123471200046809892e+00
1.117462146335952200e+00
1.113823745867824400e+00
1.109665094775128091e+00
1.119508792858452395e+00
1.122037370760442299e+00
1.137358239983915054e+00
1.122837228585388925e+00
1.135416682622808260e+00
1.119886153813222096e+00
1.115220920040772778e+00
1.114397493181443766e+00
1.123487512944056910e+00
1.121972907631443306e+00
1.121012011532372954e+00
1.119330947014101074e+00
1.119825401980969692e+00
1.118739001856770665e+00
1.119826161438630008e+00
1.118424500520441400e+00
1.129241225021129891e+00
1.126558248433883636e+00
1.119444288532591925e+00
1.124581449443550207e+00
1.123601460501996163e+00
1.109727969969600325e+00
1.119922976341231946e+00
1.123975902569695817e+00
1.122931280155972100e+00
1.124511871214353809e+00
1.121630220979211057e+00
1.120495197527586528e+00
1.121535414336962688e+00
1.114884142921181986e+00
1.128705811240459322e+00
1.127117778172649354e+00
1.117904616058422063e+00
1.132740160897508064e+00
1.127393179814940805e+00
1.109666182821678504e+00
1.116278392907118500e+00
1.119816694313405137e+00
1.121418834328163916e+00
1.113268842186471153e+00
1.121486404041675877e+00
1.125312552528012766e+00
1.120911370558217435e+00
1.139112229546539679e+00
1.112602539784404154e+00
1.120972347891097121e+00
1.123286011983468224e+00
1.124943175854732136e+00
1.127198778955492253e+00
1.113818617411471923e+00
1.120109861779847282e+00
1.111558117639731336e+00
1.111944316378549402e+00
1.119688184817794641e+00
1.126193450770080595e+00
1.121458442549148726e+00
1.118214460087552542e+00
1.118484327632383479e+00
1.129550455675822240e+00
1.111839019239130089e+00
1.122507626177709161e+00
1.127430476994812913e+00
1.119220220053364301e+00
1.126802865897016170e+00
1.115967511932929535e+00
1.125569057042212107e+00
1.110026712984785835e+00
1.114040422024585197e+00
1.118724725392937103e+00
1.122598525652557910e+00
1.111974845584681626e+00
1.114097181300613526e+00
1.118520629867146843e+00
1.130406646076597577e+00
1.116821931152898184e+00
1.120639639574368740e+00
1.120017400779419914e+00
1.136086547735548180e+00
1.114479311885261836e+00
1.116040845576286467e+00
1.117435615274385841e+00
1.117779145162909105e+00
1.110448336463552232e+00
1.114445336101140382e+00
1.123677887969775080e+00
1.112966188009228086e+00
1.125436593858284873e+00
1.115776434594423883e+00
1.120127195040189649e+00
1.120442438017978937e+00
1.117724628621513450e+00
1.120561280457583520e+00
1.115857202956278327e+00
1.112566852194201372e+00
1.116044934240325359e+00
1.131832496205440242e+00
1.112512899829225299e+00
1.119536585672838092e+00
1.126106869716926084e+00
1.104795448881030762e+00
1.126212987197070747e+00
1.132222657362037976e+00
1.138219969966114631e+00
1.133499810168984157e+00
1.127723002395352392e+00
1.121410814054264682e+00
1.119405472487122521e+00
1.112599018814665941e+00
1.117585041925001965e+00
1.117954891364449699e+00
1.114995744992030469e+00
1.114739700134274702e+00
1.122342051442448696e+00
1.134089298297905835e+00
1.115729441788520626e+00
1.116116716459272906e+00
1.117147865927460293e+00
1.123408718511435422e+00
1.111365007157656182e+00
1.129495732042871792e+00
1.114012037302082092e+00
1.124357667252986248e+00
1.113051172193173288e+00
1.114484744149511375e+00
1.114108064427752121e+00
1.131475395887718616e+00
1.117604076806739011e+00
1.123854266365557297e+00
1.121642477948089800e+00
1.131389246387067171e+00
1.111812811533520851e+00
1.113222331977182122e+00
1.120438561893399854e+00
1.121137309449661501e+00
1.124095839208959280e+00
1.120974292588181154e+00
1.123293253338834896e+00
1.118290220053086870e+00
1.116876227576054426e+00
1.117813616757979522e+00
1.117388447329786372e+00
1.112648284906781582e+00
1.132043237896197541e+00
1.115964745609622444e+00
1.119072968266090484e+00
1.115608906990605664e+00
1.115163261407187356e+00
1.136857078508238361e+00
1.124038372656524842e+00
1.112070336907121204e+00
1.119805299429396106e+00
1.121041011730521619e+00
1.113142467405196623e+00
1.126398224100876755e+00
1.126326112087385312e+00
1.115165427839778234e+00
1.113079845067554530e+00
1.128984135592703719e+00
1.113201832322139095e+00
1.134192426966528000e+00
1.115778663020219996e+00
1.117557913867159414e+00
1.121089183229735164e+00
1.121921081508413520e+00
1.113589334157374378e+00
1.135931130728547345e+00
1.112471312997548534e+00
1.123925456014918556e+00
1.103161727250995261e+00
1.123899145346008988e+00
1.123680782553977409e+00
1.134538072148299825e+00
1.116826653578757655e+00
1.118463521373599612e+00
1.123756136718693899e+00
1.129342982956737851e+00
1.104579076422812500e+00
1.113577966451925860e+00
1.111579801693187930e+00
1.138291815023253051e+00
1.122455028849130843e+00
1.123067841054527838e+00
1.119094942264847736e+00
1.122417496229295875e+00
1.123730402788359894e+00
1.131797691214230461e+00
1.113088236692189481e+00
1.122131891703958217e+00
1.121825560242102782e+00
1.118463445236984155e+00
1.172101203073211417e+00
1.126919995286870479e+00
1.124101123819317483e+00
1.123879977578053024e+00
1.108766544896568007e+00
1.126054511735216535e+00
1.123255119236422628e+00
1.121497007579436822e+00
1.134034288708257510e+00
1.119743048129153040e+00
1.120227988214049786e+00
1.116345950101258255e+00
1.119468039462348852e+00
1.117712147573502346e+00
1.128785793153011641e+00
1.110360275969253907e+00
1.138546987766079654e+00
1.114628151491094510e+00
1.114954822935853906e+00
1.125022403909788027e+00
1.118077139299787248e+00
1.116241178790232880e+00
1.109531094185505884e+00
1.130379807220775357e+00
1.119528889765584845e+00
1.119559012074764937e+00
1.121796158100335283e+00
1.118128077453645508e+00
