1.650069545799899839e-01
8.243113349497079023e-02
6.947364261088093129e-02
6.748711562479654813e-02
6.782471482503703297e-02
6.753082076212463258e-02
6.839672802788955563e-02
6.660977738824300221e-02
6.824388841338925593e-02
6.767725213801439876e-02
6.661491132766909906e-02
6.723953017324324488e-02
6.729962612781473230e-02
6.832664593578188783e-02
6.720298994971110607e-02
6.772035705693342511e-02
6.847006761007826126e-02
6.700421820138093010e-02
6.816736103376835887e-02
6.632913644350388327e-02
6.748729834026501173e-02
6.820351648342473649e-02
6.701649435641852948e-02
6.803308074156445839e-02
6.640946970591621312e-02
6.764040768760341826e-02
6.721233656441373550e-02
6.725126167161595003e-02
6.798890979080945973e-02
6.607134880786334763e-02
6.807049975237342010e-02
6.724398714856916204e-02
6.748720960347620590e-02
6.802396249152578567e-02
6.680494096563958928e-02
6.853126590292717146e-02
6.747098506090752623e-02
6.711307232122910860e-02
6.838365387981275301e-02
6.694856188333789260e-02
6.850213991371009725e-02
6.719224446363766812e-02
6.801928090986882058e-02
6.691972244062747988e-02
6.646407019919227388e-02
6.743607427824482858e-02
6.658924427447393546e-02
6.794737227749904351e-02
6.733447483044298354e-02
6.800668675305553135e-02
6.697422189016193073e-02
6.695195248774343799e-02
6.732082807762054810e-02
6.533362189281925747e-02
6.833595572040800092e-02
6.735620945489388667e-02
6.692795777500482046e-02
6.769340642087746940e-02
6.718161336174900689e-02
6.804679659640575085e-02
6.657566188218776160e-02
6.790271937290039139e-02
6.699687231083864547e-02
6.800984545333702003e-02
6.758168329380698225e-02
6.727301097226312532e-02
6.742454711548326318e-02
6.649155013291106753e-02
6.806028829567095650e-02
6.811314640025613321e-02
6.751221160865861215e-02
6.716919053166714448e-02
6.754769872974096534e-02
6.816878067258735907e-02
6.703210228686422301e-02
6.760769167337531138e-02
6.702132510137909227e-02
6.765077458348815742e-02
6.720504003637094159e-02
6.861662902862861180e-02
6.686387718016660597e-02
6.900632771583113667e-02
6.680028106121869980e-02
6.779444413869337160e-02
6.613513558432793094e-02
6.735141733584411317e-02
6.669739380326164535e-02
6.844157145860627067e-02
6.631665892429076947e-02
6.640045279907047515e-02
6.706439357189257489e-02
6.826702032190880287e-02
6.646184586133734029e-02
6.772566653133683945e-02
6.706282335088087354e-02
6.813335407216694617e-02
6.754307484058390265e-02
6.748132825175713612e-02
6.659846418776668719e-02
6.712447542736224571e-02
6.718633354948672087e-02
6.763361101929749042e-02
6.700362204054685633e-02
6.803645538268414394e-02
6.809029880434366855e-02
6.707769274014328820e-02
6.733489998446703928e-02
6.673619285710320759e-02
6.840423964934905232e-02
6.778328448055541411e-02
6.902286483831598929e-02
6.661512942610141319e-02
6.681200032876288830e-02
6.784028367737841847e-02
6.918625442355312571e-02
6.845334611892017751e-02
6.807779190541259073e-02
6.748548405674273387e-02
6.593325610428801831e-02
6.897254763588668569e-02
6.603168583845774042e-02
6.809580762825959144e-02
6.649680529438466159e-02
6.664113406040196586e-02
6.776477793326809995e-02
6.722891596442427675e-02
6.712242402642447370e-02
6.644911162446484609e-02
6.681819767662208753e-02
6.842387721429317449e-02
6.647972386994775718e-02
6.921887921716779468e-02
6.602448417477084497e-02
6.756700842418746078e-02
6.704890725707778054e-02
6.719659359738942850e-02
6.811381543040101461e-02
6.713580834072754855e-02
6.709391786767585075e-02
6.765791257724425301e-02
6.759647201955097662e-02
6.652629109063411261e-02
6.728650022137291908e-02
6.755938394579817652e-02
6.792029328583849834e-02
6.870714025354036913e-02
6.623106292838866482e-02
6.745887794821343875e-02
6.692625157804228675e-02
6.747495447949117264e-02
6.964752844783160535e-02
6.604281021766349180e-02
6.746915946874947057e-02
6.689805477771217090e-02
6.756743583491893468e-02
6.818042360452128414e-02
6.817702307265918749e-02
6.964432839941134268e-02
6.729047956414604958e-02
6.774940780936553053e-02
6.624365900225802350e-02
6.784342580360992747e-02
6.808226822863872041e-02
6.768550095160552615e-02
6.739913342810353869e-02
6.744124601110268458e-02
6.856359601774503210e-02
6.679850602941456161e-02
6.856661454396630051e-02
6.702040630047309544e-02
6.796452640098801790e-02
6.733875946356476794e-02
6.776779586440714875e-02
6.800889832053154394e-02
6.688695070219108363e-02
6.779637631265043873e-02
6.716040672330957084e-02
6.764222563424691914e-02
6.698045778519867710e-02
6.840294945157107676e-02
6.652825383601380926e-02
6.857839632666933027e-02
6.737746616144588141e-02
6.828725895414759772e-02
6.681397633011038062e-02
6.766325320337487903e-02
6.853393722964221113e-02
6.676516360257291061e-02
6.855540398145393288e-02
6.626401255029511217e-02
6.731972168615098229e-02
6.733404226213512977e-02
6.711557077048252440e-02
6.629436720748026202e-02
6.692742576135957133e-02
6.717353918630571130e-02
6.700662003472285244e-02
6.752285198435754865e-02
6.749926918903960404e-02
6.861615341014383473e-02
6.632955160147105400e-02
6.800068184120798553e-02
6.720772851799454439e-02
6.870677323775527257e-02
6.646986756560979703e-02
6.748528026132599722e-02
6.711210754424049019e-02
6.723895741873563148e-02
6.758370112591752243e-02
6.766395904603857148e-02
6.824202369495244169e-02
6.731070051693720246e-02
6.782950205595847382e-02
6.650967985600880761e-02
6.720786386340497909e-02
6.620906905850162949e-02
6.685660468278008250e-02
6.747270125642720884e-02
6.683343680045862600e-02
6.839139502357420575e-02
6.738662124082506200e-02
6.748277974752305008e-02
6.758255476993368926e-02
6.705861148969986807e-02
6.677508914195427747e-02
6.669450287639072661e-02
6.758129403295998205e-02
6.587834297785256921e-02
6.825291052184490059e-02
6.617610543576547821e-02
6.830339019510520138e-02
6.824454868786136719e-02
6.694096826960331537e-02
6.784843630658604630e-02
6.597856357977945063e-02
6.834142005905334549e-02
6.655025851755103083e-02
6.903780978604948104e-02
6.726312088436718628e-02
6.705144539273971693e-02
6.833242674639193603e-02
6.796761396063147331e-02
6.659967508914187151e-02
6.739871403769728819e-02
6.606736742625346492e-02
6.795785674866508530e-02
6.724625885547426407e-02
6.651829761441895028e-02
6.859221723495148582e-02
6.826584833012427911e-02
6.740022373400912648e-02
6.719663285572730071e-02
6.575192153872312650e-02
6.695791172622382603e-02
6.758665306559070995e-02
6.741566245993622919e-02
6.827877384859323828e-02
6.665619211999820881e-02
6.616986815681279166e-02
6.883843943754310024e-02
6.681026384084674807e-02
6.660012286539111759e-02
6.806852794980756960e-02
6.664025350308692974e-02
6.638429715140875542e-02
6.821481689032150852e-02
6.776657096759870769e-02
6.813725980871671029e-02
6.705332173502114024e-02
6.685357136944763967e-02
6.654676810530257836e-02
6.840608755365717997e-02
6.696203174112105860e-02
6.707834560621747655e-02
6.823353580782146044e-02
6.836163279023634021e-02
6.727554867816827600e-02
6.762373540133158334e-02
6.779459797883756467e-02
6.685029783879098408e-02
6.620902067221598464e-02
6.860608960238634424e-02
6.754305231403803789e-02
6.700160570435419183e-02
6.908962930987663786e-02
6.758934970533453379e-02
6.679340731882421611e-02
6.754749710758346792e-02
6.790837807620128674e-02
6.651459613087713774e-02
6.793466640027803760e-02
6.810906611324342441e-02
6.686610496461597997e-02
6.699472232186468035e-02
6.863968784821712632e-02
6.733968949507838919e-02
6.714908758378602960e-02
6.852671202735149958e-02
6.741718503757966607e-02
6.773952077661404836e-02
6.818630699418333496e-02
6.763015220364264335e-02
6.633107328913449841e-02
6.710523730082021410e-02
6.742228884923943955e-02
6.656152132787039599e-02
6.818238068921649020e-02
6.788384999592676772e-02
6.625868149585870115e-02
6.762617427065895082e-02
6.780801559873228523e-02
6.651761587311959267e-02
6.697655746258927845e-02
6.814960657196045268e-02
6.676081607491138326e-02
6.756926136018931439e-02
6.804880879291419493e-02
6.697351717454780307e-02
6.679318689753872829e-02
6.837229109737789912e-02
6.652773324139422961e-02
6.733038706540449281e-02
6.819433274315482574e-02
6.653918805310495010e-02
6.651747833826425482e-02
6.817719185916963631e-02
6.722234565966993258e-02
6.742002819667951286e-02
6.810937734904240481e-02
6.655679399753333669e-02
6.760807551452575892e-02
6.809855646997206580e-02
6.651265015523402657e-02
6.640779778983969817e-02
6.814695025183702126e-02
6.754466207335610428e-02
6.632704496529250038e-02
6.801954389318330685e-02
6.747257164465189638e-02
6.764091809967277824e-02
6.863348498870511238e-02
6.661812220230156623e-02
6.716191753466696501e-02
6.864470091893272452e-02
6.790824687653150560e-02
6.748395616096218574e-02
6.786893660435198983e-02
6.620595456679251312e-02
6.764546016476123691e-02
6.843610867269114828e-02
6.677517963497504871e-02
6.758096529096387084e-02
6.816838147646721302e-02
6.611777199277972528e-02
6.887869479911848392e-02
6.707184606781996239e-02
6.644258787994487825e-02
6.744396232988185413e-02
6.776231280165793958e-02
6.703693917364067500e-02
6.780485319934502486e-02
6.775803952124505314e-02
6.727000730977211740e-02
6.857361110397519610e-02
6.701619495481671296e-02
6.630467810620137292e-02
6.836483005740560948e-02
6.631735415023670699e-02
6.660613435314827191e-02
6.724762869039406510e-02
6.701683566290458915e-02
6.726295089143080608e-02
6.838241476937152730e-02
6.733557405917685312e-02
6.707008124573494989e-02
6.741230665662764632e-02
6.728820796396474402e-02
6.751502683117505121e-02
6.743430070885234051e-02
6.671120630980749422e-02
6.669113860463520005e-02
6.809971438506563779e-02
6.726532520768453705e-02
6.748452196077069087e-02
6.858163925187601984e-02
6.804895618840177407e-02
6.728614819674642866e-02
6.762594232708313280e-02
6.657246411995619562e-02
6.767803427928965887e-02
6.808947755435890148e-02
6.717228937879311801e-02
6.748583958044319930e-02
6.805875857441381904e-02
6.705255248680942748e-02
6.599154202119300594e-02
6.802883404708540138e-02
6.645909329389719511e-02
6.730932580436566059e-02
6.849165310255143913e-02
6.726882741622358663e-02
6.674098708203536623e-02
6.746013997525598938e-02
6.781241970337591185e-02
6.792796201376347098e-02
6.850860445160146528e-02
6.776642373462135605e-02
6.761973640478843861e-02
6.757880984996272877e-02
6.692263014494310991e-02
6.564177929053675864e-02
6.731650585641041351e-02
6.714181553343244457e-02
6.634332146967099331e-02
6.681248032010876636e-02
6.781223688843041053e-02
6.637098784568574994e-02
6.728032235677390560e-02
6.885026064856464290e-02
6.652227021347328906e-02
6.656425496299077371e-02
6.842063690083659278e-02
6.641866576181630621e-02
6.698001506411184469e-02
6.827906583263737561e-02
6.869349159438520314e-02
6.799872615098356832e-02
6.849211866468332688e-02
6.716763496392018362e-02
6.677023493907942309e-02
6.628490577751031121e-02
6.918220180162935884e-02
6.691821938629627375e-02
6.697717326836896690e-02
6.849089393835976203e-02
6.793364279857505572e-02
6.768040854585194444e-02
6.753240598892155944e-02
6.824699726208000028e-02
6.822588177632908646e-02
6.756173489872525917e-02
6.633027753833040108e-02
6.850325598542977845e-02
6.766157335815654872e-02
6.733242050326852801e-02
6.687489075241383196e-02
6.720518859974226877e-02
6.722941814505330183e-02
6.786258128984265503e-02
6.680112435263926840e-02
6.713688655615622503e-02
6.747796069358784343e-02
6.721550771651724210e-02
6.631057481377063134e-02
6.640106315577294638e-02
6.834270519825706713e-02
6.711231444485965536e-02
6.716781736749538601e-02
6.681710851997112177e-02
6.837814219242872860e-02
6.657925468895385668e-02
6.680813667131951794e-02
6.602824704319400217e-02
6.857553709642776052e-02
6.755482375392037053e-02
6.783933915712049567e-02
6.679528799979675413e-02
6.825161728098330660e-02
6.831502974264132277e-02
6.694123234042131942e-02
6.575689064059765665e-02
6.737646018787053770e-02
6.819660713924913242e-02
6.770676852729293205e-02
6.702387582898336471e-02
6.644716854914957394e-02
6.660069043430064117e-02
6.809548517419450331e-02
6.718862834790710614e-02
6.799662390409176582e-02
6.752805009966114658e-02
6.721712665386042618e-02
6.651145629571857121e-02
6.677977882539404275e-02
6.800722751932911092e-02
6.749185892202751169e-02
6.704343421869608799e-02
6.659212241980068392e-02
6.729791414352322143e-02
6.771366366338779641e-02
6.713794161227094881e-02
6.671168067004373814e-02
6.823009712007767347e-02
6.737268983823424540e-02
6.666552200428872699e-02
6.804563511058774050e-02
6.808759845538393807e-02
6.719744739982366766e-02
6.672058485979863451e-02
6.793020426182487526e-02
6.772923962270870069e-02
6.788502423101147598e-02
6.645673266412846503e-02
6.844357441185949797e-02
6.778585116604465832e-02
6.789814686176715020e-02
6.670164568963467266e-02
6.784855843576802215e-02
6.666925392236067172e-02
6.602062308831876947e-02
6.693193044528429614e-02
6.844429514537754555e-02
6.688362183398414984e-02
6.705116709831657196e-02
6.729449467319026379e-02
6.709055395324843574e-02
6.632719623483998572e-02
6.698337869352401219e-02
6.790378887658750362e-02
6.802481288337727805e-02
6.661988529077979282e-02
6.646981651538297342e-02
6.727200468871404049e-02
6.749841501129663635e-02
6.669109955150323565e-02
6.697991434798199195e-02
6.740843152602245258e-02
6.748123581455039988e-02
6.678313373369904049e-02
6.758212651689170236e-02
6.779261105269002163e-02
6.773974803202914563e-02
6.627547394076742371e-02
6.728541061882091501e-02
6.764305062676982672e-02
6.778506074160733919e-02
6.656621898226897094e-02
6.677020394150542937e-02
6.792911632887210782e-02
6.707907954710912168e-02
6.691729263276979811e-02
6.718621563999499502e-02
6.818544660114000955e-02
6.826754094205837731e-02
6.709754680763417578e-02
6.643368170872329670e-02
6.732236205618151448e-02
6.723917614103094853e-02
6.740753588146128350e-02
6.695242852828653390e-02
6.649442107765102250e-02
6.721402318574268286e-02
6.842637717700880695e-02
6.704055397486380352e-02
6.642076451350586996e-02
6.717460504313355063e-02
6.835191764775457035e-02
6.763007213856121747e-02
6.701346162606929002e-02
6.665829715260160326e-02
6.636829095349919272e-02
6.753834161732240327e-02
6.795678368056935759e-02
6.667759714365259494e-02
6.638418714387725461e-02
6.852371244298906261e-02
6.816305896220554994e-02
6.896685954555500930e-02
6.619208917483541954e-02
6.730769615926457394e-02
6.849341301374749225e-02
6.843430928730416529e-02
6.804853687960148168e-02
6.624486765697007451e-02
6.635368057487471549e-02
6.739751901542836987e-02
6.869173677352670426e-02
6.777662421373351065e-02
6.758526125758619607e-02
6.660584914085983244e-02
6.719289742746711869e-02
6.718624234753681201e-02
6.651262673596773645e-02
6.721592128039392822e-02
6.630521270447116422e-02
6.788227102612150177e-02
6.886837270613767326e-02
6.711158297232930336e-02
6.663792696503478830e-02
6.757624903566804286e-02
6.783369544403733409e-02
6.678727292690739281e-02
6.769426893071757434e-02
6.711840360144974427e-02
6.759926729894250030e-02
6.878302319337330217e-02
6.680890311979666152e-02
6.742967994666314302e-02
6.729569116469698298e-02
6.670274399145197097e-02
6.842949556500067809e-02
6.771771923384002634e-02
6.732733238294243139e-02
6.699546664992019063e-02
6.727428393089586456e-02
6.824551850775546769e-02
6.916586105727967615e-02
6.706538456470871601e-02
6.696500824333563584e-02
6.846351865138264325e-02
6.716115230496261246e-02
6.881257245811754630e-02
6.779732205165728276e-02
6.778343816052979920e-02
6.675330216488517543e-02
6.803594597555548407e-02
6.838295964132561078e-02
6.905311491356710962e-02
6.821730226492908611e-02
6.721436992154784795e-02
6.644948995836240380e-02
6.641536606839951173e-02
6.745442614638098855e-02
6.779710085653838092e-02
6.785043402392465506e-02
6.738550153865058290e-02
6.669125761958316634e-02
6.743648916589102538e-02
6.698256631206606082e-02
6.714735534744135925e-02
6.857350877966926495e-02
6.711470629786663034e-02
6.593785136007411507e-02
6.678089775446054144e-02
6.763562728694480497e-02
6.808869758448805876e-02
6.704748560563376925e-02
6.793197296534982110e-02
6.679953375319527820e-02
6.810187143530815890e-02
6.811913374253067421e-02
6.864630505733025634e-02
6.723686111030319212e-02
6.619205262604395401e-02
6.682707952627184311e-02
6.738498545294706321e-02
6.837795004813192190e-02
6.756227551068264003e-02
6.868637357955786893e-02
6.643563017472681187e-02
6.743754279960313680e-02
6.702197287381077284e-02
6.762142560535604197e-02
6.810876669694884700e-02
6.720491654604966725e-02
6.649753478956081654e-02
6.686603017619051348e-02
6.658916511475392042e-02
6.705321572875878877e-02
6.798221993104117122e-02
6.777058114119860477e-02
6.665918425799084723e-02
6.714736334033728771e-02
6.724227897463019854e-02
6.809540901335293939e-02
6.765350836853063765e-02
6.671569926380765958e-02
6.634160298460096972e-02
6.649329560927319527e-02
6.714928744500961444e-02
6.814264869144200099e-02
6.854246137875734390e-02
6.699881553287434510e-02
6.621282024110373976e-02
6.651967955279282363e-02
6.668351168285839570e-02
6.919140181489406849e-02
6.824824762569157988e-02
6.748825868838169428e-02
6.675452956766950163e-02
6.653537382514364273e-02
6.727121258298560114e-02
6.768271191724518909e-02
6.807859720089852462e-02
6.709303794407364685e-02
6.708352685790650027e-02
6.621473239645411790e-02
6.867544519226428945e-02
6.829928356915807020e-02
6.701334380838244731e-02
6.720681480112347672e-02
6.696448753837498657e-02
6.771834827322005534e-02
6.721204585809537058e-02
6.721947375917114442e-02
6.671234390179954510e-02
6.679233610804832799e-02
6.731101440503695077e-02
6.961749727086034845e-02
6.722675057568180956e-02
6.695718570002209824e-02
6.651046526026999084e-02
6.697259953804346466e-02
6.704720772661409978e-02
6.809367740809593728e-02
6.743210583822076276e-02
6.679340918650113201e-02
6.657741859436654142e-02
6.761366850300426501e-02
6.785739994952028065e-02
6.756313721499104807e-02
6.871241613219052080e-02
6.676214483231723840e-02
6.638217481203050052e-02
6.672809099204189687e-02
6.902086985849187339e-02
6.705274949653482197e-02
6.724285978077031156e-02
6.725530989348971200e-02
6.646008427031409316e-02
6.701413152669151441e-02
6.845502689242081995e-02
6.829062717997515242e-02
6.770725763728992208e-02
6.747793532290380369e-02
6.687276771623142102e-02
6.816744297424087717e-02
6.745510454852542137e-02
6.807385721883475738e-02
6.751766618506155337e-02
6.808607485316815755e-02
6.672838979188736031e-02
6.595686833875964716e-02
6.657702992467674774e-02
6.705064586039666263e-02
6.822888202147428527e-02
6.780033868025278632e-02
6.819430137012112703e-02
6.771287347045423788e-02
6.728920018107899248e-02
6.648546857005617483e-02
6.792124826498995016e-02
6.731122188913832294e-02
6.827083184332598254e-02
6.866280052597092953e-02
6.736391855276377405e-02
6.654718764411581000e-02
6.618750591974147113e-02
6.820667277775037396e-02
6.685463241956604574e-02
6.826257980733743680e-02
6.896034097346061265e-02
6.794361673985595262e-02
6.665289085499381816e-02
6.668472780679347844e-02
6.605190206640304540e-02
6.686273521820000620e-02
6.716266736201011167e-02
6.728769836158439432e-02
6.884516550422456471e-02
6.682846679902892939e-02
6.796930473809136009e-02
6.692944097010293525e-02
6.640742557448249539e-02
6.707047613980453293e-02
6.642638840516534859e-02
6.669816434725249488e-02
6.720693558803293721e-02
6.841963047083676752e-02
6.627138798867680813e-02
6.774440998077536913e-02
6.728828746361369129e-02
6.759435239255187633e-02
6.667026323857316861e-02
6.764526691029136563e-02
6.816549202203718572e-02
6.806700114123595546e-02
6.723388268671882939e-02
6.844214312546464951e-02
6.730380968637979244e-02
6.709638627181414849e-02
6.579745601439039582e-02
6.711857616764467516e-02
6.741709244063297246e-02
6.825733988563853494e-02
6.775260183736660224e-02
6.695990077595881385e-02
6.700542869856869477e-02
6.721166541038073317e-02
6.696779382460002483e-02
6.737911603640765745e-02
6.665955411512432260e-02
6.825221853620115631e-02
6.836895234547635258e-02
6.707130623765812649e-02
6.711826079159761982e-02
6.661988316116491948e-02
6.664212702095552443e-02
6.655362425347485789e-02
6.699076554258497074e-02
6.709711092914083519e-02
6.841052181982365532e-02
6.827614913067645008e-02
6.737316116419660161e-02
6.726007171392522910e-02
6.775162625143361927e-02
6.669112131876728244e-02
6.652916496711684669e-02
6.781947511808122941e-02
6.862412217500181433e-02
6.796426931315813214e-02
6.687259895675003174e-02
6.625562827554681844e-02
6.647358106029901959e-02
6.818441742742768763e-02
6.799653069589324528e-02
6.780695245816233119e-02
6.772680254626864405e-02
6.823253126576520056e-02
6.636373333905902505e-02
6.628671905098933170e-02
6.765406215032908344e-02
6.713869451749139572e-02
6.929878531105874984e-02
6.748159830851571672e-02
6.808613140735945979e-02
6.718000674785272464e-02
6.774776163655139849e-02
6.719965415910922335e-02
6.780231732245235732e-02
6.837363469968593677e-02
6.733438036123741421e-02
6.686630866483402047e-02
6.665210057368671503e-02
6.786556261364083686e-02
6.700398585867134438e-02
6.781029062000577812e-02
6.798057034327223414e-02
6.652101179177867529e-02
6.694945076284274099e-02
6.647281953446193548e-02
6.735603947024490501e-02
6.632645192937569600e-02
6.848886660926975511e-02
6.838956308619428826e-02
6.745781333494341170e-02
6.678515612150427716e-02
6.639689604892556885e-02
6.748545269257595625e-02
6.680292969060754038e-02
6.791910213076080005e-02
6.835017958778476233e-02
6.815126593664209975e-02
6.726270406808596003e-02
6.658086141363711574e-02
6.582482670717276774e-02
6.639790973331610724e-02
6.656138109311787732e-02
6.805563485869270401e-02
6.910599530194419526e-02
6.737997116164595734e-02
6.768548488181412581e-02
6.723661134048930510e-02
6.637795177305623462e-02
6.829633180406936843e-02
6.813614530382386403e-02
6.788843893454633849e-02
6.796580329013381105e-02
6.700327793153701417e-02
6.842009309978644427e-02
6.736908846924849481e-02
6.684442104074887758e-02
6.755828942369115908e-02
6.785496965769782785e-02
6.762776558436896235e-02
6.829832459506218756e-02
6.755735079033939328e-02
6.648964628310083391e-02
6.689969715404173178e-02
6.660956362479694692e-02
6.720156196086357614e-02
6.728330067968452122e-02
6.837087202786230888e-02
6.744023960875068779e-02
6.765288468799128541e-02
6.592888125704439439e-02
6.617627672870612932e-02
6.738067600576312655e-02
6.741673383790756924e-02
6.799971281860618666e-02
6.746522391654466433e-02
6.724260162914687255e-02
6.760125600452404626e-02
6.636337307269245256e-02
6.696509973421026218e-02
6.765762929430221839e-02
6.772711765423881924e-02
6.739213892594429767e-02
6.681264278835842563e-02
6.766197291700234984e-02
6.636530459864507792e-02
6.827379607294503661e-02
6.823545114137809231e-02
6.838175061769863339e-02
6.712056985480954752e-02
6.743226985035570553e-02
6.627058676936274650e-02
6.658093490266721315e-02
6.774712809818828063e-02
6.772169174201590758e-02
6.916576846305522164e-02
6.786270237463444543e-02
6.724344119496955541e-02
6.794372901572909296e-02
6.576048532960714066e-02
6.712064827968222680e-02
6.689665622918877785e-02
6.754329131461130065e-02
6.717380361114423659e-02
6.700902316966654559e-02
6.751000191990692845e-02
6.819530774788587490e-02
6.633134511569782621e-02
6.664091458785754984e-02
6.735608124586112133e-02
6.794807802748500936e-02
6.775137517314970548e-02
6.758786257147569865e-02
6.780039256520577207e-02
6.758118228787833581e-02
6.709249083754129095e-02
6.687962935249822105e-02
6.714988583664652233e-02
6.634259742265713466e-02
6.782302330517157862e-02
6.862289897438271502e-02
6.760668451418432034e-02
6.656720619604736267e-02
6.661723116726799010e-02
6.642615301829048191e-02
6.713194584655214625e-02
6.789320223574037139e-02
6.763102860476130629e-02
6.849032032458879371e-02
6.719308393789175105e-02
6.667182413813332875e-02
6.717694063781211311e-02
6.604076959629028021e-02
6.726388628919394153e-02
6.774741669072892325e-02
6.893100421200573646e-02
6.817502215167103863e-02
6.766886398228831589e-02
6.725523127231919363e-02
6.715288940792674133e-02
6.618812587402971015e-02
6.746806260344363759e-02
6.772642473477633041e-02
6.784939397276223971e-02
6.819692603602180159e-02
6.713511419185257123e-02
6.718409776730310812e-02
6.701503485714264963e-02
6.727869604092523437e-02
6.763755450708101857e-02
6.730652291417603406e-02
6.835156015247433048e-02
6.817457631365023141e-02
6.703140148276535981e-02
6.706809373306348021e-02
6.597939771645922047e-02
6.611989986664046359e-02
6.731870329592748448e-02
6.854947685105443334e-02
6.817422062125352844e-02
6.759597307323809978e-02
6.794847807884034363e-02
6.670061450552432214e-02
6.712033912878030695e-02
6.715999877937448015e-02
6.685664366615924614e-02
6.836341788016771226e-02
6.835699730590616419e-02
6.784337189548093894e-02
6.741764816476246425e-02
6.725330292433633061e-02
6.680439077683915372e-02
6.753588490295572844e-02
6.709686796562160105e-02
6.709089310064111911e-02
6.790779556717624343e-02
6.716391874518548577e-02
6.656931358883119709e-02
6.609088623330063028e-02
6.618574547913610995e-02
6.748333907623908778e-02
6.735185882602139074e-02
6.843371418454326227e-02
6.803081612889470831e-02
6.778565898633573394e-02
