1.085444122560869973e+00
1.084241108843613466e+00
1.087144482474880602e+00
1.073205699753119191e+00
1.064853082975609988e+00
1.080002072046506889e+00
1.068004570104487350e+00
1.099696365887155691e+00
1.088718692412962596e+00
1.073589659169339461e+00
1.088999861063646213e+00
1.076415743584261842e+00
1.071197401523624526e+00
1.092733241238368347e+00
1.070323672948564120e+00
1.071370867477557498e+00
1.099537200289441019e+00
1.091146665843234054e+00
1.073753319856902477e+00
1.088072048898024002e+00
1.089056290770728186e+00
1.055143992551447640e+00
1.082453399380635339e+00
1.095198680932770507e+00
1.065555502011722000e+00
1.066268583860709329e+00
1.079953530667172812e+00
1.087036532901951347e+00
1.088687157952739071e+00
1.068880739594301188e+00
1.094013874597036029e+00
1.095715531895226080e+00
1.080439111277399222e+00
1.101140224562566772e+00
1.106778683891625370e+00
1.077950433374707639e+00
1.088812415542728784e+00
1.078067767218976458e+00
1.086363101067570947e+00
1.080271829638500103e+00
1.097075369973453007e+00
1.074763627523183551e+00
1.083485966325970828e+00
1.095114034109178514e+00
1.070175744043094790e+00
1.070680502261779354e+00
1.100235822832187127e+00
1.090970190315212252e+00
1.075299353309352446e+00
1.083575265874857640e+00
1.082079659358021972e+00
1.076332701945899695e+00
1.089130932459380752e+00
1.078235985980509071e+00
1.095598930604821719e+00
1.077346541722070228e+00
1.079088217177044617e+00
1.090816707741353087e+00
1.101901539560759868e+00
1.092760954878847723e+00
1.064359334824459991e+00
1.094214845215285337e+00
1.087769013366512105e+00
1.079819992565663522e+00
1.076387897743102506e+00
1.074215162786090305e+00
1.079002649305446759e+00
1.083002143181342802e+00
1.088940536115149849e+00
1.083113828657469968e+00
1.077967489297945392e+00
1.082080637251699562e+00
1.075838492890408560e+00
1.082414842625401663e+00
1.079526349046193934e+00
1.074387543329093475e+00
1.076866447066081367e+00
1.095639418038075519e+00
1.085594991338153736e+00
1.062461619855993522e+00
1.082364974534578472e+00
1.078905688711692790e+00
1.068628812414741613e+00
1.065231012360222884e+00
1.082596456023951159e+00
1.101843148061574018e+00
1.070935143304782899e+00
1.068826092339955292e+00
1.083396080137245976e+00
1.084253110785947216e+00
1.082793926355990033e+00
1.084082548611993158e+00
1.069992478106583933e+00
1.070952072865235749e+00
1.092136226878455574e+00
1.081299515042761339e+00
1.065399435618546775e+00
1.138020254549126031e+00
1.080659198300068846e+00
1.090013385353946207e+00
1.088473379841352617e+00
1.077548742467431264e+00
1.109065413745013773e+00
1.082438377263796658e+00
1.090644554594199844e+00
1.074748903074739248e+00
1.071545760074522624e+00
1.094285210760215232e+00
1.086302914955505461e+00
1.083696803121190211e+00
1.090585958970268221e+00
1.093802289689468799e+00
1.079534891554097209e+00
1.094955356251822165e+00
1.076539583114431986e+00
1.082550928291391656e+00
1.070449397353589571e+00
1.079650751494194649e+00
1.074104318423524607e+00
1.078894845126554536e+00
1.077158839389692035e+00
1.092929914488653509e+00
1.073227110484381575e+00
1.111020111080422312e+00
1.092515515357115774e+00
1.062519883044102942e+00
1.078304434739375539e+00
1.072743274012009085e+00
1.091034253067207249e+00
1.071466368696522453e+00
1.087084880646650209e+00
1.072657017789028444e+00
1.113906178594335383e+00
1.094732242563104974e+00
1.088327742886249005e+00
1.089933764096994606e+00
1.085637015546779827e+00
1.077348577878829428e+00
1.075319276126340595e+00
1.067057580860450772e+00
1.101375927242940644e+00
1.085621135893119815e+00
1.095840630015995298e+00
1.064196140328591111e+00
1.078801869906784061e+00
1.089291737931885606e+00
1.076215141610263215e+00
1.080257431359398890e+00
1.096520995085613626e+00
1.077672060552625544e+00
1.079320660217386152e+00
1.097838634961270321e+00
1.077762991693590022e+00
1.069458182871549479e+00
1.082005850389213819e+00
1.094435864386006818e+00
1.100800387235418176e+00
1.081266831262196915e+00
1.088970080279408226e+00
1.080540094322330447e+00
1.067211933440069815e+00
1.096554622667246459e+00
1.085134320142273623e+00
1.083973015028520059e+00
1.072044977980160851e+00
1.085668111861926688e+00
1.093206427318425877e+00
1.108696716035123764e+00
1.081728854361505343e+00
1.081376933905977777e+00
1.075503553086940789e+00
1.092075261582621248e+00
1.089078095405590307e+00
1.065961220215131178e+00
1.081232472173503156e+00
1.085527018441549973e+00
1.068218472621589088e+00
1.072181502669511399e+00
1.089597248023540077e+00
1.073711634245787305e+00
1.078720718759617725e+00
1.081130720295311543e+00
1.079399817875032364e+00
1.070140383324676092e+00
1.081368124887027937e+00
1.086063982062345445e+00
1.067563240445907002e+00
1.091103379214189539e+00
1.077273015588960048e+00
1.090362454917861657e+00
1.078722334162729890e+00
1.079209554296264528e+00
1.075022623323506510e+00
1.095119393190083557e+00
1.071546848154622200e+00
1.079044867766643323e+00
1.091261205225737108e+00
1.079292203083028534e+00
1.083381553264572528e+00
1.076794641479097203e+00
1.065890263217215583e+00
1.072188497434135135e+00
1.077169017752261482e+00
1.082829268823529700e+00
1.111492381937482454e+00
1.064861481622120243e+00
1.068717561496093316e+00
1.062702197014524952e+00
1.088741713808172751e+00
1.083501144608608024e+00
1.069484602233914394e+00
1.086139883270104800e+00
1.093706595557019767e+00
1.086190011524216681e+00
1.075256017764762762e+00
1.114062072482566279e+00
1.087597007806688332e+00
1.081919721940844736e+00
1.082273172516106330e+00
1.075046308395638750e+00
1.076072214563490670e+00
1.069802735964745954e+00
1.070045530169362102e+00
1.071414119951319854e+00
1.095651892175501185e+00
1.089268103599759119e+00
1.075893129518713076e+00
1.067321220911937374e+00
1.073065668787047233e+00
1.099736192406525426e+00
1.069937378787560789e+00
1.071555242969881583e+00
1.090401710311322381e+00
1.081901130122709942e+00
1.077964081331420187e+00
1.078676264013209485e+00
1.096076290769555595e+00
1.090446827830488186e+00
1.068179452771143678e+00
1.091684041239703751e+00
1.084047733364875921e+00
1.113198518877199783e+00
1.064735790270877169e+00
1.067587382136199192e+00
1.087439950329047278e+00
1.088989168636714577e+00
1.077780156901454900e+00
1.079808760757195563e+00
1.088870381781642305e+00
1.083744776469783844e+00
1.073053647918367437e+00
1.077049257089114587e+00
1.068722821629403352e+00
1.077389176073976662e+00
1.082022230408347996e+00
1.091017264156250111e+00
1.091183446669759860e+00
1.077663134707788739e+00
1.086379517668602857e+00
1.083448398975260130e+00
1.082051518711001359e+00
1.092303917169339167e+00
1.081258578902743572e+00
1.096456340346918745e+00
1.070823691018526258e+00
1.114387682333844332e+00
1.081628230117252620e+00
1.078477784158376140e+00
1.076506451862636160e+00
1.097798783862108829e+00
1.094858037315122434e+00
1.073542253368941379e+00
1.084252594145893589e+00
1.084947070732422914e+00
1.071181960892356733e+00
1.091166046122058031e+00
1.072710999818654809e+00
1.082974609521738296e+00
1.092119924352271676e+00
1.088808962520772416e+00
1.085708466641945869e+00
1.080706142504927358e+00
1.085946878550417605e+00
1.103113933599791929e+00
1.079608352630180956e+00
1.084150406298329594e+00
1.083429974473861579e+00
1.084791443568913882e+00
1.082729637767813946e+00
1.106032744563466563e+00
1.080403018246089530e+00
1.064324906592555520e+00
1.074220184470354056e+00
1.081243764368630345e+00
1.118005416590462264e+00
1.088472610125218454e+00
1.064985332731886336e+00
1.075684750781472410e+00
1.100551186509120649e+00
1.069855195743476095e+00
1.102115869824323413e+00
1.067119102135553721e+00
1.100672583535717397e+00
1.072214976183989421e+00
1.084825718344934575e+00
1.095339547139940972e+00
1.074427237821481196e+00
1.079364712730032982e+00
1.089265162707466761e+00
1.084128159201705133e+00
1.094140824749501029e+00
1.098748190183951312e+00
1.067817691677436232e+00
1.082639853844419076e+00
1.089590471221721923e+00
1.095603255821253175e+00
1.090412480988187216e+00
1.105685985124700954e+00
1.081487115170268964e+00
1.067783559955570727e+00
1.096662642408261501e+00
1.109987787945844850e+00
1.082461143511388002e+00
1.076523837386520910e+00
1.088430732781738852e+00
1.079496319121394432e+00
1.081495390049031169e+00
1.103436525742883756e+00
1.083841393950693011e+00
1.078368179668878657e+00
1.076865319921858299e+00
1.078097470224652188e+00
1.084462895362630963e+00
1.098995042854505666e+00
1.069695586296327328e+00
1.058414647423176147e+00
1.077936063656548038e+00
1.073135002730983611e+00
1.077435318704459632e+00
1.104560699815233749e+00
1.072550404167518900e+00
1.082030322805539679e+00
1.087784768757717790e+00
1.083077940554728391e+00
1.079820163356847607e+00
1.084066407856051351e+00
1.081533347991640470e+00
1.078793466393588751e+00
1.067592478537352063e+00
1.080316645688154331e+00
1.080091100670482973e+00
1.063442411121977349e+00
1.058592668674150694e+00
1.069806418182372099e+00
1.078447785189289965e+00
1.076141435929590662e+00
1.084804128894425013e+00
1.099320001442696704e+00
1.089165941988792463e+00
1.073034500743500930e+00
1.063018641735741010e+00
1.092171283736081078e+00
1.100477540896870554e+00
1.081741562621585606e+00
1.081562811820404590e+00
1.091747601631772646e+00
1.077729189852233427e+00
1.105733323855019545e+00
1.081988846376427560e+00
1.083122209058533292e+00
1.064395510173652859e+00
1.078537055320129001e+00
1.075614669702146253e+00
1.068585486606422608e+00
1.107714553470861452e+00
1.067114561704292308e+00
1.070502762044907019e+00
1.080484114266968554e+00
1.073761666365450340e+00
1.082645339963701048e+00
1.099386515737056813e+00
1.080801620480047021e+00
1.089838758275604835e+00
1.068195852457560324e+00
1.087161662182100974e+00
1.071223332279826579e+00
1.104202132204116893e+00
1.090351753396408885e+00
1.093315049112788540e+00
1.083197746764879454e+00
1.068136851609425841e+00
1.096205744871449950e+00
1.092913907777813609e+00
1.079634583431840600e+00
1.077047099464099267e+00
1.104297374791454400e+00
1.063915543651630324e+00
1.087919962162356535e+00
1.081233239507271904e+00
1.057786589769372121e+00
1.083816007322087938e+00
1.078996948785801990e+00
1.088416697862140126e+00
1.075457732619914619e+00
1.103035336860260118e+00
1.064865694147710595e+00
1.089965924006886633e+00
1.081283137289629437e+00
1.094297100112015642e+00
1.091314066616823730e+00
1.093332834381850915e+00
1.084004096630279967e+00
1.083212584457259320e+00
1.065466829572934371e+00
1.079745292510234433e+00
1.089231642795946309e+00
1.074722837425061694e+00
1.075591699142965263e+00
1.106755598142402430e+00
1.069345290197247555e+00
1.124701034266403665e+00
1.088674870745934165e+00
1.080363293492958787e+00
1.100936186161324271e+00
1.061362839105961076e+00
1.082037465380692343e+00
1.065381207891885396e+00
1.089180296349286481e+00
1.074642612025938249e+00
1.085637399749986187e+00
1.064437112252690110e+00
1.075329226379015291e+00
1.081971384147594195e+00
1.101140780903637983e+00
1.109208614853184560e+00
1.089944844838988347e+00
1.083342967510917187e+00
1.078194593285465963e+00
1.077420578644305627e+00
1.072631156575019062e+00
1.078589789721096315e+00
1.073723016899733151e+00
1.084033041713752255e+00
1.093675474669087100e+00
1.076319481506978093e+00
1.075188748968579189e+00
1.098363651652504158e+00
1.087448472513948161e+00
1.079615690267863526e+00
1.089776732877398846e+00
1.088204518082717565e+00
1.074656933334564135e+00
1.076561783434563990e+00
1.104090130629054478e+00
1.112668200690330789e+00
1.066186636385028308e+00
1.081940407260720161e+00
1.085874574562376127e+00
1.089036834312273161e+00
1.131463456170251458e+00
1.086683141681066056e+00
1.056820724041036774e+00
1.075023075452692822e+00
1.088898734260605794e+00
1.083827765561135470e+00
1.076823776708805580e+00
1.062097431009465298e+00
1.069500617206764481e+00
1.082764418653552552e+00
1.083267004943544887e+00
1.074963454026436560e+00
1.085660772934777363e+00
1.091771574015949042e+00
1.087792122709667630e+00
1.062397752831879094e+00
1.103040084748105665e+00
1.094160114741541845e+00
1.083028615220246182e+00
1.079119454609789086e+00
1.083192521541424203e+00
1.079733067546500003e+00
1.076365254710267338e+00
1.070800476724121264e+00
1.088642442818385625e+00
1.070749581546085905e+00
1.071325043875342109e+00
1.072999706902025174e+00
1.078493623495050402e+00
1.087485862035147965e+00
1.091745531536262526e+00
1.096043123482928205e+00
1.080263085023309033e+00
1.072125446915502822e+00
1.080107890519915737e+00
1.081871453613127088e+00
1.096187299765974732e+00
1.082392656812583676e+00
1.101194948787959538e+00
1.068742215426729425e+00
1.085988737435009233e+00
1.071739400166352052e+00
1.072606263437916763e+00
1.079764997390727732e+00
1.108266431722665590e+00
1.076634336500337685e+00
1.081614278536835672e+00
1.069941436865566198e+00
1.089372770707112803e+00
1.071718356803208039e+00
1.079543188479529015e+00
1.090818124979054726e+00
1.082230389292351269e+00
1.092296596191085767e+00
1.077790019084448492e+00
1.089652909005222270e+00
1.077802431711464282e+00
1.095412204959575586e+00
1.086839543663539409e+00
1.061631066087999065e+00
1.089063015530794321e+00
1.080393100928306760e+00
1.073827074600718801e+00
1.088823053748136482e+00
1.078066321454967280e+00
1.080736827124499033e+00
1.088990729871196050e+00
1.083342104441176623e+00
1.081728555937827130e+00
1.067675132482742484e+00
1.070691594031476512e+00
1.066762434058521114e+00
1.069223789251928958e+00
1.088830948106706664e+00
1.088335574178816323e+00
1.063541830491505635e+00
1.087330355886242383e+00
1.106090178081734487e+00
1.098854641712428748e+00
1.090665283528117424e+00
1.108201599172353946e+00
1.076504748895547925e+00
1.076594740190987665e+00
1.066971633178824819e+00
1.091063714155744879e+00
1.099991818379910224e+00
1.077204861893988896e+00
1.092203469406122895e+00
1.091308067117512604e+00
1.093749483764205666e+00
1.068526472990263931e+00
1.096313440631979885e+00
1.077435213654125645e+00
1.068334782315535136e+00
1.069536135711237179e+00
1.071499578378668938e+00
1.073101644827364254e+00
1.072153240675497221e+00
1.077500364573207747e+00
1.081691275333386715e+00
1.092488897466316944e+00
1.066488225863384987e+00
1.075831220622343487e+00
1.080193325796814818e+00
1.082143157556717750e+00
1.077398107571682973e+00
1.067705352849875666e+00
1.066821985927546290e+00
1.070677454225712033e+00
1.092632734607507761e+00
1.077780283832135311e+00
1.109374203672250481e+00
1.096198471066646807e+00
1.109683205772262093e+00
1.066415599473493181e+00
1.083927660054002429e+00
1.075728179461548528e+00
1.092529526022033570e+00
1.069468274944333830e+00
1.079518947338386825e+00
1.082699660327836932e+00
1.073657231958977443e+00
1.091365717736471508e+00
1.075034691099389317e+00
1.087182731598380636e+00
1.089066267043791170e+00
1.063911329843709286e+00
1.105610661768348768e+00
1.101497926909348113e+00
1.073863777465190905e+00
1.094291208850622699e+00
1.078806900935998625e+00
1.074325690718541448e+00
1.077245756893016937e+00
1.080669619787638647e+00
1.081951095944664321e+00
1.073922895350232665e+00
1.081651284724265860e+00
1.068903166878215849e+00
1.085940625450345198e+00
1.074338978691117941e+00
1.068215119025293314e+00
1.084804227185799386e+00
1.110341172354514461e+00
1.069257915869616937e+00
1.066498858081178280e+00
1.084474814338025839e+00
1.089550878134735834e+00
1.095843911454487341e+00
1.073482361654591877e+00
1.091989122710034898e+00
1.079525481814660903e+00
1.069718912709210823e+00
1.081190105369469912e+00
1.078015635024507590e+00
1.079392418920679830e+00
1.070193913163007604e+00
1.085268813299546276e+00
1.068059570710140571e+00
1.069016785335797470e+00
1.076782912533227554e+00
1.082365108499803164e+00
1.071753814427415241e+00
1.103313454995159981e+00
1.059691187515164890e+00
1.086991346168477035e+00
1.076805103439226308e+00
1.059929985537970465e+00
1.069812930202913348e+00
1.079385710122526598e+00
1.074712316576226678e+00
1.073349356254091447e+00
1.072521263493101840e+00
1.078722982657568386e+00
1.087755662096554499e+00
1.086060775853053606e+00
1.128547160859455500e+00
1.075437267835374966e+00
1.095252658016338421e+00
1.088628614840748909e+00
1.091043730557199165e+00
1.076573738608674669e+00
1.078279450990284216e+00
1.089478717383892459e+00
1.076420616035967726e+00
1.100804360167815910e+00
1.078732630140886162e+00
1.070159582957625366e+00
1.077660692603963133e+00
1.096734817574234855e+00
1.081483504297209075e+00
1.063539675266808926e+00
1.083662334907921743e+00
1.068577627662818941e+00
1.090238987042845498e+00
1.093588820336612644e+00
1.090403224731493204e+00
1.090932725776215806e+00
1.094857325078600452e+00
1.084556405406353674e+00
1.094311767056138418e+00
1.073248664123177765e+00
1.090062491000533429e+00
1.080740706105356219e+00
1.077680228454920508e+00
1.066575558293509918e+00
1.073565356711110086e+00
1.066084221076863736e+00
1.081057428106092289e+00
1.103661301165432818e+00
1.072242121449646923e+00
1.106371419476990692e+00
1.078726970381886918e+00
1.076712537641697498e+00
1.098099725260885950e+00
1.078639518785857732e+00
1.084051894670559735e+00
1.101277721822595757e+00
1.067855847248408985e+00
1.073447248478365257e+00
1.085855209235740970e+00
1.074625506472857595e+00
1.084283210431123745e+00
1.097193834836670545e+00
1.083273009829680777e+00
1.092255859459285716e+00
1.072658899079795836e+00
1.073362360672050375e+00
1.120488388180060690e+00
1.067229085125456889e+00
1.096149462838973854e+00
1.070920350193049764e+00
1.113943492169182425e+00
1.115714980462943151e+00
1.084072978898170225e+00
1.093266092872525075e+00
1.080788718109524149e+00
1.073397412645975990e+00
1.085748949143258590e+00
1.064272170756207059e+00
1.071276217589542279e+00
1.107363642531852932e+00
1.069670337631317247e+00
1.074215468946166041e+00
1.067871352834709242e+00
1.080279779541824414e+00
1.077059318338426719e+00
1.073514935068441423e+00
1.075525102361585938e+00
1.088525631527183402e+00
1.100566221367316633e+00
1.078839448652592070e+00
1.096262962371302274e+00
1.083002263457825132e+00
1.085693813253806761e+00
1.083789373226923036e+00
1.081909669563629439e+00
1.084797332486552079e+00
1.102974156199377553e+00
1.102818719314044849e+00
1.087323931279286615e+00
1.080121599269695754e+00
1.093940363307775110e+00
1.111614580820127873e+00
1.079333265793066765e+00
1.082189164018323657e+00
1.080929668941038591e+00
1.096514780365401842e+00
1.078465153904223373e+00
1.094867396690803130e+00
1.081232848231662436e+00
1.069301608976968909e+00
1.087389198318409189e+00
1.081266632729915189e+00
1.092656549239872765e+00
1.070653810164571507e+00
1.090736789562600118e+00
1.085465775725463322e+00
1.085755589996758141e+00
1.089066643925000966e+00
1.054834285377802994e+00
1.077648504442784816e+00
1.092539830106262322e+00
1.089109955381184047e+00
1.108120425462712610e+00
1.083619409726017002e+00
1.084124140550266624e+00
1.074288658464624069e+00
1.064815945682804355e+00
1.080475635663048939e+00
1.084772112508828545e+00
1.079318312117238721e+00
1.086326976878714268e+00
1.082471462900278070e+00
1.082609080704076243e+00
1.076293255019645567e+00
1.104293447518646332e+00
1.070478756141171273e+00
1.072497357596220890e+00
1.089762715310237384e+00
1.065452581858239434e+00
1.072018028029125603e+00
1.063886823507756096e+00
1.105606091255774137e+00
1.116816300336682666e+00
1.078314620331973117e+00
1.082674178258679065e+00
1.067512160913679287e+00
1.072019312715154049e+00
1.083223577992786790e+00
1.074687571536714792e+00
1.082687855714966174e+00
1.094624622442267992e+00
1.077329901165138937e+00
1.077648914129649693e+00
1.087077195407889052e+00
1.067019294582868039e+00
1.094144111475023884e+00
1.082613737527264641e+00
1.091608077280140421e+00
1.091002910032395024e+00
1.075897463040748736e+00
1.066051380443824304e+00
1.057946992995973945e+00
1.070754980074094531e+00
1.091222924725307797e+00
1.081887808235921122e+00
1.074875907223259874e+00
1.078432851175976204e+00
1.063413915073113225e+00
1.074128406305575156e+00
1.089883792470962565e+00
1.067243108282983854e+00
1.098828325926673788e+00
1.088880525296812118e+00
1.095351932212049739e+00
1.085089963873529628e+00
1.075050428074778575e+00
1.085671920552684133e+00
1.082450422611769492e+00
1.086933575568789445e+00
1.083106169454095991e+00
1.061456275811567540e+00
1.082342865217195582e+00
1.109408223644333225e+00
1.077523385066140982e+00
1.089060726537137702e+00
1.084749037075845912e+00
1.084471281498484929e+00
1.074867657937227161e+00
1.085821630241337266e+00
1.084319009330470651e+00
1.096321148588432992e+00
1.085055494785083674e+00
1.065328840983208236e+00
1.085165147235378047e+00
1.076061563734232340e+00
1.089810332728373687e+00
1.080424895863739243e+00
1.085409476780766491e+00
1.061463732858563214e+00
1.067357407530808766e+00
1.085263245243767161e+00
1.095619477968185818e+00
1.087500498917732816e+00
1.064713037129086937e+00
1.079234655888013261e+00
1.092377178668282101e+00
1.066427726836894241e+00
1.070867008894352379e+00
1.083101398066856458e+00
1.096484854136210219e+00
1.096985435785601704e+00
1.088589943436190310e+00
1.082478394659750487e+00
1.083383205012415917e+00
1.088838368791995803e+00
1.086217549445614328e+00
1.079155880202798068e+00
1.073819034349556834e+00
1.095117836513160192e+00
1.076579207976694041e+00
1.087982371143431548e+00
1.089613777819674612e+00
1.084998431162752297e+00
1.096661389674986609e+00
1.098355433853009266e+00
1.084856227378419691e+00
1.051154827204648035e+00
1.074915626232595178e+00
1.066508056814277294e+00
1.074908928235176031e+00
1.060970722931752208e+00
1.083150707644511268e+00
1.070315520819409061e+00
1.107002118133540325e+00
1.080439366797216527e+00
1.097873078662869206e+00
1.090622572646179345e+00
1.093440126696419323e+00
1.073619994021581370e+00
1.066851684912998977e+00
1.079119049752528703e+00
1.078194728451711715e+00
1.083707638234272741e+00
1.091401233620334699e+00
1.059578186091515661e+00
1.090157726429367147e+00
1.072156404280856012e+00
1.082133885515041083e+00
1.090034565839051561e+00
1.086707285125459777e+00
1.080686848605787675e+00
1.059455170102300281e+00
1.101507506604220810e+00
1.062458209966462119e+00
1.077462640554958995e+00
1.091898062278732207e+00
1.087802243734187657e+00
1.074994758977933840e+00
1.072007960711971020e+00
1.074826517362390099e+00
1.084398639223481675e+00
1.089160283057879930e+00
1.071155164000193061e+00
1.080050006344807079e+00
1.067797239870600823e+00
1.074121265493684030e+00
1.074815968500837382e+00
1.097193709090684033e+00
1.093837789990319775e+00
1.086678523362424542e+00
1.067520652860562524e+00
1.066762065500889145e+00
1.095837125110664445e+00
1.068009506498527550e+00
1.080749463935564592e+00
1.085213866691412621e+00
1.075630805274405022e+00
1.073723608871130608e+00
1.080141813816685170e+00
1.077686562715777230e+00
1.092729173469622284e+00
1.089245418463723691e+00
1.098900074798976556e+00
1.073269614488198354e+00
1.098435007672780017e+00
1.090936997882107518e+00
1.085122597964378155e+00
1.075635359363167121e+00
1.104203489578656106e+00
1.092826830107008096e+00
1.071162840304432651e+00
1.076625614238255757e+00
1.094457499417389901e+00
1.083775441122424521e+00
1.078314114611767627e+00
1.086088620947122996e+00
1.071643709866541672e+00
1.077746741220552362e+00
1.088349352832814532e+00
1.085308735562235283e+00
1.096932445654685395e+00
1.063357797866537835e+00
1.075898872033178355e+00
1.076214229001243972e+00
1.074890177915474698e+00
1.086544292564427305e+00
1.072834532099805838e+00
1.085883641779297859e+00
1.079834091869195323e+00
1.078969526449120808e+00
1.053121564837288249e+00
1.066754645176193117e+00
1.087109766665090627e+00
1.079319368943413071e+00
1.080844706452902315e+00
1.095838481708280021e+00
1.095059054758438233e+00
1.106563992272808106e+00
1.088190198727490010e+00
1.056843324996335820e+00
1.076701038177776182e+00
1.055952832631649185e+00
1.083915984528268206e+00
1.088026980215094808e+00
1.075400690736061371e+00
1.078477418530229048e+00
1.080672075993367676e+00
1.081435399104525796e+00
1.102608561704054413e+00
1.092655116718417085e+00
1.077604275681002255e+00
1.079022719365382299e+00
1.080166278589322681e+00
1.072610115979879319e+00
1.080059698174139049e+00
1.076321896551738933e+00
1.097817831063386151e+00
1.088293566305997162e+00
1.072330688511020425e+00
1.098463701905930234e+00
1.074332826304097432e+00
1.086296858357497452e+00
1.091431360990687383e+00
1.097254567519678758e+00
1.082718732161374486e+00
1.077351314915041991e+00
1.059623005879683610e+00
1.134226631627325510e+00
1.083567800407212678e+00
1.075903824986876867e+00
1.095236547179583297e+00
1.085532378055107827e+00
1.078945322110147931e+00
1.066105983289216796e+00
1.071448847081148958e+00
1.072824170419001577e+00
1.066047074365710001e+00
1.102229809297915475e+00
1.084328995501456339e+00
1.061039187055218713e+00
1.072684913139056340e+00
1.084358804781859087e+00
1.072545677778513618e+00
1.075461044769678409e+00
1.086671269731103395e+00
1.120241223906531358e+00
1.084076796343211191e+00
1.076860569136743662e+00
1.085149449736460436e+00
1.078703335394364249e+00
1.099591038389103437e+00
1.079329700218349730e+00
1.072191740021778639e+00
1.065763253495935814e+00
1.091772828330490164e+00
1.079497861367247680e+00
1.079618305662725319e+00
1.081604503519909777e+00
1.096598751826227458e+00
