1.023452617450615554e+00
1.025979581303307686e+00
1.022161270220540485e+00
1.028771445171827503e+00
1.025983583721620018e+00
1.023358406959313571e+00
1.022920512710222551e+00
1.027538885393654233e+00
1.027893360697488045e+00
1.028650674878758053e+00
1.024558704606256976e+00
1.027306130141487417e+00
1.028071372668869721e+00
1.022785356233486542e+00
1.023066226692215919e+00
1.024783202549158556e+00
1.026284254308842847e+00
1.031331913678644296e+00
1.022671435181462529e+00
1.023534205871769354e+00
1.028217932429791759e+00
1.027530277387069368e+00
1.029962518970492846e+00
1.024499655687680866e+00
1.024110747664150001e+00
1.026195734885887001e+00
1.024011507621871653e+00
1.032465732522425128e+00
1.023935898840757197e+00
1.028322949873128112e+00
1.026204958729822314e+00
1.024631492100716912e+00
1.023961783199544007e+00
1.025848049722429822e+00
1.025963869164884690e+00
1.031528574568271850e+00
1.027540998006569506e+00
1.029146982230129126e+00
1.028151883590280757e+00
1.028972234915854322e+00
1.026822291486571448e+00
1.025553201342785492e+00
1.028004923839099805e+00
1.024154397582303755e+00
1.023496204299558787e+00
1.029927205752551922e+00
1.025965632472017441e+00
1.032160496460656995e+00
1.027735880738019469e+00
1.029227305105398838e+00
1.028464317812525231e+00
1.029927014901295568e+00
1.024154396155704916e+00
1.023909460800105808e+00
1.025197163731742300e+00
1.022877534758819928e+00
1.022445677370821260e+00
1.024301291550899551e+00
1.025763409167615325e+00
1.029814209905862032e+00
1.023312386904465798e+00
1.026568287526620438e+00
1.027552751467950554e+00
1.027097410423870594e+00
1.025855442548556207e+00
1.028984197847438331e+00
1.023227166446040837e+00
1.026046263317384577e+00
1.024808773097573456e+00
1.022737166578653767e+00
1.024098680551410734e+00
1.028435107486319611e+00
1.023591064518011962e+00
1.026742683222593211e+00
1.026304611355730367e+00
1.028595552454646844e+00
1.026089915103716166e+00
1.026110971095865576e+00
1.025319186743190114e+00
1.027570466126132898e+00
1.025390050359488381e+00
1.027178436443999532e+00
1.025991003601367302e+00
1.027125093014146451e+00
1.027257533964851310e+00
1.032597583424373688e+00
1.028679556472460677e+00
1.030005571317614166e+00
1.026154371595368486e+00
1.028579704434132047e+00
1.024981225955119868e+00
1.023368135737584561e+00
1.027493662976917799e+00
1.021024619723189586e+00
1.023705202873308906e+00
1.020695783929904898e+00
1.025370198195295846e+00
1.030089598334566370e+00
1.026865743109426798e+00
1.030210249962126623e+00
1.029070603038417353e+00
1.025228606889987848e+00
1.022894084684191407e+00
1.025357131766908569e+00
1.023862447429871647e+00
1.030701019569132626e+00
1.025800865065533918e+00
1.026445744461718546e+00
1.025166521553082077e+00
1.030144813509539237e+00
1.023931280752255590e+00
1.022602817379973050e+00
1.028743531071330652e+00
1.028683938301367284e+00
1.026063773525473177e+00
1.023745371207303023e+00
1.030806876578789888e+00
1.024859247090332826e+00
1.027330535684540358e+00
1.028495349388898417e+00
1.023910324321112286e+00
1.024336939324663964e+00
1.027033178430782456e+00
1.027812199737249577e+00
1.026540537662707919e+00
1.025127344533075080e+00
1.022971996946880013e+00
1.026038425101705620e+00
1.020843041773480619e+00
1.024274180700644132e+00
1.024226401263984121e+00
1.030793415349438913e+00
1.024913329338831058e+00
1.025958462037697583e+00
1.028058938959705015e+00
1.023220502755402883e+00
1.028992677146665979e+00
1.031936338737265535e+00
1.024381456376468380e+00
1.023811505582925330e+00
1.025574327011483655e+00
1.024174329663279037e+00
1.023999050887378193e+00
1.025371613639147084e+00
1.026406113782035501e+00
1.026700315278236797e+00
1.023844010468392574e+00
1.024983304662610006e+00
1.023726237987200305e+00
1.024688554293847531e+00
1.024641897989172712e+00
1.027351813971340233e+00
1.027933335143578431e+00
1.029639062856215315e+00
1.034781340368007507e+00
1.026033480686302291e+00
1.025813498278563829e+00
1.024947926668865028e+00
1.023030984846991176e+00
1.023464801111992006e+00
1.024131737350174598e+00
1.029779510038077106e+00
1.027548642985670169e+00
1.026398501157450349e+00
1.024973892764909911e+00
1.022531194172475288e+00
1.026068079671208055e+00
1.029786129577192622e+00
1.029223036371286870e+00
1.028426577143225940e+00
1.025441537391469371e+00
1.023776319628159293e+00
1.021354835918593329e+00
1.023397568997234108e+00
1.029187241502626859e+00
1.033948343962393102e+00
1.022181046343879407e+00
1.023173994585547586e+00
1.025056346937451401e+00
1.026611183502524227e+00
1.024916335460030803e+00
1.026392088794163104e+00
1.022502423641137748e+00
1.023423460538281704e+00
1.024697913074613664e+00
1.021885995907548361e+00
1.027358107494817041e+00
1.029073027543630170e+00
1.027522623532617141e+00
1.026386314144400513e+00
1.024657897296902931e+00
1.028296656920163699e+00
1.023822469062694918e+00
1.025868419363832995e+00
1.026835201530157615e+00
1.022628094678246224e+00
1.022645990985446396e+00
1.022190011524588105e+00
1.024750974272317983e+00
1.022457900962119748e+00
1.022349299139325707e+00
1.023449990741486015e+00
1.027613675428835194e+00
1.026090610516684487e+00
1.026125268173373684e+00
1.023966332242041144e+00
1.024465589948725830e+00
1.022301192233739719e+00
1.023893603443769562e+00
1.025922381284812834e+00
1.025304698397532910e+00
1.035808361313645287e+00
1.028162925330648569e+00
1.026067195573556079e+00
1.025182547993476190e+00
1.023929982647426185e+00
1.025247997603919270e+00
1.024106132703730410e+00
1.021262441215488259e+00
1.024727239407352775e+00
1.027427115374081268e+00
1.029008119452107017e+00
1.024293053235089790e+00
1.029739197791238237e+00
1.023537293351557853e+00
1.028104261214294324e+00
1.025301809755929883e+00
1.025554049012591173e+00
1.025634019554418463e+00
1.028472637419603597e+00
1.030445853431005032e+00
1.026842226459150575e+00
1.028676370974348497e+00
1.027983411480966502e+00
1.027667166712407543e+00
1.030404963767826754e+00
1.027051430085637262e+00
1.028193849126364690e+00
1.025937603898918082e+00
1.029032875205508457e+00
1.025501172803078509e+00
1.024227961928643182e+00
1.027077697733800532e+00
1.028292864429277476e+00
1.027504040395450513e+00
1.025102948654513568e+00
1.022227041471611697e+00
1.023082355695307255e+00
1.026094038766555139e+00
1.027235056456534457e+00
1.025715197825575853e+00
1.025604827678555653e+00
1.026851776435984132e+00
1.027491473961999358e+00
1.025713693403854432e+00
1.025928491857414304e+00
1.029315840866800391e+00
1.023229174923263818e+00
1.028219973041638591e+00
1.029502924066959535e+00
1.026704067508846352e+00
1.028622999557947226e+00
1.024400815157544109e+00
1.029971281121418336e+00
1.028411878363715726e+00
1.028375147690351987e+00
1.023700922994192686e+00
1.027242970323736460e+00
1.023180767285054804e+00
1.024319090100878737e+00
1.023930535066555070e+00
1.023162596093573296e+00
1.025754673142472262e+00
1.031293082504275205e+00
1.026673629072532012e+00
1.030431608819297962e+00
1.026914963648007495e+00
1.022918202806231802e+00
1.023916774029362431e+00
1.024186904672188536e+00
1.025265140852755330e+00
1.029420623366427812e+00
1.026847459427949305e+00
1.026357074865282604e+00
1.024638992048530817e+00
1.024853589169131496e+00
1.024395991267892381e+00
1.026169717826351357e+00
1.027782258369198898e+00
1.028201808288888186e+00
1.025037586755412011e+00
1.026535393691338616e+00
1.022933094443718272e+00
1.023231242112549122e+00
1.023620460188018111e+00
1.031606148486062802e+00
1.026611107879204399e+00
1.027667903635811397e+00
1.026774743309229132e+00
1.024144426862175772e+00
1.027193096424484420e+00
1.022163070910143245e+00
1.021849042455378109e+00
1.029046071006296081e+00
1.026454804521899300e+00
1.027694653470796249e+00
1.029922361012699739e+00
1.028978344637641706e+00
1.028991198216103742e+00
1.027573680843705040e+00
1.028695695925141873e+00
1.029573057358974530e+00
1.025818394068824579e+00
1.023315770127790181e+00
1.022543821383532059e+00
1.025105256421093625e+00
1.023371804593690593e+00
1.027394550598111023e+00
1.021678912530336270e+00
1.021967252157084616e+00
1.025762061622674803e+00
1.026232218012084196e+00
1.024143092619293149e+00
1.025815798488803887e+00
1.029215046587596660e+00
1.027815976036053014e+00
1.026939995653630922e+00
1.025850621566802401e+00
1.021639004478293700e+00
1.030376618010300893e+00
1.028602893677310393e+00
1.024606871140114395e+00
1.028875043795652422e+00
1.020990110615231039e+00
1.024688684543955119e+00
1.023997538590129208e+00
1.024313236098455704e+00
1.027667217334084615e+00
1.025640949987320694e+00
1.027092867482331418e+00
1.025365910130987546e+00
1.024151090500684091e+00
1.019049256542955417e+00
1.025054427005112956e+00
1.023966564255600398e+00
1.025051121088864647e+00
1.028146532977801231e+00
1.028013392146250649e+00
1.028913724879178426e+00
1.029342155133626147e+00
1.028408255599773780e+00
1.028170491061327185e+00
1.025480629839737867e+00
1.026785679678792418e+00
1.025372852117714340e+00
1.026842040046885396e+00
1.024248944524533966e+00
1.026577608495483185e+00
1.025017993837268548e+00
1.024739743104440715e+00
1.025447630354325623e+00
1.024545909504304575e+00
1.028741055335752996e+00
1.026239024975355019e+00
1.026133666160678803e+00
1.024897712942330452e+00
1.021338808170622947e+00
1.025243471811489782e+00
1.027193575099120793e+00
1.027345841636247314e+00
1.023753213193655087e+00
1.026572892996704178e+00
1.025595653805963403e+00
1.024672501303089955e+00
1.026374538494044364e+00
1.024492952002586499e+00
1.030552045577209919e+00
1.027130438939219292e+00
1.025289333446306017e+00
1.027233496814005331e+00
1.026113346685284977e+00
1.027743689197343935e+00
1.028317903800447519e+00
1.025096314881231763e+00
1.022397014630053169e+00
1.026064208477452722e+00
1.030014534964239337e+00
1.022942230576398215e+00
1.024200081110546723e+00
1.025361913807822267e+00
1.022790398405501344e+00
1.025009151228239768e+00
1.023885635519447224e+00
1.021451400949845212e+00
1.024172872129372580e+00
1.027532991195467593e+00
1.028042792880660583e+00
1.030591296752532138e+00
1.024443548467196763e+00
1.028195596232650777e+00
1.023351040574514093e+00
1.025850704253648216e+00
1.023244317217350874e+00
1.021752797811481983e+00
1.028757491011742520e+00
1.028213045944042614e+00
1.027316654600298307e+00
1.028531563144741368e+00
1.023625433892410896e+00
1.024003687348326030e+00
1.029005305784331581e+00
1.029231537458463741e+00
1.024330550965039777e+00
1.026492343472178437e+00
1.023975296532376289e+00
1.028848552282980888e+00
1.028185810428382307e+00
1.028900888098410071e+00
1.025084161378690517e+00
1.021816238168786084e+00
1.023178978465893563e+00
1.027664935003546054e+00
1.030545028052973100e+00
1.026412126660706692e+00
1.021662266916742778e+00
1.024429554964900513e+00
1.025794930992486531e+00
1.029710771077605447e+00
1.028428916292106532e+00
1.023771645169391009e+00
1.023084176683490609e+00
1.023594485269350818e+00
1.024228502761064918e+00
1.023648150554552494e+00
1.031789729147375212e+00
1.027606397039906083e+00
1.030547293268286646e+00
1.028814393017136730e+00
1.026358217237871129e+00
1.025699559469162470e+00
1.027034594014059499e+00
1.026957695911480561e+00
1.025344105172718345e+00
1.023172456066668179e+00
1.021529649926364414e+00
1.028324484121851068e+00
1.026427732298407003e+00
1.025592442600797183e+00
1.025770472955293666e+00
1.025127009417787116e+00
1.026531839327631035e+00
1.030407324190510288e+00
1.031547722239158915e+00
1.026388761286350704e+00
1.029029113455832256e+00
1.034684551159906984e+00
1.026345887088912390e+00
1.023863454656211536e+00
1.025056304712809174e+00
1.027560146926265849e+00
1.026161602788460359e+00
1.024374049138246257e+00
1.021587916279319330e+00
1.025130951688906444e+00
1.024789807069238057e+00
1.028373153266318951e+00
1.026619315903368967e+00
1.027018338024539235e+00
1.024567938135725997e+00
1.024565053382618718e+00
1.027173840364661528e+00
1.031345812535163997e+00
1.026662172047196453e+00
1.025586941295414167e+00
1.026469970596987968e+00
1.022917594079912451e+00
1.023848825897379022e+00
1.022155215365974090e+00
1.023218945506581212e+00
1.025332169393975423e+00
1.028339160407458763e+00
1.027919788360855513e+00
1.025420531638279842e+00
1.024129296929820354e+00
1.024922237818171711e+00
1.026102183373265309e+00
1.030515168854918340e+00
1.030643690133940638e+00
1.026430794305901228e+00
1.023287546723820496e+00
1.026270821935090005e+00
1.029789103077137780e+00
1.023109727167002658e+00
1.024629294886856723e+00
1.024816808061536522e+00
1.025396099778528747e+00
1.024921696256056780e+00
1.023532421809500992e+00
1.021047768728271965e+00
1.026710773006025423e+00
1.027058903293987857e+00
1.021055729793751476e+00
1.026278873920480450e+00
1.027197786298475135e+00
1.028285329458335173e+00
1.023518156734269713e+00
1.023005891872350137e+00
1.029092638822231232e+00
1.027928475190100999e+00
1.031195183865191822e+00
1.022500988107381659e+00
1.024062032509547526e+00
1.023247783638774111e+00
1.026658546681030515e+00
1.030483313549841906e+00
1.025160555958950725e+00
1.025602571315780143e+00
1.022855129488185799e+00
1.025463566504160484e+00
1.024273211150671159e+00
1.026556965138833322e+00
1.026967574144282747e+00
1.028060408065803344e+00
1.026963607524969069e+00
1.022212169580135610e+00
1.023483047925301648e+00
1.024731828469118255e+00
1.026612545622209272e+00
1.027490573459124423e+00
1.027673354717345555e+00
1.025479200216792286e+00
1.025037293713429998e+00
1.026203777470300782e+00
1.029802334723492807e+00
1.025158436936969286e+00
1.026311698150143004e+00
1.024705983541631893e+00
1.033079724823516621e+00
1.030848847135018120e+00
1.024345261530551721e+00
1.029687379904115518e+00
1.021222966275329158e+00
1.029010791103991851e+00
1.030516844026459600e+00
1.025450533175392476e+00
1.024825422471116410e+00
1.026816174864743303e+00
1.031747437965126801e+00
1.025769624144057479e+00
1.024130684725711005e+00
1.027448242181899341e+00
1.031871309018663529e+00
1.026296453613452453e+00
1.022954224980133331e+00
1.029194273046123431e+00
1.032279957752121113e+00
1.024389275356847318e+00
1.026750097971361519e+00
1.027517365652558246e+00
1.026592421049120185e+00
1.023009432216812176e+00
1.028367142066506590e+00
1.023887003319809086e+00
1.028100366383889464e+00
1.026514445271326403e+00
1.025725358140405774e+00
1.024709376940460048e+00
1.026941638801039280e+00
1.025229421752649639e+00
1.025312964240087998e+00
1.024861704428309928e+00
1.027157609806873095e+00
1.023912154802201213e+00
1.024171546626988061e+00
1.025984250052996538e+00
1.024941975578514075e+00
1.023706445437736257e+00
1.027206831399723352e+00
1.024816520009810050e+00
1.024785607503273299e+00
1.024775712030148611e+00
1.030658244247046440e+00
1.026077306580285953e+00
1.022337869950401101e+00
1.025057730024603542e+00
1.027482656025578089e+00
1.023550263582400088e+00
1.024887161954341153e+00
1.028226345346808568e+00
1.029720589643965400e+00
1.024205977455728389e+00
1.028486575815270365e+00
1.026338320075627530e+00
1.022383458052905647e+00
1.022875123866290981e+00
1.027548801096665354e+00
1.025654551907170253e+00
1.022196424476090826e+00
1.031187223833129663e+00
1.028919659210077109e+00
1.022995003752776633e+00
1.022776949758487097e+00
1.026767324509300083e+00
1.025717323691550220e+00
1.024139473611546780e+00
1.027753440474225677e+00
1.022758829090173460e+00
1.026976895013875568e+00
1.030541182151275104e+00
1.026880830373687825e+00
1.024026867633202720e+00
1.025431328435924883e+00
1.024324062883194886e+00
1.023095466840403089e+00
1.029438206219084329e+00
1.029174811112437249e+00
1.025168326418572029e+00
1.025256857864495164e+00
1.027413757808154138e+00
1.029608989154651377e+00
1.024784490032940143e+00
1.024753741116261052e+00
1.027115281270587488e+00
1.032999754433985062e+00
1.026521451233896709e+00
1.024932551599619268e+00
1.025368691699223289e+00
1.030897435080474933e+00
1.026466988027181282e+00
1.028634736012871809e+00
1.027062936674836058e+00
1.025606704797332958e+00
1.030467751963016987e+00
1.027116214741489619e+00
1.021875650151035764e+00
1.023800386204023694e+00
1.026329669999366700e+00
1.027682657014945322e+00
1.027051210184860119e+00
1.022385817407115205e+00
1.026843038184576340e+00
1.028605743998256328e+00
1.026445560113842692e+00
1.021572620779507501e+00
1.026293273640895398e+00
1.029786161593530203e+00
1.023333043650289875e+00
1.023383606513095900e+00
1.030222956841605919e+00
1.027598068181120983e+00
1.023425279430930646e+00
1.027988763028846897e+00
1.021746846304307343e+00
1.025360196517238975e+00
1.027283113981180218e+00
1.027866279882363898e+00
1.024832281614612262e+00
1.026537537669131250e+00
1.025661820206306363e+00
1.022803604316641080e+00
1.025822646710460084e+00
1.028849768172037882e+00
1.023396093790448491e+00
1.034132830112751256e+00
1.025390400809844005e+00
1.024967110650919500e+00
1.026939406371913943e+00
1.025336278406423274e+00
1.022422760208547166e+00
1.031484832951085506e+00
1.024051978967754906e+00
1.022618989128893929e+00
1.024559573150880532e+00
1.027781003322036701e+00
1.029719483187963025e+00
1.022226974915612763e+00
1.025652399057826569e+00
1.028333636443923949e+00
1.026824282253985698e+00
1.023907948001022694e+00
1.027689628899101981e+00
1.025662732160024682e+00
1.022755979647253621e+00
1.031714542659661449e+00
1.023143971769292504e+00
1.028098834194882016e+00
1.025386080761913066e+00
1.025823882201876369e+00
1.026564623384893737e+00
1.031930743826336760e+00
1.033778906872236725e+00
1.024515135469820759e+00
1.024573770486782776e+00
1.027543773132339133e+00
1.024271815975284827e+00
1.023552790927414913e+00
1.027549483268417330e+00
1.028734834762923045e+00
1.023474747117798289e+00
1.028146681561237008e+00
1.022857786651141021e+00
1.025085638524930509e+00
1.028195399782720454e+00
1.024673599187853945e+00
1.025504656803768677e+00
1.026451744304589964e+00
1.022994489078330460e+00
1.027167373614829016e+00
1.027462851643784925e+00
1.029827354255848704e+00
1.024979927964749349e+00
1.027218278145071384e+00
1.025171061704652109e+00
1.027785751976021400e+00
1.023137214452161325e+00
1.023488712227722308e+00
1.027823035075698277e+00
1.025045160080803486e+00
1.026644931047927312e+00
1.023497717249543637e+00
1.029667382507756024e+00
1.024021753024047854e+00
1.023065142804017169e+00
1.025207503785014795e+00
1.028068971353441219e+00
1.029249773228677389e+00
1.026822757467992675e+00
1.028807244212753824e+00
1.029682155506817187e+00
1.023241367490595133e+00
1.024269246608020323e+00
1.027024257754685532e+00
1.026831175021238440e+00
1.026512927546590292e+00
1.026663402355010968e+00
1.026191746127696591e+00
1.027585488767728705e+00
1.025218043432495785e+00
1.024441255946980212e+00
1.028845667889716431e+00
1.020553252394883481e+00
1.030117470732451412e+00
1.025745147084422326e+00
1.027046404269257973e+00
1.022717441478330880e+00
1.027809662201220720e+00
1.022207678758295213e+00
1.035697009408589331e+00
1.023227236733756040e+00
1.025377476571504687e+00
1.026380061551317224e+00
1.026392854984934155e+00
1.024022928490499140e+00
1.031024098742084671e+00
1.027179688775954114e+00
1.029294365758340879e+00
1.025305135842980331e+00
1.026016998241891631e+00
1.031453932480124847e+00
1.025835468086860214e+00
1.023130345933301877e+00
1.029895324907639909e+00
1.023893822716040791e+00
1.020886740002635129e+00
1.025467998449822726e+00
1.024516009026156471e+00
1.024550588380835903e+00
1.024163132987342406e+00
1.027223933666377320e+00
1.029229612191731702e+00
1.023889229932761324e+00
1.025794982905488650e+00
1.025478523181978741e+00
1.028354405741187527e+00
1.025768348587402956e+00
1.030781399090218375e+00
1.021959399355284237e+00
1.026480463290492029e+00
1.030828389636556430e+00
1.025966912472927817e+00
1.022947936403034941e+00
1.026731705660627547e+00
1.021925213091675610e+00
1.026369362535408447e+00
1.031921166684537372e+00
1.024731174497816033e+00
1.020617215029641978e+00
1.028488919537173363e+00
1.028322403021227682e+00
1.027304348390401412e+00
1.024089388559333624e+00
1.027310975666944737e+00
1.020543982283465434e+00
1.024142809479721805e+00
1.028568060195322653e+00
1.031113471923343239e+00
1.025624606898970503e+00
1.028569323628547805e+00
1.027337469088068778e+00
1.024089877920200786e+00
1.024789404200735055e+00
1.028890593942693554e+00
1.025595749179514904e+00
1.026351152997457161e+00
1.025742166418447843e+00
1.029400516594047410e+00
1.023514782425191338e+00
1.025878298349469864e+00
1.028302305816406248e+00
1.027284703715774850e+00
1.024953358924729496e+00
1.026076337947904982e+00
1.027204547110543764e+00
1.022727850887246381e+00
1.025739258472584181e+00
1.024078429146843217e+00
1.022771877517434369e+00
1.026455837469230969e+00
1.023679555896537918e+00
1.022520334575816037e+00
1.023184983187296337e+00
1.028535371022702760e+00
1.022686332246621532e+00
1.023464586331722659e+00
1.027759997132549064e+00
1.028209691522418812e+00
1.023667310272881048e+00
1.023192895892138354e+00
1.028290566240859460e+00
1.027736596066846753e+00
1.021225348575743652e+00
1.027207609483790307e+00
1.024946314543564663e+00
1.026506860830785683e+00
1.022833587200312477e+00
1.027700699365031056e+00
1.026029082212922550e+00
1.021580516711875219e+00
1.028209142619561423e+00
1.025400561515514397e+00
1.026481493966047154e+00
1.033513505146306688e+00
1.025162596694517037e+00
1.025237303738330885e+00
1.024864588935610277e+00
1.028178164938543082e+00
1.022999223028269178e+00
1.026943200920474419e+00
1.026722675501024140e+00
1.026186029145199852e+00
1.023345043532741361e+00
1.023007600368854186e+00
1.024449606412099367e+00
1.025834327277672875e+00
1.022914695539211660e+00
1.025187139994603980e+00
1.027293683910053046e+00
1.026696550009205122e+00
1.021042237598859259e+00
1.021177682825386679e+00
1.025591258672747808e+00
1.029071273569627687e+00
1.024697288070532952e+00
1.022443464106512545e+00
1.028066406620572026e+00
1.026170340264445757e+00
1.024971269459761913e+00
1.024384006864582419e+00
1.024880739082338676e+00
1.027174209318094888e+00
1.023771631497516044e+00
1.027401092987313636e+00
1.032342154214088037e+00
1.022365687030342807e+00
1.020364283174881148e+00
1.026471586231645805e+00
1.028096461885197765e+00
1.026956843411404696e+00
1.020399676272787604e+00
1.021547357877742312e+00
1.021584170524794555e+00
1.027461655006735697e+00
1.026072613371477926e+00
1.025371422992075177e+00
1.025370638938040591e+00
1.025788975775775658e+00
1.029352785239037171e+00
1.030166803008993881e+00
1.020799940116165372e+00
1.024013536409854597e+00
1.030551958833860304e+00
1.027600811169498973e+00
1.027120085762032176e+00
1.027354756945580982e+00
1.021937443919759714e+00
1.025462879243420167e+00
1.028236770712926962e+00
1.027836869999378289e+00
1.028128892840892705e+00
1.025107380310497529e+00
1.028793372380099713e+00
1.023564378100621841e+00
1.025891190638863915e+00
1.028997094962988967e+00
1.024582945663315314e+00
1.022434421363140444e+00
1.021385592363788675e+00
1.025084496692686642e+00
1.026143912219535714e+00
1.029389644152635563e+00
1.025643392683234234e+00
1.024651816216257005e+00
1.022433819781660924e+00
1.024149937814753608e+00
1.026220065038752960e+00
1.025812912629380680e+00
1.024428142736099723e+00
1.026874490701098486e+00
1.025361538062643296e+00
1.028520722885661431e+00
1.023248367362421751e+00
1.025272813898821633e+00
1.024070490130389643e+00
1.025394738183339260e+00
1.025502027579094699e+00
1.026606193859928462e+00
1.027286779252234439e+00
1.026819729096781542e+00
1.025444266320883147e+00
1.027671507195700107e+00
1.029692046470060518e+00
1.024009090238661823e+00
1.025000951332563970e+00
1.027333783066520789e+00
1.026791231546040128e+00
1.029803297037769738e+00
1.029237050783474494e+00
1.028436055338835642e+00
1.029266970461440334e+00
1.027352158758809253e+00
1.025923622039088823e+00
1.025181727123312792e+00
1.030797665669746177e+00
1.026419030374574382e+00
1.026093515419527646e+00
1.027098875747052054e+00
1.028547660690633414e+00
1.025361133194183205e+00
1.022228721181866140e+00
1.028376422368765697e+00
1.023638846399126612e+00
1.027601582189048957e+00
1.028768905999198680e+00
1.024943839712960880e+00
1.028616084626939209e+00
1.024969028967950724e+00
1.021599669815241862e+00
1.022341998255233753e+00
1.024596555190015357e+00
1.027504384993691566e+00
1.028346238445160488e+00
1.029850639139680224e+00
1.026763658894347842e+00
1.025679311438527641e+00
1.023976357193697062e+00
1.023257304248269994e+00
1.021558742228486638e+00
1.024839878948960781e+00
1.024549221443727065e+00
1.025737063776500646e+00
1.029285203277125138e+00
1.026987384575714923e+00
1.027601408305311548e+00
1.021590295297132966e+00
1.024488876432595008e+00
1.024394732483673964e+00
1.027391943529009088e+00
1.029101289362687410e+00
1.028686849657134639e+00
1.023974511181297897e+00
1.022992495966807747e+00
1.021743987338192161e+00
1.024036891848350006e+00
1.030689525617713542e+00
1.024611088375709134e+00
1.026433575036064916e+00
1.024166644847820384e+00
1.023168016097355082e+00
1.026179582428855097e+00
1.026859580784357684e+00
1.024533870952024417e+00
1.025236363528611694e+00
1.022323696843755902e+00
1.027816527459783025e+00
1.026148254777304203e+00
1.028294700256896510e+00
1.026958394726812607e+00
1.026078885770867588e+00
1.030101337237405046e+00
1.022431682124765207e+00
