1.498529222792614801e+00
1.405439684712563420e+00
1.384352515326090716e+00
1.400925836667047397e+00
1.396651121776213422e+00
1.389032543719961543e+00
1.394012284092797982e+00
1.376025114085866585e+00
1.373988019171845432e+00
1.387969069157054314e+00
1.376531231120727838e+00
1.390594968214311056e+00
1.395218386760972207e+00
1.395389344405939758e+00
1.403640840790027378e+00
1.389125372965802185e+00
1.403055010102029598e+00
1.373862487960520795e+00
1.396573242976275164e+00
1.390007356797868576e+00
1.388766892574818668e+00
1.385940851183456113e+00
1.381792783179291328e+00
1.409723270462854616e+00
1.385890734641169741e+00
1.389639550221155373e+00
1.383832636869831489e+00
1.384896917820826578e+00
1.383295548550841136e+00
1.395926105997506328e+00
1.380438000113632935e+00
1.389430953296246773e+00
1.404708636639395491e+00
1.389631053090102597e+00
1.385880844850625682e+00
1.385629836388329705e+00
1.386120500683813983e+00
1.389038838624490957e+00
1.381105573444771251e+00
1.391027274828457339e+00
1.377121144811805253e+00
1.394112849789953756e+00
1.387488483608720458e+00
1.410059553490065953e+00
1.399706044260888627e+00
1.397871206358746621e+00
1.380926882386973809e+00
1.387940073515716799e+00
1.376447892353754199e+00
1.393868812435033133e+00
1.372712660933936402e+00
1.389406803048683914e+00
1.389616248866790249e+00
1.386188969878438204e+00
1.391056101318751237e+00
1.400255274366345448e+00
1.391919931270238164e+00
1.385976626309933346e+00
1.402278542054660404e+00
1.389936030737589645e+00
1.386118281311657485e+00
1.392703980966789823e+00
1.385267658036073435e+00
1.391015702383341823e+00
1.400296522117771003e+00
1.394721736565334158e+00
1.382582023013752215e+00
1.390718408234914216e+00
1.384745291932775624e+00
1.387552318654327488e+00
1.400840163562004914e+00
1.396391170363674439e+00
1.385030421326339800e+00
1.382621219012015290e+00
1.383508715983722270e+00
1.394852527997349156e+00
1.383051478527072664e+00
1.391107334448930644e+00
1.384718978237742926e+00
1.388417115498017829e+00
1.400690552347606532e+00
1.388733526603906254e+00
1.384021831038779071e+00
1.394869140402855034e+00
1.402446709930561530e+00
1.378807330092054695e+00
1.384944981997064728e+00
1.383045233638150462e+00
1.386500625793048780e+00
1.384783956372292346e+00
1.386709580771113393e+00
1.387318243259282546e+00
1.386350938342421513e+00
1.392936932411245277e+00
1.389325817825954212e+00
1.399616581883303734e+00
1.383746835128784936e+00
1.396774656425793015e+00
1.396626282980391043e+00
1.393005213248838636e+00
1.390823665923711649e+00
1.380474278011096123e+00
1.377879527614678246e+00
1.382672493164978977e+00
1.390998662647366935e+00
1.380024508343400846e+00
1.378153450118009937e+00
1.398135557761654102e+00
1.372257080376537264e+00
1.396186264662680587e+00
1.377866339074510948e+00
1.374870982436776190e+00
1.397268223855127278e+00
1.402307178790100917e+00
1.387357787658561215e+00
1.385677690906610415e+00
1.391133179654315377e+00
1.395213711705004300e+00
1.374350922813315945e+00
1.412162445953495160e+00
1.394888404339221344e+00
1.392867354250811207e+00
1.383978101984030928e+00
1.397970378092307175e+00
1.389662482898143869e+00
1.383399892695332367e+00
1.389858468019704363e+00
1.391528082056563198e+00
1.397864149849500359e+00
1.392995699087539840e+00
1.382301866609877194e+00
1.380389574661014862e+00
1.394130225874396167e+00
1.394839982916544763e+00
1.381514216588766386e+00
1.407758030991341336e+00
1.389383710982150966e+00
1.389604887370008424e+00
1.385261197823373314e+00
1.391712048504480270e+00
1.390321456130557021e+00
1.395563104311534852e+00
1.372638460103981162e+00
1.376046149272994290e+00
1.388019351976855331e+00
1.391853825407097789e+00
1.379508736957302917e+00
1.382773321478184547e+00
1.391322858947199981e+00
1.392267805231422573e+00
1.385623934331364548e+00
1.384081687675875694e+00
1.381423243205903706e+00
1.393705475386776582e+00
1.381993403778986051e+00
1.388206393693744323e+00
1.396360765082827582e+00
1.379599617815745027e+00
1.399919801987743240e+00
1.381176843947555355e+00
1.392681173052814136e+00
1.390359594456264780e+00
1.385908642193998119e+00
1.386042612116915818e+00
1.379510776893395851e+00
1.390463030355136853e+00
1.396263914738357537e+00
1.394262281842825413e+00
1.388277627668964120e+00
1.387435412822074277e+00
1.407962880175099185e+00
1.393848047833361026e+00
1.386587275392904495e+00
1.400947321375229482e+00
1.394781301062190781e+00
1.386558129675300011e+00
1.393974234304879323e+00
1.388727135352139985e+00
1.403334460560883290e+00
1.393602467547680579e+00
1.384854149894700237e+00
1.386616958933946320e+00
1.400383273112662197e+00
1.380380914414899962e+00
1.401649261380075950e+00
1.377869511622837884e+00
1.408582504093002896e+00
1.379174703714802552e+00
1.394177046573117140e+00
1.391357042892397144e+00
1.385165311527781551e+00
1.388063105646484718e+00
1.409230347988981169e+00
1.412394704561070746e+00
1.389768873080273748e+00
1.396869698672985383e+00
1.391056215224712789e+00
1.381574618421734790e+00
1.409113799691962932e+00
1.388331260248716781e+00
1.394925876616287974e+00
1.379310498974283483e+00
1.376409204338461034e+00
1.398908858591192628e+00
1.384648683176716411e+00
1.404653341939419153e+00
1.380155944931676926e+00
1.399893728724224795e+00
1.390111161694387087e+00
1.393303843931363639e+00
1.380613047901967816e+00
1.380004285102060635e+00
1.396480361544865323e+00
1.381123289458363157e+00
1.398952928524287875e+00
1.380741011804843099e+00
1.386572846239407797e+00
1.385833116813808497e+00
1.387501075026396524e+00
1.393141082634788752e+00
1.386667770095399987e+00
1.376269354940003131e+00
1.390054882365400202e+00
1.382343861866994317e+00
1.391690813889872924e+00
1.398309315830659649e+00
1.401064339103211820e+00
1.394194210839377002e+00
1.382392834753937594e+00
1.394133239819106640e+00
1.393713319451027388e+00
1.388237911438269911e+00
1.387557308908222709e+00
1.395250988607456888e+00
1.390921504385535634e+00
1.401884775660016347e+00
1.387430916969655703e+00
1.388630980146123628e+00
1.391237287721964311e+00
1.382715828949223846e+00
1.386615996373783632e+00
1.379630620425329690e+00
1.388854883935815465e+00
1.386757888917041104e+00
1.403266345136653381e+00
1.393455581193531856e+00
1.389154663965042280e+00
1.382292465230484657e+00
1.391753294164780330e+00
1.395309302651259076e+00
1.386492188477617793e+00
1.388781341102640621e+00
1.385676941376788429e+00
1.390278393386893629e+00
1.396726460086790134e+00
1.395605607344608146e+00
1.373810182964156690e+00
1.389760084372688498e+00
1.388547332002171508e+00
1.396411049871410404e+00
1.391276799421162780e+00
1.380771048008778701e+00
1.385624567922146166e+00
1.405231884542708976e+00
1.397357737208641426e+00
1.381070329920950135e+00
1.392756518707964686e+00
1.380508648674201311e+00
1.383567663082139187e+00
1.393059483776427410e+00
1.375519981128533464e+00
1.383858758308409431e+00
1.379724125319968353e+00
1.386687756784164227e+00
1.382068206830081580e+00
1.392286596098804230e+00
1.388068423031880272e+00
1.400732052698288488e+00
1.382030769586287011e+00
1.387775976804813460e+00
1.395093159316848297e+00
1.390164256261432696e+00
1.398642789603468550e+00
1.384605187083399302e+00
1.386411687346392752e+00
1.394536347107292684e+00
1.396266785412633160e+00
1.390073468537072809e+00
1.384094236042124004e+00
1.387409845163181998e+00
1.374233703694370368e+00
1.388405400251392585e+00
1.380166556327183214e+00
1.408009775255767204e+00
1.382462450593578973e+00
1.391654752843279219e+00
1.387038371281221760e+00
1.395145793732702311e+00
1.389265781428011381e+00
1.381098682815942613e+00
1.386445719103292173e+00
1.390377903051883468e+00
1.388436207557945501e+00
1.386275504811291581e+00
1.386554687639505845e+00
1.388669669250942373e+00
1.392729578207880792e+00
1.390969229719611899e+00
1.383017871580333180e+00
1.395987041118960770e+00
1.380256963479522314e+00
1.388858613625549854e+00
1.382509262294151720e+00
1.380907106207203361e+00
1.403310994925056177e+00
1.374546122536516313e+00
1.374094767305541698e+00
1.377989066732324686e+00
1.388580229087267526e+00
1.394233145225856063e+00
1.378413897257167564e+00
1.385032711941595052e+00
1.394213384056045335e+00
1.395002222531742220e+00
1.396617474575601925e+00
1.381972819964319088e+00
1.406646808164600637e+00
1.392057665998792659e+00
1.395609982476822664e+00
1.401672750060684924e+00
1.388320032118165015e+00
1.370771935333997105e+00
1.391837405446460618e+00
1.390332312676163085e+00
1.396313655126850017e+00
1.384038493452868668e+00
1.369495806781605873e+00
1.376382628120115692e+00
1.388408131812885804e+00
1.400616002808599214e+00
1.394412195022209477e+00
1.387157091169667789e+00
1.390240030278240724e+00
1.396185000911204011e+00
1.403758748017206237e+00
1.394889582691432928e+00
1.394350372191803800e+00
1.382674352113083094e+00
1.389930736062376715e+00
1.379650793197647607e+00
1.404749990283630900e+00
1.395005923085848698e+00
1.388037962436892592e+00
1.396191833577981489e+00
1.396472244719658917e+00
1.395123990913733625e+00
1.391372371482511028e+00
1.384080797126208129e+00
1.405647614577840265e+00
1.380613197345754717e+00
1.392875875711807820e+00
1.394696713685870559e+00
1.379896646050540188e+00
1.379199827956126612e+00
1.369028168126583012e+00
1.390717791113752044e+00
1.374381177337647753e+00
1.377762793202691016e+00
1.390848271469606434e+00
1.396782069016077044e+00
1.380834504718945865e+00
1.386369220335034180e+00
1.374693340404961495e+00
1.381964995165229526e+00
1.394953878180523521e+00
1.385458168146110225e+00
1.376806689089933089e+00
1.404091467094093382e+00
1.400602650736418209e+00
1.387573976852437108e+00
1.400802052448777424e+00
1.403623041745535760e+00
1.398701763058716185e+00
1.381740477121163435e+00
1.399247159877466506e+00
1.371174244429226752e+00
1.391223453183827452e+00
1.403254527389365069e+00
1.387561069967598870e+00
1.385238521343525875e+00
1.378721446516073978e+00
1.376209003520721508e+00
1.385199273828227717e+00
1.399545623353801060e+00
1.381399674788316378e+00
1.390797414321279124e+00
1.389798558910892989e+00
1.391182478360140751e+00
1.390242500832165939e+00
1.392347544177954033e+00
1.375462350954065105e+00
1.394248002625173566e+00
1.376478959407770652e+00
1.389057772491568699e+00
1.399337812394246372e+00
1.392517551662189268e+00
1.393005419853972748e+00
1.393189490325202007e+00
1.396084833876281905e+00
1.391341749393472105e+00
1.383572096678217012e+00
1.400886374052820571e+00
1.396013964861443135e+00
1.392241723275445819e+00
1.379861616473153196e+00
1.386592219243798052e+00
1.397329994823308441e+00
1.405067923663168905e+00
1.389290267685244329e+00
1.395051689772836889e+00
1.388760389269452222e+00
1.371356461191300724e+00
1.381701977996921293e+00
1.395248773857275415e+00
1.384626638524043329e+00
1.380425560899531723e+00
1.397664036917048547e+00
1.401431122907079274e+00
1.379324103228400267e+00
1.402613401642853530e+00
1.394886347022139539e+00
1.389113546255762222e+00
1.397441638252135077e+00
1.389064305858044079e+00
1.373124401498276637e+00
1.389996785985931904e+00
1.383983489699583291e+00
1.383673777723938292e+00
1.382384281348993937e+00
1.381305218813582814e+00
1.381663336413270438e+00
1.387490209672376462e+00
1.379226149272610336e+00
1.406971092988801741e+00
1.392985762150922735e+00
1.396673770126452663e+00
1.402512394712800647e+00
1.374607680185281344e+00
1.386175597613686250e+00
1.392536084800582330e+00
1.385180097922157572e+00
1.391572364961869424e+00
1.376625934499329240e+00
1.386961153835909011e+00
1.394415721852767742e+00
1.385485071460167417e+00
1.382613049686042928e+00
1.386214391494723142e+00
1.383080846716282064e+00
1.392644953310289369e+00
1.383425040213188462e+00
1.400808087614971331e+00
1.396134478997545614e+00
1.385967972379776425e+00
1.387606024074775846e+00
1.379660371781264327e+00
1.385732741337251772e+00
1.383274758598320719e+00
1.388398472979555320e+00
1.394922130368676516e+00
1.393414025584403637e+00
1.383990499368590976e+00
1.387912764534208421e+00
1.381405362063053976e+00
1.387769557171123935e+00
1.374490478007677652e+00
1.392587389859814895e+00
1.365834927454409042e+00
1.360913696283917451e+00
1.386973412826952412e+00
1.378419476289923784e+00
1.388699717284021196e+00
1.390081014620745847e+00
1.389126964172424872e+00
1.383169523416149849e+00
1.384822558884767796e+00
1.391017153614606094e+00
1.376139751125922350e+00
1.389722804586717375e+00
1.393636251342928345e+00
1.386389213572552404e+00
1.389331716984932852e+00
1.399085597075625964e+00
1.388665408722871364e+00
1.391790428513178579e+00
1.392350707817450850e+00
1.388732890264598563e+00
1.381428460231407307e+00
1.380681100753915036e+00
1.385860675336478165e+00
1.382992794909106316e+00
1.395887763289777483e+00
1.401429047565592390e+00
1.384665503049170798e+00
1.384329220916495462e+00
1.394242352635478133e+00
1.392817195280709131e+00
1.384434679324432205e+00
1.375809072377011111e+00
1.385759321790141385e+00
1.388240838733788562e+00
1.388842973075192333e+00
1.394290907462758966e+00
1.392124973721796666e+00
1.386458053944791935e+00
1.387733234619317635e+00
1.379618613114265813e+00
1.379078258927046274e+00
1.389731272846072452e+00
1.392960580072273746e+00
1.382390808027507800e+00
1.377325254245455932e+00
1.384010201866532341e+00
1.381347675030121680e+00
1.398109520776423143e+00
1.382083672250246753e+00
1.405297163539174665e+00
1.390603137932217903e+00
1.377049710306112118e+00
1.391174820439774917e+00
1.413052445723229633e+00
1.386626986733459077e+00
1.391210882107221991e+00
1.389424322915380428e+00
1.378625727029787251e+00
1.404973965437873007e+00
1.380791879136705758e+00
1.396302333603916868e+00
1.401975723834047782e+00
1.385820355258783110e+00
1.384570764702999446e+00
1.385645255195906200e+00
1.401334974713675852e+00
1.394718176691038591e+00
1.384995339082507826e+00
1.378052367510168352e+00
1.400738168565664354e+00
1.387265664542578936e+00
1.395639148897423132e+00
1.398182963298376880e+00
1.394235263941566716e+00
1.391148728043221983e+00
1.392891526033384730e+00
1.392487908664885587e+00
1.383261236764891988e+00
1.393811573683502392e+00
1.383637734146557108e+00
1.398649776034124992e+00
1.393059803303850153e+00
1.398104145159143830e+00
1.405631106187326562e+00
1.391694260434373609e+00
1.386237278983215138e+00
1.396026907212472912e+00
1.389694940291197334e+00
1.372658926314560546e+00
1.408461723250681752e+00
1.400923997927459252e+00
1.397138827718579446e+00
1.378572233245811907e+00
1.388245610835745714e+00
1.396999761511753757e+00
1.392940226104002477e+00
1.405101250215214481e+00
1.370952682350799146e+00
1.382151379476382891e+00
1.388965896806703126e+00
1.382502513545631251e+00
1.399052711627385204e+00
1.387437199426265977e+00
1.394183140406097587e+00
1.383025304874167194e+00
1.399559692989817528e+00
1.374380526956467730e+00
1.392728492999392609e+00
1.388297281579089493e+00
1.398211292998176258e+00
1.395157862245412828e+00
1.385173853045195802e+00
1.381652418145557615e+00
1.385595724588783551e+00
1.387527702257057793e+00
1.400643310884225556e+00
1.406422432025356883e+00
1.383559409208978463e+00
1.382630339852962020e+00
1.376563823477744863e+00
1.396556886871165304e+00
1.378662435545496168e+00
1.405018305970763937e+00
1.396426539119111965e+00
1.385862449886852366e+00
1.377449760839734916e+00
1.398499997165940867e+00
1.386909937246079805e+00
1.404342498518328819e+00
1.387509851399582939e+00
1.379540082977063875e+00
1.392506995285866855e+00
1.389631554446203232e+00
1.393589399989350941e+00
1.385578756331974137e+00
1.381173629681184956e+00
1.385800829369745912e+00
1.389281929092820667e+00
1.408883597526711773e+00
1.391567707979169066e+00
1.393993611202027250e+00
1.388882592810458450e+00
1.384874913138496311e+00
1.389657686159950112e+00
1.386858714302854345e+00
1.388202219724741227e+00
1.386223155622004821e+00
1.381287656254390983e+00
1.376918335343072064e+00
1.377829758517463921e+00
1.384004172767695939e+00
1.388837876508642433e+00
1.399562274055703437e+00
1.388794662104458455e+00
1.393075691305992514e+00
1.380960956620289393e+00
1.383663188850527970e+00
1.405391363775127189e+00
1.388049435368812423e+00
1.385817281997619332e+00
1.383647632151370654e+00
1.374064111284406309e+00
1.395232048263395086e+00
1.391368213151991995e+00
1.384888902194872262e+00
1.380920449738629152e+00
1.391253305970447718e+00
1.384548748688921638e+00
1.379687631809092707e+00
1.394637338433967422e+00
1.394639972408983519e+00
1.387313800462784519e+00
1.400253990948452376e+00
1.383909562408078830e+00
1.397103588028646426e+00
1.400443769332296640e+00
1.388631708262058506e+00
1.393121971594335928e+00
1.383896510454827311e+00
1.387258888497575171e+00
1.398331951430680231e+00
1.407045219891491561e+00
1.394860872473105529e+00
1.395215479820709259e+00
1.386865373654577738e+00
1.386790763195848930e+00
1.388864723786477962e+00
1.379229706478059425e+00
1.382412701455611570e+00
1.384650284903766737e+00
1.399981732921162791e+00
1.381747168121791436e+00
1.365776144706052353e+00
1.397652250569119348e+00
1.394034243922835259e+00
1.396627251154872518e+00
1.384777558137518794e+00
1.389095364144714129e+00
1.396041793769065897e+00
1.398774082258206430e+00
1.403591503425833942e+00
1.381835704716666946e+00
1.387528445497794083e+00
1.385340026262741331e+00
1.394888361526386289e+00
1.393304206581214455e+00
1.392901257562217276e+00
1.386623695796598721e+00
1.375738032894181506e+00
1.399279983793961346e+00
1.380838948457782767e+00
1.404140948382204268e+00
1.392936593986337623e+00
1.365366194637989361e+00
1.381607865396031087e+00
1.399518500057149062e+00
1.389804714390464602e+00
1.383604199709851823e+00
1.388655345795758000e+00
1.380265789173719115e+00
1.383304137458130079e+00
1.392527690930476014e+00
1.382323507239241911e+00
1.387853730352942572e+00
1.376852994454458967e+00
1.400833570714540510e+00
1.393341394422690005e+00
1.385209664347712977e+00
1.377650354090263374e+00
1.379293196913111919e+00
1.395298186996990264e+00
1.398329317755748979e+00
1.388016269239369160e+00
1.384164245535783877e+00
1.381135878554945018e+00
1.409991734699766130e+00
1.401716961570052211e+00
1.400820406233575621e+00
1.373741051568364790e+00
1.396218666777997441e+00
1.397293512527741921e+00
1.398551562501599843e+00
1.384636164253408852e+00
1.388736999792526516e+00
1.407338490311941914e+00
1.379530815838484026e+00
1.379769169861653655e+00
1.390831068141604066e+00
1.396582998175960544e+00
1.395792529313002905e+00
1.391420222043100008e+00
1.376309899591502184e+00
1.393134087188536485e+00
1.383203524591175126e+00
1.390201589368037283e+00
1.395762473182030838e+00
1.395835728842970136e+00
1.391176776028809403e+00
1.393237787974178188e+00
1.374701511045453906e+00
1.387195467548468786e+00
1.394456495149996700e+00
1.381481493824811002e+00
1.383117792971831461e+00
1.394369704191317005e+00
1.382185821212027266e+00
1.397406701232462245e+00
1.396631334678416936e+00
1.394209199644008690e+00
1.391427344278910017e+00
1.398206804672672332e+00
1.397948070623896255e+00
1.394880217119836008e+00
1.387144504826703040e+00
1.378675135737672086e+00
1.397858466060080351e+00
1.394598351477868370e+00
1.384883843837824147e+00
1.393432368981280867e+00
1.395466045110494102e+00
1.394421406134363828e+00
1.389449581326417160e+00
1.385669895719424671e+00
1.384918653321767223e+00
1.389268380301082573e+00
1.379265586826642576e+00
1.380273540435908108e+00
1.382248734998334561e+00
1.392945184562923933e+00
1.390079316139138932e+00
1.379033239939075672e+00
1.386843958948168476e+00
1.407802242602903542e+00
1.387099474557586865e+00
1.392650910399232167e+00
1.389603708071138533e+00
1.381277788945857177e+00
1.389805691022219181e+00
1.392875142810792832e+00
1.389041632907196178e+00
1.384087225532131482e+00
1.393086514698382627e+00
1.382583503222016619e+00
1.383296348526211084e+00
1.374677643738487332e+00
1.393421757833906982e+00
1.398947407680781740e+00
1.394950529592982047e+00
1.399319124851914342e+00
1.390200140228580405e+00
1.380160987823606744e+00
1.376243157840598252e+00
1.396256044377737870e+00
1.407790088267637740e+00
1.383472476071713864e+00
1.394284409431120419e+00
1.401952991673565574e+00
1.393230932282239598e+00
1.383880457035751244e+00
1.393380614104790416e+00
1.369290426984462128e+00
1.397407945566454091e+00
1.395508607795169054e+00
1.390831881483779675e+00
1.392390913775187977e+00
1.381682067659441238e+00
1.391041265384498349e+00
1.393715040456848575e+00
1.385177324819349076e+00
1.385872073095443024e+00
1.383458398482962703e+00
1.389660687514720161e+00
1.397684616871071928e+00
1.383139472408931869e+00
1.389105286998872701e+00
1.395496363494043379e+00
1.388776566436681348e+00
1.398042949150213543e+00
1.396942246059708737e+00
1.385368348503062563e+00
1.395186427096605231e+00
1.392521222679958814e+00
1.373033985129480605e+00
1.405972199904964137e+00
1.387506609743990982e+00
1.389863315447541270e+00
1.392999920869349983e+00
1.373445783675278919e+00
1.395827229602197850e+00
1.383613226995164869e+00
1.393043801158519557e+00
1.378776272771967459e+00
1.384347996249750690e+00
1.388937736095264164e+00
1.395368733706144226e+00
1.393448912165657028e+00
1.381184328948786622e+00
1.393027343038621080e+00
1.383468597518339394e+00
1.424749612215193473e+00
1.384536710297060269e+00
1.384391597912852045e+00
1.385409318710820070e+00
1.403537212959429903e+00
1.375544818058936469e+00
1.388274897853246870e+00
1.384585303247284349e+00
1.388737687560503753e+00
1.397855367425653528e+00
1.381902975953351875e+00
1.378076403612745304e+00
1.392364502723426156e+00
1.382383843685611513e+00
1.380863721063757765e+00
1.386398170584041356e+00
1.396911768039204471e+00
1.395904888648446862e+00
1.395374937302105822e+00
1.389954006609166903e+00
1.395376718736317079e+00
1.390749918073312275e+00
1.400565032230787432e+00
1.382678800767310756e+00
1.385095305734714843e+00
1.377086191283965588e+00
1.386436511787022097e+00
1.391543009803507758e+00
1.397749341758813602e+00
1.396540688239038985e+00
1.395481153120519124e+00
1.392189926982048576e+00
1.382249278023277572e+00
1.382159953639416017e+00
1.382870109505523581e+00
1.379526269730066312e+00
1.393713231182051260e+00
1.376905188855144457e+00
1.387116885527947208e+00
1.390248902238782058e+00
1.391568321993991164e+00
1.388794962435742963e+00
1.402928966997424975e+00
1.388592100939120000e+00
1.397636762717731962e+00
1.382287626001188929e+00
1.381252855442634653e+00
1.376566692354586507e+00
1.390250586923001075e+00
1.383715223130165706e+00
1.383308825952139776e+00
1.382893184554145005e+00
1.387240643068686996e+00
1.390844289313037718e+00
1.388055228390657980e+00
1.395948480044117757e+00
1.384170391947283418e+00
1.379784557745743934e+00
1.379261425737354330e+00
1.394540162254130244e+00
1.397810960740957675e+00
1.399594786415971237e+00
1.385307281953404246e+00
1.388493287539692034e+00
1.382635918539531827e+00
1.386838770056323389e+00
1.385239514503191049e+00
1.389997459532010149e+00
1.390154531502665769e+00
1.396562479199713325e+00
1.389649081124902708e+00
1.398203536261277025e+00
1.392080805324172221e+00
1.381274188010834125e+00
1.396880079804891039e+00
1.393793106599466869e+00
1.401609305326638966e+00
1.395106693507106810e+00
1.391046923008324887e+00
1.380059846781522825e+00
1.394606633910639992e+00
1.386756132440414291e+00
1.409515086531694328e+00
1.388672131096262197e+00
1.400414817731741701e+00
1.386333142369917226e+00
1.390311259663702836e+00
1.399589528863574461e+00
1.378942816213421851e+00
1.382638712711649065e+00
1.372987528580230876e+00
1.386180423537090034e+00
1.405196842612185471e+00
1.381364607901071961e+00
1.394642659568870346e+00
1.391326360597486156e+00
1.380755340051782687e+00
1.393822932978545204e+00
1.388978323686525185e+00
1.387041056430701857e+00
1.385585988732044971e+00
1.380926286510658185e+00
1.382822419457083063e+00
1.381030253593134693e+00
1.391733039518416204e+00
1.392006499657843843e+00
1.390568930310295492e+00
1.391254043215675473e+00
1.394399113855045780e+00
1.380643905767652280e+00
1.388878750215519986e+00
1.393183145185676430e+00
1.393206294820696023e+00
1.403466597914458269e+00
1.395158996967500453e+00
1.403463049893102443e+00
1.401852983161798294e+00
1.383169747913480574e+00
1.412639603758617746e+00
1.389288631374792526e+00
1.379569988020873605e+00
1.395678206470059912e+00
1.380600768435320091e+00
1.390144870298288149e+00
1.398306472191042316e+00
1.402072865974658855e+00
1.382992388783867099e+00
1.390760066491415703e+00
1.392518704400610208e+00
1.394626984734176123e+00
1.381753423283177851e+00
1.382702712397638978e+00
1.396182053565721448e+00
1.379832268177070276e+00
1.398029994557463240e+00
1.414064444081038596e+00
1.396719891583490414e+00
1.397531855143133273e+00
1.400712250072966736e+00
1.382820821704810577e+00
1.390287138096072184e+00
1.389631272918095517e+00
1.400621134231633480e+00
1.380805177506283732e+00
1.391026058740600480e+00
1.386693868762204573e+00
1.396713035859671770e+00
1.394805195036453949e+00
1.393716820089100805e+00
1.400897934328850791e+00
1.374211030682588763e+00
1.394201223979410598e+00
1.386633841861771410e+00
1.382307243926379270e+00
1.384842861454539387e+00
1.388433627081010924e+00
1.410180206770818900e+00
1.381324916964600691e+00
1.383748871206352371e+00
1.394064714511190184e+00
1.384359608821146947e+00
1.387967736647251815e+00
1.402823548919367003e+00
1.390201234475811454e+00
