8.493660335144473356e+04
5.811512465420961234e+04
5.495995123006594076e+04
5.647572965275471506e+04
5.482603148343953944e+04
5.488749420156289125e+04
5.671091202415853331e+04
5.701368329845838161e+04
5.773858501689747209e+04
5.537097576724181999e+04
5.510350341943151579e+04
5.709322304410742800e+04
5.359634400284638832e+04
5.417487279818448587e+04
5.371064987955927791e+04
5.594725523312394944e+04
5.454832742758994573e+04
5.644288683111574937e+04
5.529629526580014499e+04
5.421134702567450586e+04
5.693066308532348921e+04
5.790301748172093357e+04
5.795055873792275088e+04
5.626276504215093883e+04
5.509934425657947577e+04
5.813832642177905655e+04
5.395108944418332976e+04
5.615772286639790400e+04
5.400002557388172863e+04
5.352813595917808561e+04
5.754712890047067776e+04
5.405286118096318387e+04
5.519603387892714818e+04
5.641027933927794220e+04
5.900022182315816463e+04
5.724910188750286034e+04
5.413092851356963365e+04
5.503310640805089497e+04
5.412376216176366870e+04
5.735471696815248288e+04
5.624897701694539865e+04
5.387724113514427154e+04
5.865844855173763062e+04
5.749167778073463705e+04
5.584504146942742955e+04
5.900923623736245645e+04
5.231206513764420379e+04
5.648495673233021080e+04
5.911593041271695256e+04
5.610628777799565432e+04
5.579817890090153378e+04
5.807217106947380671e+04
5.626868958996749279e+04
5.779534706447411736e+04
5.849252433129079145e+04
5.686095557204986835e+04
5.367856663760363881e+04
5.439363106283073284e+04
5.570200084725869237e+04
5.423520064360920514e+04
5.565314030790077231e+04
5.867247462355769676e+04
5.666601228478033590e+04
5.610215963879766059e+04
5.477265559275072155e+04
5.579052519260258123e+04
5.380868999193146010e+04
5.674636637193518254e+04
5.572820610981162463e+04
5.869982945892403950e+04
5.956061340071288578e+04
6.014798177563180070e+04
5.773714535418673768e+04
5.218772886868326168e+04
5.618064790943857952e+04
5.623036681527042674e+04
5.601393464963781298e+04
5.672762326679866965e+04
5.789061880605472834e+04
5.715870926080815843e+04
5.558202004932648560e+04
5.771165100135724060e+04
5.856849728435706493e+04
5.438740437771834695e+04
5.752487458078040072e+04
5.863104306379822083e+04
5.648932035829177767e+04
5.584885026080421085e+04
5.614127406159921520e+04
5.319132218027157069e+04
5.523214182770739717e+04
5.385500128790716553e+04
5.546264908466134511e+04
5.756216909562549699e+04
5.357038129810069950e+04
5.602645454053582216e+04
5.576783904750897636e+04
5.285741224882826646e+04
5.693679275660682470e+04
5.818471689940282522e+04
5.507742157808550837e+04
5.516525012943784532e+04
5.468208112745114340e+04
5.763757124938193738e+04
5.663614067960064131e+04
5.677177187307368149e+04
6.087121127166916995e+04
5.460334375059738522e+04
5.695471702655768604e+04
5.970806809630440694e+04
5.627845208426269528e+04
5.725652176567610877e+04
5.517967008632323996e+04
5.468282239734207542e+04
5.530249226393346180e+04
5.391300683718171058e+04
6.066586845682335115e+04
5.891321092404569936e+04
5.836603559009967285e+04
5.757497961341997870e+04
5.637730795798844338e+04
5.370239358391144197e+04
5.590398327312256879e+04
5.486492484256384341e+04
5.713870441316252254e+04
5.974808746864919522e+04
5.387883860019017447e+04
5.504610406721256004e+04
5.565617171643175971e+04
5.616935459529425862e+04
5.389715463393180835e+04
5.913908366907307209e+04
5.513997992705342767e+04
5.777962902298869449e+04
5.974073740723203082e+04
5.489756958812586527e+04
5.391592618473603216e+04
5.412346984832876478e+04
5.420182718182752433e+04
5.500094800778659555e+04
5.357789067401868670e+04
5.541826145331995212e+04
5.704915735869090713e+04
5.668592737931938609e+04
5.634507891596695845e+04
5.641982651831438125e+04
5.434807854822371883e+04
5.611726123536586238e+04
5.503824027494763868e+04
5.559681344991116202e+04
5.407428067321210256e+04
5.509170226192700648e+04
5.416545232165440393e+04
5.682899456863899832e+04
5.657569896955211880e+04
5.517213243971253542e+04
5.236564001518983423e+04
5.540374983167509345e+04
5.510472369204830466e+04
5.681911839761940792e+04
5.463555812480652094e+04
5.582507797548286180e+04
5.329535439411485277e+04
5.580104201992547314e+04
5.505619003212529788e+04
5.727353098256785597e+04
5.579620031023379124e+04
5.679883647275394469e+04
5.715918925120681524e+04
5.811879819537001458e+04
5.507501322087695735e+04
5.684688531414593308e+04
5.291215781656748732e+04
5.495850348110388586e+04
5.856346345361875865e+04
5.663329070255477563e+04
5.734477173612389015e+04
5.498147791308141313e+04
5.590858203612988291e+04
5.543210071529475681e+04
5.705026978054823849e+04
5.299371011369220651e+04
5.599320258002249466e+04
5.503508662960045331e+04
5.711136888214616192e+04
5.606662718620868691e+04
6.062421766884160024e+04
5.673564220200839918e+04
5.506839669953440898e+04
5.537946221164448070e+04
5.636210355568370142e+04
5.562663945429231535e+04
5.724370045931262575e+04
5.768853926200392016e+04
5.334725869213922851e+04
5.344161857756611425e+04
5.805558829708784469e+04
5.657239004911045049e+04
5.787102992099685798e+04
5.793054459535580099e+04
5.926120303045857872e+04
5.594132100201733556e+04
5.593610275661056949e+04
5.676646541688427533e+04
5.544419677009402949e+04
5.632164884518275358e+04
6.056099804306313308e+04
5.553171189041095931e+04
5.682375764001222706e+04
5.712044077909756743e+04
5.492329554892299348e+04
5.440141741196866496e+04
5.579115479499282810e+04
5.690105859954939660e+04
5.721631884848281334e+04
5.504968691937886615e+04
5.763694097899547342e+04
5.231155561234264314e+04
5.616018466183253622e+04
5.464937141513059760e+04
5.711557333855935576e+04
5.656880530677142815e+04
5.637449881918333267e+04
5.702517655473482591e+04
5.287224982486382942e+04
5.708181179871045606e+04
5.253761002172641020e+04
5.728983800598685048e+04
5.440088379233043088e+04
5.773503860430214991e+04
5.688997577342910517e+04
5.224603113359928102e+04
5.675603582876115252e+04
5.513024545816554019e+04
5.184262485843778995e+04
5.535286030165099510e+04
5.392034246346754662e+04
5.713596928028105322e+04
5.180107648020886700e+04
5.408055386560723855e+04
5.749222023768230429e+04
5.149540263909788337e+04
5.469256144637596299e+04
5.624110461252201640e+04
5.387789049196143606e+04
5.490543793531942356e+04
5.844398895609896135e+04
5.520835132568784320e+04
5.427544662188800430e+04
5.692445810396262823e+04
5.992622998374060990e+04
5.568988161246632080e+04
5.587464731022060732e+04
5.499443985759635689e+04
5.681408860522779287e+04
5.292468870282601711e+04
5.667059463711881835e+04
5.829721146086074441e+04
5.689763426445975347e+04
5.441205142979000811e+04
5.502414071206675726e+04
5.715660954126362049e+04
5.366777131857488712e+04
5.582771396007711883e+04
5.626876191483486036e+04
5.398612194498022291e+04
5.880838716896885308e+04
5.577814126418512751e+04
5.573003817514912225e+04
5.666375244746045792e+04
5.434503422542791668e+04
5.454937824833991908e+04
5.785540713914244407e+04
5.733613470481614058e+04
5.586374921717587131e+04
5.589400398336690705e+04
5.711940733767559141e+04
5.488810149053313216e+04
5.475937296684011380e+04
5.618657216392180999e+04
5.665493663838986686e+04
4.944873233267528121e+04
6.031425365010560927e+04
5.988300632799761661e+04
5.721456647717393935e+04
5.837105494813233236e+04
5.810398460468318081e+04
5.411360894244808878e+04
5.745450370549075888e+04
5.603519265417075803e+04
5.477964726505011640e+04
5.458146126872545574e+04
5.687869182523239579e+04
5.785193534812008875e+04
5.571889795349250198e+04
5.758296810837589146e+04
5.676255574919253559e+04
5.649296540093371732e+04
5.605614608722398407e+04
5.708439429103537987e+04
5.765286589700719196e+04
5.762305633396070334e+04
5.897050473217044055e+04
5.502667392610594106e+04
5.579234070620629791e+04
5.290292533948826895e+04
5.404242277258075774e+04
5.721123546132310730e+04
5.533870400964053988e+04
5.715914682376988640e+04
5.780121734655284672e+04
5.646617014320343151e+04
6.035663274155630643e+04
5.542214130360959825e+04
5.840542129562042828e+04
5.594081991267040576e+04
5.554149949868838303e+04
5.268613315118378523e+04
5.302195305687370274e+04
5.666086157429204468e+04
5.808754334876343637e+04
5.360993559487898165e+04
5.288379091837199667e+04
5.805359951566119707e+04
5.675584984905128658e+04
5.547387775617553416e+04
5.598338671456704469e+04
5.642191716292509955e+04
6.130477266526971653e+04
5.671561264497915545e+04
5.270513302502242732e+04
5.729175510221934383e+04
5.756414939317869721e+04
5.682088406390311138e+04
5.570216124499778380e+04
5.757185988116046792e+04
5.454775784782531264e+04
5.880160341276522377e+04
5.339218952613686270e+04
5.627402352583347965e+04
5.690499861386754492e+04
5.678377601680772204e+04
5.596341554727985203e+04
5.452269841739827098e+04
5.455453408126276918e+04
5.635579121855971607e+04
5.721258121850083990e+04
5.523524592300871154e+04
5.565827084901779745e+04
5.717287053896900034e+04
5.494485398925119807e+04
5.985618388448601763e+04
5.745686162019788026e+04
5.327568512744022155e+04
5.880794676402378536e+04
5.938566098450020218e+04
5.619567250314034754e+04
5.437004291867942084e+04
5.794010051788340206e+04
5.733589228066985379e+04
5.779888051469347556e+04
5.542160597978176520e+04
5.882012063696729456e+04
5.722958884858398233e+04
5.353206215259988676e+04
5.765713895207759924e+04
5.476594996525263559e+04
5.828492487006639567e+04
5.381092494744122814e+04
5.658300541560133570e+04
5.332312971209519310e+04
5.576192806111362734e+04
5.654759859753425553e+04
5.659748996158433874e+04
6.129515004706537729e+04
5.461585008840909722e+04
6.091924805395855947e+04
5.583904162744588393e+04
5.427906390143784665e+04
5.317494282362786907e+04
5.550026605266451952e+04
5.565076991212554276e+04
5.596643867350299115e+04
5.642778360186170903e+04
5.704488430073098425e+04
5.602812812640214543e+04
5.860052852955489652e+04
5.820844455860154994e+04
5.426131590197372861e+04
5.783481417911714379e+04
5.396099395015259506e+04
5.659676598716808076e+04
5.712491985297408246e+04
5.764263445667433552e+04
5.919640729776351509e+04
5.511192846371963969e+04
5.792792674494616222e+04
5.771556206766112155e+04
5.322354475524968439e+04
6.171474320122438803e+04
5.373636906363276648e+04
5.455413063347007846e+04
5.485580379299121705e+04
5.619141442959089181e+04
5.632908322112259339e+04
5.654283130934574729e+04
5.551078963664462935e+04
5.844153169581716065e+04
5.535259496115814545e+04
5.391814234349336039e+04
5.540070993488372915e+04
5.383850087053531752e+04
5.338676900942790235e+04
5.657760461820007913e+04
5.741725411082632490e+04
5.759666028561777057e+04
5.567385971417799010e+04
5.831285469924396602e+04
5.674700746567847091e+04
5.451856833765127521e+04
5.521980823300267366e+04
5.357465849899987370e+04
5.555836815716052661e+04
5.704233273971211747e+04
5.646346645867277402e+04
5.589879506324313843e+04
5.450733504561601148e+04
6.163293351873813663e+04
5.597583363037829258e+04
5.442254176525227376e+04
5.575930451405432541e+04
5.321564788550624507e+04
5.661888098684937722e+04
5.389713959880586481e+04
5.893619754451541667e+04
5.526135404926381307e+04
5.562851937306888431e+04
5.586726264193241514e+04
5.540747815934685786e+04
5.673801544235035544e+04
5.726211065857176436e+04
5.476253983973051072e+04
5.608261509658963041e+04
5.617262633008322155e+04
5.481764261145023193e+04
5.603294648219842202e+04
5.705301324708727043e+04
5.215705069898712100e+04
5.512010839817733358e+04
5.611260174082080630e+04
5.904060526550878421e+04
6.090693274254057906e+04
5.380215446116716339e+04
5.724983181220848201e+04
5.426232478340881062e+04
5.606222369969210558e+04
5.739032643353224557e+04
5.618690152838665381e+04
5.763761054483961198e+04
5.851743085591222916e+04
5.233427933311650122e+04
6.014893258795442671e+04
5.287062400025784882e+04
5.670473986248287110e+04
5.601357633981604886e+04
5.524733251693991770e+04
5.583650683634098823e+04
5.681262457796260423e+04
5.730623463057919435e+04
5.453274705502044526e+04
5.465202729269710107e+04
5.582512765242066962e+04
5.550861159923014202e+04
5.695219270856808726e+04
5.641586123631167720e+04
5.540113646964462532e+04
5.671816792865019670e+04
5.961090657350864785e+04
5.842403693423545337e+04
5.291770193661163648e+04
5.882702817522425175e+04
5.535708283208288049e+04
5.504763108955399366e+04
5.652947448946072109e+04
5.312175766918518639e+04
5.425112335109920241e+04
5.783524000250772224e+04
5.683459683937185764e+04
5.594942597524711164e+04
6.094571391215055337e+04
5.668684156728194648e+04
5.676819201247368619e+04
5.972032062982892239e+04
5.650312988234804652e+04
5.697921265806574957e+04
5.943476345186711114e+04
5.340277857979184046e+04
5.600705450942305470e+04
5.720163825839020137e+04
5.757546874350014696e+04
5.486147272516084922e+04
5.721330719630777457e+04
5.535856928761473682e+04
5.464641913290280354e+04
5.804004493802063371e+04
5.305391661432826368e+04
5.410446086496966018e+04
5.584020106110396591e+04
5.576156010964385496e+04
5.381665549330686918e+04
5.530098951994573144e+04
5.802802634242753265e+04
5.550520495242497418e+04
5.420114777284760203e+04
5.670800703737219737e+04
5.913185142852394347e+04
5.448020768361024966e+04
5.506273296066620242e+04
5.409075333062188292e+04
5.324017271615201753e+04
5.591034303144086152e+04
5.680528518519778299e+04
5.740530856518119981e+04
5.574857958707812941e+04
5.510488951877352520e+04
5.636977367832922755e+04
5.656711154872824409e+04
5.990037726467647008e+04
5.525032239946859772e+04
5.392114599870413076e+04
5.793448334340204019e+04
5.621075278172316030e+04
5.709486384704369266e+04
5.480544250289497722e+04
5.661045655498909036e+04
5.906187023281102302e+04
5.889300069402344525e+04
5.685137795335155533e+04
5.575113502374300879e+04
5.586333355180999206e+04
5.489302120932573598e+04
5.787264417132095696e+04
5.472797594443512935e+04
5.931152584806035156e+04
5.749103301802110218e+04
5.423559366460792808e+04
5.888138520372173662e+04
5.536700512129430717e+04
5.832672796090618067e+04
5.546556122423556371e+04
5.609281095070115407e+04
5.597084280904650223e+04
5.549055614786803199e+04
5.577698240686556528e+04
5.421372320663928986e+04
5.882901209031040344e+04
5.552374747097122599e+04
5.621082053618747887e+04
5.966217429537646240e+04
5.605791086956434447e+04
5.458209849044009752e+04
5.775436470630565600e+04
5.418740225010279391e+04
6.008264433847139298e+04
5.674670652838267415e+04
5.492342899452257552e+04
5.683189085977628565e+04
5.678520593673139228e+04
5.918609221996161068e+04
5.669805863631111424e+04
5.418962374542406906e+04
5.820012561251839361e+04
5.730628718505698635e+04
5.572204654742213461e+04
5.776989385800353193e+04
5.625803869593215495e+04
5.655819302820167650e+04
5.308958724124872242e+04
5.926205588249551511e+04
5.648566210055484407e+04
5.433199933815051918e+04
5.450049200004786690e+04
5.743727208249725663e+04
5.547446677155104408e+04
5.462994418180895445e+04
5.875905864114600263e+04
5.479882357153929479e+04
5.637832904475268151e+04
5.739482801076104806e+04
5.538793631396949058e+04
5.233937259008191904e+04
5.661732530041067366e+04
5.661788660422852990e+04
5.490956644358321500e+04
5.746826761045491730e+04
5.738988035375555046e+04
5.680033587096827978e+04
5.685662000533519313e+04
5.606006632120137510e+04
5.685282598077958392e+04
5.824184111128740187e+04
5.696797989128205518e+04
5.421801600054718438e+04
5.616746441143268021e+04
5.691342162333190936e+04
5.801105696646033175e+04
5.883686732298402057e+04
5.558555927906427678e+04
5.818012148797713598e+04
5.289443316962364042e+04
5.412752485053116834e+04
5.605286081984447083e+04
5.898934575949823193e+04
5.774794359870346671e+04
5.722731054447620409e+04
5.567644426101009594e+04
5.337308992830429634e+04
5.580423826751593879e+04
5.800001489069750824e+04
5.680537158978173829e+04
5.810084112835500127e+04
5.807173331337514537e+04
5.358343698186278925e+04
5.350819190367576812e+04
5.832755040610421565e+04
5.650596706534959230e+04
5.547437779449491063e+04
5.731510863267635432e+04
5.930225988824505475e+04
5.890240194219788100e+04
5.822210357008277788e+04
5.897667273307292635e+04
5.722857572166041064e+04
5.416310079568657238e+04
5.794750270009828819e+04
5.541600664973494713e+04
5.595464942359072302e+04
5.642946203719155892e+04
5.587891222659831692e+04
5.768162098608935776e+04
5.729408562921924022e+04
5.740098025844011136e+04
5.635433084062617854e+04
5.402815705465104111e+04
5.637115503279306722e+04
5.705479857337291469e+04
5.617669264071805810e+04
5.641976678835427447e+04
5.289460250144830934e+04
5.598638657569787756e+04
5.480252201204851735e+04
5.360454682971537113e+04
5.245736715465826273e+04
5.133456156024005031e+04
5.927157345740371238e+04
5.634373495000093681e+04
5.711639601599124580e+04
5.592393111665499600e+04
5.330087811793050787e+04
5.430515172951002023e+04
5.823494321751229290e+04
5.495623727303618216e+04
5.266247630324019701e+04
6.235874059442860744e+04
5.617027414032908564e+04
5.505659826486196107e+04
5.690453107287439343e+04
5.860562430573369056e+04
5.238914213725996524e+04
5.605398210386138817e+04
5.530066081669415871e+04
5.419066776429599122e+04
5.442785735508452490e+04
5.415012671835219953e+04
5.413045898858425062e+04
5.875397350161122449e+04
5.484550221973408043e+04
5.740345577662086725e+04
5.759594380134300445e+04
5.468107775720387872e+04
5.440791674140782561e+04
5.293572150543540192e+04
5.579628951709986723e+04
5.571034713421312335e+04
5.435642752330156509e+04
5.680869662693455030e+04
5.805582267492297251e+04
5.566879385121575615e+04
5.599646169803617522e+04
5.928361598947510356e+04
5.483489513968420943e+04
5.389297854237163119e+04
5.665643378599381685e+04
5.785372607705505652e+04
5.550940189242684573e+04
5.455020188867329853e+04
5.341790595773061068e+04
5.343194245721371408e+04
5.353936464776132198e+04
5.594119226070096192e+04
6.121750089209620637e+04
5.569271690419256629e+04
5.361007404774978204e+04
5.649207388747279765e+04
5.560842718323213921e+04
5.600154729184854659e+04
5.849509513298157981e+04
5.856783467625983758e+04
5.327296189064058854e+04
5.428398402762803744e+04
5.671320244670048123e+04
5.338514273746863182e+04
5.813448705689542112e+04
5.688666184075708588e+04
5.580710679516191158e+04
5.703902303308350383e+04
5.829706255656669236e+04
5.655692907090466178e+04
5.549797386566027126e+04
5.402611112068096554e+04
5.898508797245588357e+04
5.678647932930624665e+04
5.569941425377279666e+04
5.345497202523685701e+04
5.803539344760363747e+04
5.505347491213383182e+04
5.442347303215874854e+04
5.384768683102971409e+04
5.711762358537031832e+04
5.613413332251826068e+04
5.661782297476070380e+04
5.515172236252374569e+04
5.762307874278148665e+04
5.287080192950148194e+04
5.551623939084406447e+04
5.424612139953295264e+04
5.628635003002137819e+04
5.398516454489858006e+04
5.726235468901890999e+04
5.780155856523980765e+04
5.946386362440016092e+04
5.480038849636740633e+04
5.526928354928526824e+04
5.778370797385997867e+04
5.527700616021065071e+04
5.648340212073870498e+04
5.518779905842329026e+04
5.596729363920066680e+04
5.506492934930916090e+04
5.744579088132853212e+04
5.572008298159480182e+04
5.739464800326127443e+04
5.724496682174128364e+04
5.601921822035004880e+04
5.916818629898282234e+04
6.135553380489908886e+04
5.917906346440531343e+04
5.936245971573107818e+04
5.434402428089474415e+04
5.561016375150840759e+04
5.789081111689654790e+04
5.370059312171067722e+04
5.815355240640966804e+04
5.766888241873864899e+04
5.651062656743029220e+04
5.408571477487111406e+04
5.445298459867275960e+04
5.832486702353120927e+04
5.596897601244716498e+04
5.764984439165745425e+04
5.618866699747330858e+04
5.681349689717167348e+04
5.747410851287015248e+04
5.538070277185343730e+04
5.749309796453714807e+04
5.391668464421450335e+04
5.648906384647994128e+04
5.648084202226920024e+04
5.781621832733770862e+04
5.634884940625831223e+04
5.498363225034487550e+04
5.629795532345157699e+04
5.417429576792174339e+04
5.425221820975569426e+04
6.004396656968976458e+04
5.435014605309686158e+04
5.383061110759236908e+04
5.465131648934684927e+04
5.709851106337401870e+04
5.833225552544088714e+04
5.530797453378408682e+04
5.410013762432598742e+04
5.523910713200730970e+04
5.818969715407965850e+04
5.428316069287252321e+04
5.435957308971613384e+04
5.680138843093068135e+04
5.477380439522227971e+04
5.475988290622944623e+04
5.639505014724752982e+04
5.522760686695238110e+04
5.392620467705241026e+04
5.530436547021308797e+04
5.838463901667929167e+04
5.511040069673277321e+04
6.071057488111678686e+04
5.548999692496671196e+04
5.569976985761281685e+04
5.693991402016626671e+04
5.881042672092244175e+04
5.603920184030327800e+04
5.680573632185959286e+04
5.781135816643401631e+04
5.735818776971389889e+04
5.726851126043611293e+04
5.820131923500887206e+04
5.766850333183162002e+04
5.667363932282628957e+04
5.641172514442265674e+04
5.527823206618959375e+04
5.397620548685532412e+04
5.473680964552234946e+04
5.413750141800932761e+04
5.521595721837785095e+04
5.416426946722881985e+04
5.871005095689939481e+04
5.637207440086716815e+04
5.308256570114773785e+04
5.650854131113933545e+04
5.453178804953416693e+04
5.613740760503763158e+04
5.439033712048405141e+04
5.462564746871726675e+04
5.503255945397818869e+04
6.033609133533925342e+04
5.764403096691937390e+04
5.850282927187965834e+04
5.672280377833251987e+04
5.313338713011889922e+04
5.588335108240140107e+04
5.663075976468944282e+04
5.651018855786769564e+04
5.599543116323786671e+04
6.134578777140033344e+04
5.658414512612887484e+04
5.442836628890298743e+04
5.519967561906705669e+04
5.350490363046624407e+04
5.653161238922904886e+04
5.186817136842949549e+04
5.547362341936487064e+04
5.583521529275606736e+04
5.790074994919791061e+04
5.799594695460255753e+04
5.423041781059457571e+04
5.735728772950964776e+04
5.536088260709786846e+04
5.532558818937437900e+04
5.615346421340266534e+04
5.515677196238054603e+04
5.698166802921950875e+04
6.067828722978474252e+04
5.795708290751025925e+04
5.832131266597866488e+04
5.493177010462450562e+04
6.076005591250886937e+04
5.696736997185026121e+04
5.581226934613539197e+04
5.323474463733785524e+04
6.137138765438154223e+04
5.632712257013042108e+04
5.910262104836564686e+04
5.647452587784009665e+04
5.975617200332942593e+04
5.687099742485703609e+04
5.449783389613413601e+04
5.261347279704476387e+04
5.579727521575585706e+04
5.717087505080378469e+04
5.627510076100817969e+04
5.458678765095328708e+04
5.644519062004976877e+04
5.191348957548473118e+04
5.483335504312101693e+04
5.406043539447970397e+04
5.664686044210391992e+04
5.512943577166720934e+04
5.752167628026441525e+04
5.337907315800350625e+04
5.846298359510239243e+04
5.515364290375714336e+04
5.645256742087491148e+04
5.748884092187415081e+04
5.454923642125966580e+04
5.617045306060574512e+04
5.663740409946347791e+04
5.646123884307824483e+04
5.663295197965177795e+04
5.497774709578312468e+04
5.709498728373898484e+04
5.319752167280220601e+04
5.447134520736156992e+04
5.761221957214197755e+04
5.551473259697155299e+04
5.923849125609750627e+04
5.437287200259243400e+04
5.438077754319869564e+04
5.340734004223568627e+04
5.325121937949329731e+04
5.621859543110529194e+04
5.351666117919198587e+04
5.700748942137260019e+04
5.561954958657833049e+04
5.381111967308622116e+04
5.785439047785150615e+04
5.422367764639585221e+04
5.728766131441909238e+04
5.628604141614477703e+04
5.820272941989832179e+04
5.728439789155362087e+04
5.873031272001952311e+04
5.685313074418804172e+04
5.853846631977153447e+04
6.149732999663210649e+04
5.532281421526338090e+04
5.793331199793110864e+04
5.814059840638217429e+04
5.517188690177647368e+04
5.797559622136244434e+04
5.773636106413692323e+04
5.342577631403791020e+04
5.659091763727674697e+04
5.739480722676139703e+04
5.538163732408144278e+04
5.764473487027009833e+04
5.555802005599073891e+04
5.590792112716878910e+04
5.619773689757623652e+04
5.718288168555101583e+04
5.565544590960212372e+04
5.275403162819147838e+04
5.448438163048397837e+04
5.771915909858638770e+04
5.695799057037800958e+04
5.596657113178385771e+04
5.747993805169922416e+04
5.665615778034364484e+04
5.627269482898157003e+04
5.463028690306570934e+04
5.524069708810366137e+04
5.581001759512827994e+04
5.543458388042573642e+04
5.447832765727774677e+04
5.684412730843867757e+04
5.466160287046814483e+04
5.627861979555021389e+04
5.492640280407150567e+04
5.426445660186230089e+04
5.498539441126892052e+04
5.756402346612922702e+04
5.472340772859819845e+04
5.710746979263469984e+04
5.729917677318675123e+04
5.802650223173925042e+04
5.316474780885226210e+04
5.440776497834587644e+04
5.898565490360967669e+04
5.432949387891100923e+04
5.544688509071125736e+04
5.426689385102108645e+04
5.741711572508524841e+04
5.732114699795136403e+04
5.227537673576027737e+04
5.624809799107824074e+04
5.427698170519543055e+04
5.511547063091055315e+04
5.505582626687785523e+04
5.731253358227221179e+04
5.571298542798872222e+04
5.738964991343297152e+04
5.767327711357356748e+04
5.440259422232941870e+04
5.338653575397818349e+04
5.537548246418483905e+04
5.557252496071904170e+04
5.677030436676872341e+04
5.382154798354367085e+04
5.382792607873032102e+04
5.872059677020210802e+04
5.486199483084545500e+04
5.747386268264883984e+04
5.667814268144816742e+04
5.537714438316052110e+04
5.677625427760383172e+04
5.654641193798166933e+04
5.375952473956858012e+04
5.681758516347398108e+04
5.682383604412392742e+04
5.685197211081652495e+04
5.842527273481885641e+04
