4.016154547804606345e+00
3.927383406959277234e+00
3.877219801715623859e+00
3.921256676518170892e+00
3.964389802750819758e+00
3.906724630778365626e+00
3.920535152216388486e+00
3.927176566657379464e+00
3.921455970642230060e+00
3.907747031764355228e+00
3.949381468456067079e+00
3.928649954488817375e+00
3.914893043529318550e+00
3.931655467615386534e+00
3.955064856995648359e+00
3.951365819898208009e+00
3.973421391435910000e+00
3.922347298201838584e+00
3.932251850220263467e+00
3.935931109336304079e+00
4.002189835054987377e+00
3.966659665573764926e+00
3.903277614611737167e+00
3.893394547254590332e+00
3.968431788464305221e+00
4.029433692269522638e+00
3.931123955992721353e+00
3.871414308301977858e+00
3.891187675867961104e+00
3.961094597761340097e+00
3.969938749011161505e+00
3.898180418754041643e+00
3.898872728195696080e+00
3.912654387660852162e+00
3.928366546413045945e+00
3.907332917037587450e+00
3.921202915558463342e+00
3.954119347996375211e+00
3.923459750133499124e+00
3.912825247454248423e+00
3.903150109093696418e+00
3.954435942142637828e+00
3.929889756815930113e+00
3.949628911624941452e+00
3.925948690614558867e+00
3.922687412787596806e+00
3.938076552759557813e+00
3.993219831633925132e+00
3.979039246581945743e+00
3.893170882926102472e+00
3.903450715346726163e+00
3.980292640779344637e+00
4.011865530359181697e+00
3.908863377842295872e+00
3.862753480321981847e+00
3.941231518225658537e+00
3.997365434224885217e+00
3.912529329704255598e+00
3.882787509631433043e+00
3.915979704849231968e+00
3.951905027717095731e+00
3.901402896696189337e+00
3.923727840191698846e+00
3.916947373697710955e+00
3.925571475930171861e+00
3.900591931035130688e+00
3.953590859078734532e+00
3.922053943127516540e+00
3.931162454223152025e+00
3.912179098099402452e+00
3.951238624535319932e+00
3.941772629391516070e+00
3.978423477800679731e+00
3.947555136615137794e+00
3.917134107954968858e+00
3.922128492956275192e+00
3.998316406131850798e+00
3.989019559652734248e+00
3.897306754920740968e+00
3.871315461979852213e+00
3.973653924525029968e+00
4.018180400496332183e+00
3.903468127771174245e+00
3.884220424388672654e+00
3.924000967622812031e+00
3.995323164563937546e+00
3.914851734084165091e+00
3.897890848128971353e+00
3.908587905339946822e+00
3.937501757037107808e+00
3.910258978799651786e+00
3.942170685557087051e+00
3.921010035233258417e+00
3.919160931974342787e+00
3.901649718445840520e+00
3.955717356233988014e+00
3.936249687727725100e+00
3.946565219073230768e+00
3.912026189924687980e+00
3.949975208395557491e+00
3.941224112413171277e+00
3.984815452308646311e+00
3.944990372703327974e+00
3.904771567172840019e+00
3.926241171015944609e+00
4.019610715577179860e+00
3.962591589307317363e+00
3.885823051018980845e+00
3.891168316349244982e+00
3.981628494009457953e+00
3.977406062971191147e+00
3.908434129226269871e+00
3.883613230006841555e+00
3.933985459431735610e+00
3.969671425402377718e+00
3.897562519147990123e+00
3.916719701744816540e+00
3.914601394489610531e+00
3.925689744919606206e+00
3.896880324668154483e+00
3.942737923360931429e+00
3.934347913637478378e+00
3.924975331878731044e+00
3.913824002843449890e+00
3.940002015426230297e+00
3.959270884217970465e+00
3.952217285610545527e+00
3.967117495084764300e+00
3.936492214913314136e+00
3.924587476212919146e+00
3.924303500760216057e+00
3.996131415428949119e+00
4.000524808032445812e+00
3.911450741817052101e+00
3.882147904639338787e+00
3.924979867295404823e+00
3.983244849457456827e+00
3.987416332254306361e+00
3.888644653785466865e+00
3.879751790971326386e+00
3.905349008094632257e+00
3.950331328367491235e+00
3.958093180260046307e+00
3.919335012223335024e+00
3.915576327550148505e+00
3.910128017655374322e+00
3.921716837380742504e+00
3.920566851482582660e+00
3.907196010905249928e+00
3.927625767940466694e+00
3.974584220173689175e+00
3.931987680896903647e+00
3.935343308097436932e+00
3.936062650969942567e+00
3.911448905896635964e+00
3.952434983803430946e+00
3.934938205172854531e+00
3.971848551754477263e+00
3.992181239106451063e+00
3.940665002412135465e+00
3.915939413692183013e+00
3.883125625100038558e+00
3.954699256546592601e+00
4.027006041075084752e+00
3.969940636289381430e+00
3.890946498458419445e+00
3.883094534835051181e+00
3.908725840015560227e+00
3.982413931522024608e+00
3.955991140223785063e+00
3.898653582341459867e+00
3.897823462670548356e+00
3.904334474948196299e+00
3.930358196946342364e+00
3.922242721751992622e+00
3.904589502513101884e+00
3.952084941463411383e+00
3.937490175894787114e+00
3.926796274464097625e+00
3.916876888399717593e+00
3.917439462578001574e+00
3.952393887967698749e+00
3.960513566347481973e+00
3.977523039728112941e+00
3.954608443487245939e+00
3.927367569288642724e+00
3.910313557928344341e+00
3.944356567029546845e+00
4.007256425724619930e+00
3.990602457614778054e+00
3.882238230394952083e+00
3.883944691790743864e+00
3.943046364054884734e+00
4.012117147508330817e+00
3.933048547104231574e+00
3.876046354432432839e+00
3.893348052743281773e+00
3.945695656386762895e+00
3.969187278867603030e+00
3.912795083577528032e+00
3.913035482601398662e+00
3.917704837037583321e+00
3.928697577287572074e+00
3.897346818823267611e+00
3.936962920887157047e+00
3.951445424927916061e+00
3.928352736182685323e+00
3.924056397492326376e+00
3.909499619263780978e+00
3.950877052423168667e+00
3.943146308835814295e+00
3.964414617833504018e+00
3.954705968072299349e+00
3.920051844822771692e+00
3.916560100578531323e+00
3.974999188773006065e+00
4.009403653101742293e+00
3.937999750147812783e+00
3.879937192250370703e+00
3.895981281487577608e+00
3.999233623562027162e+00
3.985399931774203708e+00
3.893926447499997945e+00
3.869865468859698954e+00
3.905633862885833363e+00
3.974349215950013114e+00
3.927116501647812452e+00
3.906615513679056573e+00
3.919372223867023664e+00
3.920307426597504197e+00
3.925209793839001371e+00
3.910387936199022363e+00
3.950152919329516621e+00
3.950235045243214227e+00
3.931978925257900048e+00
3.930726409819773615e+00
3.918918333762525741e+00
3.941394072098866275e+00
3.948418940832627122e+00
3.958987472665950857e+00
3.983196588722452969e+00
3.944479942871033096e+00
3.905209712418240109e+00
3.918206557157920322e+00
3.941591448357518512e+00
4.018378862901310633e+00
3.961516719916495788e+00
3.888709871709620458e+00
3.883000973581561155e+00
3.921319944698182347e+00
4.003810836470998780e+00
3.948523995242246620e+00
3.882566569334424234e+00
3.899204301369764369e+00
3.907947558667072219e+00
3.939948497217059753e+00
3.911249986492270736e+00
3.902788195598740462e+00
3.937608102441570335e+00
3.919077743936030256e+00
3.917195712314661016e+00
3.915617380615431742e+00
3.914978671418633205e+00
3.955087876772800382e+00
3.946410646371031117e+00
3.948151045947755566e+00
3.966788268876119794e+00
3.921925177094161441e+00
3.934846036936765490e+00
3.936637233199148156e+00
3.950824598629300688e+00
4.016582267160963227e+00
3.971889618393882770e+00
3.904141673633259924e+00
3.888152570568000232e+00
3.904253528222687120e+00
3.998406507524581155e+00
3.996792632834317072e+00
3.905329202723405668e+00
3.880520255321723511e+00
3.893016395822580744e+00
3.925910170596704774e+00
3.963821357622418162e+00
3.913029316224045040e+00
3.904268872343635621e+00
3.932061622357998498e+00
3.918890688858037041e+00
3.917947366783096630e+00
3.912767277854144243e+00
3.900203760764691996e+00
3.956855222312446685e+00
3.951523403889479535e+00
3.943355223440401236e+00
3.958705173833541480e+00
3.946110617015616828e+00
3.923421599451949238e+00
3.942287773757776392e+00
3.930239953887969762e+00
3.984437048725111730e+00
4.012794126821415119e+00
3.948221222322563673e+00
3.894308997164281916e+00
3.885366174720065846e+00
3.912733627846314288e+00
4.001856554689587675e+00
3.990058951647636576e+00
3.904586135351197917e+00
3.886296239026061361e+00
3.897136012427143470e+00
3.916298862047008278e+00
3.950318956191933406e+00
3.931432168222104728e+00
3.904469220220285752e+00
3.934127080288371214e+00
3.941896127320373200e+00
3.929776523792632315e+00
3.925730479956624830e+00
3.916127712822054630e+00
3.920152347574795471e+00
3.955104222562300098e+00
3.953665998823026051e+00
3.951606032973908889e+00
3.960987563507504916e+00
3.962481717128975234e+00
3.920160390154997732e+00
3.916315889655288096e+00
3.932080178481284882e+00
3.916049755814210442e+00
3.967362217265571367e+00
4.024335278178142516e+00
3.981750728695185870e+00
3.911148803819666231e+00
3.886679869911760399e+00
3.891429094714202730e+00
3.913221369396493010e+00
3.988860171167732727e+00
3.968876742054154416e+00
3.914129871405254146e+00
3.887351138785661853e+00
3.904389731052690937e+00
3.914934077462401074e+00
3.916223333174533749e+00
3.925004246346639025e+00
3.899133048363649490e+00
3.900019654170105099e+00
3.947389166486666934e+00
3.954956412438287217e+00
3.928109527228713649e+00
3.924990055973010428e+00
3.929719249344968635e+00
3.931980275812813286e+00
3.936710685570453450e+00
3.942833991974538321e+00
3.933085461618047063e+00
3.962983928226566199e+00
3.999125494372918865e+00
3.966669461478824044e+00
3.905040767991911466e+00
3.877350333148103179e+00
3.894931883136352191e+00
3.950865116734295857e+00
4.008139010368363842e+00
3.963440892958463024e+00
3.895761735567500494e+00
3.892825261137327963e+00
3.896514551880309263e+00
3.920905346828427174e+00
3.955286842218767696e+00
3.918147454895184012e+00
3.901998243285749179e+00
3.931861046070870280e+00
3.935057053329593657e+00
3.915905277939327522e+00
3.926534063293471544e+00
3.922587896355157255e+00
3.903238041533845237e+00
3.940116101862399578e+00
3.958215116195233030e+00
3.937398481365568248e+00
3.957982354230010102e+00
3.983990388343111810e+00
3.953866750570666166e+00
3.918068134553871484e+00
3.922322420930152820e+00
3.921704268741699195e+00
3.958763298646465589e+00
4.005980429819967270e+00
3.996662493919158621e+00
3.930519280684844574e+00
3.874782409137991657e+00
3.873462564632753846e+00
3.885286895156588649e+00
3.945398434610411176e+00
3.970626748467119604e+00
3.936733265582603725e+00
3.902648959158042441e+00
3.918234477850730979e+00
3.924549749143629640e+00
3.918247435691922576e+00
3.926284327570611410e+00
3.906345288258132431e+00
3.905504041828380402e+00
3.942583157361403412e+00
3.960295094014132378e+00
3.930616499758558646e+00
3.934547175050404633e+00
3.946445273603075066e+00
3.939643083787147226e+00
3.940917167691941447e+00
3.933335723061113232e+00
3.936358671214845728e+00
3.966953799603976982e+00
4.010428914966457370e+00
3.964639189079717241e+00
3.890655260230390766e+00
3.891739512525855371e+00
3.894656894309025397e+00
3.957067615469079591e+00
4.009630042323024668e+00
3.966146472685837310e+00
3.900788775579452139e+00
3.892842418853765363e+00
3.905145832151791563e+00
3.910651511046507434e+00
3.945448006538036623e+00
3.921203295810638423e+00
3.907595966447068303e+00
3.905226720909950267e+00
3.939298439473562397e+00
3.935219188516014821e+00
3.922867277563630406e+00
3.925033177808888940e+00
3.916319711295933814e+00
3.942068815056873010e+00
3.930446517749598190e+00
3.944640871326329012e+00
3.940245799381096869e+00
3.946378896845044615e+00
3.931902510839523135e+00
3.941156249794703914e+00
3.947962135427292019e+00
3.946489757766274753e+00
3.951285502003278882e+00
3.971850465950266251e+00
3.980159965049854254e+00
3.980639115510342219e+00
3.975599193429237399e+00
3.960691763932759013e+00
3.938898859044438705e+00
3.920502571024501393e+00
3.920470314710867932e+00
3.899973035346921968e+00
3.882426083025172669e+00
3.879703234835749637e+00
3.892016767503469143e+00
3.899326469637649950e+00
3.915602419873406959e+00
3.902916236889198753e+00
3.926646397473012584e+00
3.901502247802246082e+00
3.913074612904611005e+00
3.953463244909896979e+00
3.963088875343387052e+00
3.967475760836643772e+00
3.967307569436166137e+00
3.954355054398589253e+00
3.918331027115856013e+00
3.911133233043238455e+00
3.950195815620322293e+00
3.961154408031129392e+00
3.968687963574525579e+00
3.980532057873489737e+00
3.983364299832792721e+00
3.965743887525090550e+00
3.958467904703600659e+00
3.948443432309695744e+00
3.930217754654950824e+00
3.916716888102068417e+00
3.926783927947604891e+00
3.926612891505263825e+00
3.905097974040868891e+00
3.910415536825078586e+00
3.901223517162681453e+00
3.912321789273887518e+00
3.916050394131119994e+00
3.912380236010416290e+00
3.919649184443761314e+00
3.913892686448840141e+00
3.927760448288497575e+00
3.921056162263739431e+00
3.927643461813639547e+00
3.913130116387019353e+00
3.923756580650801684e+00
3.920867662863366299e+00
3.926085650716869324e+00
3.926768628068216138e+00
3.933314017819646846e+00
3.941370621022477039e+00
3.927412920044172306e+00
3.934439304111137847e+00
3.943422939621196388e+00
3.930909592672539699e+00
3.933435237729424383e+00
3.930703759358018967e+00
3.915343357330283602e+00
3.923118784371548706e+00
3.919357127478799274e+00
3.909467413974697880e+00
3.911674269838487206e+00
3.907813994182984807e+00
3.904164150757823304e+00
3.892900177567187203e+00
3.890423566959718027e+00
3.887924208949922633e+00
3.892421003639907617e+00
3.901315517519387654e+00
3.894158105478374932e+00
3.903858508631249613e+00
3.907010915472448165e+00
3.907434106762657677e+00
3.923769030525786405e+00
3.925944932410960764e+00
3.919194739357253265e+00
3.933755576700642020e+00
3.930512967680533265e+00
3.924176440570336322e+00
3.923144190878825377e+00
3.908583437604374211e+00
3.902048679595772285e+00
3.896704809294934346e+00
3.895956252693923538e+00
3.885520995332728322e+00
3.874833582934870790e+00
3.874242856154962222e+00
3.876230857423674347e+00
3.862622710877191334e+00
3.878148853366700344e+00
3.873690928720217030e+00
3.870005149956026624e+00
3.883933868174021864e+00
3.882159778941800976e+00
3.886180775804149778e+00
3.891015395061958149e+00
3.910868644005741412e+00
3.904400865004328036e+00
3.903607574358107346e+00
3.900541147624824401e+00
3.902526109648742025e+00
3.927013054516582446e+00
3.936368078392464831e+00
3.957156344518152125e+00
3.967290318190916487e+00
3.960252720054542319e+00
3.916988429264820493e+00
3.929481422730356943e+00
3.939215149066343624e+00
3.959452644664171128e+00
3.974539974844655710e+00
3.952834137045142082e+00
3.940691016882802877e+00
3.921825228900449378e+00
3.883960220158505727e+00
3.867020433539514190e+00
3.877514443837537517e+00
3.917483281068112166e+00
3.943805991961103263e+00
3.951396852331876985e+00
3.938881472331221545e+00
3.916941812456875560e+00
3.921927043339105801e+00
3.909279755142703650e+00
3.918778971851661908e+00
3.919941357112017855e+00
3.901514078650141659e+00
3.903317687544598069e+00
3.918513296366697318e+00
3.912858108467751617e+00
3.912835527624642928e+00
3.907708435019159765e+00
3.935882715488387529e+00
3.957567786218713746e+00
3.976825810871474687e+00
3.947101269527027778e+00
3.936896969396520785e+00
3.908166050857310392e+00
3.921393271187854968e+00
3.944039742510318636e+00
3.964821054597151395e+00
3.965287237761497163e+00
3.975780530514144040e+00
3.968073657299707957e+00
3.957028253347201652e+00
3.939250289377171921e+00
3.918070138839990335e+00
3.888232282092669578e+00
3.893967806673169996e+00
3.885556658456915891e+00
3.878037979372904065e+00
3.878291225832673383e+00
3.887169788673928039e+00
3.903434863205944350e+00
3.911361822578317771e+00
3.907492152172397759e+00
3.905389806465879854e+00
3.902720154392569363e+00
3.913101209336095732e+00
3.919270708065680786e+00
3.933095788439030294e+00
3.955761109382776919e+00
3.968927899591407904e+00
3.958985000158674605e+00
3.960931240003235487e+00
3.944860104205220708e+00
3.913454788490347003e+00
3.915734982961903032e+00
3.892043781091123922e+00
3.923658638886284411e+00
3.934641065384879344e+00
3.941143144691474198e+00
3.961263983114091225e+00
3.956058697788118472e+00
3.966329394374576545e+00
3.966913529806689986e+00
3.963190870285781653e+00
3.956337266235388395e+00
3.932565395756722815e+00
3.929957048501276695e+00
3.921723031036768781e+00
3.906474777508468943e+00
3.928717627162204185e+00
3.917856442615868406e+00
3.931403596128207223e+00
3.932320712759570736e+00
3.940358004892039911e+00
3.967665940961063065e+00
3.970202547933660231e+00
3.973260337526999475e+00
3.960957431793933115e+00
3.983268794275510949e+00
3.952451727734527243e+00
3.948599059469448225e+00
3.930316614364567585e+00
3.942185987207344144e+00
3.923946933034832441e+00
3.916555402906278349e+00
3.901384087093987763e+00
3.888070863420145074e+00
3.882584321496437951e+00
3.872123638372989785e+00
3.874154362850013467e+00
3.870061889094827290e+00
3.885443697449654454e+00
3.878370554119479063e+00
3.871132847885085049e+00
3.880353587823578643e+00
3.878993970267246016e+00
3.885203322136083770e+00
3.895737111397037822e+00
3.890445431346703842e+00
3.897484598909399356e+00
3.907281395653221079e+00
3.908770432444465204e+00
3.906684592777457610e+00
3.929310069026116459e+00
3.911939678891032113e+00
3.922878211264604786e+00
3.929861855403631754e+00
3.933965260349310267e+00
3.932231478407145264e+00
3.931686466300831739e+00
3.927580179945373562e+00
3.929853820030776212e+00
3.919409185460003719e+00
3.911654461678020667e+00
3.894508082744835953e+00
3.886413443012394886e+00
3.895971076676934874e+00
3.892166463079560046e+00
3.871991142867595936e+00
3.869665276137651766e+00
3.879889827015703396e+00
3.883012202362269516e+00
3.895452795163089288e+00
3.882744353677169524e+00
3.898357893418672671e+00
3.898503981832264209e+00
3.906476216032437332e+00
3.918482188529754939e+00
3.915608874758403690e+00
3.919685033164407972e+00
3.936746989735608881e+00
3.927999221452163514e+00
3.928569318906768082e+00
3.923680592788463706e+00
3.920051644853558503e+00
3.928933208833561341e+00
3.927929432482938132e+00
3.914556287407684465e+00
3.910716809572477359e+00
3.914074438200525030e+00
3.907145442232238253e+00
3.896701315239237573e+00
3.904594065941739078e+00
3.908393144323997426e+00
3.919045462701352900e+00
3.916159557359244481e+00
3.906018580165666165e+00
3.911128350189897240e+00
3.927010569152478592e+00
3.924463762071074502e+00
3.929210680681623380e+00
3.939061699435818298e+00
3.935711123767087649e+00
3.933423403217108039e+00
3.919775839172705112e+00
3.927504373382399550e+00
3.924416021832077828e+00
3.913464402938355402e+00
3.914220348397555949e+00
3.914801497550793208e+00
3.909252267718069884e+00
3.920983401353593134e+00
3.907435351154141756e+00
3.925551139445302873e+00
3.936423429887867531e+00
3.929588813237405720e+00
3.940024948114555947e+00
3.943225351874515283e+00
3.951165977943889018e+00
3.951744264043062227e+00
3.945690985540685425e+00
3.930116815364641969e+00
3.922664448402743975e+00
3.915128720190286682e+00
3.897470765296288775e+00
3.885892939651550027e+00
3.889066488021936774e+00
3.877259372049556951e+00
3.854153403635361297e+00
3.870682930527693966e+00
3.876104657448034452e+00
3.869156082392645857e+00
3.896418836339520464e+00
3.887321670557970954e+00
3.908358095729727033e+00
3.886429825543084249e+00
3.905887080815876100e+00
3.908163110819281805e+00
3.901809290155878962e+00
3.910386363403801191e+00
3.917919173285595136e+00
3.913204565549953884e+00
3.925713024430887987e+00
3.938017900086447476e+00
3.939504168185362420e+00
3.953302333669574953e+00
3.961036825716084842e+00
3.953327315628238026e+00
3.959948488858699545e+00
3.960776483087165456e+00
3.954649011610209541e+00
3.952295825209977576e+00
3.949723545364198340e+00
3.942132723582028486e+00
3.930827441378728970e+00
3.919734308773126674e+00
3.922896124206241009e+00
3.917332056152523556e+00
3.918216788836270226e+00
3.923388308161532834e+00
3.915812529474577808e+00
3.910100939140364051e+00
3.927184298746482227e+00
3.920266630772839100e+00
3.931775923552693897e+00
3.945946017889583324e+00
3.936643452047655867e+00
3.943903162729123668e+00
3.946000637592801397e+00
3.951440580691944593e+00
3.934216059927097220e+00
3.930359492676023692e+00
3.928788889540260065e+00
3.920813462616253631e+00
3.908602193244512080e+00
3.919697538402733716e+00
3.939992904493961667e+00
3.937027768144501838e+00
3.964582296666163685e+00
3.963101882029220313e+00
3.982157383816944396e+00
3.980253233279554159e+00
3.974071166537770594e+00
3.976275458957298170e+00
3.970897891471850016e+00
3.972327858477040063e+00
3.955499830088077484e+00
3.941438398146694500e+00
3.930307998423442140e+00
3.925211628004633635e+00
3.907055481718003875e+00
3.916233667244279903e+00
3.919802581698490940e+00
3.931591115177188289e+00
3.935073632242654273e+00
3.938434009341036823e+00
3.954036428567379691e+00
3.954611564199870699e+00
3.949843184759380676e+00
3.966172825796658863e+00
3.960896791809549455e+00
3.961057016199515335e+00
3.965565969719369921e+00
3.957335928926089874e+00
3.953041659701899579e+00
3.935226785381361392e+00
3.946740164140787765e+00
3.922765353579553693e+00
3.918766039337341578e+00
3.921162149359968652e+00
3.904236442281503461e+00
3.889163817483176633e+00
3.888434657893705904e+00
3.878923568154824864e+00
3.877828874416657357e+00
3.884835698228581435e+00
3.890970126710318056e+00
3.885915596526521298e+00
3.901959839453136514e+00
3.899126500853936861e+00
3.905547833994049700e+00
3.903869511000156667e+00
3.913979758152408284e+00
3.928612942734251323e+00
3.934923431113606540e+00
3.934492689223772821e+00
3.920309501248305573e+00
3.937675892435417158e+00
3.937884224351221540e+00
3.929766241192580889e+00
3.935321184853313614e+00
3.931690779051875140e+00
3.928426348300962268e+00
3.919136293640679281e+00
3.925455614156694306e+00
3.902663833043651387e+00
3.910063045438120000e+00
3.909174582249160590e+00
3.897952269274082671e+00
3.890625369218568164e+00
3.881571552278352932e+00
3.875821763129694730e+00
3.886891651705467243e+00
3.883140217534625904e+00
3.887746249740336335e+00
3.881572191079680767e+00
3.887152291720870512e+00
3.881027476927403796e+00
3.886649115426412227e+00
3.889003849591635475e+00
3.893406287387692899e+00
3.890084507048928053e+00
3.895837388893891529e+00
3.901182698656663117e+00
3.899088910230600558e+00
3.913201510158315966e+00
3.914388264351611024e+00
3.923743131309243903e+00
3.910152851336674562e+00
3.927833996316069776e+00
3.938089223947048190e+00
3.939481307680917421e+00
3.938392389422469275e+00
3.937281599123980236e+00
3.945721803966626862e+00
3.948319745833212213e+00
3.942925571158785392e+00
3.949528619112945726e+00
3.951549494836799958e+00
3.956521802332322313e+00
3.958565357843504273e+00
3.975558325205645005e+00
3.958607501359971081e+00
3.964209266540354548e+00
3.941981944764207046e+00
3.945263910363641546e+00
3.934275593251132630e+00
3.940359962669377492e+00
3.918608474601356750e+00
3.911566080405453949e+00
3.917703381675499141e+00
3.912274464865234780e+00
3.912736289370911891e+00
3.912401630065745373e+00
3.919214767809858557e+00
3.917443869080891705e+00
3.920428625253244537e+00
3.932305479437144147e+00
3.931100053390949256e+00
3.936263271569510724e+00
3.949772532550550164e+00
3.953761772854313072e+00
3.942081338289839643e+00
3.948324490046451363e+00
3.942353323111086549e+00
3.932350018935728553e+00
3.919503173943159169e+00
3.904323128079372651e+00
3.902423722308890675e+00
3.903567661087140372e+00
3.876857866185821955e+00
3.880428568303814885e+00
3.872434191118951041e+00
3.884263933016466108e+00
3.876790525516954133e+00
3.888775808901689057e+00
3.897640419847363979e+00
3.896488958780424561e+00
3.905655594710516265e+00
3.898111133534905903e+00
3.896525490618661713e+00
3.918786706958692800e+00
3.916574883289979603e+00
3.919707668920191512e+00
3.934476831219084758e+00
3.918862956970263323e+00
3.934071428567862849e+00
3.918640903046831436e+00
3.921540333198096917e+00
3.934532821107044942e+00
3.920051095640379124e+00
3.907065687404162713e+00
3.904932130902063481e+00
3.908895586092969499e+00
3.899519744323240555e+00
3.887169197505954799e+00
3.871023882062391230e+00
3.872123767239732395e+00
3.874456946108187250e+00
3.871458396104661581e+00
3.867190682226547604e+00
3.882333761808952399e+00
3.870309062155246949e+00
3.873549836186258588e+00
3.878511315050324537e+00
3.886141192525875532e+00
3.887218897941278506e+00
3.888084635048473015e+00
3.890010359053379219e+00
3.894978278824764217e+00
3.894210371193315812e+00
3.905622942557075206e+00
3.910121614673579327e+00
3.918898958119529929e+00
3.918024684417004799e+00
3.932374283717888108e+00
3.947413735957781444e+00
3.949933070662606571e+00
3.945898027084579596e+00
3.951949471760378696e+00
3.965231561780362401e+00
3.984851460167555537e+00
3.978645622539823901e+00
3.979765218485426193e+00
3.981043260465667810e+00
3.986332126741737536e+00
3.971468697422765537e+00
3.965210198416170062e+00
3.947483584305009785e+00
3.939215634228185436e+00
3.927947791866947647e+00
3.922807983582154101e+00
3.915647066896561057e+00
3.915987700883849065e+00
3.924930794691298797e+00
3.937069952049587762e+00
3.921500624935521984e+00
3.940992871391863162e+00
3.946830946342282154e+00
3.952410521593139325e+00
3.973733071568039232e+00
3.955928672410408797e+00
3.971601454434902756e+00
3.984298627773375845e+00
3.967165304303731155e+00
3.950136485094295491e+00
3.948928536745156315e+00
3.939055311350271094e+00
3.930362105188322186e+00
3.926757334729756632e+00
3.903041959696455621e+00
3.900384063879994478e+00
3.901114196627105457e+00
3.883608264238101349e+00
3.871379133115070204e+00
3.880379153693471750e+00
3.893821748503570657e+00
3.891429932808077918e+00
3.895644903663051828e+00
3.904900373210165476e+00
