1.128696810897947961e-01
1.124173362238522211e-01
1.137540001875542162e-01
1.128142145369430693e-01
1.131622793516432190e-01
1.127885307351758487e-01
1.129558535019929560e-01
1.122311785870753614e-01
1.138856055738536738e-01
1.126372279198993714e-01
1.133291759108896873e-01
1.130549421812640232e-01
1.127976913562964006e-01
1.127301123573083014e-01
1.130154013523850531e-01
1.123203283238090183e-01
1.133729588996060800e-01
1.121297370512492758e-01
1.137449553618734982e-01
1.121746720049287271e-01
1.137079549212102469e-01
1.124268297570059083e-01
1.133749282684931720e-01
1.126397853109228353e-01
1.129606228631521575e-01
1.128048009336672930e-01
1.127757582635557643e-01
1.129034464880165761e-01
1.127259284884938456e-01
1.130158283329344981e-01
1.127503660439473365e-01
1.130287657517624333e-01
1.127708040711530024e-01
1.129921208271705141e-01
1.128193964098342661e-01
1.130251603055244802e-01
1.128371273165936356e-01
1.130284166410289864e-01
1.128078205413236557e-01
1.130659046460659178e-01
1.127416951869944922e-01
1.129322478226424120e-01
1.127519339725547437e-01
1.127693751963072810e-01
1.127875350720704273e-01
1.124998277587426626e-01
1.128987710623126639e-01
1.123287592191862111e-01
1.131536802259983376e-01
1.122758158129467526e-01
1.133817797480337897e-01
1.121610657164906905e-01
1.135606761680908183e-01
1.128389281982722092e-01
1.132948077191991421e-01
1.132876448865402647e-01
1.127783254942018309e-01
1.123207374960704247e-01
1.129096658959902744e-01
1.123530720588614001e-01
1.135897287835868769e-01
1.133930800890253637e-01
1.130629378938821650e-01
1.123561818978786458e-01
1.128994693469734661e-01
1.124280899724889593e-01
1.138146911367383801e-01
1.136114055370226750e-01
1.127082987130454267e-01
1.125623762691719959e-01
1.133911777360913642e-01
1.135207826935415165e-01
1.131282484583414072e-01
1.124512902696178096e-01
1.131786553393964723e-01
1.134637691232727452e-01
1.132327268998997993e-01
1.124628292110763789e-01
1.131968086583844263e-01
1.135137855497905524e-01
1.131528812802088529e-01
1.124731308139400726e-01
1.131156620633575888e-01
1.133922268135565681e-01
1.132861477656201127e-01
1.125430618308182473e-01
1.131400808993531515e-01
1.135918832357463437e-01
1.131483090568223132e-01
1.125595777005711368e-01
1.133323466353044484e-01
1.139233377443265444e-01
1.126994758245455086e-01
1.125360077297096750e-01
1.138984656466286716e-01
1.137011623993381126e-01
1.127279209641681157e-01
1.123769778906460876e-01
1.140970385433944523e-01
1.130382480166708392e-01
1.128882713371382601e-01
1.124863155532864756e-01
1.139162210263125474e-01
1.124421780669185855e-01
1.129708812308001936e-01
1.138082087757933958e-01
1.128705195190881916e-01
1.125601512597188825e-01
1.140113038129733219e-01
1.133462077349921410e-01
1.129100726677596672e-01
1.132124777326872916e-01
1.134012624813851983e-01
1.125863415608276685e-01
1.142942548723153567e-01
1.125798572265115094e-01
1.129139453100037604e-01
1.141759837203412398e-01
1.126749448366956841e-01
1.123738401967967898e-01
1.143171648247801042e-01
1.125702800078721422e-01
1.135517780606465910e-01
1.136656654474641343e-01
1.129994172728324975e-01
1.133759136597550510e-01
1.132145887929800199e-01
1.126359494795577121e-01
1.142212962913990715e-01
1.128009663697026321e-01
1.130088075090607824e-01
1.138403381839229317e-01
1.127634792477864162e-01
1.125834746094295374e-01
1.144704529335380250e-01
1.123358408332617020e-01
1.131358929103954830e-01
1.141589279351772901e-01
1.128742835345452750e-01
1.130325878073792506e-01
1.134546065899458694e-01
1.127783220782089396e-01
1.145997636179305890e-01
1.122849375927346544e-01
1.133528370934401425e-01
1.137952078261715849e-01
1.131147377467926207e-01
1.141250777234926045e-01
1.125209566378498477e-01
1.126110350510490937e-01
1.141071911921767157e-01
1.127811901838557951e-01
1.145633084938408874e-01
1.122053769860687361e-01
1.132318109882843454e-01
1.140714738810571227e-01
1.129157152441069428e-01
1.132651772552172725e-01
1.134236011475316802e-01
1.127458292718796634e-01
1.145453916651177489e-01
1.122483196872449962e-01
1.131397943562671426e-01
1.142140062582038401e-01
1.128190290534426404e-01
1.125276898711832785e-01
1.140834328731814978e-01
1.126691364628689129e-01
1.141665912880824862e-01
1.129206689934521418e-01
1.130700532307929301e-01
1.143020033334885138e-01
1.127934858679035396e-01
1.127624465399194725e-01
1.137002171623399810e-01
1.126438216764053812e-01
1.147059906500209614e-01
1.124911243559088281e-01
1.132338071291422860e-01
1.140069990915563575e-01
1.128398965294625245e-01
1.122588376403162724e-01
1.141280750421062723e-01
1.125036181353091524e-01
1.129152779279247731e-01
1.130224965627146111e-01
1.135928994838786149e-01
1.124743673909916891e-01
1.131382944552648540e-01
1.139791389928094395e-01
1.127390132870906420e-01
1.123295361504770828e-01
1.142786716035763678e-01
1.124282121654046063e-01
1.128813266132827203e-01
1.137988896864226412e-01
1.127677593658320959e-01
1.124257081622073856e-01
1.143076182827530707e-01
1.124546394438229319e-01
1.129154096584206457e-01
1.130926131565289927e-01
1.133746697827191924e-01
1.128605429087370798e-01
1.127871663219097709e-01
1.125307485142926917e-01
1.130127890471205043e-01
1.128558897886308005e-01
1.128026752256882509e-01
1.128937802769550275e-01
1.128407674197066668e-01
1.125269968921709940e-01
1.131100519178869918e-01
1.121705635018231256e-01
1.135101923387899364e-01
1.121231606882273774e-01
1.135771121621628188e-01
1.121589663265369352e-01
1.135629143667153534e-01
1.121837651844996703e-01
1.135236161866607502e-01
1.126299109127603532e-01
1.133475641862925626e-01
1.132629688180363248e-01
1.129141086124535870e-01
1.127030664310157138e-01
1.128182158667060675e-01
1.123578142229129523e-01
1.135305255031583832e-01
1.127760165317622798e-01
1.135044608769354979e-01
1.132273351778028125e-01
1.127373096971942545e-01
1.123638354044220328e-01
1.133179616402196083e-01
1.123961583484522492e-01
1.136189834224063527e-01
1.133365635628983265e-01
1.128589282551258760e-01
1.130304891941340539e-01
1.127619906516139081e-01
1.128146193363707556e-01
1.128535168962352675e-01
1.126344973475073008e-01
1.129452715024451548e-01
1.123587247811883988e-01
1.131408280857354176e-01
1.122606519448653972e-01
1.134790058402281587e-01
1.122002947589827576e-01
1.136275671918413055e-01
1.135017047875126056e-01
1.128527583702591264e-01
1.123451146325150085e-01
1.129582839697502034e-01
1.122721108241076793e-01
1.138172813689011659e-01
1.131549378001886763e-01
1.128246357034471681e-01
1.122290730681715920e-01
1.140057398915575310e-01
1.132770977543390289e-01
1.129326578554664395e-01
1.121916754807048416e-01
1.140840274921491038e-01
1.123528579714506148e-01
1.129195044532681214e-01
1.132229967765692458e-01
1.133838243298124215e-01
1.124568425447313863e-01
1.133359588800153944e-01
1.138763935281906226e-01
1.127280406427143417e-01
1.123170397975724460e-01
1.141707746427269299e-01
1.127887203991486537e-01
1.129358948917918437e-01
1.136000054412203003e-01
1.130144020574219699e-01
1.124676963489617820e-01
1.143895475534704304e-01
1.122990824332694842e-01
1.130037251216485517e-01
1.141491015968258693e-01
1.129165730273673229e-01
1.125332777530000938e-01
1.137834863204487679e-01
1.126491670931184935e-01
1.147989364547570279e-01
1.125306824484511720e-01
1.141103477630505542e-01
1.123165764126908828e-01
1.131825475647515733e-01
1.134604853726912388e-01
1.131724960370117661e-01
1.141699444826468762e-01
1.131401326512393446e-01
1.142626606060486300e-01
1.128020584298532192e-01
1.130316034620178489e-01
1.132571248450565948e-01
1.127517791259858293e-01
1.146509657429387041e-01
1.127032590089380309e-01
1.148016693479810280e-01
1.124211496583063241e-01
1.142900263334574590e-01
1.121840297872908621e-01
1.137995755436971568e-01
1.122317185246329008e-01
1.135791385351243299e-01
1.122148338311838023e-01
1.138089395673343579e-01
1.121215982042757797e-01
1.143692028996085713e-01
1.123977276091611410e-01
1.152092864716854625e-01
1.129462770223506884e-01
1.154299545487856571e-01
1.129658377092058880e-01
1.140978015875891149e-01
1.128594316670824133e-01
1.126007341910202353e-01
1.145646616348079544e-01
1.133449324838600863e-01
1.144032921087620586e-01
1.133249903069780407e-01
1.122741067058108250e-01
1.146396725898925772e-01
1.129965348093189964e-01
1.155782622229455658e-01
1.128026316525489320e-01
1.131466063493618418e-01
1.138319421750042526e-01
1.131200527982861581e-01
1.147856244181183760e-01
1.132661244090549801e-01
1.124571455121253921e-01
1.145992470743644742e-01
1.130354097697333082e-01
1.153903053321986422e-01
1.125639469403686282e-01
1.127168751275831465e-01
1.149017249113942901e-01
1.133059018702638199e-01
1.121797217851282641e-01
1.156055400667480443e-01
1.127923431978884450e-01
1.126884085192437351e-01
1.148269916126373608e-01
1.132701980848130618e-01
1.123227584949496316e-01
1.158823556656985859e-01
1.126566653055447315e-01
1.126749856418715751e-01
1.148927592745748877e-01
1.131882499784638563e-01
1.131865042459693771e-01
1.155535224059208166e-01
1.130831852744306754e-01
1.132994193039665726e-01
1.134872345087236806e-01
1.149571528008133114e-01
1.130411235161634526e-01
1.123996254945621026e-01
1.147787754597236615e-01
1.138014199808746185e-01
1.132463848278143920e-01
1.123017156403676026e-01
1.146407489931659252e-01
1.145952666001113784e-01
1.131738903937606761e-01
1.128473291603483836e-01
1.131732154692517006e-01
1.160077413412170522e-01
1.130122962048483448e-01
1.136650637690404947e-01
1.123588196907758241e-01
1.157492196356346009e-01
1.142799013995311891e-01
1.138623973325327693e-01
1.134194213881815766e-01
1.144855857190654608e-01
1.149029345351175319e-01
1.136877399961779278e-01
1.136002511658575631e-01
1.135000649255134136e-01
1.149951550045996002e-01
1.136518911568789175e-01
1.135089328533329389e-01
1.129436473271144131e-01
1.149649532122287710e-01
1.136468225346119881e-01
1.135055909402106350e-01
1.136059873386663227e-01
1.150475118592648865e-01
1.136252046146107170e-01
1.132581699810409348e-01
1.152426901358783590e-01
1.141838706421960808e-01
1.136168284915963639e-01
1.119792130665594049e-01
1.160342013144517320e-01
1.128996097525514497e-01
1.132207912125426652e-01
1.129711338512300323e-01
1.159019261868273892e-01
1.129370025291112772e-01
1.132192011818018568e-01
1.126936373302854233e-01
1.161521055071758346e-01
1.129317172111063833e-01
1.135187244201227297e-01
1.126352530553740017e-01
1.158405548516839856e-01
1.144423442922561790e-01
1.134876912112726677e-01
1.135616776917485610e-01
1.134953923227601524e-01
1.149453228605813171e-01
1.144303384288266057e-01
1.129617893496442926e-01
1.131496147306218780e-01
1.122929408781074556e-01
1.161396162807941668e-01
1.144036109804544704e-01
1.133262413055203394e-01
1.135074763568760248e-01
1.127403474399080591e-01
1.147239614304490229e-01
1.145798116016298746e-01
1.129258471163731431e-01
1.129787542705196907e-01
1.133676081770755295e-01
1.160438501016216734e-01
1.127936104822931246e-01
1.135557104040693793e-01
1.131849074469708782e-01
1.151636966259447226e-01
1.149324578225467408e-01
1.134111114905498735e-01
1.132393130144968146e-01
1.126303168769880597e-01
1.136709057699498010e-01
1.159725776740219705e-01
1.128593927976913047e-01
1.136223113169312487e-01
1.129532150436266258e-01
1.153581348426550995e-01
1.148498575683320477e-01
1.135840290613688852e-01
1.133538939656086320e-01
1.126869469442667859e-01
1.128556271391628757e-01
1.161923704976731281e-01
1.144436531756141545e-01
1.137690211034608906e-01
1.134730129718125174e-01
1.128312075181562846e-01
1.121085188559941270e-01
1.152170376077061437e-01
1.149742884802239379e-01
1.153681753811937744e-01
1.131908775947443740e-01
1.140049360826185521e-01
1.137599295138399247e-01
1.123723773772647982e-01
1.127355452501653255e-01
1.161358625678016593e-01
1.146162854147264737e-01
1.137627345260451145e-01
1.136028151757153132e-01
1.130647701732901828e-01
1.149314286065692692e-01
1.136112554858439705e-01
1.133525770100218821e-01
1.144493476685675831e-01
1.141559203018334412e-01
1.134176872034032973e-01
1.139783502977034235e-01
1.133396906047017538e-01
1.123855977085893298e-01
1.154577699003026953e-01
1.129783756418743651e-01
1.147246752408091347e-01
1.128807741947218390e-01
1.129181533292423073e-01
1.148408770610727103e-01
1.133112950612726599e-01
1.122218815822049603e-01
1.158378708091203219e-01
1.128250938512818241e-01
1.124909658247111727e-01
1.149605127539313210e-01
1.133106614460516470e-01
1.124005248471597190e-01
1.158385065985997886e-01
1.127406975534571421e-01
1.125458791281114118e-01
1.148051914901889320e-01
1.132748520129717718e-01
1.135770962058083589e-01
1.130114493964351069e-01
1.127467089735490896e-01
1.129997431750611459e-01
1.133092136128959759e-01
1.129451833722432408e-01
1.141791790018722164e-01
1.130920724223893059e-01
1.143562080926974894e-01
1.130256601511080705e-01
1.138756446643813952e-01
1.129128812520184405e-01
1.136489513627413073e-01
1.128201855257847802e-01
1.137940702984272523e-01
1.129650579980829156e-01
1.144046421335233599e-01
1.132461395245152880e-01
1.146273997115721255e-01
1.132897735948788787e-01
1.131104071019403828e-01
1.136942904901989959e-01
1.128252320065107339e-01
1.156488860017084314e-01
1.129040224251858932e-01
1.129984341606255771e-01
1.143850766750801051e-01
1.134839887118917756e-01
1.131583341474765858e-01
1.144833407126906732e-01
1.133145544517687037e-01
1.147861848614690067e-01
1.136700417173428651e-01
1.133971523869487380e-01
1.133377951727131822e-01
1.148804479861564171e-01
1.132781059626802728e-01
1.135209148317741917e-01
1.146681258759887634e-01
1.136931490326555799e-01
1.119342739273753995e-01
1.157852627086817937e-01
1.131108139637098386e-01
1.123397009415011694e-01
1.148937492546147215e-01
1.135974958522853046e-01
1.129540553647781359e-01
1.157153580951598426e-01
1.130108021979434191e-01
1.131875946005703459e-01
1.138178435882000461e-01
1.144151022090862391e-01
1.133524282484227874e-01
1.142233198435674141e-01
1.144531385736218682e-01
1.135727916473824872e-01
1.121887677531117622e-01
1.157826454393435373e-01
1.129786098437978170e-01
1.125396400704314348e-01
1.149448639574497527e-01
1.133790735528683730e-01
1.133994833868568336e-01
1.150607307270244684e-01
1.143721463038774311e-01
1.135364159478191443e-01
1.124956087256865356e-01
1.160831479974497871e-01
1.131016495962880869e-01
1.134135193204601211e-01
1.121985509677909387e-01
1.161785715949566616e-01
1.127990329482332493e-01
1.134126762166741964e-01
1.121869966240886807e-01
1.161589654461799015e-01
1.134707582731413616e-01
1.135085532670246922e-01
1.131057847926452559e-01
1.154299592378124073e-01
1.147749712006956857e-01
1.133151377122115777e-01
1.135385803528654453e-01
1.130342718880988917e-01
1.148296747146759500e-01
1.144731764276858549e-01
1.128649660499093654e-01
1.130273930690203765e-01
1.130399567156729485e-01
1.160768405847957124e-01
1.127111833943071212e-01
1.133761138043878069e-01
1.124800919828060353e-01
1.159025475928431859e-01
1.127491030216990625e-01
1.128153974856698771e-01
1.147127264105897299e-01
1.132539353286580730e-01
1.129777613381866413e-01
1.157089501837063328e-01
1.128156684847973906e-01
1.124665325858640874e-01
1.148312601339032957e-01
1.135041555405339603e-01
1.122364265759278890e-01
1.158869715001785844e-01
1.129474017745003417e-01
1.126821425587826581e-01
1.144774808320774134e-01
1.139352836926324913e-01
1.133622998777168295e-01
1.125925751213242704e-01
1.148009943452096837e-01
1.141878292671477946e-01
1.132680945230928465e-01
1.125773686344910679e-01
1.135790189897506602e-01
1.159577994297858738e-01
1.130974317510234778e-01
1.137679721620220158e-01
1.130098436814524904e-01
1.149249496768186135e-01
1.149975594611605811e-01
1.136851514168402827e-01
1.135602436814523025e-01
1.133467731151865387e-01
1.149917669196424130e-01
1.135996082567655580e-01
1.132967920211303270e-01
1.153740510332598446e-01
1.137635114230271666e-01
1.134975156754653297e-01
1.127012890405109935e-01
1.155718842717389089e-01
1.130773045657904735e-01
1.123943018516782161e-01
1.149073071583289335e-01
1.134429160282474786e-01
1.134214512331189889e-01
1.147611961393745633e-01
1.141269079828303168e-01
1.134490340990912949e-01
1.129872780160430107e-01
1.149708197454842318e-01
1.130456922649833301e-01
1.140453850597702157e-01
1.142838362843369149e-01
1.134092608927615153e-01
1.126171598207720281e-01
1.154978978314058907e-01
1.128592595797033998e-01
1.124326005217303193e-01
1.149526766514444853e-01
1.132132550075735655e-01
1.133071495003622059e-01
1.155628961504003155e-01
1.135680863106692806e-01
1.133536553999693330e-01
1.127309864814806800e-01
1.156368049136091841e-01
1.127654779988069150e-01
1.126994407076551685e-01
1.147654438938004173e-01
1.131576418044689392e-01
1.132790869365575132e-01
1.155703596466371302e-01
1.125290948027794641e-01
1.132806949097035082e-01
1.123433173776919175e-01
1.141227552116992755e-01
1.124647247941277517e-01
1.133517538847809702e-01
1.137467692703145183e-01
1.127958732135805608e-01
1.124369349634504189e-01
1.133941527574065383e-01
1.137890393476744672e-01
1.127836164806899494e-01
1.124924774227447355e-01
1.137333514239509402e-01
1.137825934976440800e-01
1.129453563406435102e-01
1.123647844515755084e-01
1.142518611763973235e-01
1.122703639955897476e-01
1.130731633491215277e-01
1.140199674425352722e-01
1.127589469983373144e-01
1.125021111708287835e-01
1.143984567997092805e-01
1.123921398574519448e-01
1.135482085275740655e-01
1.137054993967942657e-01
1.130530137201193192e-01
1.130117688610425275e-01
1.135763950697467189e-01
1.126079023132815771e-01
1.140020184733194636e-01
1.134901664141028804e-01
1.131333288751068811e-01
1.131554623342939936e-01
1.134184113887400230e-01
1.126565479083137394e-01
1.146541317253267495e-01
1.122567967408966694e-01
1.132831367516302784e-01
1.139752205259316614e-01
1.130600162958717431e-01
1.132201680926293585e-01
1.133054789901892512e-01
1.126134709190487609e-01
1.144876937874167305e-01
1.124136603814229751e-01
1.130752346706584283e-01
1.142920671538907446e-01
1.129959290965326935e-01
1.131242651394983034e-01
1.131350200710102699e-01
1.125402420417311034e-01
1.150969889354485215e-01
1.154626035969391062e-01
1.156966282005989222e-01
1.131612411963172637e-01
1.121760299676184264e-01
1.139193214980057933e-01
1.168714065497824112e-01
1.146151506414654214e-01
1.137703297923046142e-01
1.121462902920168786e-01
1.122570707118963340e-01
1.158783543833150353e-01
1.164995755132702260e-01
1.134231366703023630e-01
1.124558598231705925e-01
1.127693077770446917e-01
1.162413585041395941e-01
1.150191214260957301e-01
1.139057257579360743e-01
1.119961080399560355e-01
1.124226474586911967e-01
1.161005706052672531e-01
1.165409266308365943e-01
1.135558122128168534e-01
1.125899486572018576e-01
1.118711499784966340e-01
1.144405625436645535e-01
1.163686688904013583e-01
1.162429012427330377e-01
1.136922367789424265e-01
1.131083448797864377e-01
1.116752562996447956e-01
1.118378638943184344e-01
1.147872014537966723e-01
1.168489342500733663e-01
1.159416475682601005e-01
1.155512888788530756e-01
1.137050066254705755e-01
1.133255905260882185e-01
1.120105599299230370e-01
1.115414630957340530e-01
1.129655884719584502e-01
1.140723526156289386e-01
1.161039675684025080e-01
1.174704807780109356e-01
1.149710158268493071e-01
1.146711795093841163e-01
1.131536140666411505e-01
1.123347388115324419e-01
1.115888907259378338e-01
1.124044382546974807e-01
1.153342203706545915e-01
1.169759652945490669e-01
1.162607755153174799e-01
1.169989760399685330e-01
1.147166322020029827e-01
1.151022175910734607e-01
1.139517837265068001e-01
1.143430685923186169e-01
1.135723851918473276e-01
1.139297782972944068e-01
1.134128447492989272e-01
1.138299929169380859e-01
1.134609542682578631e-01
1.140513129668849074e-01
1.136300821099110875e-01
1.143811192981092906e-01
1.139080156932736482e-01
1.149336776587983056e-01
1.143765588652250059e-01
1.161266601416235111e-01
1.154313636565077461e-01
1.172767134114057197e-01
1.162643452752743362e-01
1.153115777257312097e-01
1.126263901821239755e-01
1.127985848719645912e-01
1.145460138869087152e-01
1.135166466539335589e-01
1.129175081237376310e-01
1.157361419247860124e-01
1.130100533319887551e-01
1.123392291915540353e-01
1.148216927059177717e-01
1.135867418486825042e-01
1.123260250508109903e-01
1.152336572709703189e-01
1.131737077265041191e-01
1.137380204827364155e-01
1.146516527160524462e-01
1.136374323533248659e-01
1.118977773273085174e-01
1.160367603783867135e-01
1.130152241044742462e-01
1.130418966318912782e-01
1.135983501787989347e-01
1.153546234575374835e-01
1.130972740486638761e-01
1.127460842655911011e-01
1.139656097866313528e-01
1.153699072861743974e-01
1.130049668388310585e-01
1.128591299756051131e-01
1.135719884158182952e-01
1.158173952119656569e-01
1.128919559886678442e-01
1.133165458822410765e-01
1.121372742490322622e-01
1.161041425658622950e-01
1.143902377615512167e-01
1.134675909936737476e-01
1.135306897882144006e-01
1.126316425357513917e-01
1.145917923441568398e-01
1.149582044765551231e-01
1.128472381607927844e-01
1.128706042369603951e-01
1.142790070280812892e-01
1.141686868518967668e-01
1.131362770905832565e-01
1.142094366963744972e-01
1.143249895360686774e-01
1.133470079344369025e-01
1.126842290368220978e-01
1.152030256405117553e-01
1.128237777037427864e-01
1.134025940439367663e-01
1.145849972030721364e-01
1.133913272156767821e-01
1.123057601061394906e-01
1.159994006522537258e-01
1.126581550476783711e-01
1.131871482986034905e-01
1.136266557975430247e-01
1.151190145149972172e-01
1.129478392398656633e-01
1.126545658129516209e-01
1.141062424772886497e-01
1.152157217174081538e-01
1.129560051322471836e-01
1.130694517623015566e-01
1.126121236964916783e-01
1.161572581681971084e-01
1.139854681988873852e-01
1.137987498995086943e-01
1.137137473253346104e-01
1.121157070220637764e-01
1.135323203211385523e-01
1.161993326549250471e-01
1.143219948589250939e-01
1.137950889209495969e-01
1.134128633333172931e-01
1.131373005710609031e-01
1.127049836548437017e-01
1.145981082738709300e-01
1.147629358971794244e-01
1.158958117171078606e-01
1.139195604475832929e-01
1.139420474674584655e-01
1.133999532966120244e-01
1.133532644816248325e-01
1.135064288226516060e-01
1.127914379818507062e-01
1.131333714138935964e-01
1.159352825030018908e-01
1.150687351212968806e-01
1.158130196026146419e-01
1.142574793645233650e-01
1.138336127149431887e-01
1.133040415768584164e-01
1.140395897252916291e-01
1.134262637315217315e-01
1.136849298371225836e-01
1.138373228666410414e-01
1.130595631188997113e-01
1.138163680700553515e-01
1.123569661632029398e-01
1.132366681276595205e-01
1.122610312633070262e-01
1.124605403936424497e-01
1.132589764737368526e-01
1.123302134098198291e-01
1.140200328519273831e-01
1.128251102720603666e-01
1.144334028268768205e-01
1.129808754690418832e-01
1.143205497296689716e-01
1.127144995800273969e-01
1.138959121949856684e-01
1.122846162133269293e-01
1.132143264171311808e-01
1.126584178633060901e-01
1.125058044910929866e-01
1.133120310052184582e-01
1.123559436473432621e-01
1.138925581704301748e-01
1.129832047249733351e-01
1.140106691563789881e-01
1.132219748201069159e-01
1.137869212278841691e-01
1.136508576453938019e-01
1.132133760349930268e-01
1.138830480815210960e-01
1.131433543171325856e-01
1.138702621843086238e-01
1.130801272016611625e-01
1.137113050061852038e-01
1.130134016094347521e-01
1.138836129406751302e-01
1.138730117659722957e-01
1.150290677043151188e-01
1.146423225810614954e-01
1.158827113067485148e-01
1.149443012992120289e-01
1.162295516652141897e-01
1.146962510730213380e-01
1.157389303666255947e-01
1.135496733632648247e-01
1.138999149946466755e-01
1.126112899772060555e-01
1.121535978371400039e-01
1.140516423868681573e-01
1.132418944856585646e-01
1.137667187573700028e-01
1.140985820027019398e-01
1.134757194598385449e-01
1.141198062813399833e-01
1.134032334431421679e-01
1.148163198282593223e-01
1.147108387506630134e-01
1.160987302645190150e-01
1.147712015300630661e-01
1.158491691998088657e-01
1.137102289861983417e-01
1.141988270793923704e-01
1.120180225928700396e-01
1.119681016910723526e-01
1.138240894465905595e-01
1.131672663833994535e-01
1.138724321681015700e-01
1.140851166468114380e-01
1.135520585234848501e-01
1.140724310292023091e-01
1.137808857783023514e-01
1.155173843023796221e-01
1.149624066475318090e-01
1.159454227059254494e-01
1.132081538098298618e-01
1.129570222122076306e-01
1.136851594620796185e-01
1.131489814882681577e-01
1.136207675202515616e-01
1.140570182102871033e-01
1.133850481904250529e-01
1.138606403402622341e-01
1.133305910716995851e-01
1.140915305866615076e-01
1.142032499490251152e-01
1.153920070621891475e-01
1.149522692719913003e-01
1.162007748638609617e-01
1.150366599728043088e-01
1.162185497352667407e-01
1.142456785825545218e-01
1.150739314914387412e-01
1.127068589525572484e-01
1.129035932299759792e-01
1.135490996758409254e-01
1.128716092147087208e-01
1.139587985061826236e-01
1.135608658589817854e-01
1.131548449957598956e-01
1.138472430075161412e-01
1.130259506172759387e-01
1.139486826991921026e-01
1.145446829663947369e-01
1.161143136504888124e-01
1.147437533392968168e-01
1.152252922365040733e-01
1.124853894331803578e-01
