5.441573375719599426e-05
4.130071101826615632e-05
4.146369610680267215e-05
4.088066998519934714e-05
4.116565469303168356e-05
4.102689490537159145e-05
4.082293162355199456e-05
4.026506940135732293e-05
4.054539749631658196e-05
3.935515633202157915e-05
4.081734732608310878e-05
3.900777664966881275e-05
4.007133975392207503e-05
3.951068720198236406e-05
3.995959195890463889e-05
3.980591282015666366e-05
3.906830897904001176e-05
4.054259989061392844e-05
4.060686842422001064e-05
4.048021946800872684e-05
3.984971044701524079e-05
3.989163087680935860e-05
3.814350566244684160e-05
4.034796802443452179e-05
3.965039286413230002e-05
3.945665957871824503e-05
4.081082806806080043e-05
3.981616100645624101e-05
3.986832598457112908e-05
4.018683830508962274e-05
3.987950549344532192e-05
3.980219116783700883e-05
3.983014175901189446e-05
3.972116974182426929e-05
3.894816109095700085e-05
4.019522020826116204e-05
4.031351272715255618e-05
4.063854066771455109e-05
4.007319876109249890e-05
3.976493098889477551e-05
4.114049806958064437e-05
4.014026126242242754e-05
4.158661249675787985e-05
4.067484405823051929e-05
4.006667222711257637e-05
3.964666393585503101e-05
3.952558836317621171e-05
4.037217149743810296e-05
4.121409801882691681e-05
4.108092252863571048e-05
4.118336437386460602e-05
4.008997348137199879e-05
3.992885467596352100e-05
3.987764648627489805e-05
4.039638588437810540e-05
3.990370532847009599e-05
3.998845932073891163e-05
4.047553738928399980e-05
3.900218507624231279e-05
4.058265767525881529e-05
4.036469908896833658e-05
4.033863297081552446e-05
3.995307633886113763e-05
3.963923518313094974e-05
3.970534089603461325e-05
3.908043072442524135e-05
3.995213774032890797e-05
4.079687278135679662e-05
4.094401083420962095e-05
4.043831359012983739e-05
4.063201777171343565e-05
4.087136403541080654e-05
3.985434523201547563e-05
4.075588731211610138e-05
3.930020466214045882e-05
3.998379179392941296e-05
3.960475078201852739e-05
3.932164327125065029e-05
4.135566996410489082e-05
3.999406180810183287e-05
3.975097206421196461e-05
3.965318319387733936e-05
4.070930663147009909e-05
3.960009780712425709e-05
4.098031422472558916e-05
4.020918277092278004e-05
4.063108281116001308e-05
3.943244882975704968e-05
4.104272011318244040e-05
4.002665082225576043e-05
3.999965701950713992e-05
3.939333691960200667e-05
3.989718607044778764e-05
4.174494824837893248e-05
3.974818537244573236e-05
3.968857345171272755e-05
3.860544165945611894e-05
3.939893213100731373e-05
3.987948730355128646e-05
3.979101529694162309e-05
4.118426659260876477e-05
4.065343455295078456e-05
4.110327427042648196e-05
3.950418249587528408e-05
4.091325899935327470e-05
4.051187352160923183e-05
4.040384374093264341e-05
3.948834637412801385e-05
4.034796074847690761e-05
3.952745100832544267e-05
3.970627221860922873e-05
4.085552427568472922e-05
3.979194661951623857e-05
4.087789056939072907e-05
3.934307096642442048e-05
4.011325290775857866e-05
3.975096842623315752e-05
4.084250758751295507e-05
3.944643685827031732e-05
3.913351611117832363e-05
3.935795393772423267e-05
4.009275653515942395e-05
3.970534089603461325e-05
4.084807733306661248e-05
4.093282404937781394e-05
3.985248622484505177e-05
3.996424493379890919e-05
4.007042662124149501e-05
3.946133074350655079e-05
4.055844692629761994e-05
4.036657264805398881e-05
3.946318247471936047e-05
4.011605415144003928e-05
3.964759525842964649e-05
4.061712024849839509e-05
4.017379251308739185e-05
4.088068453711457551e-05
3.971466503571718931e-05
3.988136813859455287e-05
3.943153569707646966e-05
3.922383621102198958e-05
3.994840881205163896e-05
3.997449675807729363e-05
4.072608498972840607e-05
4.053887823829427361e-05
4.103433093405328691e-05
4.029859337606467307e-05
4.037030885228887200e-05
4.048206028528511524e-05
4.187347803963348269e-05
3.995680890511721373e-05
3.989067408838309348e-05
3.998380270786583424e-05
4.045786408823914826e-05
3.946784636355005205e-05
3.909158840542659163e-05
4.082666055182926357e-05
3.923966505681164563e-05
3.987485251855105162e-05
4.028369585284963250e-05
4.145530328969471157e-05
4.158384399488568306e-05
3.976120569859631360e-05
3.964573261328041553e-05
4.131746754865162075e-05
4.042245927848853171e-05
4.053889642818830907e-05
3.991581615991890430e-05
3.981803456554189324e-05
4.031814387417398393e-05
3.982732596341520548e-05
4.049138442496769130e-05
4.046810863655991852e-05
4.147578147239983082e-05
4.007133975392207503e-05
4.101106605958193541e-05
3.954609928769059479e-05
4.071395960636436939e-05
4.033865479868836701e-05
4.003969297627918422e-05
4.103342143935151398e-05
4.080616781720891595e-05
4.009464828413911164e-05
3.978170570917427540e-05
4.156799332122318447e-05
3.972489139414392412e-05
4.128579894313588738e-05
4.054911551065742970e-05
3.909996667061932385e-05
3.937564542866311967e-05
4.041316060465760529e-05
4.148324660491198301e-05
3.999964974354952574e-05
4.099803481949493289e-05
4.079035352333448827e-05
3.944268974009901285e-05
3.994748476543463767e-05
3.986646333942189813e-05
4.108091889065690339e-05
3.996891609858721495e-05
3.972954073105938733e-05
3.988508251495659351e-05
3.948274752474389970e-05
3.831486901617608964e-05
3.987111995229497552e-05
4.030047057312913239e-05
3.957402441301383078e-05
3.863244637614116073e-05
4.053794691571965814e-05
4.061618164996616542e-05
3.933466723538003862e-05
3.928624573745764792e-05
4.106228152522817254e-05
4.030045602121390402e-05
4.168722807662561536e-05
3.984037903137505054e-05
4.044667002744972706e-05
4.045320383738726377e-05
3.908695362042635679e-05
4.048207483720034361e-05
4.051746873301453888e-05
4.047462061862461269e-05
4.020638152724131942e-05
3.951814505853690207e-05
4.059849379700608552e-05
3.956563523388467729e-05
4.058823105879127979e-05
3.957774970331229270e-05
3.958801971748471260e-05
3.990091499872505665e-05
3.894630572176538408e-05
3.995957376901060343e-05
4.028183684567920864e-05
4.044760135002434254e-05
4.001640991191379726e-05
3.887458296958357096e-05
4.031257412862032652e-05
4.008623727713711560e-05
4.012165300082415342e-05
4.115076444577425718e-05
3.955725696869194508e-05
4.056679972563870251e-05
4.385719148558564484e-05
4.249560151947662234e-05
4.115168485441245139e-05
4.007971801911480725e-05
4.053980228491127491e-05
4.013842044514603913e-05
4.027438262710347772e-05
4.208115569781512022e-05
4.026787792099639773e-05
3.934957931051030755e-05
4.045412424602545798e-05
4.032465949421748519e-05
3.962059781770221889e-05
4.033212826470844448e-05
3.971557453041896224e-05
4.050721327075734735e-05
4.088159766979515553e-05
3.967646989622153342e-05
4.033026925753802061e-05
4.033492223243229091e-05
4.028369949082843959e-05
4.021011409349739552e-05
4.015237573185004294e-05
4.095517942914739251e-05
4.168905070400796831e-05
3.947437653550878167e-05
4.068324051331728697e-05
4.037964026792906225e-05
4.011231794720515609e-05
4.053795419167727232e-05
3.943991396226920187e-05
4.075121978530660272e-05
4.110791996936313808e-05
4.056216494063846767e-05
3.978264066972769797e-05
3.898355134879238904e-05
3.927134093828499317e-05
3.887831553583964705e-05
3.978543827543035150e-05
4.022316716145724058e-05
4.001917477580718696e-05
3.898915383615531027e-05
3.912048123311251402e-05
4.165367863606661558e-05
3.996237865067087114e-05
3.931138780899345875e-05
3.937099245376884937e-05
3.969788303948007524e-05
3.951161124859936535e-05
4.094399992027319968e-05
3.978449967689812183e-05
4.028648618259467185e-05
4.022130451630800962e-05
4.032095603179186583e-05
4.189583341940306127e-05
4.007043753517791629e-05
3.964200368500314653e-05
4.055377212353050709e-05
4.150373206357471645e-05
3.931325045414268970e-05
4.062177322339266539e-05
3.946226934203878045e-05
4.060778155690059066e-05
3.969136014347895980e-05
3.966157601098529994e-05
3.940824535675346851e-05
3.996982195531018078e-05
3.953303530579432845e-05
3.985341754741966724e-05
3.998194733867421746e-05
3.909439692506566644e-05
4.041220381623134017e-05
4.022129724035039544e-05
3.951162943849340081e-05
3.895654299412854016e-05
4.002292553195729852e-05
3.915306297130882740e-05
4.000615808763541281e-05
3.931790706701576710e-05
3.872744855470955372e-05
4.042244836455211043e-05
4.046718095196411014e-05
4.020546475658193231e-05
3.978264430770650506e-05
3.929556623916141689e-05
3.959823516197502613e-05
3.999031105195172131e-05
3.969696263084188104e-05
3.927505895262584090e-05
3.883361569023691118e-05
4.035727761220186949e-05
3.971371916122734547e-05
3.993444261141121387e-05
4.140128658036701381e-05
3.949859819840639830e-05
3.969416138716042042e-05
3.997543171863071620e-05
3.961313268519006670e-05
4.012628414784558117e-05
4.038521365146152675e-05
3.965226278523914516e-05
4.054726377944462001e-05
4.031629214296117425e-05
3.942502735299058259e-05
4.112839815206825733e-05
4.077451012562960386e-05
3.989718607044778764e-05
3.948088487959466875e-05
4.015609010821208358e-05
3.959730020142160356e-05
4.163505218457430601e-05
4.046715548611246049e-05
3.958519664593040943e-05
3.920241942978464067e-05
3.924899283447302878e-05
3.988508979091420770e-05
4.000613625976257026e-05
4.209419421385973692e-05
4.012535646324977279e-05
3.979473331128247082e-05
3.968485179939307272e-05
4.030136915389448404e-05
3.962618211517110467e-05
3.961965558119118214e-05
3.979008033638820052e-05
4.050628194818273187e-05
4.041594729642383754e-05
3.959917376050725579e-05
4.068416819791309536e-05
4.141244789934717119e-05
3.975842264480888844e-05
4.040476051159203053e-05
4.140688906772993505e-05
3.953395935241132975e-05
4.008718315162695944e-05
3.926854697056114674e-05
4.048114715260453522e-05
4.120107041671872139e-05
4.041314605274237692e-05
4.098034332855604589e-05
4.028369221487082541e-05
4.047182301292195916e-05
3.973142884206026793e-05
4.105668995180167258e-05
4.045972673338837922e-05
3.997264502686448395e-05
3.884756733896210790e-05
4.006856033811345696e-05
4.049696508445776999e-05
3.945015851058997214e-05
3.965504583902657032e-05
4.010487828054465353e-05
4.102316961507312953e-05
3.977240703534334898e-05
3.961500260629691184e-05
3.938123336411081254e-05
4.046437607030384243e-05
4.056588295497931540e-05
4.085460022906772792e-05
4.059102138853631914e-05
3.899752118741162121e-05
3.935796485166065395e-05
4.049509516335092485e-05
4.032373908557929099e-05
3.934863343602046371e-05
3.857285628328099847e-05
3.940918395528569818e-05
3.937005385523661971e-05
4.067764166393317282e-05
4.031813296023756266e-05
3.953117266064509749e-05
3.849274071399122477e-05
3.934863707399927080e-05
3.951161488657817245e-05
4.051746145705692470e-05
3.967646625824272633e-05
3.981895133620128036e-05
3.936353459721431136e-05
3.974632636527530849e-05
4.002105561085045338e-05
4.071116927661933005e-05
4.111257294425740838e-05
4.075494143762625754e-05
4.072048250236548483e-05
3.989161632489413023e-05
4.157916555413976312e-05
3.896121052093803883e-05
3.991117046098224819e-05
3.861477671307511628e-05
4.081362567376345396e-05
4.110046938876621425e-05
4.015797094325534999e-05
3.953769919462502003e-05
4.063108644913882017e-05
4.020081541966646910e-05
3.948461380787193775e-05
3.989439210272394121e-05
3.972490230808034539e-05
3.925084820366464555e-05
3.941290924558416009e-05
3.918565198546275496e-05
4.111351154278963804e-05
4.089184949407353997e-05
4.048207119922153652e-05
4.121781603316776454e-05
3.944362470065243542e-05
3.909532097168266773e-05
4.093656752957031131e-05
4.086950139026157558e-05
4.016915045212954283e-05
4.108091161469928920e-05
3.977331289206631482e-05
4.022036955575458705e-05
3.994003054685890675e-05
3.903572360286489129e-05
4.041035936097614467e-05
3.976868538302369416e-05
4.003410140285268426e-05
4.057891783304512501e-05
3.908879807568155229e-05
3.923128679161891341e-05
4.100919977645389736e-05
3.990278128185309470e-05
4.014586011180654168e-05
4.125135455979034305e-05
4.023991641588509083e-05
4.007973984698764980e-05
4.021103450213558972e-05
3.935887798434123397e-05
3.964015559176914394e-05
3.904595723724924028e-05
4.091420487384311855e-05
4.107719360035844147e-05
4.001267734565772116e-05
4.013747820863500237e-05
3.934957567253150046e-05
4.032373180962167680e-05
4.100081059732474387e-05
3.972210106439888477e-05
4.016541788587346673e-05
3.891743472195230424e-05
3.918844959116540849e-05
4.057053592987358570e-05
4.032279684906825423e-05
4.038241604575887322e-05
3.986926094512455165e-05
4.174867717665620148e-05
4.124577390030026436e-05
4.030884520034305751e-05
3.967273369198665023e-05
4.046158210257999599e-05
3.970534089603461325e-05
3.990184995927847922e-05
3.952000770368613303e-05
4.022223220090381801e-05
3.985061994171701372e-05
4.015423473902046680e-05
3.957122680731117725e-05
3.937378642149269581e-05
4.107066706637851894e-05
3.958612796850502491e-05
3.924712291336618364e-05
3.995772931375540793e-05
4.118055585422553122e-05
4.221433846396394074e-05
4.053703014506027102e-05
4.067205736646428704e-05
4.068323687533847988e-05
4.023433575639501214e-05
4.085646651219576597e-05
4.008904579677619040e-05
4.020360574941150844e-05
4.018778417957946658e-05
4.014212754555046558e-05
3.973980710725300014e-05
3.938495501643046737e-05
3.965319410781376064e-05
3.984316936112008989e-05
3.984131762990728021e-05
4.127273859921842813e-05
4.158941737841814756e-05
4.003502544946968555e-05
4.017193714389577508e-05
4.040849307784810662e-05
4.057891783304512501e-05
4.141898898524232209e-05
4.002386049251072109e-05
4.081455335835926235e-05
3.994469079771079123e-05
3.948554876842536032e-05
4.211748455418273807e-05
4.003873982583172619e-05
4.155683200224302709e-05
3.981616828241385520e-05
4.011790952063165605e-05
3.869579086313024163e-05
3.993817881564609706e-05
3.969228782807476819e-05
3.959171590395271778e-05
3.973700222559273243e-05
4.083597741555422544e-05
3.946040305891074240e-05
4.029023693874478340e-05
4.059939601575024426e-05
3.960754838772118092e-05
3.930860475520603359e-05
3.895935151376761496e-05
4.027810791740193963e-05
3.866691258735954762e-05
3.964573625125922263e-05
3.967180964536964893e-05
3.967833254137076437e-05
4.043457738589495420e-05
4.023247674922458827e-05
4.113400791538879275e-05
4.117310891160741448e-05
4.004156653536483645e-05
4.029394040117040277e-05
4.005085065728053451e-05
3.942687180824577808e-05
4.038614497403614223e-05
4.000708213425241411e-05
4.041595457238145173e-05
4.038427505292929709e-05
3.993536665802821517e-05
3.946320066461339593e-05
3.967367229051887989e-05
4.076519689988344908e-05
4.009090844192542136e-05
3.894630208378657699e-05
4.041315332869999111e-05
3.989161268691532314e-05
3.982083580922335386e-05
4.071489092893898487e-05
3.913721593562513590e-05
3.985900912084616721e-05
3.958707020501606166e-05
4.013189027318730950e-05
3.918193033314310014e-05
3.972955892095342278e-05
3.906552956323139369e-05
4.014308069599792361e-05
3.958891466027125716e-05
4.107253698748536408e-05
4.026411625090986490e-05
3.875072798109613359e-05
4.076333061675541103e-05
3.964201096096076071e-05
3.949020538129843771e-05
3.965784708270803094e-05
3.975470463046804070e-05
4.040755811729468405e-05
4.024550798931159079e-05
4.029952469863928854e-05
4.021290806122124195e-05
4.013281068182550371e-05
3.998939791927114129e-05
4.112003443879075348e-05
4.042059663333930075e-05
4.057893602293916047e-05
4.100827572983689606e-05
3.951721009798347950e-05
3.965598807553760707e-05
3.957774242735467851e-05
4.114239345653913915e-05
3.999777982244268060e-05
4.101200102013535798e-05
3.953770647058263421e-05
3.906550773535855114e-05
3.929647937184199691e-05
4.081735096406191587e-05
4.001828347099944949e-05
4.052116855746135116e-05
4.355172495706938207e-05
4.068416092195548117e-05
3.969043245888315141e-05
3.997635940322652459e-05
4.050721690873615444e-05
3.925551936845295131e-05
3.960940011893399060e-05
3.973142520408146083e-05
3.990744880866259336e-05
3.887739876518025994e-05
3.960101821576245129e-05
3.929275408154353499e-05
4.028649709653109312e-05
4.052397707710042596e-05
4.044481465825811028e-05
4.010207703686319292e-05
3.969883255194872618e-05
3.982642010669223964e-05
4.015797821921296418e-05
3.975097206421196461e-05
4.032746801385655999e-05
4.059476486872881651e-05
4.046530375489965081e-05
3.957495209760963917e-05
4.093935422133654356e-05
3.984410795965231955e-05
3.965690120821818709e-05
3.990744517068378627e-05
3.935701170121319592e-05
3.987112722825258970e-05
4.085087857674807310e-05
4.019707557745277882e-05
4.038428232888691127e-05
3.904595723724924028e-05
3.870136788464151323e-05
3.984039722126908600e-05
3.944549098378047347e-05
3.960288449889048934e-05
4.023153087473474443e-05
3.971558180637657642e-05
3.980405381298623979e-05
3.977985033998265862e-05
3.984781869803555310e-05
4.047368565807119012e-05
3.948367520933970809e-05
3.958427623729221523e-05
4.149349479121156037e-05
3.970347825088538229e-05
4.209698454360477626e-05
3.935609856853261590e-05
4.061802974320016801e-05
4.031907155876979232e-05
4.157452349318191409e-05
4.256264219293370843e-05
3.978357563028112054e-05
4.040756175527349114e-05
4.014957085018977523e-05
4.045880632475018501e-05
3.958054730901494622e-05
3.998194733867421746e-05
3.932630352210253477e-05
3.903570177499204874e-05
3.982734051533043385e-05
3.989161632489413023e-05
4.063480810145847499e-05
3.979196480941027403e-05
4.006482049589976668e-05
4.024456939077936113e-05
3.959730020142160356e-05
3.987205491284839809e-05
3.880101212416775525e-05
3.989161268691532314e-05
4.055098543176427484e-05
4.002012428827583790e-05
3.909064980689436197e-05
4.031536445836536586e-05
4.069812348461709917e-05
4.022129724035039544e-05
4.225439261063002050e-05
3.982546695624478161e-05
3.891092273988761008e-05
4.019707921543158591e-05
3.967831798945553601e-05
3.991675475845113397e-05
4.178686867817305028e-05
4.025202724733389914e-05
3.867715349770151079e-05
4.027066461276262999e-05
3.934024425689131021e-05
4.007972893305122852e-05
3.996052328147925436e-05
4.014680234831757843e-05
3.906458732672035694e-05
3.988881508121266961e-05
3.996982559328898787e-05
4.094493851880542934e-05
3.975749859819188714e-05
3.929182639694772661e-05
4.079221253050491214e-05
4.061712752445600927e-05
4.010114207630977035e-05
3.899007424479350448e-05
3.913629552698694170e-05
4.098964927834458649e-05
3.919871232938021421e-05
4.048672781209461391e-05
3.972768172388896346e-05
3.925643613911233842e-05
4.081268343725241721e-05
4.016914681415073574e-05
4.069813076057471335e-05
3.926387216779403389e-05
4.056496254634112120e-05
4.073073432664386928e-05
3.995867518824525177e-05
4.012908539152704179e-05
3.998937609139829874e-05
4.031255593872629106e-05
4.009464464616030455e-05
3.992698111687786877e-05
4.034331141156144440e-05
3.965040377806872129e-05
3.892860331689007580e-05
3.871348599204793572e-05
3.903106335201300681e-05
3.931324317818507552e-05
4.015514787170104682e-05
3.925364580936729908e-05
4.080150392837822437e-05
4.009182885056361556e-05
4.062175867147743702e-05
3.981151894549839199e-05
3.934119740733876824e-05
3.987856689491309226e-05
3.928436854039318860e-05
3.911021849489770830e-05
4.055750832776539028e-05
4.039825580548495054e-05
4.055097451782785356e-05
4.026134047308005393e-05
3.949019446736201644e-05
4.042991349706426263e-05
3.971373371314257383e-05
3.993351128883659840e-05
4.108927896595560014e-05
4.020173219032585621e-05
4.050906863994896412e-05
4.062454900122247636e-05
4.114983312319964170e-05
3.945669232052750885e-05
3.930115053663030267e-05
4.123922917642630637e-05
3.983850547228939831e-05
3.981337067671120167e-05
3.931417450075969100e-05
4.032375727547332644e-05
3.880846270476467907e-05
4.047742550028488040e-05
4.025201269541867077e-05
4.010393968201242387e-05
4.112466558581218123e-05
4.115820411243475974e-05
4.038705810671672225e-05
3.932536128559149802e-05
4.160989919910207391e-05
3.964479765272699296e-05
3.849461427307687700e-05
3.904689219780266285e-05
3.916050627594813704e-05
3.957308945246040821e-05
4.080803046235814691e-05
3.856445619021542370e-05
3.887739512720145285e-05
3.932163599529303610e-05
4.112839451408945024e-05
4.036657992401160300e-05
3.899287185049615800e-05
4.040476778754964471e-05
4.103898754692636430e-05
4.005553273600526154e-05
3.995586666860617697e-05
4.030604031868278980e-05
4.132025424041785300e-05
4.044016895932145417e-05
3.983292845077812672e-05
3.943058618460781872e-05
4.030418131151236594e-05
3.996147279394790530e-05
4.140594319324009120e-05
4.142829129705205560e-05
3.871999797411262989e-05
3.961873153457418084e-05
4.074469688930548728e-05
3.960754838772118092e-05
3.931232276954688132e-05
4.002479545306414366e-05
3.993165591964498162e-05
3.947530785808339715e-05
3.893792745657265186e-05
3.931976971216499805e-05
4.079965219716541469e-05
3.889323124894872308e-05
4.155312126385979354e-05
3.995865699835121632e-05
3.965130963479168713e-05
4.072516458109021187e-05
4.051279756822623312e-05
3.934306732844561338e-05
3.984319118899293244e-05
4.077637277077883482e-05
3.964294228353537619e-05
3.921360257663764060e-05
4.151582834310829639e-05
3.909253064193762839e-05
3.884851685143075883e-05
3.927879151888191700e-05
3.969416866311803460e-05
4.010861448477953672e-05
4.074097887496463954e-05
4.059290586155839264e-05
4.029859701404348016e-05
4.024738154839724302e-05
3.987669333582744002e-05
4.036286190967075527e-05
4.076705590705387294e-05
4.033585355500690639e-05
4.070187060278840363e-05
4.014772275695577264e-05
3.975377694587223232e-05
3.929555896320380270e-05
3.871070293826051056e-05
3.966344593209214509e-05
3.927878060494549572e-05
3.988974276580847800e-05
3.950882455683313310e-05
3.980219116783700883e-05
4.030137642985209823e-05
4.017564788227900863e-05
4.085740874870680273e-05
3.948648009099997580e-05
3.996238592662848532e-05
4.001174238510429859e-05
4.038801853312179446e-05
3.945202115573920310e-05
4.008625182905234396e-05
3.923409167327918112e-05
4.017565152025781572e-05
4.083597377757541835e-05
4.015890226582996547e-05
4.030603668070398271e-05
4.042339060106314719e-05
3.987576928921043873e-05
4.120944140595383942e-05
4.040848943986929953e-05
3.916610148735344410e-05
3.938682493753731251e-05
4.017379251308739185e-05
4.045133027830161154e-05
4.145437196712009609e-05
3.979100438300520182e-05
4.037311737192794681e-05
4.076518598594702780e-05
3.872092565870843828e-05
3.908135477104224265e-05
3.963362178183160722e-05
4.002011701231822371e-05
4.202713535050861537e-05
3.985807052231393754e-05
4.013375655631534755e-05
3.993538120994344354e-05
3.987298259744420648e-05
3.973701313952915370e-05
4.045505556860007346e-05
3.966993608628399670e-05
4.025948510388843715e-05
3.983293208875693381e-05
4.024084046250209212e-05
3.887646380462683737e-05
3.896679481840692461e-05
3.988788375863805413e-05
4.017659011879004538e-05
3.961312904721125960e-05
4.005644223070703447e-05
4.077730773133225739e-05
3.982826819992624223e-05
4.094959513167850673e-05
3.935887798434123397e-05
3.890068546752445400e-05
3.981802365160547197e-05
4.096448901691474020e-05
4.161550896242260933e-05
4.025295493192970753e-05
4.075958713656291366e-05
3.999219188699498773e-05
4.239406916894949973e-05
4.029395495308563113e-05
4.078660640516318381e-05
4.053980592289008200e-05
4.138824806432239711e-05
3.989253309555351734e-05
3.972862396040000021e-05
3.942500916309654713e-05
3.895747795468196273e-05
4.068508496857248247e-05
4.022967550554312766e-05
3.971745536546222866e-05
4.025295129395090044e-05
4.034888479509390891e-05
3.923128679161891341e-05
3.905246921931393445e-05
4.019707921543158591e-05
4.055192403029650450e-05
4.011885175714269280e-05
3.980685505666770041e-05
3.970626858063042164e-05
4.098871431779116392e-05
4.000242915935814381e-05
4.017005267087370157e-05
4.066833935212343931e-05
3.987018499174155295e-05
4.064877794007770717e-05
3.922850009985268116e-05
4.149534288444556296e-05
4.082014856976456940e-05
4.013933357782661915e-05
4.019800690002739429e-05
4.017472383566200733e-05
4.104923937120474875e-05
4.129139415454119444e-05
4.133238326176069677e-05
4.055471072206273675e-05
4.082385930814780295e-05
4.160991738899610937e-05
3.987111995229497552e-05
3.985434523201547563e-05
3.874048343277536333e-05
3.982455382356420159e-05
4.072980300406925380e-05
3.964013376389630139e-05
4.033024379168637097e-05
3.831113644992001355e-05
3.885504702338948846e-05
4.015144804725423455e-05
4.118335709790699184e-05
4.073817763128317893e-05
3.907669088221155107e-05
4.137429277761839330e-05
3.975935396738350391e-05
3.995960651081986725e-05
4.048578193760477006e-05
4.114145485800690949e-05
3.966809526900760829e-05
4.086763874511234462e-05
4.132492904318496585e-05
4.143294063396751881e-05
4.044389424961991608e-05
3.980312976636923850e-05
4.032373908557929099e-05
4.080337021150626242e-05
3.989067045040428638e-05
4.006854214821942151e-05
4.025016824016347528e-05
3.983013084507547319e-05
3.979568282375112176e-05
4.071954754181206226e-05
3.931697938241995871e-05
3.952745828428305686e-05
3.931697574444115162e-05
4.019335756311193109e-05
4.060686114826239645e-05
3.991489575128071010e-05
3.947717050323262811e-05
3.953675695811398327e-05
4.120850280742160976e-05
4.037125108879990876e-05
4.005737719126045704e-05
4.021944550913758576e-05
4.048019400215707719e-05
4.054352757520973682e-05
3.949392339563928545e-05
4.009464100818149745e-05
3.993257632828317583e-05
4.088533023605123162e-05
4.135938797844573855e-05
3.960755930165760219e-05
