1.114866511388308945e+00
1.115074757860100352e+00
1.112538449691545139e+00
1.114253214512972656e+00
1.137075068740322825e+00
1.107545443164986043e+00
1.098825622731147034e+00
1.125272260386859235e+00
1.098822035512634576e+00
1.090424871102823712e+00
1.115360579206647440e+00
1.126372599619856585e+00
1.111197321028343010e+00
1.125630359919229218e+00
1.116797313928410862e+00
1.089713253983280339e+00
1.105117905272468226e+00
1.102307723334584821e+00
1.112718557220329085e+00
1.145498327578043263e+00
1.149061549858322318e+00
1.117654997148691542e+00
1.120780120230062016e+00
1.108171169970312953e+00
1.097616010564337774e+00
1.101974703565482772e+00
1.112419446696227388e+00
1.122254017409176630e+00
1.110090957617646978e+00
1.097036028101605609e+00
1.082689430826582866e+00
1.114725849114701184e+00
1.129575462754891513e+00
1.153437807385260028e+00
1.141022589641193630e+00
1.083520062448281029e+00
1.094937316303816521e+00
1.115043965385139391e+00
1.096773389030267998e+00
1.147958117814935397e+00
1.133131659723342288e+00
1.115823618583002386e+00
1.139894999048129076e+00
1.111448915084197520e+00
1.109636828211790993e+00
1.109899991612937731e+00
1.111143782474078412e+00
1.106274510129436894e+00
1.098154761827802917e+00
1.108130102122557359e+00
1.101661362681191969e+00
1.126909824651709080e+00
1.135884848517851431e+00
1.110368663143585177e+00
1.097979800132792505e+00
1.145474340552506742e+00
1.153434429146099394e+00
1.094139993670227629e+00
1.092111803750010823e+00
1.114287722708703576e+00
1.127230436854819384e+00
1.087148663036877183e+00
1.182648732600448449e+00
1.093868476963714809e+00
1.142511862229842023e+00
1.102644114455741065e+00
1.104861024594245178e+00
1.111018057421352623e+00
1.097319131020969563e+00
1.121317684233104073e+00
1.113016543198801056e+00
1.098118368573324233e+00
1.107276742102683009e+00
1.093899825661102110e+00
1.098686301343609895e+00
1.103590264278373700e+00
1.080368125637685583e+00
1.101922123829147226e+00
1.100862890489410217e+00
1.140948680684854555e+00
1.118399899669514364e+00
1.124890960084861335e+00
1.121439734220918583e+00
1.086959308531752599e+00
1.121687526123552381e+00
1.104641249198490938e+00
1.115175074311254066e+00
1.090646812421003586e+00
1.111817706060524769e+00
1.159768875917228215e+00
1.110888993756278698e+00
1.088115108709765799e+00
1.133297573832543925e+00
1.091827344118518894e+00
1.093026888263160634e+00
1.160170466379851550e+00
1.111708130676009043e+00
1.098547187798894598e+00
1.112432145743274203e+00
1.142674371690902246e+00
1.124680643761987842e+00
1.138855044667756111e+00
1.145571421856254712e+00
1.103869585340744974e+00
1.127062438887824758e+00
1.135601471322371214e+00
1.078875292507352590e+00
1.105561492615447561e+00
1.098259460858845626e+00
1.095494661055368857e+00
1.136031882826007866e+00
1.116703993360991021e+00
1.077900631268742027e+00
1.151610806234763196e+00
1.120591990072446587e+00
1.111542229485790845e+00
1.156858247230726944e+00
1.113418250066610327e+00
1.153498064570630310e+00
1.126368490120608135e+00
1.120125116605163784e+00
1.115302571258645736e+00
1.096874060748896040e+00
1.098533176847807935e+00
1.140466765136282312e+00
1.120410443871321160e+00
1.116551548557520812e+00
1.172371639023164880e+00
1.110589269226422982e+00
1.158247704454589799e+00
1.091197329076727396e+00
1.121242830144573821e+00
1.098768246663861525e+00
1.129060184378052112e+00
1.131362727342194452e+00
1.110618287890945632e+00
1.143424467168874914e+00
1.106013915101659029e+00
1.118004866042327849e+00
1.125252232040170997e+00
1.101147441580462960e+00
1.099337599945018118e+00
1.105176956544945632e+00
1.109639368427672634e+00
1.133846716315457970e+00
1.093603679508364568e+00
1.140118185283914620e+00
1.125298912675965379e+00
1.138827537869472550e+00
1.132957907740958392e+00
1.125188295299006214e+00
1.101271396495072441e+00
1.123147366418189241e+00
1.092513645928661292e+00
1.119370543925599204e+00
1.130436730750692620e+00
1.108327548805109419e+00
1.093633809526297407e+00
1.107270618183342936e+00
1.126113003338047758e+00
1.092313822171540716e+00
1.082827295257746680e+00
1.106082735742917045e+00
1.108708958129256184e+00
1.162905862881309815e+00
1.104434699889583982e+00
1.101003186992683069e+00
1.100264122204618333e+00
1.135786187968677696e+00
1.100411428406233183e+00
1.166072244338283603e+00
1.102384813720461709e+00
1.136399957618428269e+00
1.129291505105412874e+00
1.096358451189402006e+00
1.122264257348860594e+00
1.137428847162187395e+00
1.109557061630637387e+00
1.130832070396572853e+00
1.085679731273553994e+00
1.109632525758823540e+00
1.096516226137474792e+00
1.134371874439576988e+00
1.138446034851171351e+00
1.095114319723721419e+00
1.099758213993753841e+00
1.101518849686738521e+00
1.110756887872219378e+00
1.096460987690228261e+00
1.115720221528857525e+00
1.131424272046900326e+00
1.104728456429328931e+00
1.140439841838224222e+00
1.099008502717088831e+00
1.089395555667957538e+00
1.114438215519815145e+00
1.090239111923698045e+00
1.110696374755959726e+00
1.121646331993024548e+00
1.097273147318610143e+00
1.117984842479484930e+00
1.105922766377888777e+00
1.106361762404375115e+00
1.123673910439516810e+00
1.115805227355308515e+00
1.104707518648136100e+00
1.143155868260036012e+00
1.115456198549106492e+00
1.118263617087497108e+00
1.078117955711086928e+00
1.101419543537965229e+00
1.113923619191563130e+00
1.176873313712542668e+00
1.104145803941708248e+00
1.116496109539865778e+00
1.120634420287671240e+00
1.097694790108888263e+00
1.119924820470334259e+00
1.107386387451534615e+00
1.127674830760106550e+00
1.102379284632520662e+00
1.101563448481456708e+00
1.077882158479382957e+00
1.109671046246903270e+00
1.086672486214674604e+00
1.114043758969465392e+00
1.104671329359264487e+00
1.089068835204729524e+00
1.108641482131650147e+00
1.077036193977795930e+00
1.094297531850503491e+00
1.081716419671195251e+00
1.121757314197434630e+00
1.100906091964509503e+00
1.091139398184371334e+00
1.149187411666512393e+00
1.175260749641835467e+00
1.088087224284934651e+00
1.136213654150067365e+00
1.106658792698547167e+00
1.096632222470762308e+00
1.116075715426599668e+00
1.090022501239384489e+00
1.092177664227980127e+00
1.105942799424128431e+00
1.101076527959979678e+00
1.143916073504951614e+00
1.152201128856166656e+00
1.128501282199428024e+00
1.107984846816243873e+00
1.100652022432447641e+00
1.143240624737785094e+00
1.114037010740182687e+00
1.085514874071256797e+00
1.125738693832251114e+00
1.132038228616857767e+00
1.129063599410009999e+00
1.132888189970292503e+00
1.136782172925282719e+00
1.109294969446778856e+00
1.158958020883666284e+00
1.098751666216686518e+00
1.128905932892285691e+00
1.120621963557099532e+00
1.100812530253699073e+00
1.122160195114207504e+00
1.121416964402087935e+00
1.141737439791943531e+00
1.120069119631271537e+00
1.088839206180973518e+00
1.144595236882748113e+00
1.091262917648437636e+00
1.097416852584935043e+00
1.123694380134731885e+00
1.074669652760547711e+00
1.131945365717154095e+00
1.092213269248078378e+00
1.112173410675471485e+00
1.124504943752977049e+00
1.141812041239408160e+00
1.103190284376587504e+00
1.129656737890660123e+00
1.121359823349351581e+00
1.113058195595577837e+00
1.152207767810425443e+00
1.161006800311398912e+00
1.092365913949781886e+00
1.117029816666996966e+00
1.102347530981169443e+00
1.090794631690493066e+00
1.097796237163167765e+00
1.119471339511124430e+00
1.130173357180172866e+00
1.099994257741981230e+00
1.098585643027474523e+00
1.094272174925468244e+00
1.120530539234525280e+00
1.093439519237837665e+00
1.113781141079513537e+00
1.120036952829768007e+00
1.094691923417687951e+00
1.133903377843588300e+00
1.093892615267356039e+00
1.134283026722117116e+00
1.097539804966611410e+00
1.103634556903995811e+00
1.111898439825473872e+00
1.194317740341232170e+00
1.110687286290197529e+00
1.097146092827955943e+00
1.106001963414274814e+00
1.135355189544064780e+00
1.108146040535625376e+00
1.119658763729285633e+00
1.141893223520724643e+00
1.137333846753240785e+00
1.127005406489467454e+00
1.101718781184617857e+00
1.083071058306903200e+00
1.094190470998985587e+00
1.103775793470390010e+00
1.092733786285564168e+00
1.090177891155037715e+00
1.101130765209925810e+00
1.137264717898648136e+00
1.095433029223622734e+00
1.136237180216477460e+00
1.097060459316563374e+00
1.116730172054490877e+00
1.107785629211407219e+00
1.139896327961765765e+00
1.132530385668490958e+00
1.124075523972674961e+00
1.132278618620211397e+00
1.096002599218118156e+00
1.059704846775162412e+00
1.091492142226221151e+00
1.105105723869338252e+00
1.116068868766001421e+00
1.127138676067857670e+00
1.084295049525628274e+00
1.114318570153839838e+00
1.105039538203724359e+00
1.095989612353960974e+00
1.089772506354947490e+00
1.091809286982174720e+00
1.098162599921345128e+00
1.124138721510426375e+00
1.119625017736848749e+00
1.125434742183692105e+00
1.092765915326194603e+00
1.150616175049404832e+00
1.156543571270994386e+00
1.091160377378192825e+00
1.107081167223598728e+00
1.111211533112911543e+00
1.093133308078340526e+00
1.103100009913806634e+00
1.110358141736396131e+00
1.111032700840329124e+00
1.091596062931041944e+00
1.095780879056033053e+00
1.143179707763811059e+00
1.111705286464476528e+00
1.104018714545362601e+00
1.116601536620747570e+00
1.116152675327725552e+00
1.112466296095463214e+00
1.078444124474861265e+00
1.120271478035720580e+00
1.115067018668131960e+00
1.097478989700987562e+00
1.115806478532604729e+00
1.109380900057328256e+00
1.100518111097728902e+00
1.093761847759934236e+00
1.103250426909809123e+00
1.103204227783101787e+00
1.105354719872971181e+00
1.121212322058731781e+00
1.100574472192786812e+00
1.153421989922432278e+00
1.111956196117468654e+00
1.163813456717571082e+00
1.094245566332030517e+00
1.103209356525276519e+00
1.114944242550988562e+00
1.127260572578952846e+00
1.098468992327504834e+00
1.098789935569225218e+00
1.138608995150395931e+00
1.093146709771952052e+00
1.079228983559004540e+00
1.100213704118656599e+00
1.117573014481221927e+00
1.124269194673465755e+00
1.098261293457867938e+00
1.129605358427142603e+00
1.136844233507173563e+00
1.106010307305913987e+00
1.125847834512998302e+00
1.095968831744793759e+00
1.094130448782500986e+00
1.089229678306105953e+00
1.123027635289816528e+00
1.098986729591003852e+00
1.096278211824969429e+00
1.112089272827334829e+00
1.132069343249443527e+00
1.124243688202359648e+00
1.121240060743624589e+00
1.098614909252309868e+00
1.097216110317392523e+00
1.113943876919271991e+00
1.097327334301198887e+00
1.093395213009253020e+00
1.126928544228179341e+00
1.090580635651611674e+00
1.155311442965753166e+00
1.121597926761938036e+00
1.121282593671744987e+00
1.127838807315183267e+00
1.119650716608500352e+00
1.096795922556063951e+00
1.116161482088343870e+00
1.121029780051977065e+00
1.103674752420252370e+00
1.105138534141291817e+00
1.110678683521693744e+00
1.149488209886648127e+00
1.086672320638366607e+00
1.105446663945150343e+00
1.091778376059792555e+00
1.088946355256686926e+00
1.111982571829171151e+00
1.122204410529469287e+00
1.110306025709929534e+00
1.071640677413029152e+00
1.116680045605404903e+00
1.101328153181379887e+00
1.153462795674525365e+00
1.113691673855603970e+00
1.109022713054036879e+00
1.122742995264037091e+00
1.110342343624120431e+00
1.101993661513155365e+00
1.107264762949336179e+00
1.080977462143523526e+00
1.126278621705322669e+00
1.133361400040654887e+00
1.132467689723348769e+00
1.130226091183797354e+00
1.091486947359993742e+00
1.103613116234321678e+00
1.131238721674926229e+00
1.109124828726130829e+00
1.117716760286893374e+00
1.115639932210639174e+00
1.093033676359275841e+00
1.089337665242813724e+00
1.093339939884344636e+00
1.135444613005674341e+00
1.106050911272356219e+00
1.090618226369837851e+00
1.108050917832240412e+00
1.133000660544672744e+00
1.105351226209584592e+00
1.094976931384396446e+00
1.076012879393687172e+00
1.125188639168492211e+00
1.095672048003686783e+00
1.122910536796580150e+00
1.110857006469536667e+00
1.120265692072618835e+00
1.089088871854268392e+00
1.125065795675302072e+00
1.097721668646634230e+00
1.118525203398899714e+00
1.100707646248253013e+00
1.116257203669509535e+00
1.109470149741065947e+00
1.111172546892713164e+00
1.093871616713783634e+00
1.100559602111651936e+00
1.108141224675833980e+00
1.130880457227136926e+00
1.092040957154391201e+00
1.122014302783335804e+00
1.098954284896637601e+00
1.095907044323444213e+00
1.087686039868455801e+00
1.127478859841823722e+00
1.083292161929483743e+00
1.123065337338255754e+00
1.103101023565742800e+00
1.113372290905598527e+00
1.116859582069380075e+00
1.140323940447115270e+00
1.123722721909857558e+00
1.111277986636145076e+00
1.108393777240570088e+00
1.108979068836747128e+00
1.110700209807050642e+00
1.099535891576702618e+00
1.125751148509349653e+00
1.132236420331191429e+00
1.097299084670267266e+00
1.106078653140492252e+00
1.127271278403195076e+00
1.086862272756505376e+00
1.157369953677575225e+00
1.099641916334697322e+00
1.095196673885573846e+00
1.110913444113148740e+00
1.104834789695327668e+00
1.093200164625558468e+00
1.120910653767875909e+00
1.128472520713097449e+00
1.107194650536205360e+00
1.106957321095121127e+00
1.126758589357768514e+00
1.091687584876124273e+00
1.140382380965969000e+00
1.109332732024814749e+00
1.091304292581308344e+00
1.117671850242455633e+00
1.126491238028074493e+00
1.128476368148829678e+00
1.090696392379559398e+00
1.122105528358509074e+00
1.095631011242008457e+00
1.149865896159880441e+00
1.137574051813484477e+00
1.126237186682724101e+00
1.142555848228626436e+00
1.094827931565816703e+00
1.141275651708008265e+00
1.103651380994988607e+00
1.134352099047211571e+00
1.081355369443291359e+00
1.107488784950434013e+00
1.095240041577356438e+00
1.111248484154566007e+00
1.095851046111479432e+00
1.101345858368407482e+00
1.137341192848055460e+00
1.084447186680074893e+00
1.095494044095564279e+00
1.132645381550834607e+00
1.103211960748130771e+00
1.095485162163062576e+00
1.084557062412266015e+00
1.146251627365961978e+00
1.095023120703467523e+00
1.109775084985615834e+00
1.075989775442392160e+00
1.097559864878828506e+00
1.121287665270882306e+00
1.118033359514944758e+00
1.106751825972980274e+00
1.135136098769452540e+00
1.120786470096378773e+00
1.122216956295855494e+00
1.118884535583993145e+00
1.165582190225001646e+00
1.127739351231689557e+00
1.098996782353539148e+00
1.069525092723614845e+00
1.097062163531733914e+00
1.123567428330172646e+00
1.169734290124470721e+00
1.100577290350381210e+00
1.130108990989676876e+00
1.127752989678729278e+00
1.119717105864693751e+00
1.132870309069214931e+00
1.099562088401230930e+00
1.126132560942089800e+00
1.123364595615225836e+00
1.108458775776751226e+00
1.106878341353096262e+00
1.113610215010951476e+00
1.109121218052180335e+00
1.117654255818225639e+00
1.102253714729914957e+00
1.109481025577631730e+00
1.103771277673633922e+00
1.107424960947316350e+00
1.101612059641240871e+00
1.110986109846433534e+00
1.122876466474850066e+00
1.131257334646200707e+00
1.120203947047479609e+00
1.092109617999956983e+00
1.099251745436636396e+00
1.110543693012329358e+00
1.168705701772364769e+00
1.104885798998817448e+00
1.124656764478996207e+00
1.097302470550707953e+00
1.091697063918783295e+00
1.120517236060718069e+00
1.097813391937700667e+00
1.126202450350494377e+00
1.150456644773901305e+00
1.102281147358892710e+00
1.122892874270589036e+00
1.104375835770193603e+00
1.090888786916611952e+00
1.129117819180441851e+00
1.119583659200741321e+00
1.112724630825061345e+00
1.100974070771114199e+00
1.100158818259202587e+00
1.106980134063294985e+00
1.088794056747257821e+00
1.122178514545434380e+00
1.090729757365954233e+00
1.124984180877981244e+00
1.100531783256146978e+00
1.087093996959129116e+00
1.116919561386230164e+00
1.115584980964224204e+00
1.107457193482672908e+00
1.120294374613401978e+00
1.120299212002666689e+00
1.107963370853549456e+00
1.104216160748806574e+00
1.091637104749287657e+00
1.165357075497517103e+00
1.105326508925573492e+00
1.119631390471186316e+00
1.125774250026590817e+00
1.102813367416448864e+00
1.076423509380264543e+00
1.118313433899657650e+00
1.097923032795719456e+00
1.106793032685742695e+00
1.135546913425896642e+00
1.106849656304414564e+00
1.103717300561637638e+00
1.095978625922437999e+00
1.076499886052815214e+00
1.115128504517080454e+00
1.136603972825523945e+00
1.122056661381644505e+00
1.109254901854846986e+00
1.106921065181978081e+00
1.099496345570461830e+00
1.145328027776706614e+00
1.117844622352236916e+00
1.125084432746130902e+00
1.104049259198190969e+00
1.106922178936504686e+00
1.117432284919323005e+00
1.116229305353939383e+00
1.117630234607192463e+00
1.128239629867239469e+00
1.116653086982435594e+00
1.107491203872824626e+00
1.124510386307024046e+00
1.110707832631094405e+00
1.137269341116238230e+00
1.118488440174131515e+00
1.095607811762911554e+00
1.125119553089399371e+00
1.109812929048653807e+00
1.091823866699968004e+00
1.110804286862457468e+00
1.089934623784463152e+00
1.084010505217553044e+00
1.090407115815876571e+00
1.109944089273495305e+00
1.166308092739238633e+00
1.101670113911782600e+00
1.121301547628622108e+00
1.145576267920365376e+00
1.089898130025363843e+00
1.087893258870971547e+00
1.127979950792766806e+00
1.106627370176981318e+00
1.096355421628022908e+00
1.133599448851638991e+00
1.084377797915462960e+00
1.113825659914575494e+00
1.093571203283544735e+00
1.089179563298319220e+00
1.096850168608941356e+00
1.129666831655859349e+00
1.111361444199467252e+00
1.131103909696083987e+00
1.119439664107658716e+00
1.119994705633241772e+00
1.111135482414624231e+00
1.097982886190260965e+00
1.099365272771910762e+00
1.093700606930843700e+00
1.076910690873945198e+00
1.117436363711724612e+00
1.118866471302006671e+00
1.104527484825835959e+00
1.157117484259090112e+00
1.088756468828172119e+00
1.103805585831133307e+00
1.094137037295404014e+00
1.104293239386317849e+00
1.116190736700259700e+00
1.117737857801782475e+00
1.106934622358450415e+00
1.172210129095268893e+00
1.110630915284415821e+00
1.173869983074503631e+00
1.120452612510956181e+00
1.085484532633171906e+00
1.105661657945351539e+00
1.115903860423058447e+00
1.117750488125097252e+00
1.104517587426662173e+00
1.114736866700583917e+00
1.129966711930502132e+00
1.092363575376722462e+00
1.113796162806055534e+00
1.101362846148689068e+00
1.112828964658728603e+00
1.112121757032258351e+00
1.082181109358473226e+00
1.110652235024487400e+00
1.085215901323520749e+00
1.110482391875100783e+00
1.085474573627873252e+00
1.104720265501171861e+00
1.092083883749051632e+00
1.119559701869637935e+00
1.103594544974933589e+00
1.085965847302133636e+00
1.115637623212783147e+00
1.135748880074741063e+00
1.140961003664713092e+00
1.111919018760951117e+00
1.127329381448032741e+00
1.083166898450410587e+00
1.146250593962322206e+00
1.147355521309650017e+00
1.121226296070430006e+00
1.112831963921969480e+00
1.096643865421187858e+00
1.105599539498644646e+00
1.120219479512318816e+00
1.091928717308866537e+00
1.121282826433387614e+00
1.138148859988150630e+00
1.083601249777958575e+00
1.138236041166036161e+00
1.094899152291027855e+00
1.108409867838482832e+00
1.103054185254282338e+00
1.130965503556068397e+00
1.113518394597227346e+00
1.138801852156205996e+00
1.092872028993755684e+00
1.131089026477813730e+00
1.136570438471959932e+00
1.130399244318855745e+00
1.102573939060425445e+00
1.099396884460843493e+00
1.111529936193790480e+00
1.142241756801136709e+00
1.110314547008135255e+00
1.112161012347633982e+00
1.098564591704155768e+00
1.120359855892801848e+00
1.079756137995416809e+00
1.117335888697592594e+00
1.094414301064227102e+00
1.098351950814340450e+00
1.158435193211788228e+00
1.113344454460670097e+00
1.110031823741610468e+00
1.087931176645538178e+00
1.140018940035735007e+00
1.127882761881069618e+00
1.080531032593584850e+00
1.090319714076082969e+00
1.107432671793480372e+00
1.093467120502378709e+00
1.109142036161699041e+00
1.135316900456825540e+00
1.120239416406571209e+00
1.136547571428127013e+00
1.097540161190944552e+00
1.098526677927742279e+00
1.108771169503897980e+00
1.104440453625074037e+00
1.100900692949938753e+00
1.121718766101381881e+00
1.119759562231913197e+00
1.122590133463291506e+00
1.149342388816517069e+00
1.109983736466713555e+00
1.129270198875796272e+00
1.088904690507459971e+00
1.087483873304950555e+00
1.117840364534513187e+00
1.127913405563442328e+00
1.117038957069991234e+00
1.109823547686257239e+00
1.097380249415147668e+00
1.098682464178794671e+00
1.109718110802982771e+00
1.126925673181103260e+00
1.100047249011276929e+00
1.129813980417326391e+00
1.135605054187390550e+00
1.103289336378556751e+00
1.086506936934120926e+00
1.105576173294211761e+00
1.125371484754969176e+00
1.131922226838051548e+00
1.109756025130692159e+00
1.111359523159908713e+00
1.172882702130924271e+00
1.092169678117720144e+00
1.124427363625720711e+00
1.103615454312948607e+00
1.121867625886565190e+00
1.089975910858237640e+00
1.093581255104295602e+00
1.110139214904898974e+00
1.088095044735892136e+00
1.100400599779748356e+00
1.119962736653243640e+00
1.117666314695636265e+00
1.143140005904226264e+00
1.125979569328649843e+00
1.165460298109211479e+00
1.113519488528534218e+00
1.122712597965764836e+00
1.113834905401200004e+00
1.113037658766658167e+00
1.117267656989186175e+00
1.112042741269623880e+00
1.128300506094116251e+00
1.091253694031031785e+00
1.095803166212257818e+00
1.091905940845417700e+00
1.091231342779907409e+00
1.109707864602626382e+00
1.110531051127349622e+00
1.105703043493355020e+00
1.107980999857378412e+00
1.096788377422442728e+00
1.112609622613879523e+00
1.132722834906782383e+00
1.099901985242385472e+00
1.117934085807825717e+00
1.105367021103072611e+00
1.116509131436872027e+00
1.143290588052344070e+00
1.114761495448705730e+00
1.115291937768981612e+00
1.088730273509900703e+00
1.105913514391753782e+00
1.096421772862651522e+00
1.154509665346715730e+00
1.140602742643428646e+00
1.111895150389096365e+00
1.111266850172979215e+00
1.112457631070903563e+00
1.142865079447019649e+00
1.140746380675989879e+00
1.101304637049764779e+00
1.115415194989748837e+00
1.128367390466461728e+00
1.102799959784192430e+00
1.107063418302050462e+00
1.114774725352436935e+00
1.112132777018365770e+00
1.114204228967841104e+00
1.120639021080920061e+00
1.110268888263013176e+00
1.104711874276999017e+00
1.088025417221951230e+00
1.109752789932685335e+00
1.110816375059407779e+00
1.137930861287028916e+00
1.098982802717393348e+00
1.101577778470473445e+00
1.145669046954494785e+00
1.123884179638923397e+00
1.121909865405076978e+00
1.121095726937278103e+00
1.121780646789649394e+00
1.085863773473069172e+00
1.124110308563632366e+00
1.101089016268553156e+00
1.126404561045958541e+00
1.087198763322299033e+00
1.156748742204777747e+00
1.119192969071403088e+00
1.076241889197791846e+00
1.120050755991403912e+00
1.128967470277598251e+00
1.117839269094402344e+00
1.098048283803602310e+00
1.095343890358060568e+00
1.124812472844904043e+00
1.113795142326209797e+00
1.116284882724785099e+00
1.097396886893325485e+00
1.108009122488278431e+00
1.107293024886918609e+00
1.153933250792525733e+00
1.120769832388711862e+00
1.098503356336573589e+00
1.113998569666528660e+00
1.074947182119078359e+00
1.125311058761947924e+00
1.138744496602696499e+00
1.141477650307652025e+00
1.079914304111051271e+00
1.113155673078985552e+00
1.102372232765556070e+00
1.092527713897304409e+00
1.178049636024520952e+00
1.095219625809149333e+00
1.143093198523587706e+00
1.126143234379206381e+00
1.154448359628991394e+00
1.106961540049630210e+00
1.131296339190544620e+00
1.105947446657001620e+00
1.105981591652729801e+00
1.137775892576172065e+00
1.095756660987466935e+00
1.104809269823698870e+00
1.127938688914968735e+00
1.088032302310499189e+00
1.078318560836024620e+00
1.101363834721527324e+00
1.107387567369927162e+00
1.121677167885789528e+00
1.116296231144449314e+00
1.101622333035426449e+00
1.107607413234428240e+00
1.185000563788664696e+00
1.111631643188918606e+00
1.103708540544321215e+00
1.104067506158984635e+00
1.122124519513140628e+00
1.131902857607950841e+00
1.110996593182429271e+00
1.124827926823145807e+00
1.102522986949877604e+00
1.123142713288451722e+00
1.141651186207948365e+00
1.123785743798451309e+00
1.113185749134282920e+00
1.116489241843791280e+00
1.114955920744396423e+00
1.139962636072993529e+00
1.150517303582428319e+00
1.128202178708252790e+00
1.129811232181024749e+00
1.090625245136097377e+00
1.146322964148962509e+00
1.126041154861904481e+00
1.108707631099051127e+00
1.126911135449869983e+00
1.109960067456538413e+00
1.095706738931259583e+00
1.101053496810848964e+00
1.096344931046263627e+00
1.103826410367919397e+00
1.115155597043744118e+00
1.129122821462455128e+00
1.137033137701149776e+00
1.079107706649510501e+00
1.106989599873779317e+00
1.099824737097935712e+00
1.090186540707738905e+00
1.116549237340874745e+00
1.128531675083648711e+00
1.088499839060630192e+00
1.127765224178287617e+00
1.135329685468378758e+00
1.096192086881203398e+00
1.091444188280981997e+00
1.183860793525195909e+00
1.106703819051806814e+00
1.092141081098162658e+00
1.105171722436939730e+00
1.141171466748042818e+00
1.081390420631760829e+00
1.102583032843604371e+00
1.114282741896919005e+00
1.106908793937674051e+00
1.085266826502028881e+00
1.103016492724720132e+00
1.126058345949462858e+00
1.144414434158735450e+00
