1.042080503246947121e+00
1.045641643218651495e+00
1.044094612879171935e+00
1.042654410100967599e+00
1.045613747611202404e+00
1.041871773027869041e+00
1.044421643272899214e+00
1.044847537242263424e+00
1.040272214343943125e+00
1.045189128844224546e+00
1.043173901635583212e+00
1.043442320091027886e+00
1.045342872339218410e+00
1.044135197325018360e+00
1.042626932172314724e+00
1.043670422004236320e+00
1.042247700327673110e+00
1.043856771020934771e+00
1.044430613143671804e+00
1.043826781604670906e+00
1.042210875270286330e+00
1.045600002685338481e+00
1.042957853780301924e+00
1.044433445364360225e+00
1.043501711716833036e+00
1.043041591636030718e+00
1.043693222880562876e+00
1.044828153888940792e+00
1.041578137898865331e+00
1.045519496252050207e+00
1.043826595269601087e+00
1.042925228498454704e+00
1.045341832465450427e+00
1.043981977849281373e+00
1.043141206767233653e+00
1.046056909299570847e+00
1.042882976151232377e+00
1.043966906678988726e+00
1.045822643500990523e+00
1.043448613007210701e+00
1.043494405607874320e+00
1.045901911051183353e+00
1.043379883032108824e+00
1.044103506099312906e+00
1.043525282568011248e+00
1.041770990827206589e+00
1.044496360302580085e+00
1.046060458922362324e+00
1.041092072191578177e+00
1.044820881257274570e+00
1.044379013329618466e+00
1.043130363328666599e+00
1.043646044317702248e+00
1.045069411181165808e+00
1.041947919661905031e+00
1.045423540945124241e+00
1.043335360018454061e+00
1.041057011883465666e+00
1.044909847063261621e+00
1.045431521952187914e+00
1.039907937903050472e+00
1.046166399126017943e+00
1.044753864397570453e+00
1.041782254266752750e+00
1.045147497179953033e+00
1.045396217304744413e+00
1.041849358795662761e+00
1.045374964068543244e+00
1.044707936295721895e+00
1.040997237941712283e+00
1.043806848796079878e+00
1.045915713412876036e+00
1.040663227756804643e+00
1.042926222656855861e+00
1.044888686836881631e+00
1.044822557405229446e+00
1.040244806992636883e+00
1.045977646643643233e+00
1.044110939944937533e+00
1.042379215415550897e+00
1.044434547523690471e+00
1.045263090553111063e+00
1.042561671297338233e+00
1.043779001580247057e+00
1.045646226814310076e+00
1.041748816625454488e+00
1.044058748666959469e+00
1.046095827066810369e+00
1.042284435810226562e+00
1.041167623265203401e+00
1.044788762212890854e+00
1.045854743184173152e+00
1.040681600490005909e+00
1.043876521008391123e+00
1.044625176975008118e+00
1.044552983260165213e+00
1.040989401168405548e+00
1.045831776231015420e+00
1.043399555215430707e+00
1.042826134832384843e+00
1.043472988986530181e+00
1.045148814171953822e+00
1.043256168175248577e+00
1.044338998494269255e+00
1.044518306654268702e+00
1.042674439371988893e+00
1.043677186823525060e+00
1.045139647276016825e+00
1.043023150371113150e+00
1.041910192911460920e+00
1.044250698065907645e+00
1.046196878258073282e+00
1.041620363807522986e+00
1.044224197582733993e+00
1.044442111964672071e+00
1.043666671625888664e+00
1.041845289483400272e+00
1.046029189882726973e+00
1.043523847002873373e+00
1.043992330111943367e+00
1.044397344315225018e+00
1.045647315337011829e+00
1.042946195398862574e+00
1.044810962655031039e+00
1.044034743318708269e+00
1.042541645869690781e+00
1.043905080051335421e+00
1.046514931883836930e+00
1.041296544775528021e+00
1.043490477937734529e+00
1.044897972041117340e+00
1.044329313383352886e+00
1.040609092197766428e+00
1.045574482714032083e+00
1.044258478823125058e+00
1.042528877055087344e+00
1.043279590709565996e+00
1.046782425652733162e+00
1.043149763401654440e+00
1.041742399760605009e+00
1.044950206927448111e+00
1.045063287977539224e+00
1.041988046862329043e+00
1.043153175123667564e+00
1.046692390750513457e+00
1.044478867881077910e+00
1.041872623681380228e+00
1.042482081358534263e+00
1.045055002421779955e+00
1.045452709735575914e+00
1.042597331374250924e+00
1.041373431296134466e+00
1.043300576709819349e+00
1.047096394307457601e+00
1.044566703901790072e+00
1.042391283788452139e+00
1.040606712892726993e+00
1.045256465252202061e+00
1.046224704061445410e+00
1.045249826068603394e+00
1.040143135129781404e+00
1.042287021636787658e+00
1.044801683020284866e+00
1.045760507597432332e+00
1.045139906411504560e+00
1.041803825480384527e+00
1.041321242927278012e+00
1.042542046591417915e+00
1.043860122328635454e+00
1.045693665136181005e+00
1.043305363359380733e+00
1.042583401355344330e+00
1.041490420614783030e+00
1.044833238729215186e+00
1.044912773902058056e+00
1.044321796479382947e+00
1.041028893630364882e+00
1.042748180213161069e+00
1.045527053154038821e+00
1.044925132153957215e+00
1.042385690404745047e+00
1.041250862564608415e+00
1.043088374622866743e+00
1.044898028679318580e+00
1.044942522409238350e+00
1.044143646710280926e+00
1.042337589391208130e+00
1.043197775838572428e+00
1.042799291904528580e+00
1.045463338894112804e+00
1.043636174301846298e+00
1.042977421728430665e+00
1.042242236169767411e+00
1.044743621684703472e+00
1.045006997498511225e+00
1.044348467131803071e+00
1.042203129730075339e+00
1.043723494863808332e+00
1.044360969207089651e+00
1.045572951288292973e+00
1.043841804887246427e+00
1.042991996086577000e+00
1.043385704778502232e+00
1.043408481684260813e+00
1.045420945551007064e+00
1.044858330623755993e+00
1.043708023460439449e+00
1.042572206778945576e+00
1.041469527922899152e+00
1.046280543847293076e+00
1.045066777791389789e+00
1.045647953048023160e+00
1.041586148375260645e+00
1.042552097913894249e+00
1.044065332035916560e+00
1.045995903394856708e+00
1.044053863913267266e+00
1.042112948287840846e+00
1.042988656636712141e+00
1.044457743535254446e+00
1.046265820493437637e+00
1.046229516977994933e+00
1.042974169736677004e+00
1.041739753761612652e+00
1.043291171617808599e+00
1.047317331091720316e+00
1.044155532227599048e+00
1.043506688736695498e+00
1.039717703603947996e+00
1.045462619776287960e+00
1.045678393030420761e+00
1.043909461332373390e+00
1.041420829570245399e+00
1.042929355974193006e+00
1.044958163552931474e+00
1.047505726387612190e+00
1.042446128913842252e+00
1.041536755815422044e+00
1.044007019634337174e+00
1.045422551500030384e+00
1.044180057599145783e+00
1.041877911844045990e+00
1.042821762143735009e+00
1.045129076250550737e+00
1.046642880970525713e+00
1.042398794900813330e+00
1.042586206436943774e+00
1.043000593384051600e+00
1.045443304190481149e+00
1.044172847604170506e+00
1.042702033009793139e+00
1.043565671196833300e+00
1.043934887930908051e+00
1.045204338312729853e+00
1.043786462369262091e+00
1.041923917014231149e+00
1.043304849539353762e+00
1.044850922319328523e+00
1.043481696601696429e+00
1.042149168831749240e+00
1.043196606865840037e+00
1.044777815134079635e+00
1.043816975594632490e+00
1.042629327671041883e+00
1.043007629157682414e+00
1.044856986605156246e+00
1.045016173490492140e+00
1.042628405457569407e+00
1.042948647282156083e+00
1.045424955932003686e+00
1.043904244002630266e+00
1.042671978866767324e+00
1.043347440245466773e+00
1.046096029756977464e+00
1.044233901761022043e+00
1.043114103391892034e+00
1.043900293432987736e+00
1.044974971095137928e+00
1.043449509378301832e+00
1.043820858650160055e+00
1.043966710724991254e+00
1.045146171009144087e+00
1.043442277133950657e+00
1.043734194595475007e+00
1.044436124624548601e+00
1.044261940276707712e+00
1.043304103761852231e+00
1.044218241965819027e+00
1.043740277959470664e+00
1.043944265774614966e+00
1.042771550273701830e+00
1.045934067890873065e+00
1.044979871799457838e+00
1.042961775198698593e+00
1.044288405090301186e+00
1.046629118656249080e+00
1.043494520541837112e+00
1.041783091349910650e+00
1.045531719761827905e+00
1.045173260774934665e+00
1.041014729238359360e+00
1.043259486262945401e+00
1.045010130878616605e+00
1.044800411968739740e+00
1.040709956203638376e+00
1.045144415508228786e+00
1.045479484445561713e+00
1.043814100208604989e+00
1.040825498073286060e+00
1.046216096673169949e+00
1.044262018204080489e+00
1.042311842758997464e+00
1.042802312615455307e+00
1.046401889447258871e+00
1.043493151695441545e+00
1.042562882365089871e+00
1.043890045776214581e+00
1.044912492888742994e+00
1.042952139260456823e+00
1.043127173629920357e+00
1.045138931954128436e+00
1.043208067794754390e+00
1.042165803428214632e+00
1.043980399472683951e+00
1.046571776099892714e+00
1.042549838278725494e+00
1.042335781131823014e+00
1.045602218149555673e+00
1.044231612453271119e+00
1.041421847398329659e+00
1.043032257057680434e+00
1.045899436465563603e+00
1.044059316866067455e+00
1.040978300645295729e+00
1.043541948153745125e+00
1.045760908749892915e+00
1.044231377428056939e+00
1.041201259480848407e+00
1.041964595389789139e+00
1.044413140413937624e+00
1.044511125030451959e+00
1.041534826298031957e+00
1.043726299596406504e+00
1.045165825474741350e+00
1.044427440475574231e+00
1.042589325847856241e+00
1.042534843890164709e+00
1.044059243302982498e+00
1.044869001830706523e+00
1.042829198068456975e+00
1.043626904653722098e+00
1.043225477354992492e+00
1.044109887923640567e+00
1.043689667932393261e+00
1.042921862667288702e+00
1.043625710465025946e+00
1.044787329773966045e+00
1.043459775083841468e+00
1.042892168368369399e+00
1.044815245424900896e+00
1.044477588566046222e+00
1.043478343258284369e+00
1.042970582268692104e+00
1.045864924742842650e+00
1.044157810152018806e+00
1.043206435235808138e+00
1.044241054023433701e+00
1.044817347980261157e+00
1.042274859786653796e+00
1.042145844917848008e+00
1.044590041594038565e+00
1.045641191774251411e+00
1.041989441337767941e+00
1.043489534043168243e+00
1.044846378328649461e+00
1.046111539800603563e+00
1.041285446127933056e+00
1.044534448608625432e+00
1.045331998911756211e+00
1.044075392072256747e+00
1.041098198562361077e+00
1.046282166155843463e+00
1.042484834734956900e+00
1.042283215942038321e+00
1.043827241212209822e+00
1.045059474710208880e+00
1.042304873443829161e+00
1.043732953900819327e+00
1.044764926641414959e+00
1.043573958282512315e+00
1.043429062205268210e+00
1.046131800826475056e+00
1.044670370974217777e+00
1.041551814840922185e+00
1.043884599828606818e+00
1.046143703570599159e+00
1.041996521528243402e+00
1.043172881570365584e+00
1.045917120743225848e+00
1.044575320087312242e+00
1.038916116535926637e+00
1.045942378871433043e+00
1.045501014819995023e+00
1.043215779453478431e+00
1.041380502126576957e+00
1.046048626244311164e+00
1.043474416810665550e+00
1.042584796260506819e+00
1.041227408756983719e+00
1.046290654696382827e+00
1.044319308842252880e+00
1.042230276882371243e+00
1.042548569399770475e+00
1.045847243659743686e+00
1.044553717172198137e+00
1.042546327613762092e+00
1.041622359419157151e+00
1.046685448990572809e+00
1.044791814503131411e+00
1.042264313219062766e+00
1.041572186175972359e+00
1.044430753984306959e+00
1.045789167056882407e+00
1.044000606455548041e+00
1.041083298872884644e+00
1.043435783339086376e+00
1.045266573566217438e+00
1.045606010604211322e+00
1.042693076537206220e+00
1.041780018037547606e+00
1.044215164451388400e+00
1.046027869607780270e+00
1.044094391943719113e+00
1.042747717891209014e+00
1.043698317302596879e+00
1.044024058107160480e+00
1.043322408407940438e+00
1.043698091251026527e+00
1.043079778531176949e+00
1.042603710514590665e+00
1.042543065714126138e+00
1.045559847873092307e+00
1.044223860387915481e+00
1.044686030290310708e+00
1.041736292739379621e+00
1.044129923454685027e+00
1.043826656328865843e+00
1.046194945759898465e+00
1.043508832940933662e+00
1.042216351164602317e+00
1.043642086719092310e+00
1.044920620898537988e+00
1.045460193810566318e+00
1.044636188708261137e+00
1.043672918721890497e+00
1.042549122268223272e+00
1.041638681734534222e+00
1.046132739813381063e+00
1.044576470182390304e+00
1.044095942532367038e+00
1.041243229758458400e+00
1.043131763891138819e+00
1.045728396788236036e+00
1.046277735599165926e+00
1.042676704839424540e+00
1.042585731993121989e+00
1.043505550514855384e+00
1.043797987871454058e+00
1.044647341612004343e+00
1.045088918819031987e+00
1.043385158920610456e+00
1.042072532577565047e+00
1.041909174543278915e+00
1.046536067893280908e+00
1.045397971161983186e+00
1.045296442335927001e+00
1.040483365968489782e+00
1.042949920373024586e+00
1.045376932578801377e+00
1.047605937721389768e+00
1.044301150840318604e+00
1.041973918244818886e+00
1.042217306835964585e+00
1.044220834849647783e+00
1.045216441121467943e+00
1.045734296366897631e+00
1.043922388620828867e+00
1.042482774137899026e+00
1.039948144976117872e+00
1.044518851329955034e+00
1.045931906624196550e+00
1.046296950304213436e+00
1.042151733765548594e+00
1.040785973230621275e+00
1.043151832430983417e+00
1.044063705045140455e+00
1.045180854688848138e+00
1.045783926509269879e+00
1.044346559149065712e+00
1.042583870502860721e+00
1.040166769638888100e+00
1.044028843684300600e+00
1.045094475107444687e+00
1.046168821351541878e+00
1.045073234237373638e+00
1.042184226135246528e+00
1.041112565553449665e+00
1.042458331269536576e+00
1.042538645295871147e+00
1.044890869289696100e+00
1.044947375072796891e+00
1.045945138186007872e+00
1.041767650059351347e+00
1.042328573215388854e+00
1.043095676930782645e+00
1.043144998272586665e+00
1.043836129540646862e+00
1.045133909795154636e+00
1.044734969021794191e+00
1.044014970344708582e+00
1.041102107959421597e+00
1.042250951817808469e+00
1.043694191938100868e+00
1.044764499843370720e+00
1.043857407287566152e+00
1.043982022121974662e+00
1.044091156487712224e+00
1.043475019994594355e+00
1.041531856607655904e+00
1.044464788068913741e+00
1.044866840999971735e+00
1.045894643167615490e+00
1.043660125667280170e+00
1.043847245058611595e+00
1.043366646484026106e+00
1.042481277709669474e+00
1.042811862188798289e+00
1.046017904827815981e+00
1.045246534099485869e+00
1.044591824554429227e+00
1.043080634680533469e+00
1.042941607576646224e+00
1.043964408033022373e+00
1.044818418779174030e+00
1.045441462429633095e+00
1.045580795712824695e+00
1.043139951503173180e+00
1.042818792521400972e+00
1.042623349130576971e+00
1.045927671531104330e+00
1.045232444134669869e+00
1.045412839007492600e+00
1.042764120721695331e+00
1.043340841203345137e+00
1.042539405361493809e+00
1.044091580975490041e+00
1.044330318362568288e+00
1.046492770929471794e+00
1.045945888536471191e+00
1.043387016092827357e+00
1.040149741910516790e+00
1.042065884682522148e+00
1.044609607929892769e+00
1.046499094842873401e+00
1.046366712902853324e+00
1.044521390614352230e+00
1.042563974023116957e+00
1.041861331302486704e+00
1.040894808006395111e+00
1.044123085156716924e+00
1.045742562087646599e+00
1.047423821369962926e+00
1.044567853196274321e+00
1.042618592700954139e+00
1.042032514263449228e+00
1.042070245137256324e+00
1.044019780716565871e+00
1.047102986011546166e+00
1.045130944691980757e+00
1.045106502772786827e+00
1.040532720094646812e+00
1.042330464787434963e+00
1.043984879941568744e+00
1.044521844768524943e+00
1.045290730917577626e+00
1.042963002199154499e+00
1.042857874586796463e+00
1.041899548676611609e+00
1.041939884173274988e+00
1.045335271085322315e+00
1.045896436256954498e+00
1.045192653480260025e+00
1.040431434685637813e+00
1.043394352290802907e+00
1.044241301349086326e+00
1.044766033093746271e+00
1.043907190882582769e+00
1.042186061421505938e+00
1.043214875697078492e+00
1.043067410534587847e+00
1.042836582764395059e+00
1.045270362132636022e+00
1.045133196629557171e+00
1.044105201617086420e+00
1.041636079544845161e+00
1.043230035586987903e+00
1.044840472216043370e+00
1.044916693080859771e+00
1.043660654854702718e+00
1.043868022839204990e+00
1.042628784644695328e+00
1.042881865336770630e+00
1.041683534121831789e+00
1.044822813949421114e+00
1.044778061998757224e+00
1.046145373020332503e+00
1.043147194411331524e+00
1.043638282974930664e+00
1.042730152550836564e+00
1.042750226484966847e+00
1.042586113433007888e+00
1.044367154419301169e+00
1.046110758035593058e+00
1.045699571491224056e+00
1.043689962777340607e+00
1.043320594941322010e+00
1.042167769664659405e+00
1.042759842833375528e+00
1.042758094411779579e+00
1.045441366405614358e+00
1.045392391106245267e+00
1.045605065150430502e+00
1.044741767518911679e+00
1.044292689823186349e+00
1.042612064529536919e+00
1.041901841482067326e+00
1.041855261396347210e+00
1.044811481123293806e+00
1.045246331031508547e+00
1.046970718107294696e+00
1.044715651695707681e+00
1.042436733477143163e+00
1.041320816446084319e+00
1.043390110558844119e+00
1.042530178416430253e+00
1.046583261977186208e+00
1.045941230255666765e+00
1.046330588149869900e+00
1.042711036742412833e+00
1.040990062719401754e+00
1.042549779518274988e+00
1.044226501164635668e+00
1.045031874206861389e+00
1.046222183220063551e+00
1.043822532838630579e+00
1.043128820072758867e+00
1.040131717105145626e+00
1.042545108431066181e+00
1.045042437034925831e+00
1.046429461355822044e+00
1.045516635908761760e+00
1.043569440992503372e+00
1.042091409674879232e+00
1.042244761802469499e+00
1.041951484452338317e+00
1.045932088585349362e+00
1.046547868552521354e+00
1.044681422329549747e+00
1.040836559893236091e+00
1.042054727670268299e+00
1.043911447446042029e+00
1.044847345222862156e+00
1.044446793743157853e+00
1.042992651833543505e+00
1.043044020300907260e+00
1.040504257805770383e+00
1.041878289478354480e+00
1.046323111374509063e+00
1.044592083260066584e+00
1.044456449631197437e+00
1.040863327489545798e+00
1.042638079914315563e+00
1.044978277171232151e+00
1.045307458521373523e+00
1.045306685708846883e+00
1.042580387258680741e+00
1.042119437150834882e+00
1.042713460354768751e+00
1.044574823289144305e+00
1.045611780045745842e+00
1.043698551151189813e+00
1.043095574198734665e+00
1.041867168843006564e+00
1.044204567951025897e+00
1.044828939277047342e+00
1.045806148994471441e+00
1.042373838517431262e+00
1.042121227681215068e+00
1.042885576149483073e+00
1.043314905474795218e+00
1.043514959105149575e+00
1.045130941857391749e+00
1.045242410327805072e+00
1.044161853445150223e+00
1.042713112790571994e+00
1.044371996550399251e+00
1.045147856623185767e+00
1.045681159147794359e+00
1.042362710887034360e+00
1.043094715386873261e+00
1.042941923949421312e+00
1.043697221095147176e+00
1.044661929929328048e+00
1.045751723455983884e+00
1.043713704489372729e+00
1.042945727994101679e+00
1.041087032576881510e+00
1.044095257578685265e+00
1.045608159452612762e+00
1.045625644930623377e+00
1.043894619067922358e+00
1.043250587030226439e+00
1.042156785747902825e+00
1.043952535572817863e+00
1.043653843715019569e+00
1.047158696626407037e+00
1.045284129613006430e+00
1.044908495084236666e+00
1.040846526017372486e+00
1.042631202809727320e+00
1.044806687730058581e+00
1.046151057979807453e+00
1.045690707470943392e+00
1.043193932145721536e+00
1.041868960374598085e+00
1.042311267554488330e+00
1.041420613563411202e+00
1.047374821083596474e+00
1.045432802128943406e+00
1.044865223708959290e+00
1.039879536829755313e+00
1.041258035859793374e+00
1.044821577651832589e+00
1.045864019353212937e+00
1.045209760713182279e+00
1.044183329282482475e+00
1.041798377122006514e+00
1.041770437413864547e+00
1.042076115623298049e+00
1.045495291987399211e+00
1.045581127767707397e+00
1.046442076550726297e+00
1.041320097705895842e+00
1.041031568084091807e+00
1.042742313384976693e+00
1.043771795076483322e+00
1.046153500904653422e+00
1.044530860712991505e+00
1.042049271025744961e+00
1.042463080994399771e+00
1.040374802692998424e+00
1.043983099578657869e+00
1.045297916585018028e+00
1.046202648039131988e+00
1.041904443955836257e+00
1.041964467903747638e+00
1.042862254209055539e+00
1.042544749952838634e+00
1.044691380175130524e+00
1.045309127958139017e+00
1.045068120454536009e+00
1.043462292052576679e+00
1.040814798038384614e+00
1.042690687381456094e+00
1.043490728346797791e+00
1.045921441051023804e+00
1.044281048992700356e+00
1.043279404013407019e+00
1.042885158365180587e+00
1.041868145257185407e+00
1.042147657058962507e+00
1.045370213180745189e+00
1.045697926946198564e+00
1.045247414067258518e+00
1.042603189646269302e+00
1.043247194821835144e+00
1.042700890122276514e+00
1.043275285954796683e+00
1.042925976977124192e+00
1.044497433713304391e+00
1.044755957490532738e+00
1.046437577577876032e+00
1.043559834703664313e+00
1.043365449450776250e+00
1.042170067050605997e+00
1.043621529489095812e+00
1.041544483220783412e+00
1.044590638960350315e+00
1.043702897932294205e+00
1.045000454288844249e+00
1.043941996463727540e+00
1.045094950509376286e+00
1.045515788633419429e+00
1.046482369890328279e+00
1.044880391988443735e+00
1.046305010091934440e+00
1.043796524097841738e+00
1.045860648843210505e+00
1.043589095732567973e+00
1.043347394098953496e+00
1.043295782266739913e+00
1.044262953229156299e+00
1.041060110473840394e+00
1.041963069361275362e+00
1.041979089622037558e+00
1.042044586327681932e+00
1.040483884389136637e+00
1.042709703725069659e+00
1.044706609354736360e+00
1.043937141576180894e+00
1.044730907534377806e+00
1.046287505681202878e+00
1.046120142522240393e+00
1.046250189263149277e+00
1.045617478841805337e+00
1.045031885239865010e+00
1.044365566847365923e+00
1.044924582882845510e+00
1.041427868217007058e+00
1.041366087223145609e+00
1.041481747956036763e+00
1.042207368343692320e+00
1.042375765406099886e+00
1.044755354320312968e+00
1.046882382684787505e+00
1.045881513442714184e+00
1.044966716125768080e+00
1.045000254402866480e+00
1.044168552076071510e+00
1.044531690767925847e+00
1.040420969411550045e+00
1.041640773084641758e+00
1.042210505997332337e+00
1.042143087234384202e+00
1.043233632226557850e+00
1.046601757664702426e+00
1.045754662340286467e+00
1.045938443704690579e+00
1.042830767693105232e+00
1.042667006427151710e+00
1.042457734824892901e+00
1.041419009950045993e+00
1.041071897687787962e+00
1.044439074854528027e+00
1.044428033167390080e+00
1.047278106786803997e+00
1.043376431787077063e+00
1.043028259109942457e+00
1.043482525020661189e+00
1.042544882134979201e+00
1.041018769331718552e+00
1.044414265731339775e+00
1.044309226052072992e+00
1.046509330033595697e+00
1.043559392021205401e+00
1.044367855462229322e+00
1.043985898330663353e+00
1.044700674007866814e+00
1.041574802378314901e+00
1.042587313979237207e+00
1.042712383079690941e+00
1.042547768104998829e+00
1.043558308261110845e+00
1.045753798559882819e+00
1.045319742778149541e+00
1.045797887737482723e+00
1.042871363605003765e+00
1.043412265062176214e+00
1.042121886611155901e+00
1.043580108989090593e+00
1.041793820123473324e+00
1.043756635079661210e+00
1.044169438702780450e+00
1.045789938307745359e+00
1.044581898432935363e+00
1.046152030190055315e+00
1.044910804703387486e+00
1.043954562743060199e+00
1.042561977236906134e+00
1.042219629770995137e+00
1.041929692112062433e+00
1.042807361013119438e+00
1.043736098029414361e+00
1.045466280098118261e+00
1.045951290737074935e+00
1.046144453767287708e+00
1.043952808394971399e+00
1.043283136966568714e+00
1.043182382137809228e+00
1.042192600403345049e+00
1.042230253008568974e+00
1.045088471341974801e+00
1.046110743416419631e+00
1.047589651638534569e+00
1.044379919264251777e+00
1.043648292903451180e+00
1.042580152377596825e+00
1.042479893175490835e+00
1.040716944679111799e+00
1.043463114123771573e+00
1.045849627205975185e+00
1.046719877778408581e+00
1.045066044936106886e+00
1.042096316707403991e+00
1.041809099882172740e+00
1.042168241589727984e+00
1.040284177532812659e+00
1.045954268490013384e+00
1.046359186445604550e+00
1.046862196496038733e+00
1.044220969762787332e+00
1.041900909983695556e+00
1.042686540494420999e+00
1.042157844912244835e+00
1.042723599299648862e+00
1.046822223799684259e+00
1.045308067039917299e+00
1.044920337751243489e+00
1.041200445018515941e+00
1.040876996023031742e+00
1.043135459588532488e+00
1.043236403124879308e+00
1.045048737048735576e+00
1.045017765871201432e+00
1.044698042255939541e+00
1.044931773302894440e+00
1.041321706127685598e+00
1.042828800993676808e+00
1.044026403314098905e+00
1.044509780171844815e+00
1.044452073010125215e+00
1.044279154102910834e+00
1.042968837994507014e+00
1.042793588195380483e+00
1.040889619898440754e+00
1.044586289394468626e+00
1.045177392245041359e+00
1.046009145183612876e+00
1.043572944914969991e+00
1.042783466633833367e+00
1.043031685061720504e+00
1.042524622302940296e+00
1.041992289091625334e+00
1.045101939100377963e+00
1.045278617729890724e+00
1.045138074015429464e+00
1.041745128929422171e+00
1.043544907545763012e+00
1.043589380884082374e+00
1.045167217764028988e+00
1.044249572756545730e+00
1.044995705442823608e+00
1.043985902162601453e+00
1.042405949114480590e+00
1.042477541920818540e+00
1.044280708492629328e+00
1.044230783944295471e+00
1.045440314578441443e+00
1.043810173305059541e+00
1.044831604794877356e+00
1.045860260851187551e+00
1.045997675502197799e+00
1.044606878387963178e+00
1.046474291098604459e+00
1.045894710554382323e+00
1.046510074171099980e+00
1.044862503385697305e+00
1.045805230083534765e+00
1.044958909350593768e+00
1.043818154813904719e+00
1.042102713969341066e+00
1.042809659259947397e+00
1.040854000193037310e+00
1.043119219496011940e+00
1.042640444484526085e+00
1.043458168666570707e+00
1.044834119659787453e+00
1.047158730104519320e+00
1.044739460177458223e+00
1.046842153114120544e+00
1.046045362713275528e+00
1.045867271476798255e+00
1.043932394204915015e+00
1.044164091404901740e+00
1.043279168617164743e+00
1.042683346502472741e+00
1.041038178233461453e+00
1.041827200465609504e+00
1.041531754697970324e+00
1.042027775389394506e+00
