2.757798519180005533e+05
2.763720826769618434e+05
2.757908713363438728e+05
2.760928275895181578e+05
2.765591662967675366e+05
2.772039512129526120e+05
2.782672872112355544e+05
2.793572188748377957e+05
2.801671373576509068e+05
2.809021109249151777e+05
2.810123350813448778e+05
2.809640522932382300e+05
2.804983982831477188e+05
2.796797127361452440e+05
2.792821282008645358e+05
2.780090669016210595e+05
2.785358233628416783e+05
2.777674594294391572e+05
2.773911764457128011e+05
2.769936080366483657e+05
2.767394844165815739e+05
2.761615427615648950e+05
2.758550255656201043e+05
2.756436487249651691e+05
2.760679417263296782e+05
2.772513969618766569e+05
2.779656551614525961e+05
2.786673760067017283e+05
2.795982114263251424e+05
2.798481045181254158e+05
2.798564411045007291e+05
2.796047625957690179e+05
2.793875976282926858e+05
2.791605487253960455e+05
2.788752231079919729e+05
2.787658060607660445e+05
2.787499235751406522e+05
2.782490356251212070e+05
2.774248466263042646e+05
2.764812281764966319e+05
2.755749448489033384e+05
2.744442657456274610e+05
2.740263559423843981e+05
2.739542962093067472e+05
2.744053272920825984e+05
2.759612674334563781e+05
2.773865791105181561e+05
2.790066334509453736e+05
2.803961967559566838e+05
2.809904090494471602e+05
2.815552962687479449e+05
2.811422494683579425e+05
2.810139184192379471e+05
2.805789303344378714e+05
2.800270706071263412e+05
2.785281753658095258e+05
2.777152666571615846e+05
2.761059423776298645e+05
2.753844303988791071e+05
2.753388301185225137e+05
2.761578199334684759e+05
2.772763552746383939e+05
2.782218903473934042e+05
2.792689977093528723e+05
2.800208339847941534e+05
2.795802493894525687e+05
2.793377555297315121e+05
2.790693876503367210e+05
2.788210606388954911e+05
2.784318866999050952e+05
2.779349467330026091e+05
2.777522441846611910e+05
2.766392348068571882e+05
2.753460084492230089e+05
2.743009774592880858e+05
2.739172824511973304e+05
2.736754760272977292e+05
2.749926657230207929e+05
2.763258667707309360e+05
2.776868088098263834e+05
2.794506847183658392e+05
2.805508929521021782e+05
2.811017336056469358e+05
2.810335458431036095e+05
2.811136438581791008e+05
2.811386410163778346e+05
2.803390949790467857e+05
2.801914902105936198e+05
2.795023881167860818e+05
2.784945854350179434e+05
2.773816302350105252e+05
2.759996171952086152e+05
2.753199017709839391e+05
2.752209785043977899e+05
2.753953151922611287e+05
2.763287968654209399e+05
2.771039088910380378e+05
2.780828904302686569e+05
2.787245609514772077e+05
2.790664290446537198e+05
2.790502262509025750e+05
2.792755143974975217e+05
2.789312674217286985e+05
2.789882512462830637e+05
2.787602309182887548e+05
2.787371536679723649e+05
2.786196280190960970e+05
2.780757117414202658e+05
2.765131474085169611e+05
2.755780992412515334e+05
2.744095826965610613e+05
2.737096450666240416e+05
2.739581488573831739e+05
2.746233028163978597e+05
2.761016767184633645e+05
2.771895132386064506e+05
2.781374453801643103e+05
2.785910182075317134e+05
2.794029909641959239e+05
2.799947486788958777e+05
2.801396189186766278e+05
2.807860629661959829e+05
2.807002726414717035e+05
2.810992020484103123e+05
2.818550678465758101e+05
2.818404207659475505e+05
2.818216084394382196e+05
2.822367646442488767e+05
2.820658815768607310e+05
2.811257212349501206e+05
2.808603417848556419e+05
2.802451886214013794e+05
2.796544874277029885e+05
2.794406071905347053e+05
2.789998290610091062e+05
2.789136313598457491e+05
2.788385241129186470e+05
2.791048222425863496e+05
2.790866211685856688e+05
2.793690639416406630e+05
2.797218208486903459e+05
2.798105831174717750e+05
2.798517293992257328e+05
2.801679321667127078e+05
2.799231727978568524e+05
2.801682965817314689e+05
2.794935544762050267e+05
2.793791248473398155e+05
2.786539811545251869e+05
2.783527705286639393e+05
2.783676668833580916e+05
2.783547945823183982e+05
2.785405455938901287e+05
2.781766384142360184e+05
2.782341525972763193e+05
2.782842188492339919e+05
2.781391544579094625e+05
2.777969307136086863e+05
2.772810991303569172e+05
2.766467736835032701e+05
2.756054752962791244e+05
2.754414773280210211e+05
2.750332573276709882e+05
2.747040273721286212e+05
2.750654069150853320e+05
2.750951162141821114e+05
2.757042076288674143e+05
2.757563504934909288e+05
2.761383014985193731e+05
2.761067559416835429e+05
2.759865733538437635e+05
2.760381876347551006e+05
2.759702288423586288e+05
2.758805062994674081e+05
2.757947831965999794e+05
2.763111010185934720e+05
2.770200983898814302e+05
2.776328962478677277e+05
2.784947654975242913e+05
2.794187513032882125e+05
2.801509060143934912e+05
2.806154423949377961e+05
2.809184102799631655e+05
2.814284356019595289e+05
2.810891399541139253e+05
2.808236394495230634e+05
2.812895190288655576e+05
2.806664057353097596e+05
2.812863348727740231e+05
2.811165009288943838e+05
2.817019248623170424e+05
2.816445112130909692e+05
2.816233026190157398e+05
2.818618873123461381e+05
2.812116882986401906e+05
2.808125338056162000e+05
2.795569642743334407e+05
2.789099279874782660e+05
2.779581074989205808e+05
2.773454301197847817e+05
2.767280050376175786e+05
2.758131483835821855e+05
2.758800832520418917e+05
2.756983930951345246e+05
2.756693631535186432e+05
2.754472308129435987e+05
2.755806906776629039e+05
2.753876770336701302e+05
2.751358581621430931e+05
2.743889481206110795e+05
2.737439198479021434e+05
2.736982338041187031e+05
2.739925684406898799e+05
2.741601726863025106e+05
2.750769877187840757e+05
2.757026995827284409e+05
2.768196758073532255e+05
2.777394234092307743e+05
2.788145094500218402e+05
2.790844543369777966e+05
2.798926332374628400e+05
2.804596684959357954e+05
2.806256394282134133e+05
2.808450542178408941e+05
2.813601423111792537e+05
2.814857794148371322e+05
2.817059576832760940e+05
2.821212324405747931e+05
2.823092490252408315e+05
2.819231590790808550e+05
2.814285027764218394e+05
2.807952338443645276e+05
2.797218402801588527e+05
2.790607086831443594e+05
2.784265869486744632e+05
2.773778762938323198e+05
2.770877009583964827e+05
2.765849815060982946e+05
2.767463291968976846e+05
2.765460540753406822e+05
2.761393031128720613e+05
2.756563372164973407e+05
2.752202645359393209e+05
2.746638519172300585e+05
2.742383891764896689e+05
2.738939939562434447e+05
2.735335874606460566e+05
2.741951774893011898e+05
2.747441843636599951e+05
2.757462972349461634e+05
2.763921321883570636e+05
2.776790225081620156e+05
2.785584093129296089e+05
2.793237175837107352e+05
2.792815861779132392e+05
2.801515770329760853e+05
2.804068182998931734e+05
2.805723754749330110e+05
2.809514728618661757e+05
2.810851513414541259e+05
2.819619695611122297e+05
2.821878223726058495e+05
2.821326797015845659e+05
2.820189157983254991e+05
2.817514467266411521e+05
2.809477115587370354e+05
2.804455180457083625e+05
2.796264882159197005e+05
2.787112202294248855e+05
2.781643530052778078e+05
2.777781052685125615e+05
2.773892900791424327e+05
2.772693086630509933e+05
2.770815005597555428e+05
2.771745989867907483e+05
2.770783932745055063e+05
2.767847905315672397e+05
2.760559403099749470e+05
2.759057345943697146e+05
2.750370093308206415e+05
2.748473115510277567e+05
2.740616827449437114e+05
2.739132053907273221e+05
2.739358641280558659e+05
2.748554960548405070e+05
2.751503030728971353e+05
2.764088910209019668e+05
2.767330114939882769e+05
2.779344067785805673e+05
2.782119753123879200e+05
2.787600062628400628e+05
2.793325276780957356e+05
2.796698099410936702e+05
2.803477581980263931e+05
2.810513260804096353e+05
2.814712741722036735e+05
2.821040044110385934e+05
2.824156403665475664e+05
2.817412950359883835e+05
2.812897639422881766e+05
2.806861107641554554e+05
2.798093949275061605e+05
2.788893155281093786e+05
2.781768282660321565e+05
2.773715524550169939e+05
2.774125485506951227e+05
2.768261759677386726e+05
2.773057772924689343e+05
2.772959463157343562e+05
2.777389666274351184e+05
2.777524631637395942e+05
2.782536722478881711e+05
2.787514753728766227e+05
2.789548645314122550e+05
2.794493714563779649e+05
2.802865147602923680e+05
2.806845077932481072e+05
2.810673535771674942e+05
2.809588672792760190e+05
2.809653334746612236e+05
2.798816808046632214e+05
2.789594361434117891e+05
2.771906871581196319e+05
2.769951052626033779e+05
2.765594864500201656e+05
2.775948843918822240e+05
2.795368421802346129e+05
2.813583756122837076e+05
2.818162458955589100e+05
2.799215111489836127e+05
2.773522649448759621e+05
2.754178573285400635e+05
2.760351429756497964e+05
2.786382400131018367e+05
2.808789613521393039e+05
2.815481312868278474e+05
2.792256483633590979e+05
2.763695288018478896e+05
2.749796059991673101e+05
2.759825224582960363e+05
2.778480082720768405e+05
2.789783748888455448e+05
2.775379044244276010e+05
2.760418670862518484e+05
2.751703499502972118e+05
2.766029107286239159e+05
2.788498265810686862e+05
2.796688801320260391e+05
2.777137623258228414e+05
2.755287029207435553e+05
2.733867268906155950e+05
2.745252207794776186e+05
2.770218771614900907e+05
2.802449510657480569e+05
2.808767298519061878e+05
2.800301724726044922e+05
2.779506849821585929e+05
2.761890504127367749e+05
2.759864543174495338e+05
2.782863940605586395e+05
2.797637042107824236e+05
2.810916273073478369e+05
2.803621956582003040e+05
2.782492295622400707e+05
2.763884550187532441e+05
2.761925833200131892e+05
2.776535789445806877e+05
2.799193303126203245e+05
2.818119712949137902e+05
2.820500436997615616e+05
2.798058452848920133e+05
2.768590184602724039e+05
2.751118552785380743e+05
2.749337043192647980e+05
2.764607182500457857e+05
2.782964339209522586e+05
2.791443980921385810e+05
2.782865249055033782e+05
2.766634497540979064e+05
2.751595547198869754e+05
2.751794983693133108e+05
2.771577592972862185e+05
2.794154370905720280e+05
2.797719844705793657e+05
2.782729780484085786e+05
2.758975537777227000e+05
2.740117704191110679e+05
2.742009173270111787e+05
2.766830725331387366e+05
2.796047232178963604e+05
2.812733582223944832e+05
2.804720670610556845e+05
2.786980345067947055e+05
2.766810215400124434e+05
2.762223047313985298e+05
2.776882082551362109e+05
2.794565549962248770e+05
2.811513974639714579e+05
2.809777519501258503e+05
2.791152045983731514e+05
2.772900002914976212e+05
2.758301655599849182e+05
2.760969160684146918e+05
2.773094670891688438e+05
2.797576533924135729e+05
2.812407277331828955e+05
2.814208981344220228e+05
2.800335061832505744e+05
2.780218236371636158e+05
2.759327751077000867e+05
2.748759087433389504e+05
2.755437750717227464e+05
2.766541654025926255e+05
2.784461283112197416e+05
2.787677371192062856e+05
2.785403477933364338e+05
2.768054121932454291e+05
2.755112588171329116e+05
2.740266150066492264e+05
2.742537152713509859e+05
2.752702163076407742e+05
2.772485697833865997e+05
2.792187746619600803e+05
2.805582436342268484e+05
2.811754614958788152e+05
2.805485483719985932e+05
2.789650096068340354e+05
2.772535702803802560e+05
2.761459713018288021e+05
2.762932132795776706e+05
2.772926153556815698e+05
2.784599438035315834e+05
2.800806504433830269e+05
2.814439470668143476e+05
2.816748918195362203e+05
2.808429072787377518e+05
2.793886419680911931e+05
2.775928804998936830e+05
2.761669784420350916e+05
2.750155846659021918e+05
2.753311868662497145e+05
2.758653779560304829e+05
2.772736507525957422e+05
2.783054860336285783e+05
2.793656684040951077e+05
2.794652735593594261e+05
2.794429145973587292e+05
2.779992759651851375e+05
2.767709063804390025e+05
2.753354784893972683e+05
2.747662272689470556e+05
2.749394335326956352e+05
2.757874540307432762e+05
2.771657447632684489e+05
2.785649913957425742e+05
2.798815522419528570e+05
2.805600661011879565e+05
2.811648122165682144e+05
2.803845040365083260e+05
2.800455095465269405e+05
2.786577669246402220e+05
2.777524235727096675e+05
2.766912351886003162e+05
2.763964422229398624e+05
2.764022737303988542e+05
2.765883586381187779e+05
2.778338659127912833e+05
2.788062351977753569e+05
2.799539644092045492e+05
2.808902877092977287e+05
2.820136214169232408e+05
2.823367281429925933e+05
2.818806312886930536e+05
2.816661830055407481e+05
2.809640258678803220e+05
2.801300635852867272e+05
2.787698442744576605e+05
2.771579647799884551e+05
2.762677226707373629e+05
2.753894736834706855e+05
2.750732215298972442e+05
2.751922103409064002e+05
2.759507482979336055e+05
2.769445219207023038e+05
2.782576255952765932e+05
2.792337336088302545e+05
2.794139046688772505e+05
2.792732884878597106e+05
2.782926661914055585e+05
2.765562605173207703e+05
2.747134411318216589e+05
2.736458734400798567e+05
2.742659450897875940e+05
2.761250370626769727e+05
2.786602910073749372e+05
2.810583562790971482e+05
2.808130507597993710e+05
2.791869001442840672e+05
2.766248737107620109e+05
2.761335642821316724e+05
2.780538096234011464e+05
2.805037495587692247e+05
2.810398937885452178e+05
2.788934677804405801e+05
2.765952146415499155e+05
2.766553159659961239e+05
2.794702657326277695e+05
2.818302136866917135e+05
2.812673166683145682e+05
2.776297387505645165e+05
2.749262175390473567e+05
2.750982838138884981e+05
2.783275378265038016e+05
2.806086739616850391e+05
2.798705279691301403e+05
2.763942095145531348e+05
2.753282347509636893e+05
2.763914160729067517e+05
2.781372381527102552e+05
2.784534838968362310e+05
2.766564063207005383e+05
2.747627046753525501e+05
2.753800547585126478e+05
2.780996050591053208e+05
2.799989795310146874e+05
2.796966046094864141e+05
2.767880143599456642e+05
2.742012937943349243e+05
2.742534057480938500e+05
2.762764666872310336e+05
2.796537187598880846e+05
2.810196792072211392e+05
2.801149171571494662e+05
2.780472409714610549e+05
2.763457678626725683e+05
2.770574951115304721e+05
2.790510568237944390e+05
2.808253520435931860e+05
2.807056937926082173e+05
2.780813273756350391e+05
2.761915601841473836e+05
2.765749672908217763e+05
2.791879531420619460e+05
2.815110433062338852e+05
2.821376413177208742e+05
2.802467874514495488e+05
2.769635829681648756e+05
2.748490430350724491e+05
2.754619660822720034e+05
2.778662581595045631e+05
2.796516211646888987e+05
2.791708183525623172e+05
2.771428302265434177e+05
2.755926475690897787e+05
2.756719328210327658e+05
2.777526911155109992e+05
2.790744798688084120e+05
2.781776201478120056e+05
2.756405003079614253e+05
2.741321686547959107e+05
2.749547340364588890e+05
2.779027750537917018e+05
2.804640005051541375e+05
2.804220071836440475e+05
2.777052182633936754e+05
2.752845276722533163e+05
2.747058438567589619e+05
2.766297889354191138e+05
2.792593529238387709e+05
2.809677016953776474e+05
2.798100317540654214e+05
2.779229375930230599e+05
2.773048723731548525e+05
2.779461298373100581e+05
2.800153095935050515e+05
2.817817543794352678e+05
2.813729181287226384e+05
2.784396851682187407e+05
2.760193719698286150e+05
2.750846474953391589e+05
2.769869022126112250e+05
2.797751757071298198e+05
2.814194011720382259e+05
2.807373130460318062e+05
2.784411562924546888e+05
2.761497526719937450e+05
2.747095299155089888e+05
2.760825909257705207e+05
2.777776901378444163e+05
2.787400951723846956e+05
2.780143616833538981e+05
2.759646573129950557e+05
2.745916894770378713e+05
2.750280258963492815e+05
2.772730367170048412e+05
2.799929504658161313e+05
2.805809047782829730e+05
2.784739699294516467e+05
2.754911929017903749e+05
2.737501933359702234e+05
2.757621299615836469e+05
2.793080490352617344e+05
2.810762471456364729e+05
2.784697746315952973e+05
2.761555039968389901e+05
2.781344726883757394e+05
2.807661357431900105e+05
2.786869753534765914e+05
2.776596235328629264e+05
2.804030758629824850e+05
2.801658331758651184e+05
2.762746526776485844e+05
2.795275901493528509e+05
2.813696605023769080e+05
2.763094823450556723e+05
2.774553775035463041e+05
2.820523568659646553e+05
2.769473978717281134e+05
2.760188725648336695e+05
2.813082551530459896e+05
2.772760818082885817e+05
2.752366215134207741e+05
2.794442232848305721e+05
2.770924372668068972e+05
2.758217485900381580e+05
2.784369463240397745e+05
2.765255453565273783e+05
2.765832726648348034e+05
2.784483593697118922e+05
2.753133673514843103e+05
2.767344862831226201e+05
2.793119853032180108e+05
2.750811601421867963e+05
2.769327867789056036e+05
2.802411994337742799e+05
2.753326876256316900e+05
2.766236717240983271e+05
2.805036624270797474e+05
2.758704705733957235e+05
2.772370988042423269e+05
2.806376127044649329e+05
2.767248443365307176e+05
2.790010509882755578e+05
2.800771194080878631e+05
2.770341784953721217e+05
2.801974854181244154e+05
2.788327271601724788e+05
2.774411220631024335e+05
2.815224210738893016e+05
2.778802884733707760e+05
2.770940900720665813e+05
2.818308947197371162e+05
2.767641817617450142e+05
2.769976383662144653e+05
2.820106941885062843e+05
2.764731286616837606e+05
2.760789158983487869e+05
2.807276475201846915e+05
2.763253127057633828e+05
2.761349203999827150e+05
2.793399329959207680e+05
2.766010796879236586e+05
2.765424089647690416e+05
2.783061869941677433e+05
2.757034213030964020e+05
2.769622554090928752e+05
2.789570662704862771e+05
2.753807921709847869e+05
2.760739356942001032e+05
2.801129805035788449e+05
2.767463347233376116e+05
2.745184968458313961e+05
2.792597073957642424e+05
2.792695569599088049e+05
2.749478216483286233e+05
2.772426172644554172e+05
2.808038579425258795e+05
2.777722362356536323e+05
2.765269119935308699e+05
2.798174613077910035e+05
2.796606716316256789e+05
2.769910885042646551e+05
2.791577439003061154e+05
2.810795879359797109e+05
2.777844689660844742e+05
2.769937521172781708e+05
2.812545805146667408e+05
2.813523161133741378e+05
2.760443807217056747e+05
2.763146960087196785e+05
2.810006933579064207e+05
2.808682245851572370e+05
2.754529685925648082e+05
2.752477028988497332e+05
2.798875842434531078e+05
2.795836421056714025e+05
2.759642885907716700e+05
2.756116057656471967e+05
2.779354362984782783e+05
2.778726979296124773e+05
2.754279458973835572e+05
2.761635067259497591e+05
2.790052193909613998e+05
2.778564493973043864e+05
2.744590222595545347e+05
2.754764256950365379e+05
2.794728376965900534e+05
2.801322593793673441e+05
2.756523733117301599e+05
2.745169050106708310e+05
2.784431446174533339e+05
2.811310484497621073e+05
2.781216766835066373e+05
2.754850361554836272e+05
2.781430714436165872e+05
2.806565161659409641e+05
2.784318351498909760e+05
2.770381248831917765e+05
2.793786240455938969e+05
2.808731894286909373e+05
2.778145938977955957e+05
2.765314546495791292e+05
2.806278679525416810e+05
2.818058579072149005e+05
2.773099046697936719e+05
2.756910394901076215e+05
2.795463916531802970e+05
2.815271315658116946e+05
2.765202899877852178e+05
2.752258289682402974e+05
2.790872708826983580e+05
2.793810793212198769e+05
2.755690300530503737e+05
2.765678656297155540e+05
2.785892227903532912e+05
2.766165070546136121e+05
2.759392432818023954e+05
2.785354718287040014e+05
2.771324356438532122e+05
2.746442392872306518e+05
2.781119983691217494e+05
2.793495303334775963e+05
2.747465530797126121e+05
2.750856510366649018e+05
2.803608313814344583e+05
2.781999750107309665e+05
2.739194218467809260e+05
2.776921631385099608e+05
2.809268204445254523e+05
2.770455949671210255e+05
2.765039333216567757e+05
2.801472942611841718e+05
2.791747706954107271e+05
2.769202926120710326e+05
2.797158236225053552e+05
2.801422563822442316e+05
2.768915600584676140e+05
2.787128084319784539e+05
2.817234708179938607e+05
2.779438010373847792e+05
2.758007883005805779e+05
2.805887365012869705e+05
2.806323410121095367e+05
2.774995760596541222e+05
2.821674315642634756e+05
2.768442607547070947e+05
2.791199456512851757e+05
2.766539598817907390e+05
2.762752569758555037e+05
2.798316522335275076e+05
2.735167918642368168e+05
2.808247273389577167e+05
2.746409857499189675e+05
2.773539815559525741e+05
2.799775122315889457e+05
2.740648467845327104e+05
2.815602448241381207e+05
2.763063724777689204e+05
2.783348371081610094e+05
2.811837107028985629e+05
2.763296268577601877e+05
2.811287449001221685e+05
2.787370838291163673e+05
2.776471377702163882e+05
2.809003536110523273e+05
2.763128077406337834e+05
2.801305453093463439e+05
2.764214600705934572e+05
2.781987755191305187e+05
2.776700943591972464e+05
2.757603601467419649e+05
2.795299402105155168e+05
2.734796717189541669e+05
2.802411835009366041e+05
2.748893538164279307e+05
2.770161535832943046e+05
2.801851787982549286e+05
2.735543764869336155e+05
2.815567011788078817e+05
2.767743792933861841e+05
2.770585465464788140e+05
2.811846719789775088e+05
2.758917217307271203e+05
2.803951660918105626e+05
2.796930274758629384e+05
2.770177654569642618e+05
2.815677259754005936e+05
2.769908778789113858e+05
2.787186504473268869e+05
2.783685361629655818e+05
2.761778206812003627e+05
2.792437402914290433e+05
2.746963914979198598e+05
2.792350911274333484e+05
2.762500328930722317e+05
2.754578006429410889e+05
2.804877889939041343e+05
2.732607033913375926e+05
2.796989339234778890e+05
2.784372354312476236e+05
2.740507195812275168e+05
2.816033309910759563e+05
2.766736259553860873e+05
2.768153923074671184e+05
2.817462411098270095e+05
2.767209040026091971e+05
2.784680248063951149e+05
2.815024342588247382e+05
2.765533995822878787e+05
2.794336915853598621e+05
2.796969504886121722e+05
2.763753096906851279e+05
2.794989203807275044e+05
2.765551906326665194e+05
2.773004215172966942e+05
2.786855448314708192e+05
2.744602594962842995e+05
2.797928099220618024e+05
2.766482602888514521e+05
2.742753351402662229e+05
2.811386567594867083e+05
2.749831614164353814e+05
2.756493290199072217e+05
2.816283228885918506e+05
2.756017503261629608e+05
2.773254282396932831e+05
2.816630744482572773e+05
2.766187529657840496e+05
2.783694122047174023e+05
2.817424388921373757e+05
2.772248233052361174e+05
2.782367327882692334e+05
2.808875523554451647e+05
2.767801482163837645e+05
2.782576378634315915e+05
2.784816693591790390e+05
2.759669094819244929e+05
2.790766657447417965e+05
2.761130262379552587e+05
2.760223656171914190e+05
2.800600880120926886e+05
2.744881619609220652e+05
2.764821073334758985e+05
2.807214034726872924e+05
2.736438534524298739e+05
2.772644666083644843e+05
2.813849620859284187e+05
2.756307503115537111e+05
2.776250580714712851e+05
2.819768627367317094e+05
2.775543847147371271e+05
2.773745273956631427e+05
2.815160953028632211e+05
2.787322691290569492e+05
2.771554372943905182e+05
2.798326067995877820e+05
2.781423929981535184e+05
2.767386464090949157e+05
2.791231546458975645e+05
2.762196476362684043e+05
2.768535887772997376e+05
2.792046115914570400e+05
2.744745242726464057e+05
2.767754042583357659e+05
2.806386986617993098e+05
2.742739636486646486e+05
2.760244032686286373e+05
2.815864496613385854e+05
2.757938428329404560e+05
2.754443077636768576e+05
2.816402641500829486e+05
2.786144180198939284e+05
2.759473539920354378e+05
2.799605250009826850e+05
2.810854244767799973e+05
2.769930870230470318e+05
2.782835688443125109e+05
2.806006136088582571e+05
2.780254990217299783e+05
2.772366643457536120e+05
2.789444617456502165e+05
2.767948883495758637e+05
2.770561643008551328e+05
2.791943987720322330e+05
2.754515852264211280e+05
2.756082221514021512e+05
2.799301895300314645e+05
2.766831098105184501e+05
2.733658558786130161e+05
2.795840782968278509e+05
2.800572655709153623e+05
2.749629410142393899e+05
2.769233885742558632e+05
2.815368435006706277e+05
2.791113788290905068e+05
2.760657166780503467e+05
2.791379056857050164e+05
2.813771261787496042e+05
2.784400554127556970e+05
2.773426425680264365e+05
2.793735085532491212e+05
2.789946491870410391e+05
2.768511010588132194e+05
2.781917928408635198e+05
2.779130871135418420e+05
2.755721756353501114e+05
2.776777960291192285e+05
2.788985765186305507e+05
2.747679775219500880e+05
2.752132182212184998e+05
2.801975979184741154e+05
2.785691217952189618e+05
2.736557922218248132e+05
2.775670658678793698e+05
2.815677789791408577e+05
2.780457759535712539e+05
2.756315110449614003e+05
2.794924155943212099e+05
2.814304423448951566e+05
2.783431580771220615e+05
2.769351261189987417e+05
2.794549241651640623e+05
2.801409050206118845e+05
2.771814345734779490e+05
2.774508323848869186e+05
2.787645203008932294e+05
2.772259540487517370e+05
2.799801310379597126e+05
2.760654643122120178e+05
2.758167535007527331e+05
2.768811564084387501e+05
2.786951672636425355e+05
2.783968831115978537e+05
2.764562769560531597e+05
2.743932036784813390e+05
2.747923068362321355e+05
2.778720174369675806e+05
2.802760787412086502e+05
2.801499003649404622e+05
2.773483379267891287e+05
2.747080903753241291e+05
2.750687142359994468e+05
2.775449843481900170e+05
2.805111587150314008e+05
2.805370905663876329e+05
2.782516450634801295e+05
2.763885744737906498e+05
2.776066087251757272e+05
2.800888924001554260e+05
2.809455247939310502e+05
2.791619199454691261e+05
2.765391086723158951e+05
2.764740553956812946e+05
2.787629037201329484e+05
2.816661476368950098e+05
2.817871602367084706e+05
2.788419876321050688e+05
2.757067592442099703e+05
2.749674003229151131e+05
2.772825559535598732e+05
2.801224996338355704e+05
2.804009322068301262e+05
2.778127254386113491e+05
2.754915978034347063e+05
2.755131613861344522e+05
2.773568379857121618e+05
2.788755304621758405e+05
2.777737913162219338e+05
2.752309429059083923e+05
2.750887235539180692e+05
2.768811103021198069e+05
2.799070931205521920e+05
2.800858151152154314e+05
2.774202801974937320e+05
2.744674539388094563e+05
2.742986440972947748e+05
2.774677645348295337e+05
2.806456052813470596e+05
2.804497035680267145e+05
2.777151880313063739e+05
