3.346077811057740803e+01
1.163810259789421053e+01
1.065751458263890683e+01
1.064772180021502201e+01
1.141970282363089773e+01
1.075839579243024779e+01
1.109632002331451339e+01
1.187486198451859742e+01
1.127223009605218706e+01
1.120656275309966254e+01
1.116170413212000057e+01
1.093297988326504644e+01
1.088965822404590789e+01
1.088265409369278736e+01
1.066279004930273366e+01
1.089738184883738015e+01
1.106098441832751078e+01
1.109336714995525419e+01
1.117857817500008721e+01
1.153896105031430430e+01
1.087384642765983145e+01
1.188632210525710953e+01
1.073600396031736892e+01
1.107928241560474092e+01
1.105348074326206387e+01
1.141919741026889312e+01
1.156389537173231297e+01
1.162266146989964177e+01
1.082351008234674339e+01
1.116785682612099073e+01
1.139478492302348123e+01
1.107804250616245589e+01
1.188166500413710125e+01
1.106178909640211927e+01
1.129369263963192616e+01
1.123291237724989600e+01
1.145110269666691671e+01
1.072269617597380886e+01
1.124560345447411791e+01
1.118898746036640546e+01
1.101252903448062703e+01
1.080676468316755745e+01
1.124259332520080079e+01
1.090075488676507831e+01
1.107856781820853698e+01
1.104168666892226192e+01
1.124220589479654464e+01
1.105768487354523089e+01
1.135807210245952348e+01
1.121037817254419089e+01
1.099255352391401708e+01
1.062977401846485570e+01
1.126902783677970810e+01
1.139603187817333385e+01
1.125228540518550169e+01
1.138360277900503270e+01
1.138171133050939154e+01
1.080094951109145285e+01
1.108487047869667741e+01
1.078325802430972935e+01
1.072422097553143949e+01
1.120938358940667179e+01
1.106249605243947620e+01
1.106616009769305187e+01
1.121288975250358178e+01
1.141384843167045560e+01
1.127025184445743733e+01
1.137509193327197821e+01
1.167528108322738412e+01
1.159161511841471182e+01
1.108869372966386102e+01
1.133947017376756783e+01
1.045954918061451977e+01
1.138546594254795608e+01
1.090087655198289518e+01
1.042739030953361912e+01
1.095327229042860928e+01
1.188384366254683400e+01
1.166241707088554946e+01
1.161052827776171625e+01
1.120559580446869852e+01
1.075202083351093485e+01
1.161136108976147874e+01
1.154575965954105676e+01
1.156283650427396559e+01
1.105463691694091111e+01
1.175245989908975552e+01
1.073898971447999173e+01
1.171908458896541028e+01
1.210942543757212064e+01
1.113280914609636518e+01
1.102433301220624351e+01
1.071010543114374336e+01
1.070529154465143051e+01
1.112204694460241328e+01
1.140741498868070991e+01
1.128535597310021465e+01
1.034114036951183557e+01
1.209354791503060866e+01
1.048998472790233549e+01
1.176438476060986815e+01
1.043321660170321863e+01
1.105570279844169512e+01
1.158438532948106747e+01
1.088715104098213970e+01
1.087609583842576733e+01
1.158860164926774239e+01
1.110655035885519126e+01
1.112851415612228756e+01
1.079951669981676154e+01
1.131931479085112002e+01
1.129950480908374111e+01
1.019644394986293179e+01
1.117091575297349770e+01
1.088049229036620069e+01
1.120919528633241846e+01
1.109140149756859017e+01
1.189253524542757745e+01
1.261405761379673329e+01
1.148236264344486735e+01
1.083241506006992871e+01
1.097378702358133218e+01
1.088297362061317486e+01
1.157695476433229942e+01
1.080232267907685184e+01
1.110034034541468451e+01
1.121634054081622622e+01
1.139716522187766756e+01
1.166594292207803996e+01
1.090229022460823316e+01
1.142969357924181217e+01
1.109281530825485440e+01
1.161014214689700452e+01
1.115697902982432943e+01
1.081904642495138624e+01
1.163022405452963959e+01
1.078081269866037317e+01
1.100827254455901461e+01
1.148454744989216358e+01
1.146305178704425209e+01
1.152615438572945550e+01
1.134208787539795082e+01
1.167521349721404711e+01
1.107092690470916452e+01
1.026229438671150795e+01
1.139717956754819994e+01
1.130705982096335838e+01
1.117474443868269063e+01
1.145652341453593337e+01
1.109735659554299225e+01
1.150399063000520350e+01
1.091853459513844804e+01
1.153095476855787105e+01
1.108269486505732360e+01
1.061924703641459011e+01
1.151073828788197773e+01
1.151663136916764074e+01
1.163697080756832314e+01
1.099812630821726245e+01
1.108374082900273017e+01
1.235290643872478888e+01
1.125730079243916748e+01
1.049659315601974896e+01
1.127244618532807685e+01
1.207288126260277217e+01
1.182278704738351749e+01
1.100959941977727397e+01
1.099874617849574854e+01
1.105545364665188401e+01
1.136950995463472580e+01
1.079168085791579834e+01
1.104722722720655526e+01
1.081098848867328144e+01
1.141631011223209136e+01
1.055882872200874978e+01
1.068834411976253129e+01
1.092207758441352894e+01
1.122699586575116726e+01
1.106191964697026364e+01
1.097803807809888887e+01
1.169110949596589855e+01
1.098472939314630104e+01
1.046841711250905327e+01
1.166495408297579672e+01
1.126482104771231363e+01
1.194148517834671885e+01
1.177494595644306408e+01
1.114377432835076753e+01
1.065601030603619215e+01
1.130740891140138515e+01
1.156327757986586313e+01
1.104390712219893445e+01
1.119273750719530902e+01
1.073813758986706013e+01
1.192013677681770822e+01
1.061373612710384151e+01
1.124138980832001344e+01
1.061099749553125271e+01
1.137772130903922196e+01
1.153180842400609762e+01
1.114428298013303120e+01
1.128349994646502630e+01
1.152342757088552361e+01
1.137343986738968482e+01
1.099549257992109652e+01
1.077086756996217609e+01
1.050397251012401334e+01
1.106105522225479554e+01
1.064112958272125731e+01
1.229434999951387120e+01
1.084675600678956897e+01
1.106588953399431396e+01
1.070197051396111476e+01
1.118642799499535023e+01
1.118640346255234164e+01
1.135535535921204620e+01
1.122753769228410725e+01
1.148837307886195980e+01
1.081231897691760047e+01
1.145675312682114999e+01
1.208430282234156472e+01
1.035240496141186028e+01
1.110456853505958108e+01
1.180776341887318459e+01
1.109328567744021754e+01
1.109202465560998085e+01
1.164509221852879506e+01
1.133708394438961164e+01
1.076845565260639326e+01
1.104508088009278310e+01
1.114541394647843298e+01
1.231976195662927687e+01
1.107711359796134509e+01
1.061916356489182789e+01
1.082800675572824822e+01
1.081849708217714756e+01
1.130601979861791762e+01
1.169633874929516537e+01
1.117036214116661696e+01
1.107398906622384693e+01
1.063117415027197055e+01
1.100141322599126603e+01
1.147104636595758009e+01
1.120510508239491188e+01
1.142717225993557584e+01
1.143302153546550315e+01
1.107835673065798687e+01
1.090805829423036144e+01
1.163167822913938032e+01
1.133139543852454878e+01
1.102521865508228771e+01
1.072603793288221574e+01
1.057563046725303302e+01
1.081893018390280403e+01
1.185471633771355648e+01
1.068209580249488155e+01
1.094453990120839748e+01
1.113913627080553681e+01
1.144653208353263452e+01
1.073821282658797216e+01
1.128732361385062433e+01
1.146976428362866685e+01
1.132546000975664846e+01
1.103777952620986724e+01
1.129782814910624822e+01
1.099855447012144971e+01
1.132084659442922892e+01
1.135706904504373860e+01
1.141316435916908567e+01
1.171484448693325042e+01
1.181167427513720725e+01
1.107740222139912056e+01
1.124648642027516665e+01
1.090492056118399411e+01
1.163050374779926166e+01
1.115640130074437231e+01
1.135114364691360933e+01
1.077741210380665038e+01
1.174268431262582979e+01
1.136256024092163308e+01
1.116004607578567409e+01
1.173625266428932790e+01
1.134301804138498682e+01
1.112802359492277482e+01
1.083103721669488984e+01
1.118982909046882135e+01
1.120270083224118451e+01
1.108118521181610561e+01
1.085170419868417468e+01
1.081519482668289811e+01
1.170772476154002995e+01
1.113726667439310170e+01
1.079898100778944503e+01
1.074700459380811424e+01
1.144448378023401780e+01
1.107800657007033784e+01
1.159680658497961225e+01
1.099576472887532574e+01
1.160429573267479242e+01
1.100036272960543116e+01
1.105478735253492673e+01
1.100091434654902756e+01
1.102560346239217992e+01
1.034254757336810293e+01
1.187617482576605710e+01
1.204188290118339211e+01
1.104452136567700649e+01
1.147982628611406497e+01
1.108239065315100547e+01
1.090868253034856039e+01
1.047352688663273135e+01
1.007036198194538557e+01
1.046444192301294507e+01
1.122084496622563599e+01
1.186335154958391414e+01
1.153808171466546284e+01
1.078662661759595665e+01
1.149204545264692001e+01
1.140156558242206941e+01
1.069589701256477987e+01
1.079101095389137477e+01
1.210364898544560219e+01
1.136480089675777272e+01
1.169396756296550421e+01
1.091182295307326378e+01
1.161699490564437554e+01
1.083782098727231258e+01
1.099829714317059093e+01
1.071841126415808532e+01
1.058960064646996635e+01
1.109276656901020175e+01
1.040689524849038605e+01
1.089461465383164018e+01
1.145370086093108064e+01
1.099672018783675753e+01
1.121745730856779488e+01
1.132340107114745997e+01
1.096115499124394788e+01
1.154313462660263845e+01
1.124791441707574968e+01
1.089549647506521524e+01
1.134993076416916757e+01
1.156723458294228024e+01
1.104678159474137900e+01
1.142124724510686384e+01
1.050855942266717058e+01
1.195573944433428260e+01
1.052300673493159167e+01
1.171017145130912418e+01
1.133169927683008815e+01
1.071441033213107019e+01
1.090850139115605266e+01
1.161474644128550260e+01
1.071719470317837342e+01
1.179388591795901498e+01
1.108304317691698238e+01
1.183720200344904683e+01
1.120266038429813626e+01
1.136709152714306192e+01
1.095471401820423196e+01
1.167447709630019936e+01
1.228455962600473406e+01
1.142427786923309618e+01
1.037655572655820180e+01
1.170908622392721554e+01
1.119770456266610736e+01
1.086310434728497754e+01
1.048334854905702862e+01
1.097598287319331334e+01
1.180107561646609682e+01
1.073457451249877259e+01
1.089723594126681760e+01
1.141997121016638062e+01
1.138216220236080467e+01
1.068722340122326386e+01
1.086406732519108509e+01
1.132280442040947932e+01
1.071391060076332913e+01
1.081254094064028060e+01
1.110298169546174130e+01
1.067363395776194324e+01
1.049210550575128131e+01
1.191614160710112813e+01
1.129637521332042738e+01
1.141614959028512999e+01
1.104202164575326961e+01
1.114394720633131186e+01
1.167854801764308981e+01
1.074503852603032428e+01
1.065409428754287902e+01
1.135639472677395823e+01
1.105769256981796644e+01
1.150817483860211432e+01
1.135334212560891487e+01
1.067311853782281617e+01
1.115633307616079861e+01
1.124083354939616264e+01
1.116170349831380726e+01
1.173810297156781779e+01
1.158918781947682142e+01
1.089457883770263713e+01
1.117859975142278195e+01
1.120108398791736626e+01
1.121528170447083639e+01
1.100293230051557281e+01
1.035018517755189116e+01
1.154159641112948798e+01
1.063446964331182087e+01
1.119056870775337842e+01
1.151551541536121093e+01
1.096803250719860046e+01
1.194652189834445721e+01
1.068045562373323243e+01
1.165684990129248533e+01
1.104062616204605263e+01
1.066248782165963149e+01
1.078888082405137894e+01
1.074734564819467408e+01
1.165999971601704566e+01
1.113292131235702520e+01
1.166096888915224739e+01
1.061390074819629703e+01
1.071536475765711849e+01
1.130041017173290641e+01
1.112147771931511642e+01
1.097701594621670829e+01
1.087914868800172208e+01
1.123875374548050132e+01
1.139779996478390167e+01
1.039527374608580601e+01
1.132338886868496353e+01
1.109912322861061718e+01
1.123314971917734972e+01
1.078738509308877269e+01
1.085278467631231081e+01
1.068204697267263370e+01
1.135197958887600223e+01
1.134686870086870059e+01
1.163683539363861819e+01
1.019628260639632877e+01
1.127001128776645800e+01
1.075496070997343168e+01
1.094718933574539577e+01
1.126284833201541424e+01
1.095224691367673131e+01
1.104573693873466667e+01
1.088007862680658100e+01
1.172882984760128977e+01
1.123645737913546760e+01
1.086441908727300643e+01
1.140849626291573848e+01
1.059246819559536945e+01
1.148433093762530177e+01
1.097290922184815365e+01
1.150242300390985051e+01
1.078958963985061104e+01
1.131344381412552913e+01
1.144935178953199539e+01
1.130266848099134336e+01
1.124243280435859305e+01
1.084665090249281505e+01
1.135235457836871653e+01
1.110922175023838676e+01
1.159052539603404064e+01
1.120703713889500541e+01
1.108896848092859955e+01
1.064030825284952542e+01
1.160230644582888004e+01
1.174711070212961239e+01
1.108800016332541638e+01
1.139116538099155029e+01
1.149213068713650543e+01
1.145620600578089743e+01
1.060935849958321953e+01
1.107490203588100819e+01
1.145988511741613713e+01
1.113068596341905625e+01
1.109119908500600893e+01
1.105904259119298594e+01
1.174705881774221083e+01
1.085151595514073186e+01
1.096293223567335851e+01
1.113606551849001747e+01
1.118209192112376194e+01
1.125332260945639895e+01
1.090603351909942909e+01
1.096244773595110367e+01
1.102317553366216529e+01
1.139629685818547244e+01
1.089857851614280371e+01
1.053213681206206154e+01
1.072342336351548830e+01
1.143044536393512978e+01
1.134961856488167165e+01
1.125458973730954249e+01
1.106911958618640845e+01
1.252938442372987105e+01
1.139840630286248491e+01
1.099739287759462769e+01
1.171969230335566081e+01
1.061401949182741156e+01
1.132937426978245554e+01
1.128344869808406337e+01
1.053431744200164921e+01
1.115667520314205952e+01
1.228355334508174757e+01
1.115555038511072539e+01
1.117841443501406218e+01
1.144721401818609152e+01
1.081420843582053415e+01
1.128345621239059504e+01
1.167565224405593582e+01
1.138047832270344450e+01
1.049592196993007320e+01
1.094254216606232966e+01
1.090476812978397447e+01
1.039012557408660342e+01
1.086352798374060491e+01
1.074059683664533082e+01
1.087574033583670108e+01
1.132384117162718162e+01
1.120677831618188236e+01
1.127999483551747595e+01
1.131232768154544921e+01
1.094136360907151584e+01
1.077913354260770440e+01
1.146637962949039391e+01
1.168620758714525998e+01
1.148530423323780880e+01
1.117629483902080523e+01
1.053386710315873209e+01
1.140381547595232981e+01
1.115470456869700477e+01
1.094655741477074962e+01
1.103356137528054504e+01
1.134977311985877080e+01
1.117333292353225183e+01
1.008783898330693773e+01
1.155213345423126725e+01
1.122641146197420703e+01
1.119340763349309675e+01
1.165800723637969227e+01
1.109023669208099250e+01
1.119982479389159025e+01
1.086243334764053969e+01
1.146167090261634947e+01
1.091499923333438282e+01
1.149014857718452198e+01
1.117726359346624321e+01
1.047513011254922510e+01
1.103098805826188844e+01
1.079827464113396474e+01
1.139895933631973968e+01
1.128097717498205022e+01
1.107746132347584833e+01
1.089422554981355518e+01
1.133545968352394517e+01
1.047560915563609463e+01
1.110867616566616789e+01
1.148211565838382597e+01
1.133186213161805789e+01
1.192376192455722794e+01
1.088481712592483674e+01
1.112133111611372804e+01
1.056654600738550798e+01
1.135051939873107862e+01
1.155038336953166045e+01
1.134950367308669605e+01
1.138696160785872102e+01
1.112897468683844160e+01
1.120414017870889012e+01
1.052944634573115223e+01
1.102529377410441569e+01
1.152220590319337745e+01
1.149269021595093854e+01
1.121584539335153607e+01
1.155673862929951845e+01
1.116569549308010956e+01
1.147628164346888546e+01
1.166154275231345139e+01
1.093930447426922115e+01
1.042108648481791633e+01
1.149968241573804306e+01
1.073392048214202887e+01
1.155529227258737990e+01
1.115654182606147415e+01
1.095960204799372661e+01
1.159567982802496111e+01
1.064736454051150893e+01
1.141690502879604097e+01
1.173442370845316596e+01
1.052909484399521212e+01
1.133466283546387032e+01
1.118106840676655445e+01
1.105504306941951498e+01
1.070354223686947748e+01
1.134626253474368873e+01
1.119698560945512433e+01
1.119717063793846101e+01
1.117497091841446988e+01
1.146100894535723924e+01
1.173530340116201209e+01
1.043442288592431488e+01
1.086742357269771020e+01
1.090685662654061261e+01
1.104858430201932684e+01
1.131302166536883114e+01
1.115240781782522284e+01
1.163095765443232210e+01
1.035627467076207253e+01
1.097781234094935776e+01
1.171628225662704992e+01
1.114966972528326039e+01
1.105734360307334363e+01
1.156451231464548179e+01
1.102342830140867491e+01
1.121669858084044868e+01
1.144185375594035925e+01
1.104742051784064572e+01
1.092643967776797531e+01
1.124925446749263891e+01
1.067705380288674633e+01
1.134237831690401066e+01
1.082894820820231629e+01
1.141003396647249524e+01
1.132397687143454235e+01
1.188135624065683338e+01
1.137198329021293830e+01
1.144173193717483805e+01
1.097685820512404753e+01
1.159826288940270977e+01
1.123093985498115188e+01
1.125304146683501472e+01
1.143223476831645158e+01
1.163181952922482409e+01
1.201992443657072762e+01
1.160972076902129757e+01
1.176208513036925218e+01
1.152283086424313829e+01
1.145524302991088739e+01
1.109061396061922800e+01
1.080877527771755275e+01
1.053861089923003291e+01
1.175255931402825560e+01
1.118123516592073230e+01
1.192661575896608461e+01
1.110127726441012364e+01
1.174213927852544970e+01
1.128560718910900285e+01
1.075227492301916143e+01
1.121240190516046020e+01
1.155441815961338570e+01
1.070325185185863681e+01
1.098324229377293371e+01
1.070879396583539034e+01
1.127339321451919396e+01
1.114036961187634311e+01
1.131823493178655049e+01
1.139560814704701386e+01
1.082783354617793314e+01
1.066975457727134469e+01
1.135278231848500319e+01
1.099590586771725320e+01
1.109876499918705228e+01
1.158606241460415376e+01
1.127865983879097378e+01
1.095700216832630325e+01
1.180537568887808142e+01
1.120279154336465766e+01
1.124925080348822704e+01
1.146956620054453069e+01
1.065982420634105488e+01
1.115578746206462846e+01
1.168675553717221938e+01
1.083205321693466239e+01
1.108549226317724745e+01
1.123105455473090686e+01
1.137925017786649207e+01
1.151707212042554929e+01
1.084319966789401235e+01
1.086033596705902404e+01
1.119533241193767559e+01
1.150586413543385511e+01
1.155633216272046049e+01
1.021150280718306824e+01
1.138659260528024753e+01
1.130941012713753935e+01
1.078401656322164115e+01
1.111466381445757534e+01
1.167696568838167082e+01
1.180037461031388624e+01
1.075857193033291104e+01
1.076284173059327287e+01
1.112162067082890893e+01
1.120304407001662739e+01
1.109181143667396441e+01
1.149123024875368415e+01
1.174238392598883429e+01
1.136641532848592284e+01
1.088842607732803280e+01
1.013447334122247057e+01
1.180941619383560415e+01
1.143354472940120914e+01
1.109596657307927714e+01
1.147157771993689224e+01
1.114133447173274050e+01
1.167938351291523347e+01
1.183393106922163085e+01
1.069934328955798364e+01
1.139177913535052689e+01
1.144320424908383416e+01
1.114181843362117519e+01
1.165736187018451986e+01
1.063360166114985361e+01
1.081077504620607677e+01
1.089304728130347399e+01
1.105680409315490387e+01
1.071817795278236041e+01
1.023911318158289951e+01
1.066310619118456238e+01
1.105486591497855287e+01
1.137226492837992886e+01
1.084532072588310214e+01
1.046530676938156645e+01
1.082298741809919562e+01
1.090298421027223164e+01
1.116964797995299996e+01
1.207209609166372211e+01
1.135633061398725729e+01
1.116235618057196177e+01
1.100765892230373666e+01
1.179756818924458450e+01
1.084007576694684083e+01
1.044434884945586539e+01
1.069232846480298882e+01
1.084053453347402396e+01
1.116735726683219809e+01
1.066315647365891550e+01
1.081299201038678248e+01
1.104926654530893337e+01
1.084449083260739677e+01
1.120928452063311198e+01
1.071865413363139119e+01
1.054632775465860028e+01
1.052077620819681236e+01
1.060481344539666893e+01
1.199471079042705490e+01
1.089549927599173529e+01
1.061916498990633073e+01
1.112203236477038537e+01
1.174789617365044947e+01
1.077473734195359611e+01
1.090003904356676756e+01
1.123545287449015362e+01
1.098456586376318000e+01
1.056117665781526505e+01
1.076014299505101413e+01
1.091875797661624503e+01
1.133782852499730787e+01
1.149815360317443336e+01
1.080245908995810211e+01
1.066274941408024368e+01
1.154502012017131740e+01
1.134451743669439594e+01
1.117555126892379036e+01
1.128298890890821582e+01
1.151106140547955015e+01
1.062170868194236739e+01
1.066848864695871058e+01
1.105126377034589424e+01
1.133577534162195910e+01
1.165069291121542783e+01
1.171545782776509625e+01
1.178505844735235897e+01
1.070908226353818016e+01
1.165298341443981123e+01
1.150477690251251062e+01
1.103547458091709288e+01
1.168111236706907796e+01
1.176628784312090481e+01
1.091606859513168182e+01
1.097362208358858737e+01
1.126415200574149900e+01
1.094462030901346417e+01
1.131123150957996693e+01
1.164757533118855015e+01
1.036224888493862828e+01
1.069415548965924678e+01
1.164912952069189345e+01
1.096090149953877102e+01
1.174736438976557729e+01
1.149791507703114668e+01
1.147466697676247271e+01
1.167679706296884490e+01
1.068453353175788934e+01
1.097064640165413074e+01
1.165992989593956075e+01
1.076556185701643464e+01
1.110120004914545433e+01
1.105193786693200586e+01
1.153111577704081014e+01
1.083087060542379909e+01
1.080715594540380842e+01
1.141435316105071784e+01
1.086292577242958401e+01
1.190345247179898003e+01
1.113005885565401520e+01
1.142001674096253794e+01
1.070320238309355787e+01
1.072766439664919425e+01
1.112104882073444045e+01
1.044323063148580211e+01
1.109163355824206754e+01
1.166323843989292719e+01
1.034871954175476993e+01
1.054569979144103087e+01
1.117609780018361398e+01
1.133761101635727009e+01
1.118309104177152413e+01
1.121520280082324028e+01
1.126858707713899044e+01
1.125438823814938871e+01
1.061081630806634912e+01
1.136015131392228383e+01
1.085862088778525880e+01
1.118745240276893504e+01
1.112682675257400255e+01
1.112120308512497502e+01
1.115605183872954953e+01
1.093211899110504248e+01
1.169602501986028997e+01
1.106987734597987760e+01
1.071938768221841620e+01
1.213643868476386523e+01
1.130918133607768539e+01
1.117051837140229864e+01
1.181118648365569967e+01
1.091103237310579566e+01
1.168790613722800664e+01
1.138838176903310817e+01
1.114561207197348658e+01
1.173822246664268043e+01
1.106653710946681635e+01
1.123810882498718300e+01
1.135680263684790425e+01
1.182377540553114414e+01
1.088318224091541353e+01
1.135943278151352231e+01
1.164519466016183280e+01
1.096280200580160269e+01
1.098535263955840335e+01
1.140411901670698036e+01
1.086708068854239606e+01
1.092075153916174202e+01
1.136793699507321698e+01
1.145755014593459364e+01
1.205860957029170066e+01
1.217386041615844583e+01
1.161329628142175174e+01
1.094663278017501185e+01
1.076842455053802183e+01
1.157296075213603004e+01
1.098940562798393650e+01
1.094383089988363444e+01
1.096411366341101257e+01
1.145242351239931367e+01
1.147514005667944303e+01
1.111522549635413171e+01
1.036964059283199724e+01
1.121913818352727610e+01
1.124196556546733738e+01
1.102092362580767038e+01
1.108698424360060208e+01
1.075134024679991462e+01
1.065505723265992444e+01
1.144990375840420960e+01
1.121241788127602135e+01
1.117220634163834703e+01
1.133347893588220678e+01
1.096612627904154103e+01
1.115571112669281995e+01
1.086718828296380046e+01
1.117375871272575161e+01
1.090879540647290113e+01
1.067143409727369985e+01
1.205818166427810034e+01
1.101209706367970043e+01
1.067213497692555713e+01
1.084845706626402517e+01
1.179098137641893906e+01
1.111127679892334186e+01
1.143937676508272894e+01
1.103368987544821955e+01
1.075413948762094307e+01
1.106185052254186729e+01
1.073271454528933511e+01
1.139440386912189318e+01
1.128515434022491881e+01
1.219214615297775062e+01
1.122833942774263960e+01
1.110372202517357643e+01
1.062240190155925568e+01
1.174501329969325880e+01
1.164794460660741926e+01
1.079205821478067584e+01
1.148182104252633629e+01
1.096090305257345499e+01
1.046493961015030472e+01
1.133785553662254664e+01
1.102465256962102735e+01
1.125004487521024465e+01
1.137415957788266851e+01
1.108739662899112766e+01
1.118817509127580223e+01
1.179317857688352156e+01
1.162836801490166216e+01
1.188919498909953099e+01
1.118683267987051266e+01
1.117915713044429538e+01
1.072738605169746862e+01
1.124608782016838937e+01
1.079806914096612758e+01
1.126705004391438436e+01
1.196499704718638490e+01
1.107931294658330579e+01
1.097040923510235189e+01
1.092705144656150473e+01
1.113998233662312742e+01
1.112249852943410566e+01
1.114289554959852779e+01
1.143691578488912164e+01
1.152127635668310290e+01
1.136637701459537730e+01
1.145286060666813910e+01
1.145294070339999770e+01
1.093387029057549853e+01
1.078588853030603900e+01
1.157487513277419033e+01
1.143991624182559264e+01
1.140383714989517294e+01
1.090552950247367647e+01
1.127706555608154915e+01
1.050140846714027099e+01
1.053967652221884244e+01
1.168062201097400532e+01
1.117256577524585559e+01
1.111414276069671025e+01
1.157161589221059117e+01
1.159615505832437421e+01
1.080391992100638276e+01
1.111549986961531644e+01
1.169857127613348879e+01
1.056699220610621559e+01
1.107858669683871433e+01
1.115625220235225434e+01
1.116892894639746814e+01
1.138682030233272968e+01
1.128226015077688693e+01
1.070376143112600786e+01
1.085274182933674858e+01
1.109748399331672708e+01
1.080997230466381787e+01
1.102390637215250457e+01
1.151652267728580803e+01
1.099549562081432263e+01
1.184791050404496815e+01
1.117329938634313891e+01
1.109660948272227188e+01
1.105612303327079182e+01
1.047066891721786064e+01
1.127799423265688716e+01
1.173664908626879111e+01
1.132053215097643317e+01
1.145395259217579387e+01
1.183979289083309006e+01
1.093132671844556292e+01
1.152070307516690129e+01
1.129925863804325026e+01
1.070329538308484274e+01
1.133345669454252302e+01
1.141543737541280201e+01
1.071422566333944637e+01
1.193003356095503875e+01
1.092137174276104084e+01
1.111037245005466545e+01
1.097404958803204345e+01
1.171287464175681237e+01
1.169801358806134495e+01
1.109310035486787704e+01
1.152417611388815999e+01
1.111928629868828011e+01
1.258782089934475579e+01
1.180282649017602203e+01
1.086722222052652853e+01
1.114323741549004865e+01
1.097183518256347234e+01
1.119441208996506631e+01
1.178482185057085552e+01
1.081915784466915120e+01
1.127528894830837025e+01
