8.955407361329234192e-03
6.321919250646255116e-03
5.399544665668869030e-03
5.276118539674479364e-03
5.336025460102371450e-03
7.780608555504754664e-03
3.901432790353910173e-03
6.249716636509635576e-03
6.087747570107240186e-03
7.118065102327162177e-03
7.576939243876993670e-03
4.971174497678875620e-03
8.473404086577375829e-03
3.532062839193240815e-03
3.555691153415487925e-03
7.485891296680597350e-03
3.571948822593390242e-03
5.749239221713999329e-03
6.107426528296175036e-03
7.081663226990947933e-03
9.289522117470394233e-03
5.392360239030940562e-03
3.220034069427401852e-03
5.084593159132819867e-03
8.981376788377782444e-03
5.921889309046540588e-03
5.831927663630042183e-03
6.079235893689280239e-03
7.409659990375789922e-03
5.222937448048432102e-03
3.409291155973024918e-03
3.769386442042125564e-03
3.911804505124385524e-03
5.281326848167333492e-03
7.009465033522042227e-03
3.976760457327933526e-03
6.657037125686572458e-03
6.351580446061235591e-03
4.963670028149621410e-03
3.971600259811443670e-03
8.507279200178290146e-03
5.581567638287051637e-03
4.089639009943291797e-03
6.230523922174359408e-03
4.041127531846122958e-03
4.619649223506593419e-03
4.300978429523587276e-03
6.451899992880223006e-03
7.557927506919851456e-03
8.450705805811231305e-03
5.120018545599738617e-03
6.544759646999259543e-03
6.350798029191391872e-03
6.201205529902550223e-03
7.078919664358756733e-03
8.243446666121544836e-03
6.713962574075098624e-03
4.361912917814438941e-03
4.575853108279797840e-03
4.734170825981907221e-03
3.185816689735317207e-03
3.463130383709321723e-03
4.956401041738477294e-03
3.829977718599565303e-03
4.383216758127373922e-03
5.801168179978244757e-03
5.869115254243600401e-03
4.942226405371873306e-03
8.830144974110507375e-03
2.779280756804824830e-03
5.802619959825542142e-03
9.039329199377185362e-03
5.541575883339021694e-03
7.277348708576106967e-03
9.086831769902815187e-03
7.997200501762356806e-03
7.401011348046138659e-03
4.465440009046543236e-03
3.883631440860548390e-03
5.879146192378829038e-03
4.812080023501481840e-03
6.527510501113546748e-03
4.857589807637081175e-03
6.619910556682393442e-03
7.592831569183946042e-03
5.623129593222014194e-03
7.359467548271205091e-03
8.048060836331239615e-03
5.084908266657824256e-03
7.223427940550980128e-03
7.933581410166154826e-03
4.997759308074553770e-03
5.849128093788467757e-03
5.053073082909410180e-03
5.172681751788155320e-03
1.156482765587230413e-02
4.387615557071878301e-03
7.599972577567736670e-03
4.195691716103348151e-03
4.715565010792150714e-03
5.456363178756654109e-03
5.840809472233902781e-03
6.409119503190051706e-03
4.206962982364291330e-03
5.124169945902389001e-03
5.729234225614238812e-03
5.584950204699128291e-03
4.332850638255268151e-03
6.958252383870731049e-03
2.994037140480047040e-03
7.227869226101032475e-03
4.667185235741218990e-03
6.228380432068132515e-03
7.726190377249725350e-03
5.700882980733808399e-03
1.153105152417661927e-02
5.978148746563725739e-03
4.517910408606569568e-03
4.800316819725690756e-03
5.803759096223352551e-03
4.621862675531393863e-03
3.443439419513286484e-03
7.480819120717775716e-03
4.316007520445822900e-03
5.360198093300939069e-03
6.559568722403200623e-03
7.668002752627947095e-03
7.738386937400418449e-03
3.142953880182624248e-03
5.785276805334926137e-03
6.628946134662863469e-03
5.942394754430861681e-03
3.756062485204341231e-03
6.472595183131975988e-03
3.213881744719212109e-03
5.166499194972142342e-03
8.229874425645307065e-03
6.282215599982756901e-03
3.534486118223918814e-03
5.649066866953131143e-03
4.422239308037234293e-03
3.947937474627832150e-03
7.879133853151200698e-03
3.539088513036506203e-03
6.844672725971246222e-03
6.906605601375668570e-03
8.464175029972280731e-03
5.852419214407083431e-03
1.942940004930711210e-03
6.189158992948852640e-03
5.720789896940034827e-03
5.888484094868169996e-03
5.588678546989503740e-03
4.654769067240101948e-03
6.855875312127727300e-03
5.706378997166568733e-03
4.430258685932659916e-03
6.354434230219628901e-03
5.447431590869464442e-03
5.857739137158181342e-03
6.763423836928438189e-03
3.679552010821772294e-03
6.310047323198357018e-03
7.470137909322520885e-03
5.151507645120812287e-03
6.164194021010256479e-03
4.221401866115370022e-03
3.740073358442842690e-03
6.481056046088093207e-03
5.341581562248002256e-03
6.070053194718444227e-03
5.119313121420858946e-03
9.370558081920818405e-03
4.255430459211484960e-03
5.912159116845134427e-03
3.772100396254002286e-03
6.689104737355854730e-03
3.058296949322661558e-03
4.339805269000847170e-03
5.442896156316995825e-03
6.406612202418698887e-03
4.688511405753717325e-03
3.765052587073960261e-03
6.961938295197815825e-03
5.900114562974861747e-03
3.401675173534962279e-03
6.508922755432963898e-03
7.216294451275062291e-03
4.876705730818444232e-03
5.429836743979275272e-03
4.284259138129867250e-03
5.657489456747744581e-03
3.991104300085167311e-03
4.734015049804317192e-03
5.025429138072777697e-03
7.243778050042204084e-03
4.812752760717354562e-03
8.589680284968898016e-03
5.236135109305293384e-03
6.874752022006219362e-03
3.756478851647458012e-03
4.194272423889255051e-03
4.058452794016075699e-03
4.975521495921477605e-03
5.263944796167019900e-03
6.052902853550965780e-03
5.870531723050355713e-03
5.352036694238834075e-03
3.792318935142329275e-03
7.704495525473822014e-03
8.001995076841447729e-03
5.914091868332907974e-03
3.503525076089407300e-03
4.257973578637855479e-03
4.598576361245427721e-03
3.687930494679685957e-03
6.161041583986605515e-03
5.529127764408533867e-03
5.587146553336211352e-03
8.298666272494995000e-03
3.425637229793976855e-03
3.222454020778845254e-03
3.770330244681705141e-03
6.326264732937457967e-03
4.753447240082110496e-03
8.156167762853702707e-03
5.374242303590807436e-03
5.932065251276425269e-03
3.945683747324967711e-03
6.232851769994656767e-03
4.197314545531368943e-03
4.680982143973814839e-03
5.081120567162352407e-03
5.758133998398504844e-03
7.819159318339459833e-03
4.306951148925535801e-03
2.995451181442026004e-03
5.060302675731314682e-03
6.215453769329923675e-03
4.479897685658607194e-03
3.219518734551026981e-03
8.481920176920643498e-03
8.646000141595668390e-03
8.106649468210767526e-03
8.771761238823328616e-03
5.379822689036715087e-03
5.306023536080719735e-03
7.367180424104283025e-03
6.694162650095100177e-03
4.064985711511815737e-03
5.403070055885136197e-03
6.629076657455010811e-03
5.504274630162053587e-03
7.391570002145555519e-03
3.965470309481028063e-03
4.943691434218746954e-03
6.122780226658333137e-03
6.595204951393728032e-03
4.307209967137129274e-03
6.313766388369105274e-03
5.051959033565004038e-03
5.081539243573991206e-03
6.846894609542327273e-03
5.445074470133867868e-03
8.038553458918934469e-03
4.260246048315240348e-03
6.090199151826802132e-03
5.422900655610198538e-03
7.470686975851540887e-03
6.437747770972786221e-03
6.325700331977746581e-03
6.094951398923889943e-03
7.517835606704419832e-03
6.762229359605061683e-03
5.179885267482580748e-03
5.392333407944822909e-03
5.802779976175800880e-03
3.680819123697105615e-03
3.641363282723027606e-03
6.561652941959626902e-03
4.259840503016997827e-03
4.365627754603896259e-03
5.218049093172211911e-03
4.982979715213812014e-03
6.271719152671975141e-03
7.362107210340468680e-03
3.559908521633492560e-03
4.668281694963231747e-03
5.330434031129950394e-03
1.027886505682948370e-02
5.348721996770717906e-03
5.976823886465585864e-03
7.207041398268169280e-03
7.577106225822352256e-03
5.098210323683860686e-03
6.809218613964220304e-03
4.605183638753299058e-03
7.968259892576743525e-03
5.780690027765551797e-03
5.092468068048634604e-03
4.631640851825582529e-03
6.165738964041472120e-03
5.174626499004619622e-03
3.547457482209373080e-03
5.725483540165959666e-03
6.495139372270588955e-03
7.808333514475312813e-03
3.863795602940202703e-03
4.451769958510987980e-03
9.459268410784793177e-03
5.383279729165267591e-03
5.493464684983359082e-03
5.968156474426187207e-03
3.918964891319906378e-03
6.770398207148490589e-03
6.862558540170455613e-03
5.315367784841175218e-03
9.011567312469213539e-03
7.067287866245035993e-03
3.908123626669000872e-03
4.621452923745108902e-03
4.975364675389688102e-03
6.646445538379742654e-03
6.849977711693848101e-03
7.037953014543964561e-03
6.711304275094745128e-03
5.492010502036240999e-03
4.798196881590985341e-03
9.184019054612919952e-03
5.941342119661758431e-03
7.102059886879215876e-03
4.920470060293051506e-03
7.066337529847669871e-03
4.295408340517690125e-03
4.862265667745788514e-03
9.555318347993254149e-03
5.727023317818883547e-03
1.114447577266248525e-02
3.965402285006892902e-03
5.721000159767770585e-03
7.547431198964670539e-03
3.744864413791128190e-03
7.992359638740993352e-03
7.794786970826423321e-03
4.191948333351760286e-03
5.592395218596528036e-03
5.686136218612944208e-03
6.301226021303332411e-03
8.222806719721122148e-03
6.432830270327483980e-03
7.208753184693265058e-03
1.035322043837768116e-02
3.263367570077517835e-03
5.048238071506685153e-03
5.685799385147270041e-03
5.338613672476557812e-03
8.156899272920117502e-03
4.327939297913795461e-03
4.423808760237569505e-03
1.087131070808176371e-02
4.491834692950254573e-03
5.473519265639709488e-03
5.134686053986306162e-03
7.633777394300927423e-03
4.022375669848999961e-03
6.657623119347289530e-03
5.377194537582162016e-03
4.444960522845764483e-03
7.158379187920662842e-03
5.594269210322825800e-03
4.857206530826662337e-03
6.663975981548939283e-03
6.638330373176223875e-03
6.135390035555321822e-03
5.367712804005276596e-03
5.117103584713920961e-03
8.850937740764619477e-03
5.038062496630756754e-03
9.559100662802112736e-03
5.690169476119588329e-03
8.841671588332638415e-03
3.799312697240220856e-03
5.959054506962991639e-03
4.064859135231855755e-03
4.631244984214361558e-03
7.515257526689749119e-03
5.098688723169702598e-03
8.571355696928965179e-03
4.591594704656648193e-03
6.258781470402835327e-03
5.807849997309324878e-03
5.749622149206822484e-03
4.432676411389596845e-03
5.674900081471063486e-03
5.655655760004526210e-03
3.844057484692509769e-03
7.499852964522994887e-03
3.124262818660717388e-03
6.291305347183629576e-03
3.169822970081210764e-03
5.417566654852127780e-03
5.154972870184069619e-03
6.374697115210276564e-03
1.121109258934512541e-02
5.681164672164538271e-03
5.458866209584509188e-03
6.331798524067761870e-03
5.652276670064414893e-03
6.686042069656008072e-03
4.817828855135240958e-03
6.212381396301213526e-03
4.860275299056937039e-03
4.950364861098269578e-03
4.510854708517687134e-03
5.326296194777351695e-03
4.420547892741611903e-03
7.967027223560132002e-03
4.973913875943757577e-03
5.899771161790219945e-03
6.656245986477722296e-03
4.969117731000976222e-03
5.544578129399670326e-03
7.824869479852808452e-03
9.334504608151730776e-03
4.598467447649389958e-03
4.893868843393521691e-03
6.147125728349944404e-03
5.797329720152284531e-03
7.861124925582229500e-03
5.801902444090344634e-03
4.689000175722983499e-03
6.982487294802991809e-03
6.132093247232625784e-03
3.677450355798729097e-03
8.730584301372724954e-03
7.257603539259973105e-03
4.207164736626701693e-03
4.203464900928538008e-03
6.156120198509568327e-03
7.052701935554280509e-03
6.664244567662606748e-03
4.835263885723535549e-03
6.289618247176526934e-03
6.750743804980968189e-03
3.289389686195475643e-03
5.215615317870544825e-03
2.719198046724824458e-03
6.933235393284558831e-03
7.198277538849452359e-03
3.312360234655060878e-03
4.862673007749114366e-03
7.266603532614645915e-03
7.354849379126214906e-03
6.518989940599061519e-03
9.663867442562458498e-03
5.653895956778164436e-03
1.022673230953692787e-02
6.815164727223240251e-03
4.122961283138389110e-03
8.247014256301501284e-03
4.840465370461002545e-03
5.839897678611823996e-03
3.632130246272548702e-03
5.429534352527664795e-03
4.888787167437043737e-03
7.271044725288096887e-03
5.766353343629154748e-03
5.372729197754852991e-03
7.134659740484270048e-03
6.008137081798496995e-03
5.259423092365381018e-03
4.819820784279161413e-03
6.537762939336912854e-03
8.400197085786887882e-03
5.182820589476817494e-03
5.223109163615288937e-03
8.256020538085159094e-03
6.053892693983099239e-03
7.026530791634821513e-03
5.452244496135942413e-03
6.767684851642126118e-03
6.907664516251435689e-03
5.361896329637393446e-03
5.102508292108065557e-03
7.061092912050402799e-03
5.618229578994951567e-03
5.151518218889019653e-03
4.371168164789229933e-03
5.762790435576154412e-03
4.590539875898859770e-03
9.399739510174903029e-03
6.250241520760275310e-03
5.384396441279740674e-03
4.605648166354656993e-03
5.004244447946874612e-03
5.966616975604400325e-03
4.522479032155631712e-03
4.468006333493674577e-03
5.244363060979946936e-03
5.638960246545748380e-03
6.003682359044726878e-03
4.250930571809970887e-03
7.986071700739241774e-03
5.713706483232390554e-03
6.193870910525997239e-03
4.887750418177551348e-03
4.450909421071375105e-03
4.205537846784258675e-03
6.750166858829495520e-03
6.016015250603491508e-03
7.442707259364241684e-03
4.200933015546350242e-03
8.083524448425952538e-03
6.869879308408495533e-03
3.097207083815897623e-03
7.827314101165522287e-03
5.006029775365074611e-03
6.764341055134868996e-03
4.017067185563332095e-03
8.634601202400655692e-03
4.500883021029142630e-03
3.372861738566209928e-03
6.659770026195520332e-03
5.554585202972534518e-03
5.581465000256102295e-03
5.652690210521937701e-03
6.407141447270851310e-03
5.615330975180896078e-03
5.263299181751412460e-03
5.195427124470484125e-03
5.395965263718455890e-03
4.620490528386402874e-03
4.023949889696088258e-03
7.394228107026643709e-03
6.263928626166687282e-03
4.778385894631765815e-03
4.312945232730624155e-03
6.704528372077907077e-03
6.797594157024304702e-03
2.950477745043600126e-03
5.125412925999686849e-03
4.007530974201071843e-03
3.059873734655937927e-03
6.089074913655179166e-03
5.848013387415840723e-03
5.664114678966296855e-03
5.680061112062861732e-03
4.260075020546969828e-03
8.551300343082790870e-03
6.761595844732602029e-03
5.578055309419285498e-03
6.124790140018224194e-03
7.228447897145504411e-03
3.290470979665619227e-03
4.527894799303935729e-03
6.102627900366195887e-03
5.544159418138229663e-03
6.569625263506569807e-03
7.407381738258554324e-03
3.308950340793746694e-03
3.630673284783422598e-03
6.788888316906322232e-03
7.229817249996416291e-03
4.468061760543011983e-03
7.788369892102510635e-03
9.739628925912423296e-03
3.618801871090495358e-03
5.755412733048442808e-03
5.825967023489861570e-03
5.849148811646491530e-03
7.081186434880993794e-03
5.985660785351715370e-03
6.374579038404566862e-03
6.991125372831256263e-03
4.723632027253341255e-03
7.494190721308900162e-03
4.045677264575098936e-03
3.945888094209175009e-03
4.602945976853109467e-03
6.909255004892363855e-03
9.364309640401901128e-03
4.606434289334214970e-03
6.632972830352166366e-03
3.463600223894524720e-03
7.750535992327432268e-03
6.535093840873559649e-03
4.831511240021031835e-03
7.128183760952822197e-03
5.711268261510644116e-03
4.821509501862205303e-03
5.042509696301764217e-03
4.197188150727482712e-03
6.456799803716741643e-03
4.979319753314200361e-03
5.473635070931586258e-03
7.131550175675022661e-03
4.531772088115316142e-03
1.002781911175613071e-02
7.334178598784346984e-03
3.610074579451165010e-03
6.332781307788508222e-03
5.352575449840600574e-03
4.012122836585884679e-03
3.867052687206910030e-03
5.746017677846680660e-03
3.841798147109926672e-03
3.973023645957928646e-03
6.223778239339394780e-03
7.571141581389519842e-03
5.810700271288004454e-03
3.681310529080265414e-03
7.088732221662036315e-03
4.309474536015532944e-03
4.255383981803743075e-03
6.056134409929140455e-03
4.142712433093420285e-03
3.189961512721772863e-03
7.797085070192334190e-03
5.405028350561318778e-03
6.709604404596122319e-03
5.500071046487090692e-03
5.210000167015163205e-03
7.458979197516615173e-03
6.818520023695986802e-03
4.213352951189726012e-03
5.038139427512581398e-03
4.955965029839110893e-03
6.416871500203929699e-03
5.032870975845786174e-03
5.040675809765180794e-03
5.872687438807288815e-03
5.475258983712960256e-03
4.988294055765131983e-03
7.877948600597333220e-03
4.280423038683504530e-03
6.846752047150004607e-03
6.301190283776896862e-03
9.752418771451165647e-03
6.648291974946557263e-03
7.738255622368708092e-03
4.661477269094305674e-03
4.568995055346599873e-03
4.763854022677403016e-03
4.731280590604936519e-03
3.253903861814619065e-03
5.379013161810450652e-03
4.625215889833844858e-03
4.158755290357999020e-03
5.429575822563319394e-03
5.891901484656026852e-03
4.040859391089259012e-03
4.148252655554342423e-03
5.937694060228140489e-03
6.108133497713177928e-03
5.484141873603205937e-03
5.495646493579740312e-03
8.739288113780750017e-03
4.031803136187546086e-03
8.440910863669987343e-03
3.689390500508226301e-03
5.922180854620592155e-03
5.026392662060005095e-03
4.042170255227559017e-03
6.380639811194147026e-03
7.907092457899275034e-03
7.326935608426804296e-03
9.140279198370387242e-03
7.401131039076952640e-03
4.331151423174244876e-03
6.032688353943117462e-03
5.982871957175247765e-03
6.046970980525602155e-03
6.786558149160543119e-03
4.111295254159760999e-03
4.981181737963987985e-03
5.195328011047624546e-03
6.339973952778057455e-03
5.980676074001515727e-03
5.761867535936955782e-03
5.353486159245334115e-03
6.312231351471099365e-03
7.534094633699317707e-03
4.930412523706454407e-03
3.575016384200232697e-03
4.344768804108878162e-03
5.586894875686703940e-03
4.920854235669282380e-03
3.276997154506226632e-03
4.968049014920334489e-03
5.055107130122077699e-03
7.961970664660748820e-03
4.255425462739990602e-03
7.085606449549982679e-03
3.412251555026342420e-03
5.513236393260329167e-03
5.693119271879187523e-03
5.978753241108206162e-03
2.512965793142280403e-03
7.064692105897794894e-03
6.198310014399409894e-03
7.165056374132868292e-03
4.713778194819474854e-03
4.646309313541323489e-03
4.293988183296720135e-03
4.440256593869950676e-03
5.298403145397413867e-03
6.270626143994872947e-03
6.633815610825411456e-03
6.978605218969259096e-03
7.062933179669618131e-03
4.133285468452277400e-03
6.347321563107649438e-03
4.564617725707350096e-03
5.788100879392465981e-03
4.755044033773566346e-03
5.217738669273277834e-03
2.842428404486518206e-03
7.195497695253088091e-03
3.998687595983897551e-03
7.088927540135078233e-03
5.960220209028435634e-03
7.430564614412953420e-03
4.794623293031850114e-03
5.667715558424178679e-03
5.240657746776853157e-03
5.103861025695121713e-03
6.147384376603990709e-03
3.651316281852564228e-03
5.459412673633705533e-03
7.677313021882748931e-03
6.114620458214687845e-03
6.003718485214953188e-03
6.475446889658740060e-03
4.612617592923267187e-03
5.112119803375819033e-03
6.907847811846106779e-03
2.126936013600627413e-03
4.929378114537842637e-03
5.078388250505916877e-03
5.760548538943221532e-03
5.458317695966954930e-03
9.107685048854291185e-03
8.550987933783112810e-03
3.752204275740891794e-03
5.836221801028289649e-03
6.921337172078023334e-03
5.937950781339545146e-03
5.003034967348518949e-03
6.604237199299402283e-03
4.824674631382153307e-03
6.072047964723645275e-03
5.174675178562657824e-03
6.676639892961007058e-03
4.800426901884434321e-03
8.277940262868663593e-03
6.093025197602771996e-03
5.941900031070202794e-03
5.672230300745619708e-03
7.929146324003689961e-03
6.092888439014045900e-03
8.729873047721549775e-03
4.721108736236345228e-03
5.367918139206491988e-03
7.077066787171237827e-03
6.648724687323244280e-03
3.944426554286110075e-03
7.303497578137920290e-03
4.758077785732949504e-03
6.860869326341758646e-03
3.957134107198033608e-03
4.407394937861834443e-03
5.439529691174335886e-03
4.697669498637575478e-03
5.411605182703341059e-03
4.705820281998906313e-03
3.089044865087753593e-03
7.238122620649487145e-03
5.797143310033469644e-03
7.628522835058744803e-03
6.707069696407988967e-03
7.171284913679888684e-03
4.496220728790497993e-03
7.801374771154090046e-03
5.184038881524281710e-03
8.554610281477461817e-03
6.368349756324089006e-03
3.837643176410759655e-03
8.663224734857732576e-03
7.153714682067460057e-03
5.233090399818374726e-03
8.477194174301611734e-03
3.738317929074573900e-03
6.569697024235534796e-03
7.158971731511161625e-03
4.770725802262191541e-03
5.632309429946999284e-03
7.498127966408221941e-03
5.981433258794308441e-03
5.986147931046012678e-03
5.962050671941387936e-03
3.964463934515911371e-03
1.015558509912240642e-02
4.617142716484466669e-03
5.472324046282349246e-03
5.621627164411191827e-03
4.190827953663554643e-03
4.787238474435228167e-03
5.042297900361084571e-03
8.300169625062220335e-03
8.363868916687649396e-03
7.106925018784016057e-03
5.414301548600002935e-03
6.060011026701698708e-03
5.988052532316880464e-03
6.841665303584436482e-03
5.392485797532689876e-03
4.683988945578291922e-03
4.722314383369839372e-03
5.538892059393327183e-03
5.078468615074013467e-03
4.923909914835968016e-03
6.566931813520113931e-03
6.984095134976392102e-03
5.220195798712024861e-03
5.523243186916992030e-03
7.268995037948949856e-03
3.116692071565278343e-03
5.229354714051336582e-03
5.490003402302177926e-03
5.793491021837141042e-03
9.890365309224338763e-03
3.700342273155839221e-03
4.734537414679659134e-03
5.643147813750752813e-03
5.472281044115306740e-03
6.252835843464037320e-03
5.590807336723445722e-03
5.488817858049445733e-03
7.350682604323658699e-03
6.634339530057988335e-03
4.922390095680611449e-03
2.328213311656887347e-03
6.618180841187705846e-03
6.007201539338687633e-03
5.760483399395071973e-03
6.117076898727859431e-03
4.131123982843900450e-03
4.161412317705990606e-03
4.288343238569963280e-03
4.845882533083246957e-03
5.025226063163193251e-03
5.889335123213716890e-03
4.925300109958092622e-03
5.389453226430396780e-03
8.008786486686174377e-03
4.093089001515019289e-03
4.145834294663966989e-03
8.748726152319630939e-03
5.342708353773185058e-03
4.556719002127112596e-03
5.664369909739090311e-03
6.214122920671312500e-03
6.397285585499295699e-03
6.171607555912816609e-03
3.365876098226799375e-03
6.342488113612295211e-03
6.827148444683125289e-03
3.620562552905153865e-03
6.210979213017212529e-03
3.921718868190403502e-03
5.330396162444682971e-03
3.027608952438505009e-03
5.738288753919062839e-03
1.135110585985346990e-02
3.892748975926995161e-03
4.943702960914710988e-03
3.954994634488978589e-03
4.654220437643842752e-03
7.415838440574144992e-03
5.015596176341119428e-03
5.609506768339190229e-03
6.676508048822735186e-03
5.468973661988271728e-03
6.453198674850904593e-03
5.319845483098071225e-03
4.702183563109383312e-03
6.644206670860668823e-03
9.525178579178839033e-03
5.038780278094168869e-03
7.838523200945251776e-03
5.249981667748008715e-03
4.330538925470949971e-03
8.137178141987619698e-03
6.384837788809370231e-03
4.006056331741321939e-03
6.584213318220650570e-03
4.552594962326022773e-03
6.135129675420365053e-03
4.070156855463014783e-03
7.023803919348430187e-03
5.621622783920234012e-03
4.917829736643182514e-03
5.106451453114330477e-03
3.756550704010328326e-03
6.264885925554581313e-03
4.825357141859744174e-03
5.334564370391002563e-03
4.220612661487215152e-03
7.788823837947354140e-03
5.883904631695086561e-03
8.030689449643618055e-03
6.690987537465930939e-03
1.036029661300251134e-02
4.082294944330018029e-03
3.574644683696347885e-03
5.193752886197717904e-03
8.193200091939382632e-03
2.573352082720976874e-03
4.713533616038184659e-03
5.323370320801967467e-03
6.962608842568846629e-03
6.332909724871518993e-03
3.907631914185612579e-03
6.519115321180954901e-03
4.722148856211382840e-03
7.223194312127707850e-03
6.494069071429931297e-03
3.930472931217285533e-03
4.183146203493411791e-03
6.353602158345903091e-03
6.137097504775727505e-03
7.518049071631440101e-03
7.139701777892535142e-03
4.896823990541235641e-03
4.765867954325393036e-03
6.672521891915777180e-03
6.239549264055989364e-03
4.908167320741976120e-03
8.981296518503743137e-03
7.126021725291360569e-03
3.966007329850119133e-03
6.972281317589659744e-03
5.653777318642183407e-03
6.233842110558408638e-03
3.718946963193386912e-03
6.420136688081706962e-03
6.643113343328098559e-03
5.807378852764535394e-03
6.250547942842561364e-03
2.512549132825645654e-03
5.937809612280462064e-03
5.403834740307852068e-03
4.918282441817896887e-03
5.838957886878079311e-03
5.538257916771368444e-03
5.553041240508928625e-03
6.164552504765203819e-03
7.122262909710789201e-03
4.420436462299636750e-03
4.465834029992767941e-03
6.602461094617937190e-03
3.914456040692052344e-03
5.488363466019310390e-03
4.887728069233061162e-03
6.510477349503313201e-03
4.772750936456943323e-03
4.945001996589656369e-03
6.869935725015965423e-03
7.168123997353243598e-03
4.439664573702091326e-03
5.567799509497491084e-03
4.013312278940693242e-03
1.017918916796606635e-02
5.866258001176072323e-03
3.461162924925077766e-03
3.264348388359145439e-03
4.536913397697444478e-03
4.984500856784699827e-03
7.165461584504706494e-03
7.653642066218982118e-03
9.120181967134030621e-03
5.458969602478125696e-03
9.479222453316107563e-03
8.732870778654868230e-03
3.772778160401820367e-03
6.631195860559422652e-03
4.693882584966183914e-03
3.192703316017329353e-03
4.610218717348520991e-03
4.993283369201822162e-03
4.017572390099613706e-03
8.797070317849216281e-03
5.417935802084084505e-03
4.837954501837767735e-03
8.232582001677372224e-03
3.994512514421784226e-03
4.257705884281747302e-03
7.388338699703807418e-03
6.978644847088350846e-03
6.022275011490022152e-03
