1.362076810557501065e-02
2.244302501655217122e-02
1.598654617136386138e-02
1.642752818054925984e-02
8.285873737637887426e-03
1.122978238081514743e-02
9.914112779229912464e-03
8.953725123543089873e-03
1.305876745190136419e-02
1.124963063717348589e-02
1.328070440132747901e-02
1.586262274811029230e-02
1.287239820884636572e-02
2.261228473042899492e-02
9.882696150098803020e-03
1.314371960302682628e-02
7.127783499119973165e-03
1.464433919413852918e-02
1.405750782155017198e-02
1.542838741709377966e-02
1.213495121257100219e-02
1.276473476270962269e-02
1.144429455517437938e-02
1.175035781704094652e-02
1.172823631342670772e-02
1.572979556001803669e-02
1.083677190153540040e-02
1.438922754252299797e-02
1.085119722776740209e-02
1.514429861273426658e-02
1.487719390742963353e-02
1.107471981990961959e-02
1.234305253137166040e-02
1.774498036303004400e-02
1.411493456195987359e-02
1.346747204344391456e-02
1.412934004913179824e-02
1.548216640821606718e-02
1.457705988341674759e-02
1.268799833865258408e-02
1.619362113644443740e-02
1.880048296780635619e-02
1.092627630778389598e-02
1.041226310013774331e-02
1.351473912297565354e-02
1.258872530725370885e-02
1.152698572366800400e-02
1.276235898359665520e-02
1.287605881361430192e-02
1.598764800241866957e-02
1.595490389969279887e-02
1.658649080194016245e-02
1.384575109508142179e-02
1.206859802094608844e-02
1.664152872468870753e-02
1.069428661915197004e-02
1.747475035643343902e-02
1.227714077815928069e-02
1.597211894297778656e-02
1.044729344481905818e-02
1.716552094798697373e-02
1.528508068583236783e-02
1.478147690519095517e-02
1.815118601470856741e-02
1.346168551340382394e-02
1.627034524143776417e-02
1.024628640774305835e-02
1.095974148338796188e-02
1.253585653253351528e-02
1.519970116819852925e-02
1.213040199921697725e-02
1.232784295467979213e-02
1.487648720421266661e-02
8.039073831979479112e-03
8.946943565440573440e-03
1.284670303753030450e-02
1.858454025115732419e-02
1.333749236145432074e-02
1.554578851939452007e-02
1.242411845078203805e-02
2.670837889373862961e-02
1.637401175882425425e-02
1.540210517193396113e-02
1.203247968332099918e-02
1.434307662251152818e-02
8.759110472732685101e-03
1.575408070673509076e-02
1.124425743431695969e-02
1.266141621018142434e-02
1.562886156028494428e-02
1.692807358711073684e-02
1.713199435316241012e-02
1.282437100849638696e-02
1.090445806706559148e-02
1.234810231283489136e-02
1.113416142590075396e-02
8.282792028488951408e-03
1.289495164150615547e-02
1.146454652779087952e-02
1.237359166135720487e-02
1.089017104949169604e-02
1.002863937934030288e-02
1.551181705318486863e-02
1.079551815103933950e-02
1.313802096468964439e-02
1.708300575685117728e-02
1.472207397000644194e-02
1.190114589769472771e-02
1.170782368403545069e-02
1.425765974994120874e-02
1.657273424488292859e-02
1.490166185924417762e-02
1.507259672635829530e-02
9.117938717083591202e-03
1.390724052101732604e-02
1.370579849664912628e-02
1.425403884597827714e-02
1.196996993014017886e-02
1.294695564511038656e-02
1.456427989663528454e-02
1.570886803279442079e-02
1.137075415001399803e-02
1.218451604947958129e-02
1.647909568107699604e-02
1.154704114153861511e-02
1.459302339815453722e-02
1.612121465422500580e-02
1.453712807484989177e-02
1.308871368812602153e-02
1.684282936737442615e-02
1.420702463272360480e-02
1.648419954887360081e-02
1.796979117442380064e-02
1.092825133028952310e-02
1.198415244271504830e-02
1.415800979921993073e-02
1.226886092230446666e-02
1.571026291561952379e-02
1.615907174491791609e-02
1.310589961672651432e-02
9.982969661377617127e-03
7.304177148186256040e-03
1.603998037050220760e-02
1.903725041694397796e-02
1.332027041215609262e-02
1.321872372590318645e-02
1.164970353688822048e-02
1.312416173787386842e-02
1.170451958359182767e-02
1.356723861809142756e-02
1.171474714985743827e-02
8.523095689612177756e-03
1.008746232983892717e-02
8.047342653126942150e-03
1.141734966296430002e-02
1.298769447799314088e-02
1.322637707781690319e-02
1.511817729842649706e-02
1.302405198560379306e-02
1.468639109570136006e-02
1.491104888782307340e-02
2.493524565262952505e-02
9.298595230743191692e-03
1.591004069855603276e-02
1.210836977454529152e-02
1.402495002359899559e-02
1.600456541557396598e-02
1.990299940597607675e-02
1.313179502004752607e-02
1.172488164671950904e-02
1.238515587419378346e-02
1.428422101585190285e-02
1.149064954392263818e-02
1.144445469599783723e-02
1.494883622613028817e-02
1.251572359844194647e-02
1.024999868227972552e-02
1.224488739180945585e-02
1.450200807660623724e-02
1.426188932404910854e-02
1.523635625359196985e-02
1.511863682253811528e-02
1.067780390876052997e-02
1.298044087282527320e-02
1.192610933221052889e-02
1.696717729692635498e-02
1.261672644169707820e-02
1.451230209583893697e-02
1.160923837863963443e-02
1.464647417071704948e-02
1.620608928724525874e-02
1.556415393733522404e-02
1.502201367180840130e-02
8.453912976220997327e-03
1.127010089785610188e-02
1.044930999609916013e-02
1.467416561975494298e-02
1.076108957099881219e-02
1.389792112880619546e-02
1.572939056558135887e-02
1.161024188893578467e-02
9.926011097652393325e-03
1.585061439989664950e-02
1.502260475576624489e-02
1.648354578205342078e-02
1.478108921085661415e-02
1.418731585119483579e-02
1.287560085146940460e-02
9.468574955739366555e-03
1.258682474740196143e-02
1.266422825347369302e-02
9.993022766640598936e-03
1.622664467324625229e-02
1.333726281734291287e-02
1.449237212761686489e-02
1.251002261607601571e-02
1.083670393714687187e-02
2.304948789686777494e-02
1.129915032158250454e-02
1.763876116381695933e-02
1.069027523857700446e-02
1.337755904250652501e-02
1.417378375591212339e-02
1.244146150437541905e-02
1.780336328394227507e-02
7.304780706166445932e-03
1.538579615723735007e-02
1.565506767546138642e-02
1.375003839367013037e-02
1.795611848427228208e-02
1.015932379860115531e-02
1.572787352629909444e-02
1.223987709040595326e-02
1.074256657896890607e-02
2.146457608334487524e-02
1.385889123820597223e-02
1.525025456597371189e-02
9.641480958509073343e-03
1.442158896599911831e-02
1.938390877727677250e-02
1.275385405574423585e-02
1.809475936898165271e-02
1.184485032283599630e-02
2.122304331294452145e-02
1.055199015432659038e-02
1.075546729467950421e-02
1.370277152007510872e-02
1.241208462947292201e-02
1.118437363696460178e-02
1.955649790228973159e-02
1.223232288958892716e-02
1.123072068975873236e-02
1.683871196930935774e-02
1.379668596431620105e-02
1.549711810350691207e-02
1.260154665890297378e-02
1.497500361268027519e-02
1.275207072041133552e-02
7.556466296609956612e-03
1.672311424668753571e-02
1.306464312136211385e-02
1.068678423290001823e-02
1.085228687993882932e-02
1.647576505137173311e-02
1.828768622520855758e-02
1.176486721960906534e-02
1.218033465244665325e-02
1.055572517196894447e-02
1.394274793708172311e-02
1.814117234960246558e-02
1.362169759997487566e-02
1.786667865320748505e-02
1.130769049138699404e-02
1.443853022693391414e-02
1.061061673061817513e-02
1.315318386733388759e-02
9.539644482784940399e-03
1.287367605207218220e-02
1.564652459949826199e-02
1.133274633182303204e-02
1.816715129231325984e-02
1.518167347164386255e-02
1.216419862950008507e-02
1.616763729454342297e-02
1.945123987939245680e-02
1.022799798278571475e-02
1.931428050296072479e-02
1.072266615944942290e-02
1.462485918094810766e-02
1.337552867481756579e-02
2.214653189549762105e-02
2.023001039331007167e-02
1.129990695608937452e-02
1.168437775272105489e-02
1.214442221349163950e-02
1.569842855748602647e-02
1.259926305483009129e-02
1.449444444051983111e-02
1.300441907527600215e-02
9.087638035144601084e-03
1.492865752692937482e-02
1.560854281286882216e-02
1.985863025334012877e-02
1.001904845976748018e-02
1.317501274824586961e-02
9.911379024586323971e-03
1.105929331277747361e-02
1.850277112303261307e-02
1.231613082038617545e-02
1.232816299278225586e-02
1.436237524603657494e-02
1.378575563313605944e-02
1.552802437201450912e-02
1.474372515136489203e-02
1.571218972535572481e-02
1.854063679264723180e-02
2.061191449331693792e-02
1.243476272385593377e-02
1.132612155552772774e-02
8.538645120301894403e-03
1.476573838308894472e-02
1.052969806710196514e-02
1.045196176125967429e-02
1.610662391039361166e-02
1.562958231684993815e-02
7.723173596965814298e-03
1.436223342179827021e-02
1.367074687754969188e-02
1.388145061766803481e-02
1.998257389627816280e-02
1.413991789592239715e-02
1.193132550782847676e-02
1.354402279005001604e-02
1.718771736714406334e-02
1.473926928553308258e-02
1.145338236929574309e-02
1.350312045680009988e-02
1.170691479692821495e-02
1.924088323381508564e-02
1.998861556738232292e-02
1.594749942207360563e-02
1.305220707679451315e-02
1.496359701844286912e-02
1.316232216712211883e-02
1.806068356567310657e-02
1.127243639078551012e-02
1.475063247530679703e-02
1.303655839226089928e-02
1.526634991040330160e-02
1.378255144263229766e-02
1.261520164959375155e-02
1.318346601146252149e-02
1.204949733631765184e-02
1.054978254038368979e-02
1.458723704957682644e-02
1.232497988459775075e-02
9.925623327736915469e-03
1.269083829223752874e-02
1.794341860062820260e-02
1.467132056450255392e-02
1.173157786020929440e-02
1.059442856012781167e-02
1.340203950339115962e-02
1.071551069876842607e-02
1.749203128806436219e-02
1.488633143180402574e-02
1.915113618644267990e-02
8.987569767791163053e-03
1.377862862366821366e-02
1.481033801241571878e-02
1.542194779894747771e-02
1.735069617961651489e-02
1.439015147241512471e-02
1.789785491156363831e-02
1.524469378126343082e-02
1.217450711182941139e-02
1.257895796144116972e-02
1.429548050004793985e-02
1.206475281194952474e-02
1.214549743541190607e-02
1.859339290421732280e-02
1.247118123702885967e-02
1.409619756494677120e-02
1.360052203023504221e-02
1.455766500951653254e-02
1.273314567104497953e-02
1.166236874443875131e-02
9.991545537831911933e-03
1.237809927455435499e-02
1.165153083464853800e-02
1.589606742292010502e-02
1.278079174850700779e-02
1.688542683278527676e-02
1.625526170903145856e-02
1.409823380817947641e-02
2.165796710629065355e-02
1.215452875985328918e-02
1.205375872580834000e-02
1.275571980109191025e-02
1.411513785041419375e-02
1.041965554136743341e-02
1.479581275048942948e-02
1.413907037850292182e-02
9.662871671859652942e-03
1.148767194348859766e-02
1.221641454080572321e-02
9.085836374221660516e-03
1.722205152956885962e-02
9.603795895860247137e-03
1.440584912757160441e-02
1.130049661465925941e-02
8.622032147450857040e-03
1.203689596992911504e-02
1.044650716545196881e-02
9.605022400883598405e-03
1.417746860778116777e-02
1.863168981077362521e-02
8.174523429371412936e-03
1.345528918551879005e-02
1.341621862784761476e-02
1.846870775289842850e-02
1.515172580901544969e-02
1.413152647661684684e-02
1.734225072474983309e-02
1.204852914349618768e-02
1.211165403911155028e-02
1.112912871983927181e-02
1.030079502384341136e-02
1.085429893340867855e-02
1.581769849056649871e-02
1.056647488883661994e-02
1.627578331651033730e-02
7.594779381771868745e-03
1.155205086196172369e-02
1.161466486717246255e-02
1.397585086760372471e-02
1.674192980599469027e-02
1.278414289065752177e-02
1.721559451204878605e-02
1.284194343921655004e-02
1.349883622259030400e-02
9.648425548010423902e-03
1.493729316826316114e-02
1.807732405306733403e-02
1.328411963933102610e-02
1.127027674200129295e-02
1.444491928542708699e-02
1.925206761768870692e-02
1.758526555228454025e-02
1.154058279985729213e-02
1.473745252775584928e-02
1.503320109457030596e-02
1.666422749406376580e-02
1.042712614200853177e-02
1.279159037862172624e-02
1.501365164558812748e-02
1.468546349221182268e-02
1.471532313428273141e-02
1.695077107165632313e-02
1.327573741054648843e-02
1.270044179467730641e-02
1.624147073907052791e-02
1.889498728070724068e-02
9.748116013272410327e-03
1.082179926205112039e-02
1.422789607109017918e-02
9.507344655778430728e-03
1.721911457292865655e-02
1.763562700734140620e-02
1.173575065748326367e-02
1.407442479666252792e-02
9.031171106902947596e-03
1.243178811866661217e-02
1.200842662402758741e-02
1.608362180739221839e-02
1.211121962413692563e-02
1.737040933968930084e-02
1.483255126325445060e-02
1.129134412693406399e-02
1.288020531603206384e-02
1.151798691024600099e-02
1.459230503757273124e-02
1.542339562076011118e-02
1.247365132246930353e-02
1.251892036501354825e-02
1.097625813164300815e-02
1.192868653662050409e-02
1.321371380096727187e-02
1.215192438729254323e-02
1.042743301322968975e-02
1.592409131736530203e-02
1.066576830510545561e-02
1.282153843540041402e-02
1.608089229421406571e-02
1.176361007691215273e-02
1.988289548230082887e-02
1.366776549124511762e-02
1.412517799236852854e-02
1.489837801110904456e-02
2.029417290374295815e-02
1.199087332271412537e-02
1.803076527146432045e-02
1.284734265130829320e-02
1.323388657803920010e-02
1.295601478172805042e-02
1.136078669216588830e-02
1.224749040159911311e-02
1.769604895482764298e-02
1.245259756378359374e-02
1.297836593591497958e-02
1.317294302792302793e-02
1.121246710270652758e-02
8.721380346590186169e-03
1.420760152620493232e-02
1.000122353557375728e-02
1.034412326148743608e-02
1.487972753962797309e-02
1.100801140225343179e-02
1.383402847630819422e-02
8.143568064571105741e-03
1.677937254187411922e-02
1.400116188342619659e-02
1.615797518474518940e-02
1.317532338349795482e-02
1.520552873931029642e-02
1.287051329804618505e-02
1.240059461737691784e-02
1.321253383425972060e-02
1.023526539484152613e-02
1.316784966146314004e-02
9.963738044257246934e-03
1.196715418018381646e-02
1.362381984138573594e-02
2.013794864904455695e-02
1.446593352665469061e-02
1.355075318384160385e-02
1.142744042189822347e-02
1.121593879145176345e-02
9.009290220893599946e-03
1.655565642915360694e-02
1.555626548868530197e-02
1.347483052813087771e-02
1.270125090449019181e-02
1.844431219806015251e-02
1.373808400192274778e-02
1.720843482099090188e-02
1.331964764596628784e-02
1.660788439483296478e-02
1.135863796793494009e-02
1.194502093178469518e-02
1.416049254143998681e-02
1.424426215482336132e-02
1.540166142219734358e-02
1.104705602100027224e-02
1.161759464595289726e-02
9.650313455065624713e-03
1.208354204531383348e-02
9.318073401197708369e-03
1.422518566531380535e-02
9.538208676989599205e-03
1.143880994579474925e-02
1.457567902195483316e-02
1.683131945363322557e-02
1.083260797295513243e-02
1.339801034220025437e-02
1.615622374564772840e-02
1.331301751752906291e-02
1.161132495432527431e-02
1.260363696000311312e-02
1.777998697577166248e-02
1.307996306037049680e-02
1.735811573008457301e-02
1.117777249562534533e-02
1.711730784394679267e-02
1.041873955720863144e-02
1.365031583492747926e-02
1.524722062583784045e-02
8.063109106661742534e-03
1.503647176310018117e-02
8.952891905879575493e-03
1.520265847588887428e-02
1.058171528513370159e-02
1.114514981225336009e-02
1.520494819546306872e-02
1.324622467390973272e-02
1.444884852631432397e-02
1.177322845260740311e-02
9.488923323093124973e-03
1.677278001873165961e-02
1.334250945561438022e-02
1.108612439313600567e-02
1.472002259025355364e-02
1.845199691646920090e-02
9.608570357626371530e-03
2.293127468090405685e-02
1.143153466599510816e-02
1.368978700747498431e-02
1.041650808699830753e-02
1.913016751055173631e-02
8.713921858650100147e-03
1.556335060619942236e-02
1.211767794568091583e-02
1.236085847950523821e-02
1.117793061335011287e-02
9.158710705638797855e-03
7.906037293203795752e-03
9.119527289739819478e-03
1.281688450828023448e-02
1.991001012836390166e-02
1.678961619008292883e-02
1.767316785783737063e-02
1.449166285913526184e-02
1.550340939088652378e-02
1.687621998934430920e-02
1.928182593830413474e-02
1.325603720073030393e-02
9.175231539888858284e-03
1.752084809658053383e-02
1.355290417972302743e-02
9.546541431723395282e-03
1.588718608704117047e-02
7.897489335862525883e-03
1.379259567076400635e-02
1.617002535099984831e-02
1.023314571174870763e-02
2.285575481298805778e-02
1.234547815027431210e-02
1.198617628284818354e-02
1.137748455749700190e-02
1.221416690376784728e-02
1.317798052253886174e-02
1.867493012140895858e-02
2.510481280769135889e-02
1.279089204455655104e-02
1.243435442124822717e-02
1.581374025803263667e-02
1.194816148713256400e-02
1.922507636389693061e-02
1.308517447450514327e-02
1.317600762486795946e-02
1.270148463904234061e-02
1.918039340862777789e-02
8.253939244336217992e-03
1.437647329249587200e-02
1.201277473201384921e-02
1.029973133371945779e-02
2.015531492701281083e-02
1.012858696392850144e-02
1.207869173393464127e-02
1.206265959747984673e-02
1.219300339866108591e-02
1.131313946304972860e-02
1.119283171816172484e-02
1.281185693543949664e-02
1.996430236795310870e-02
1.085157918404930019e-02
1.166414676247193478e-02
1.487726384331608358e-02
2.142431462315556867e-02
2.304813618850934040e-02
1.193568360129676313e-02
1.360107173338822792e-02
1.268032982079064439e-02
1.397049702899509811e-02
1.149355206353173953e-02
1.106741521347724862e-02
1.334732399271935585e-02
1.281462987203528525e-02
1.551959951671195298e-02
1.318276193101699037e-02
1.367665904686934421e-02
1.398464241355251193e-02
1.513200786256987951e-02
1.550407712730650540e-02
9.532872297494289146e-03
1.201099675349921909e-02
1.348459613811799941e-02
1.562595066712109404e-02
1.102705808836990618e-02
9.663846975564183497e-03
1.477021327756714714e-02
1.161598922715482117e-02
1.516496163770263139e-02
1.309169241011169486e-02
1.573056853048744597e-02
1.146266221466266631e-02
1.436761325166633664e-02
1.071957174187329782e-02
9.436478052660615332e-03
2.030208067650426940e-02
1.111915140349977252e-02
1.590002778160235289e-02
1.115338949864414647e-02
1.192608210786861786e-02
1.171630449081734887e-02
1.633848420145464150e-02
1.288014757946993188e-02
1.021501301314263303e-02
1.373512312527936166e-02
1.027753016628698245e-02
9.454060230886815117e-03
1.488465243958746881e-02
1.253876157819594148e-02
1.463662741359306185e-02
1.607508440673596772e-02
1.817375884136202338e-02
1.371259349226347686e-02
1.789304926679891050e-02
1.607702388737542593e-02
9.110033095607844578e-03
1.222055785571437084e-02
2.195677558013319972e-02
1.240284860060280638e-02
1.142384106543932985e-02
1.330040439471455622e-02
1.343155483957654897e-02
1.405242684656699513e-02
1.626319026572918894e-02
1.163069514787351023e-02
1.503006867522639449e-02
1.395680625368001491e-02
1.405572617108528065e-02
9.309775621686481109e-03
1.880898063038723492e-02
1.166451161317218384e-02
1.282224135332965531e-02
1.690384982955263002e-02
1.998476383357030567e-02
1.818952537194521574e-02
1.766313401243147993e-02
1.104845160314869498e-02
1.516409074781821693e-02
1.339349931957261805e-02
1.689611493210319351e-02
1.033279293422156679e-02
1.447566356750738976e-02
1.150197278521457832e-02
8.972181685029830683e-03
1.923895556394668652e-02
2.027067440878277046e-02
1.413526206147886627e-02
1.515433341954708357e-02
1.687249924717386038e-02
1.270221385114302624e-02
1.274589003708469052e-02
2.010833911610475713e-02
9.873453229180500015e-03
1.215249757571722038e-02
1.102148911723358458e-02
9.960338523856530207e-03
1.697226072418545756e-02
1.412624329624718837e-02
1.324018914332604144e-02
1.590998300550006128e-02
1.613810924351652409e-02
9.567953952110696408e-03
7.106479135969704861e-03
2.319679455976445676e-02
1.842612943542400877e-02
1.483110539282380021e-02
1.272386949050915463e-02
9.716770883619742921e-03
1.224631112253322593e-02
1.747022263951868853e-02
1.151086389469171099e-02
1.389137461791570792e-02
1.433198758922836838e-02
1.273786234472147096e-02
1.481342535026507201e-02
1.987335576926681571e-02
1.274423245575067448e-02
1.789520794035562301e-02
1.144903265026053080e-02
1.391188350771774968e-02
1.631707707201851543e-02
9.573260398051779141e-03
1.418809788022523666e-02
1.537030624241734686e-02
1.580013036718257852e-02
1.150587980471235415e-02
1.633497232675758248e-02
9.575699356598686360e-03
8.348310244447158107e-03
1.405709969108612234e-02
1.783795049533869886e-02
1.328676351724315113e-02
8.660092898454967852e-03
1.771156718163881955e-02
1.168846963637930857e-02
1.165583525965010331e-02
1.902484568561049055e-02
1.586723598036580279e-02
1.224237043416759492e-02
1.267089447177035047e-02
1.093667319476955904e-02
1.381174440595320067e-02
1.652327567939718828e-02
1.159223479962488181e-02
1.213770119087859839e-02
9.970656260228114715e-03
1.306246349546212084e-02
1.321525839479011262e-02
1.286195987221810423e-02
2.088827035746260163e-02
1.502827694225083825e-02
1.397616899725831301e-02
1.404042709020539119e-02
1.076037599635288299e-02
1.058054348736493268e-02
1.177556635312762036e-02
1.395755526676778664e-02
1.095220115464533642e-02
1.958219527838144305e-02
1.371453600765125055e-02
1.860817155606312584e-02
1.862146426852871739e-02
1.210632779781151136e-02
1.340751010778057882e-02
1.756805991008034487e-02
1.328943402015143015e-02
1.285655884862592878e-02
8.512264036016277055e-03
9.179406493023888405e-03
1.287720477889610013e-02
1.636203837734596933e-02
1.406566629779900865e-02
1.353742443212385335e-02
1.067739027253032658e-02
9.072267620893392434e-03
6.652976949244223705e-03
1.428987945206205805e-02
1.391612539837162703e-02
1.445868486238231429e-02
1.059975472068890208e-02
1.578668484496029839e-02
1.114364915584876298e-02
1.599551540158450011e-02
1.258167096083225196e-02
1.189060999221647208e-02
1.162258519070010106e-02
9.368661084749938320e-03
1.031727828025880839e-02
1.914855904731244812e-02
1.446852171986042455e-02
1.288101780609194301e-02
1.338975688588229726e-02
1.528814813388888402e-02
8.630758774840078043e-03
1.106706660555190069e-02
9.234141772188845382e-03
1.676861009973300634e-02
1.259248880001656405e-02
1.450150456669790575e-02
1.187242130833991889e-02
1.286489801041063898e-02
1.000618068639083993e-02
1.319334771292422423e-02
1.272227288907386983e-02
1.125800429598041059e-02
1.362029162109809101e-02
1.233306764790272764e-02
8.459735445832901324e-03
1.573918843737528647e-02
1.390081148446111088e-02
1.629834149754122788e-02
1.712260072581672787e-02
9.597711289533907356e-03
1.078296660696409504e-02
1.588172312077794010e-02
1.941792503804498984e-02
9.329987601657773605e-03
1.660138330563878592e-02
1.176468141780935041e-02
1.211451165508369530e-02
1.300901151738339742e-02
1.615344105574405276e-02
1.044534245456845041e-02
1.215856254940234950e-02
1.139042439714836770e-02
1.307674600374614943e-02
1.095265267965626031e-02
1.318616691589424156e-02
1.161414036146980223e-02
9.008452509239569042e-03
1.592804471343499395e-02
1.903313788421867256e-02
2.458538861791548583e-02
1.112845773855275326e-02
1.605438430253997018e-02
1.383727475703272480e-02
1.201081983387685889e-02
1.095902758358380073e-02
1.798558000406669244e-02
1.573214913093490611e-02
1.643526922579537433e-02
1.789173582837874990e-02
1.665941070054229034e-02
1.456555778882539891e-02
1.671316992134558657e-02
1.130268592919142327e-02
1.070959110308920999e-02
1.382707006143636154e-02
1.148986584374568458e-02
1.589057475232854427e-02
1.470160005774271555e-02
9.222891485679202139e-03
1.422005002402392318e-02
1.049394432344782219e-02
1.260205616198355541e-02
1.271576126666261811e-02
1.406834977864085921e-02
9.992276890772545592e-03
1.316409559532307968e-02
1.037950990024508365e-02
1.128598265089273724e-02
1.715556375761768601e-02
2.223838123503497910e-02
1.437100428021816090e-02
1.655744723915143768e-02
1.056636443863461818e-02
1.260819801381625298e-02
1.454604529691367297e-02
1.292592306935343854e-02
1.404517604084635357e-02
1.781512711401650809e-02
1.404111783912597930e-02
1.256569842362796965e-02
1.073556654577355676e-02
1.633193096992643228e-02
1.351048481497212420e-02
1.638430844258537480e-02
1.400866578593981671e-02
1.737411376369445495e-02
1.363443665013419626e-02
1.075888105993313276e-02
1.720250747301578162e-02
1.123772820090083134e-02
9.984513833990153395e-03
1.089704415667486215e-02
1.429564019978927028e-02
1.516678302452053977e-02
1.411751427343950829e-02
1.683453664624838184e-02
1.820292756305931167e-02
1.207534589245601656e-02
1.195962009689116590e-02
1.308374721630077217e-02
1.192332451734927183e-02
1.768425910506460710e-02
1.612235582440224926e-02
1.683405476297798742e-02
1.436414639067450268e-02
1.505335239582939084e-02
1.307360590096203964e-02
1.593569542958093305e-02
1.633649167025697305e-02
1.476631749187769412e-02
1.456909824903957797e-02
1.078850164739896846e-02
1.579242418642356691e-02
1.500220335989465442e-02
1.126093587953940281e-02
1.638833655452540117e-02
1.159432555772202736e-02
1.657989239012807106e-02
1.482644856512023435e-02
1.691652044468858196e-02
1.051416808632214296e-02
9.744666673820377018e-03
1.497119561476204300e-02
1.795152226403245663e-02
1.720274733812810278e-02
1.148419715854142979e-02
9.188915595128974503e-03
1.085249534854146151e-02
1.600563124487343683e-02
1.453128380254207867e-02
1.273590878185911976e-02
1.240682194766836756e-02
1.156662536505873896e-02
1.115146445737808488e-02
1.655597797528718385e-02
1.218257916758110765e-02
1.301329752076026657e-02
1.066279304701330498e-02
7.952647274083785370e-03
1.164628810382940804e-02
1.375199108607123161e-02
1.918448440145685552e-02
1.263673940293016940e-02
1.465347766043960040e-02
1.579805766701157868e-02
1.219023359972677689e-02
1.422274013749870968e-02
1.372205582578463201e-02
1.277046366132086018e-02
1.047166712642874295e-02
1.284022366169153793e-02
1.817866401066032742e-02
1.064189954107446108e-02
