1.025802172063529083e+00
1.034986048685610394e+00
1.032347344876457962e+00
1.025455195580494472e+00
1.029987884779382856e+00
1.026560483058538642e+00
1.022779611826207802e+00
1.027875166407609120e+00
1.028551580541281041e+00
1.041717583724392826e+00
1.024153847043542287e+00
1.028992741616961082e+00
1.030199753032972954e+00
1.029988082347693679e+00
1.029248551143775892e+00
1.033764657229457873e+00
1.032985992175195600e+00
1.033026216392096241e+00
1.024398886114367579e+00
1.030347116057842571e+00
1.019100372054966508e+00
1.022720978382595236e+00
1.025043669212667208e+00
1.023345128571182983e+00
1.031694054336529831e+00
1.027572556158603323e+00
1.029325287396615884e+00
1.029406035833299038e+00
1.036763567683936627e+00
1.027345924950925804e+00
1.035013212305983643e+00
1.027555434416655755e+00
1.042996498092138236e+00
1.027905212127014689e+00
1.040267174954898177e+00
1.023344940229254263e+00
1.022032691880499611e+00
1.026270304193809269e+00
1.029899373484159497e+00
1.022705912517762883e+00
1.032306864892950093e+00
1.037849137975271008e+00
1.027448642506354259e+00
1.034555121804261679e+00
1.025672860830665778e+00
1.032569266683317499e+00
1.030453132739745925e+00
1.029389251091131330e+00
1.025834382344219087e+00
1.033260962124500359e+00
1.018551133659268082e+00
1.030730172779413145e+00
1.035858011563252079e+00
1.026812710143067298e+00
1.037067661751829073e+00
1.035424583889579475e+00
1.039502281456409660e+00
1.026211035125594417e+00
1.031426502426638470e+00
1.027254570934816424e+00
1.027325228196226847e+00
1.030990219428788546e+00
1.026260630506152793e+00
1.031870127103560186e+00
1.028228216649506699e+00
1.031486299529537520e+00
1.018861143235303857e+00
1.027038530757624191e+00
1.036629831673834268e+00
1.040277851847992041e+00
1.030948348795425629e+00
1.032006117071735174e+00
1.038356898848153298e+00
1.029018500068774378e+00
1.029442389787669887e+00
1.026429435693064551e+00
1.034823930668526959e+00
1.030119170837081155e+00
1.031484461901444938e+00
1.017459668767169978e+00
1.027461753826884872e+00
1.028201938381076541e+00
1.021448910598647064e+00
1.041510571484383529e+00
1.027665112926013924e+00
1.035174293907395349e+00
1.031828288105953284e+00
1.028912702401696411e+00
1.025574580447091044e+00
1.039097846258996150e+00
1.025719638463053585e+00
1.027388316523464962e+00
1.023426281441917718e+00
1.032311855641370180e+00
1.034958865172606490e+00
1.028703100328822284e+00
1.034076956436817962e+00
1.035740639438032851e+00
1.026622757499718430e+00
1.028245155020637069e+00
1.026348284488358686e+00
1.025662106976441335e+00
1.038723985524762750e+00
1.029324768351542074e+00
1.026312294737903974e+00
1.031348854451647146e+00
1.029132569460720514e+00
1.024797049845745711e+00
1.034559225021758122e+00
1.029799180393002445e+00
1.033039651424840777e+00
1.022837233186684847e+00
1.026168739737681079e+00
1.034298166731050905e+00
1.024035928517777805e+00
1.030858571971151605e+00
1.037846141006876666e+00
1.037080357097223793e+00
1.018169472316925672e+00
1.027985674126221882e+00
1.032731860922102562e+00
1.035513467691056899e+00
1.034092693802185936e+00
1.029106982591254438e+00
1.031797800099107931e+00
1.032323435540640766e+00
1.024612104361447118e+00
1.037878453538778389e+00
1.034226340709250458e+00
1.030746183651201520e+00
1.024844254045953917e+00
1.026421142822229182e+00
1.039971352119684500e+00
1.033350941523851096e+00
1.033170802843454528e+00
1.034456438127627553e+00
1.026758974518964473e+00
1.021503689928927150e+00
1.017987225844032562e+00
1.046539408829522566e+00
1.029957825990874376e+00
1.025039853779276866e+00
1.027379387701047531e+00
1.043526015455113365e+00
1.029858435428422592e+00
1.040038125395811974e+00
1.026709596250230172e+00
1.024848876021890343e+00
1.024604424875010134e+00
1.033025300118682210e+00
1.033918129495334348e+00
1.035918216691543936e+00
1.026289354470204307e+00
1.038495716926146839e+00
1.027770101872398367e+00
1.027132141069230231e+00
1.026143739444499881e+00
1.032540022292964155e+00
1.030102000860586786e+00
1.023862750564031199e+00
1.024815078216264164e+00
1.018399345620125906e+00
1.028025832961871666e+00
1.037255335438614257e+00
1.030216261137131939e+00
1.028462361532108460e+00
1.032896705763069578e+00
1.031786830017438206e+00
1.027166638177178015e+00
1.029922093469508804e+00
1.037014772983861022e+00
1.033793185186212105e+00
1.022824718402236988e+00
1.025775168602927279e+00
1.037662020787466943e+00
1.034249763022593749e+00
1.035655994767075816e+00
1.039788746569961786e+00
1.045193722741609266e+00
1.032247944611012658e+00
1.031037451051673770e+00
1.020726674872293405e+00
1.033016128138688039e+00
1.032414160203664943e+00
1.032425510351828724e+00
1.044618949626238136e+00
1.028019502951937891e+00
1.029173577759529445e+00
1.036301996041099738e+00
1.018988214622941868e+00
1.036135328004416989e+00
1.021030926228209790e+00
1.019311596070842318e+00
1.027920165169757594e+00
1.041978127498885298e+00
1.028888605186589089e+00
1.028490508748039822e+00
1.025499916824039959e+00
1.034018660776914178e+00
1.026752607343639490e+00
1.024024484504014954e+00
1.034676023216113627e+00
1.029934131511437867e+00
1.036836016558444484e+00
1.024019487340721346e+00
1.030270110174304365e+00
1.035162865797119025e+00
1.019817565035022300e+00
1.027804135711785083e+00
1.031181637708383558e+00
1.026172775121450664e+00
1.030437910195876716e+00
1.034013461270395506e+00
1.037240977837887046e+00
1.028011196859760057e+00
1.025679376309300839e+00
1.028338302963541340e+00
1.039088791252046784e+00
1.033813609019604840e+00
1.031750833776856835e+00
1.029847089388932213e+00
1.023564195397114407e+00
1.032622650598729264e+00
1.027719537004299744e+00
1.040369777657593309e+00
1.024932442349489436e+00
1.034311842206837584e+00
1.019319618955690343e+00
1.037088057809516961e+00
1.031156137666193073e+00
1.036248627334571237e+00
1.028027172484574203e+00
1.024584815155693329e+00
1.032037841155217128e+00
1.035062936108839260e+00
1.026487164967846200e+00
1.044085817782631986e+00
1.030861207903775778e+00
1.037926664340075966e+00
1.021133965879427841e+00
1.035827047733392625e+00
1.028886393809402833e+00
1.035906175960621622e+00
1.043806539072530404e+00
1.029062779643972414e+00
1.036509151834615228e+00
1.026568620679055854e+00
1.024081393862934952e+00
1.030681456871248347e+00
1.038357342448532616e+00
1.032031755522503591e+00
1.029438914163624652e+00
1.036778368446500176e+00
1.019774199374057000e+00
1.040614683818199770e+00
1.035460609302418344e+00
1.037326209492028362e+00
1.037539040049236361e+00
1.033285840259163146e+00
1.034357799170303904e+00
1.026281061746792123e+00
1.033234635053038142e+00
1.022723643494227952e+00
1.035215616288902130e+00
1.033777002718711202e+00
1.032983545772518053e+00
1.032662682173670632e+00
1.028366321629101243e+00
1.038342697645872947e+00
1.024689566587964729e+00
1.026146489522680838e+00
1.030310011360739519e+00
1.032879786690641621e+00
1.027806529700458604e+00
1.020977718284814095e+00
1.033265362984963298e+00
1.030608996302950553e+00
1.025613864205857206e+00
1.039650415781306236e+00
1.034351382244084849e+00
1.032105106632832392e+00
1.036065704678455157e+00
1.041401759706832575e+00
1.020307681664319510e+00
1.035848366289670475e+00
1.027359922674442760e+00
1.035150911907169347e+00
1.026774392782950907e+00
1.038047213934283786e+00
1.029579549762715152e+00
1.024420733607101841e+00
1.028717396152879493e+00
1.027782833057847123e+00
1.028072684917368917e+00
1.022824269426856114e+00
1.032837594129155434e+00
1.031163664258317514e+00
1.031099022268310295e+00
1.029610120852829658e+00
1.026981500772390588e+00
1.031383835977959462e+00
1.024638374588897838e+00
1.028088392372668025e+00
1.027504177115829531e+00
1.032804206866393404e+00
1.031093784994766782e+00
1.042862260353690784e+00
1.031513266396039796e+00
1.028709122951775967e+00
1.030122708557212219e+00
1.034021451288893667e+00
1.027396516902260526e+00
1.031919200770721412e+00
1.036172788439122083e+00
1.030781431338271714e+00
1.027560977636666317e+00
1.025623203410221285e+00
1.030068390380333376e+00
1.024337194560323683e+00
1.034472129564308229e+00
1.044037364917379307e+00
1.027547557791430144e+00
1.023914144911062696e+00
1.037858679778803417e+00
1.032074754743089740e+00
1.028194189685546878e+00
1.030314771539403207e+00
1.021446288529031188e+00
1.028747829122896196e+00
1.030168423812259038e+00
1.029983042871090548e+00
1.032562408247706953e+00
1.033747938874869821e+00
1.027658579148415630e+00
1.033997360268953170e+00
1.029862905855786437e+00
1.028149874283980969e+00
1.024736554075064365e+00
1.032515295109272868e+00
1.023487139594422057e+00
1.031048635423299498e+00
1.035223360864701236e+00
1.027361601550510262e+00
1.023411112569478254e+00
1.025592125297416279e+00
1.027730946280546398e+00
1.042605022884708799e+00
1.035950930389446967e+00
1.037862628017908628e+00
1.021654759286036551e+00
1.039420727376348719e+00
1.033294213136648931e+00
1.037423816093109741e+00
1.035807035745027083e+00
1.031025813479986564e+00
1.033865479071336191e+00
1.028262120983304273e+00
1.028951018258307037e+00
1.027995198569138902e+00
1.035038882568749541e+00
1.022168575978633420e+00
1.033244705530180108e+00
1.040545386552541585e+00
1.028924330846640922e+00
1.029135990821431257e+00
1.036253868241530762e+00
1.030206248130085767e+00
1.026172035041198694e+00
1.041561840886669810e+00
1.021881710531941989e+00
1.028687666241458132e+00
1.033212792645846312e+00
1.025629151123881089e+00
1.034833503307390545e+00
1.037619934096510432e+00
1.025295194171425228e+00
1.037010173574155703e+00
1.032024405584450300e+00
1.025208517384604834e+00
1.044251381726902794e+00
1.034929899466795700e+00
1.026380568901902102e+00
1.041754761814117414e+00
1.029599222104100820e+00
1.034320257006297039e+00
1.029157238172731637e+00
1.036301801181725102e+00
1.030358313250358648e+00
1.025411930291340035e+00
1.027523479098086945e+00
1.036524360369528441e+00
1.028856934629805986e+00
1.028098279206935750e+00
1.031253630317871650e+00
1.031952270013409612e+00
1.028732143967679979e+00
1.036275677600237533e+00
1.027694988156079292e+00
1.033043571223983603e+00
1.034542670888653149e+00
1.023450319864724012e+00
1.028457282158707686e+00
1.027671684025783128e+00
1.033492268454031970e+00
1.027430025848845796e+00
1.033149777383581824e+00
1.023869437426758289e+00
1.040166322369767915e+00
1.040115107154710561e+00
1.031777015407496112e+00
1.035842630665461783e+00
1.030166653312894809e+00
1.027319141288601356e+00
1.038573488998383754e+00
1.034306668309737942e+00
1.024302536354035453e+00
1.022678658605381763e+00
1.031366503918366595e+00
1.039332081500544236e+00
1.033076423836385871e+00
1.022398851762358341e+00
1.049292036701225506e+00
1.033076252666144335e+00
1.023829618959708476e+00
1.029635424201812421e+00
1.036962275047985438e+00
1.028446026125454660e+00
1.021869655238508035e+00
1.023776484349545823e+00
1.026528100262082521e+00
1.022564910256184678e+00
1.029538719888442033e+00
1.031712116965588510e+00
1.029407877611504540e+00
1.039660074185440708e+00
1.041212933157315002e+00
1.031297651344968758e+00
1.040628492810045547e+00
1.032442970772595503e+00
1.025546805700749520e+00
1.029241422153787777e+00
1.031388183337552000e+00
1.035348816618821832e+00
1.033225563765136412e+00
1.037993771051675340e+00
1.028857074990437770e+00
1.027535409942870848e+00
1.033833432523002305e+00
1.030345092454776790e+00
1.032184534088025574e+00
1.023477021663806052e+00
1.030992563398606121e+00
1.031909103978777775e+00
1.028819560111782661e+00
1.031113228124663772e+00
1.036861252805189704e+00
1.034383057782830129e+00
1.035773069047192907e+00
1.031267909451808906e+00
1.035894077435018268e+00
1.029759781890856152e+00
1.029947761136509765e+00
1.027752625158454114e+00
1.040105676617641528e+00
1.028174783604322018e+00
1.037464279143454293e+00
1.026197541160476900e+00
1.032202987599237343e+00
1.029247961121167121e+00
1.036031342806853051e+00
1.030607257055550452e+00
1.028825551012662043e+00
1.036573705011576196e+00
1.044039151993019221e+00
1.032063062222618566e+00
1.023788059191937938e+00
1.036113068738533594e+00
1.037182767477146772e+00
1.034407346999179911e+00
1.028744906797118164e+00
1.033926853009870417e+00
1.043569774226928759e+00
1.036255043235007944e+00
1.031130096731347034e+00
1.034158202595277576e+00
1.027581118006360095e+00
1.037988634846190639e+00
1.035914111856615971e+00
1.020231159786891384e+00
1.028879648415021997e+00
1.031740660402747922e+00
1.028309426046489117e+00
1.036125697637324761e+00
1.032847011054002229e+00
1.029699286933583258e+00
1.029351867567411594e+00
1.033640487064111824e+00
1.020040417692019030e+00
1.043213065887047319e+00
1.036976439897139946e+00
1.033191277809830222e+00
1.028935866035308955e+00
1.035612610948143386e+00
1.034600597896426555e+00
1.033767822463407260e+00
1.035329909209103727e+00
1.031797053173381107e+00
1.033883870045206210e+00
1.025173596484177940e+00
1.033094797205034165e+00
1.031778863156917581e+00
1.022746689937435338e+00
1.027410342503315421e+00
1.050144946617462827e+00
1.022771823659707424e+00
1.030807505118229939e+00
1.024528438745129222e+00
1.036362666272992783e+00
1.034810835981848420e+00
1.030997285129473306e+00
1.031961225288312800e+00
1.024130143361505318e+00
1.025908423173214068e+00
1.018852173676139783e+00
1.027478786209282902e+00
1.028006066673328833e+00
1.037284484157176001e+00
1.029617865966451440e+00
1.039161684011203235e+00
1.037705289412459209e+00
1.028236364821097260e+00
1.027771775660850206e+00
1.033671394840838698e+00
1.028119451088162828e+00
1.033559639526952179e+00
1.031784914849206425e+00
1.023446164172744144e+00
1.036159705176094903e+00
1.023887695298618450e+00
1.037372597790531037e+00
1.036874244893702057e+00
1.029238750488149279e+00
1.030204142065719752e+00
1.033558627039177447e+00
1.033392818109621247e+00
1.037033431473536993e+00
1.023490350615875011e+00
1.030329711047076380e+00
1.029152654161580749e+00
1.031444198654588584e+00
1.032688670258667507e+00
1.028496431778685327e+00
1.025628018305668521e+00
1.031939863536818658e+00
1.024836625589297556e+00
1.033206268318465071e+00
1.030971017208578644e+00
1.029711189517793946e+00
1.026799790361422993e+00
1.031477882939059620e+00
1.035033948652066327e+00
1.025089470514742862e+00
1.034977665228598687e+00
1.029040267936528696e+00
1.032984634734560148e+00
1.028282136864948626e+00
1.029170495805280749e+00
1.027369282457047284e+00
1.030632203507819478e+00
1.036077897507182266e+00
1.026618865179006912e+00
1.040607336579298492e+00
1.033742999007010832e+00
1.030701367939745206e+00
1.027313895308945790e+00
1.039710399012064856e+00
1.020929800828797029e+00
1.034291130707734041e+00
1.030610850398320677e+00
1.030336482668665843e+00
1.035131862666623936e+00
1.034667326532117793e+00
1.033565718927584642e+00
1.027610110162209933e+00
1.033750245754052832e+00
1.034117701824057489e+00
1.026480824678522419e+00
1.028023836146654268e+00
1.023018763162828471e+00
1.024152576572717743e+00
1.045362694014769556e+00
1.029797763503069508e+00
1.037012426914484697e+00
1.039641987546197965e+00
1.035626412014403419e+00
1.023989379459953275e+00
1.024165184817618091e+00
1.031889784136130972e+00
1.025194083207863427e+00
1.029414608628652639e+00
1.023752391937240214e+00
1.034539010037450746e+00
1.028960804893234604e+00
1.034610747298186473e+00
1.027955486610269364e+00
1.029399188400472731e+00
1.031150988292492077e+00
1.028647240475152103e+00
1.043811711914504503e+00
1.036292921708821924e+00
1.023885876390018490e+00
1.033031491736849716e+00
1.021582781185720545e+00
1.023260457751315800e+00
1.025042169709811768e+00
1.026894715960048776e+00
1.031315658851477357e+00
1.030757242770252047e+00
1.042251055956205930e+00
1.032759266709865287e+00
1.035229538314408115e+00
1.028378447751466362e+00
1.033616670731596132e+00
1.035128229276827128e+00
1.026567162334909744e+00
1.021499181667613776e+00
1.019549028774791033e+00
1.031162851071274922e+00
1.028641798603138202e+00
1.029870265318833633e+00
1.037811550788541926e+00
1.024429965112222618e+00
1.029195742578934203e+00
1.028582904582549196e+00
1.028514949322688388e+00
1.027976270728524488e+00
1.033790628544208889e+00
1.030632718865369890e+00
1.032205767921597905e+00
1.033468270212510642e+00
1.031029173838623691e+00
1.020930363716104905e+00
1.026704947103995069e+00
1.023786220671792480e+00
1.036606613223210349e+00
1.026605277505460379e+00
1.025367957168530131e+00
1.044744851020576570e+00
1.033844982823425962e+00
1.031281863423135325e+00
1.029242436836310448e+00
1.041238532026905306e+00
1.023176024130028949e+00
1.036413810166581406e+00
1.024335869929522413e+00
1.029727278172886340e+00
1.030648099755062219e+00
1.028746377057460304e+00
1.039852769717346970e+00
1.021896080817985109e+00
1.031512603518242921e+00
1.029941809691819143e+00
1.025722463112915817e+00
1.040109793179910147e+00
1.045416872397557206e+00
1.032715357566186487e+00
1.032982422537520817e+00
1.021524030520301718e+00
1.037452872403325621e+00
1.030104119010948116e+00
1.025925603583168533e+00
1.026873951615167035e+00
1.036254695657406355e+00
1.028489259222113761e+00
1.024127015586977052e+00
1.034116254369833898e+00
1.032107992614084147e+00
1.033904684220489756e+00
1.023257442590650435e+00
1.031318226419092543e+00
1.021018202790282992e+00
1.021017757817372029e+00
1.028944835953495618e+00
1.036454179024054900e+00
1.032028513202526421e+00
1.033384510042708149e+00
1.041629370354597350e+00
1.027114626204580050e+00
1.038230108415249875e+00
1.034086874845292048e+00
1.040836483620662944e+00
1.036730605940077599e+00
1.023773723526755663e+00
1.026723480137250011e+00
1.034832083557939875e+00
1.033256977735690363e+00
1.032364790804166876e+00
1.035207846715713309e+00
1.026513401113141599e+00
1.029162833944318178e+00
1.026710362696859002e+00
1.031399169962390561e+00
1.034519493654666000e+00
1.036447918913015798e+00
1.033997052651802973e+00
1.029676851026677165e+00
1.032442503499437558e+00
1.033632954365569345e+00
1.034437693388478463e+00
1.032522718016449792e+00
1.031585597369592655e+00
1.033458817691220721e+00
1.030042524894122513e+00
1.032453474964559748e+00
1.043406113449921291e+00
1.031628143529532027e+00
1.028905637927777672e+00
1.017108973161076513e+00
1.033665126977467263e+00
1.025045541171038188e+00
1.041589196439838050e+00
1.031901446127319932e+00
1.035330300319756258e+00
1.032738914557288057e+00
1.036444223448736768e+00
1.029367668326405250e+00
1.026442747633837360e+00
1.022437436011030876e+00
1.037373949432807807e+00
1.031408532398833122e+00
1.029538483506859947e+00
1.035501543155089132e+00
1.033249728083748042e+00
1.023072073006875415e+00
1.035665991712339862e+00
1.038435113540847166e+00
1.033795585870218581e+00
1.039796744057930544e+00
1.028650987946412299e+00
1.035682146115138202e+00
1.034429258870367185e+00
1.033744088825341745e+00
1.029009467415446633e+00
1.039142707321323744e+00
1.021824346976379472e+00
1.031975902289892888e+00
1.024590745591819285e+00
1.030145754583775108e+00
1.025980280403170797e+00
1.035581538127571255e+00
1.036763620993709445e+00
1.027350002574826116e+00
1.036608323155700839e+00
1.031892153129521983e+00
1.031244428101728117e+00
1.030940571289580721e+00
1.025216428590481010e+00
1.028499574483099144e+00
1.039539934328833626e+00
1.039566105406080965e+00
1.023797164803861293e+00
1.039533153650530783e+00
1.033506654185623042e+00
1.028368494188588000e+00
1.030472640429498377e+00
1.031097897725006041e+00
1.030766369226154167e+00
1.023047037907983459e+00
1.033817075088679704e+00
1.029575919157579955e+00
1.030263325767076354e+00
1.033227082734660796e+00
1.033135813736786757e+00
1.025892264899848083e+00
1.032379094596176605e+00
1.029555105446881003e+00
1.031659090019958924e+00
1.032192343401284962e+00
1.022633329439216698e+00
1.030983551131868570e+00
1.030637404180064554e+00
1.026330341834351234e+00
1.029607784881229060e+00
1.038520662108011638e+00
1.029009935667753783e+00
1.040307616260925938e+00
1.031916683512529298e+00
1.038210863334453560e+00
1.033266756106274720e+00
1.028543136718880202e+00
1.025695951418427621e+00
1.026858563642753186e+00
1.031684979243419731e+00
1.032212219014976951e+00
1.040914891942924081e+00
1.024566380492999862e+00
1.025503110745399127e+00
1.034234642218041289e+00
1.032751147707987593e+00
1.024071873287043299e+00
1.032544079766323231e+00
1.030138157929312737e+00
1.034494339027147047e+00
1.030388749634194578e+00
1.030214694317007407e+00
1.025605482463840312e+00
1.029446763922726937e+00
1.030515658534820300e+00
1.028384702963900166e+00
1.036583156711177622e+00
1.031848797618212021e+00
1.031771806404071290e+00
1.031526215911211519e+00
1.032018631095830585e+00
1.026375803044978552e+00
1.027708671163971133e+00
1.030854750401589470e+00
1.030471598659225663e+00
1.021817448219548563e+00
1.030031482618468441e+00
1.027285819726402760e+00
1.032293546539140738e+00
1.032715505985764670e+00
1.031480643486827997e+00
1.037449558653463555e+00
1.033260474623603820e+00
1.029200656749307274e+00
1.032324363944473911e+00
1.036070368668303709e+00
1.034838969963237432e+00
1.022685895953296065e+00
1.037476165836829667e+00
1.035013727903289604e+00
1.023894283472308375e+00
1.028391747859465299e+00
1.027976936856048296e+00
1.038027844422048540e+00
1.029920367253456037e+00
1.036390602427799790e+00
1.033663812711496099e+00
1.035815574817366747e+00
1.025016293352835506e+00
1.033517003909165899e+00
1.035641271448012324e+00
1.027650900682227642e+00
1.036692630789014968e+00
1.028024156043907844e+00
1.036081076171058823e+00
1.029566411386253710e+00
1.030691042672857716e+00
1.032549318490020518e+00
1.030718457085737949e+00
1.030348467459215822e+00
1.044805642349224017e+00
1.040253533675925990e+00
1.029172662642047209e+00
1.027946656965429195e+00
1.022450699839675847e+00
1.024644825891074529e+00
1.046755845697131093e+00
1.038907151292794762e+00
1.034692662405034769e+00
1.029914844212506342e+00
1.034139509228929166e+00
1.022995684428890772e+00
1.027744158355267334e+00
1.027069164382824473e+00
1.026609574306322603e+00
1.022330346785309096e+00
1.031095002204845512e+00
1.029189683195244065e+00
1.025752323139663691e+00
1.033225931885986659e+00
1.028658590658965810e+00
1.033133038604259868e+00
1.030023407014089454e+00
1.029951349084566203e+00
1.026331196577968008e+00
1.027799822861791723e+00
1.026862302169109897e+00
1.034872070415391088e+00
1.034236157426618341e+00
1.027200663731196562e+00
1.032248306698397844e+00
1.034763840704736149e+00
1.028621730404382983e+00
1.035464354597899206e+00
1.025674773566426667e+00
1.027867014963633308e+00
1.026796830625612111e+00
1.029283165053272109e+00
1.023382333357624629e+00
1.030569610892008159e+00
1.033957401859295189e+00
1.030322822333341160e+00
1.033125648624082293e+00
1.031394816658354419e+00
1.023753175377292157e+00
1.033355303811610781e+00
1.028750770825007210e+00
1.031969001836862576e+00
1.027270395214797016e+00
1.033853470664488849e+00
1.026272549541415557e+00
1.038829669396557964e+00
1.024048851562715967e+00
1.024613476669530288e+00
1.033917375423844209e+00
1.025119133070843791e+00
1.032676229470706586e+00
1.026645105205816755e+00
1.034536880334103515e+00
1.031523555035398942e+00
1.029949270348317292e+00
1.033693118917513809e+00
1.023971254710963175e+00
1.023830170519011151e+00
1.032588965444260154e+00
1.024932757655588222e+00
1.027424718958020344e+00
1.033170937583413052e+00
1.035238806262216649e+00
1.030407108189242527e+00
1.035577397084925133e+00
1.030319315256184032e+00
1.018888648866655755e+00
1.026925518901431467e+00
1.021762340233416388e+00
1.020170646201951303e+00
1.026047842526617959e+00
1.028658203433342244e+00
1.029769003503724800e+00
1.028724707495242807e+00
1.040046471106961912e+00
1.042714061549345983e+00
1.030233168438323688e+00
1.028945357876128952e+00
1.031257918646869776e+00
1.027471318666210109e+00
1.032609748317732556e+00
1.029010048185090564e+00
1.017910308020962162e+00
1.032288577914456384e+00
1.036307080320984397e+00
1.031941775037111819e+00
1.029279800306390991e+00
1.034016018618029831e+00
1.026678778819393623e+00
1.030369733294974832e+00
1.033129518276376890e+00
1.036159309059677680e+00
1.033515954131060122e+00
1.035210063018072058e+00
1.030740902680292503e+00
1.022505955250146092e+00
1.021401568521152603e+00
1.030250714960624592e+00
1.042493944113818571e+00
1.030796283494077592e+00
1.030601018880366704e+00
1.026321305326014288e+00
1.029328130954217047e+00
1.029929451281301311e+00
1.024453851257226322e+00
1.035851333372912020e+00
1.032682869884030019e+00
1.031741366779158620e+00
1.020222192218188662e+00
1.041129830983808846e+00
1.035605231087568523e+00
1.037184098409382527e+00
1.025306220342657282e+00
1.030248623229888194e+00
1.032136233527103375e+00
1.037003296855574908e+00
1.032977263783793287e+00
1.036192242713211087e+00
1.039414164466738733e+00
1.027748512639990341e+00
1.031202756636393048e+00
1.032951866221107684e+00
1.023884658906249578e+00
1.034402829654770040e+00
1.030904367476456418e+00
1.032104517103313857e+00
1.032396172919631150e+00
1.037700302017813936e+00
1.034260258111208586e+00
1.032595979704124423e+00
1.035374990578314947e+00
1.038007081935571119e+00
1.037497056203116719e+00
1.031014655763546228e+00
1.028720619966836614e+00
1.040920526620240594e+00
