1.167668719172507315e-02
1.063643265870795225e-02
1.245167637569047359e-02
1.526386271892670420e-02
8.480158725644101891e-03
8.382498342328764673e-03
1.579644228662250433e-02
9.993296335148374801e-03
1.179129861298953280e-02
9.990751769223630077e-03
1.684739905153477199e-02
9.634334199741665522e-03
9.091449491389763660e-03
1.165047734689072731e-02
6.753670465958176369e-03
1.565800793523857565e-02
1.300765016072442763e-02
1.049908049712857706e-02
6.237520320761676638e-03
9.958097754307225144e-03
1.025590206182364419e-02
1.278234602739840992e-02
1.372027421365567927e-02
8.501588335644336136e-03
1.492417357316960444e-02
1.406525557395558491e-02
6.595132754948268040e-03
1.300435970371591546e-02
1.116477357980763703e-02
1.795870485166916816e-02
1.669169169274661857e-02
9.096600216729788455e-03
1.133266642967291869e-02
1.783017703047004923e-02
1.636892640058256604e-02
1.151350730031955490e-02
1.055581945416624728e-02
1.216071866777502716e-02
9.883985850260615033e-03
1.386748864057360704e-02
8.499288555834630735e-03
9.647906881750959937e-03
1.163190836968247370e-02
8.452437888284718495e-03
9.492291489744153141e-03
1.153368431919312050e-02
9.150791153119803428e-03
1.505099233265268059e-02
9.218178228211644509e-03
1.146434220621131948e-02
1.288503834934537698e-02
1.287958720785742188e-02
7.252802076782649716e-03
1.658142329067481546e-02
1.384859273819607529e-02
1.423644118252178833e-02
1.144860169195112062e-02
1.637494263355613114e-02
1.123440646935455756e-02
1.344702610530375958e-02
1.884868327080750292e-02
1.425293040001358348e-02
1.098693341739764677e-02
7.387696975158714215e-03
1.145327030789588564e-02
8.652758197994575573e-03
6.766118175727527800e-03
1.608845597126739788e-02
9.805377728556328651e-03
1.526096416113587907e-02
1.308744479983705959e-02
1.233519393525483315e-02
7.994750836958705587e-03
1.079562477387246630e-02
1.396563889504900263e-02
1.515278636978992233e-02
1.347494274626354592e-02
7.984468154912235591e-03
1.157973978996320978e-02
1.098411693198877645e-02
1.342580421167651264e-02
8.746106697186036352e-03
9.552412557337918581e-03
1.503476711898668085e-02
1.816980388350069101e-02
9.848688989402680852e-03
1.084316158369829503e-02
1.862216130266488440e-02
6.913000453162045089e-03
1.248702340903594214e-02
6.583467953236695272e-03
1.025398503515416969e-02
7.434670618695131579e-03
1.429200239776525286e-02
7.979539360129243170e-03
1.269527078413952050e-02
1.282345276568978495e-02
9.927098884204062917e-03
9.456257251056846350e-03
9.559926028187138228e-03
1.667932440814555439e-02
1.172408368957683460e-02
1.454715141562190617e-02
1.557340188252562783e-02
1.153509111842655407e-02
1.088850874526537359e-02
9.352472053023669352e-03
8.629217004330700519e-03
6.818997351142315130e-03
1.313299097769586241e-02
9.918313977192642558e-03
8.717504345795880696e-03
6.743058080296393357e-03
1.473230235936508724e-02
8.356458997768913266e-03
1.024248762740342586e-02
1.314846817647043545e-02
1.167254748239659155e-02
1.592858273006661149e-02
1.763818909463336915e-02
1.108301399817102940e-02
1.217012529583192185e-02
1.009206872968157129e-02
7.969930883583916173e-03
1.083028100745900453e-02
7.902503700977534656e-03
1.316159251480151886e-02
1.663461174780200488e-02
1.418809911628090073e-02
9.223348763178361789e-03
8.032835729827580637e-03
7.221242256325531225e-03
2.085955432150364205e-02
7.744699974374428218e-03
1.038809685444228893e-02
1.114962671503390117e-02
1.507112243779376408e-02
9.375053768738933133e-03
1.019120073858922892e-02
8.232898451405632270e-03
1.181009972545549701e-02
1.393659895325913278e-02
9.229082215260918029e-03
6.421102764021854176e-03
1.361249587371386564e-02
1.311538400991371471e-02
8.149874253978154140e-03
9.081652958354847691e-03
1.061968445518228672e-02
7.066543874062196536e-03
1.168847787654849792e-02
9.589451572207302946e-03
1.285771954284587945e-02
7.411296040381153659e-03
1.384561654984563760e-02
1.061975772277903157e-02
9.741943816229579889e-03
1.313978476707378454e-02
1.100067102582948098e-02
8.396893109892729357e-03
1.155519851053174105e-02
1.675008444656761811e-02
1.595010842156953379e-02
1.725038070157395090e-02
7.086150492448180585e-03
9.916740217979514924e-03
1.217993125769660512e-02
1.468234916727245536e-02
1.119577428140606026e-02
1.377270760129578955e-02
1.011752300891420944e-02
1.097575187536358951e-02
1.709329674695547058e-02
1.371686547245159864e-02
1.544592969911857787e-02
7.387073292648164459e-03
1.073528748271160120e-02
1.138924342202976212e-02
1.306235334624678522e-02
1.926069607454336183e-02
1.595172099696183857e-02
5.152757776891996044e-03
9.837049620561097787e-03
1.420314480383831623e-02
1.240397054152674212e-02
1.552900330696199704e-02
1.150563080086748277e-02
1.004361244590857953e-02
9.514170625007476942e-03
1.500284837111809724e-02
1.039592513042242490e-02
1.277042451407455273e-02
1.085079966392586345e-02
1.710634209510657547e-02
1.040440894878640575e-02
1.379697678894269315e-02
1.328215301494410638e-02
9.455268427695317709e-03
8.620577431139789595e-03
1.154540556817446398e-02
6.982678104108727690e-03
1.228669025480554934e-02
8.564797297344413710e-03
1.211080521858483652e-02
1.847371072460405814e-02
1.106071273777833701e-02
1.163476128147291656e-02
8.901023344157623501e-03
1.037729973709391844e-02
1.057593142638225264e-02
1.489495071844302611e-02
6.543156677509666050e-03
1.428068698818565734e-02
7.909506481798191796e-03
1.424753255766992265e-02
1.079153688958073461e-02
1.277311411241741253e-02
1.056022119498906814e-02
1.331789753606553613e-02
6.132723002618858769e-03
1.023564285062599638e-02
1.058981856943118707e-02
7.530863400706836255e-03
1.070016212648498138e-02
1.791534462812961748e-02
7.910286584670434343e-03
1.135425685320678307e-02
1.395118806121052428e-02
1.340905096787028093e-02
1.136913235257964311e-02
1.010109671273519763e-02
1.866438038315438447e-02
1.116578595775724256e-02
1.160603714707141021e-02
1.299370179937696726e-02
1.638480120447068783e-02
8.432335156288824768e-03
1.300916558989305416e-02
9.447360126205938194e-03
1.175660010158621413e-02
1.285137622420022205e-02
9.445894635212000873e-03
1.345838351133019604e-02
1.474152399774084424e-02
1.044996021099964083e-02
1.298243058967690246e-02
1.071983654039340879e-02
9.222825647688330519e-03
9.629387443441122033e-03
1.215621310226214918e-02
1.096573396512300590e-02
1.189131507571967832e-02
2.017419389699982510e-02
1.422853994420898889e-02
1.050343458032650459e-02
9.056547140376501950e-03
1.115281818110438680e-02
6.424496141885690723e-03
9.342005545084856172e-03
9.479763325690964207e-03
1.580127830733807359e-02
1.174435480095312005e-02
1.491173817978844358e-02
9.623836198443654066e-03
1.791995043857636319e-02
1.454966343883449566e-02
8.599791569985070286e-03
1.148905570512718730e-02
5.845547438858310352e-03
9.628827285758288085e-03
7.173949065358882146e-03
7.797963694862302883e-03
9.867928146419764970e-03
1.629564452668322283e-02
1.164060341181730358e-02
9.693613310478240569e-03
1.745684314708336252e-02
1.372296573556692004e-02
1.077381074638390779e-02
1.008982770929627883e-02
1.620124556049585413e-02
9.926384110699413080e-03
1.097154519040775475e-02
1.041512925357473626e-02
1.022105633224576135e-02
1.510829502437405214e-02
1.200399675117974629e-02
1.267377912053591765e-02
5.630873106396649952e-03
1.271435814843659660e-02
1.044855433442346514e-02
9.764600529979185553e-03
9.526621901907297851e-03
1.544399216282732815e-02
1.415522308129063545e-02
5.692579201964620070e-03
1.143658702404965442e-02
1.113766812283674933e-02
7.560218268002506098e-03
8.775892786385882174e-03
8.829059914035115170e-03
1.340200030104306099e-02
1.100795846346592187e-02
1.004824595957595247e-02
9.882128442314541336e-03
1.618484540305089800e-02
1.106152282796985485e-02
8.599738491879262148e-03
1.197604737745307929e-02
6.957086303251806825e-03
1.247635928863157113e-02
1.389677359209316558e-02
1.461269906202418943e-02
1.174653984920435990e-02
1.509504561493349786e-02
9.627111215368123337e-03
1.042785348396887794e-02
1.519128614417595939e-02
1.600213969194225552e-02
8.024034760839845321e-03
6.649404110033931004e-03
1.296806521189553842e-02
1.543113023209410732e-02
1.169861815066092735e-02
1.360031988092497840e-02
8.484943755015173644e-03
1.954095878133857433e-02
1.590966790192350003e-02
9.985960406847996587e-03
1.385040714953247182e-02
1.196427128502876649e-02
9.427468900540619118e-03
1.027128648534002091e-02
1.287129105708071861e-02
9.664264776758108022e-03
8.830094785532219270e-03
1.521924039676456064e-02
9.897096934697072537e-03
9.793720473214235708e-03
9.607033222330587166e-03
8.721598674876799087e-03
1.431213478697642393e-02
1.405709659014068615e-02
7.756070085453265449e-03
1.057420716938571592e-02
1.148288962958954502e-02
9.103545160176623047e-03
1.044195357632211538e-02
1.084745548841767673e-02
1.450053380007915171e-02
1.530373993314815273e-02
1.124292688265404738e-02
9.924002744584313820e-03
1.159978570680980300e-02
1.171765554833898056e-02
1.721298901332463799e-02
1.393196196276476860e-02
1.319304151953082371e-02
1.132730699315976503e-02
1.430727182045687940e-02
1.338464974429703046e-02
9.797615445939445930e-03
1.585175647949282202e-02
1.022455429696962279e-02
1.244255629444488906e-02
1.136271942022621523e-02
1.292645747911534693e-02
1.288755684849804233e-02
1.120206792297899490e-02
9.263322547688846581e-03
8.994425587166308966e-03
1.122151293240654379e-02
8.571341326509256814e-03
1.576372984287762249e-02
7.677075111323514861e-03
1.045140672907118352e-02
1.436101596512346333e-02
2.102939737804511086e-02
9.401328988741733048e-03
1.079568636003253035e-02
1.177708663629666204e-02
1.637283570688943465e-02
1.027182425533236347e-02
9.301101912925196363e-03
1.206751079314113441e-02
1.162016253741056902e-02
1.099824477595943116e-02
1.044548503871957010e-02
1.012498180453952866e-02
1.017004499137199626e-02
1.547119050737939816e-02
1.005431364052162407e-02
1.864369702495060829e-02
9.773137846743763096e-03
2.121634073049119898e-02
8.082938253483155921e-03
1.070453251877717150e-02
2.232831874042208800e-02
1.111227244044902390e-02
5.568640252408917253e-03
1.252570504191953191e-02
9.008100746138624632e-03
1.180075496223560554e-02
1.738148762677515016e-02
1.081691117620847686e-02
9.502179051276961330e-03
1.116427441535380524e-02
1.479701999858920765e-02
7.280805342522481301e-03
1.745119629840268319e-02
1.782997502086784702e-02
9.404692605354744717e-03
1.371517336150456824e-02
1.124385525232404585e-02
1.409675943568319476e-02
7.580430053697623585e-03
1.457926194524772519e-02
1.139166211262067352e-02
9.706196798158589836e-03
1.212118650970851232e-02
9.923232175640624153e-03
6.969679828231697960e-03
9.523404220347243126e-03
1.425519802450857069e-02
5.845330207495698718e-03
1.211792636398289526e-02
1.712395330715006658e-02
1.136151448855186354e-02
1.359774070886730218e-02
1.163149792650807444e-02
2.280370176198492915e-02
1.213939203963006891e-02
1.524324662664510929e-02
1.042596702678071259e-02
7.992914553561263069e-03
1.409450926412490930e-02
1.763436614498916505e-02
6.607275793522748505e-03
7.179726426712866420e-03
1.448507539098587912e-02
1.085898042287924796e-02
1.325503981114765049e-02
9.528693279568511976e-03
7.216225179417327940e-03
1.044475128792480591e-02
1.170708013933611374e-02
5.993790445192739152e-03
1.166467225192385770e-02
1.069192530042858101e-02
1.615292583264917037e-02
1.547106807781858939e-02
1.129924157472028158e-02
1.299801045501283031e-02
9.446031128611320077e-03
1.064247298529510596e-02
1.770545643380660311e-02
1.527943938178554124e-02
5.923532766878463959e-03
1.069197053833129130e-02
1.086333070028707749e-02
1.430824013881638011e-02
1.071204994804324934e-02
1.529343494957552223e-02
1.315599751978969653e-02
1.913032015644503675e-02
1.009577958526334564e-02
1.547281926838683930e-02
1.044232333339339090e-02
1.483817268692921680e-02
8.451210944534407951e-03
2.116445678096836799e-02
1.362154563895777090e-02
7.232916721826160300e-03
1.139368549522397703e-02
1.088031033327657021e-02
1.363626246743265130e-02
1.497548101288246995e-02
1.063270647162947377e-02
1.269297476426858862e-02
1.705997259592453852e-02
1.294178861068282990e-02
1.042060482960562202e-02
1.103996118459954663e-02
9.235001457547090120e-03
9.994743323541220234e-03
1.425122443379359984e-02
1.200528155663337614e-02
7.526065017279223376e-03
6.403335278047660867e-03
1.289919731576086130e-02
1.530558317164498923e-02
1.133807579586026439e-02
9.317580705661288737e-03
1.271180998469942369e-02
1.181404321662035337e-02
1.185566834069530333e-02
7.375091611477755868e-03
1.945126042312122008e-02
1.257347887758726405e-02
1.160005933343193768e-02
1.621460117644165852e-02
8.003922632089497183e-03
7.138724977970294962e-03
9.982142912301398760e-03
1.220376501780720373e-02
1.406843365181358919e-02
6.570323003762364861e-03
1.248484027614883522e-02
1.404663399976406948e-02
7.459284251365843124e-03
1.419277869360982894e-02
1.103651667867716797e-02
1.097165299083488997e-02
1.022337218989210171e-02
8.424366222344518637e-03
6.215846753390756596e-03
1.176642342099012799e-02
9.222830728209481868e-03
1.266506528892333283e-02
1.362011288022125718e-02
1.014706056980415466e-02
1.579796229588346923e-02
1.194056544711495985e-02
1.168573204861205264e-02
7.471391768616336346e-03
1.018437954275927711e-02
4.592631033820388994e-03
1.641989608021600031e-02
1.265658912105164548e-02
1.215343186740629883e-02
1.157269762137842599e-02
1.299984286749988373e-02
7.921121195163355680e-03
1.488019918176216282e-02
9.199680663042613879e-03
1.623246199186230768e-02
1.227132981043691819e-02
1.623893516180088467e-02
1.288654032917468072e-02
9.643130000881445715e-03
6.648395295923993295e-03
1.553934512206284722e-02
1.796143870720536689e-02
8.551576930507603230e-03
1.633780507988405462e-02
1.056387633815039813e-02
9.280127327505471521e-03
1.048975687195653414e-02
8.993931050915256534e-03
1.092486296685252559e-02
1.092796975785335044e-02
1.553366131149494511e-02
6.453029741620770754e-03
1.925670419177737472e-02
1.298077723277832329e-02
6.961546854119577028e-03
1.271186435264720291e-02
1.369554498362221540e-02
1.216695185835552952e-02
1.933249424030672459e-02
1.123896383755640729e-02
1.862706477469219107e-02
8.127819091790033576e-03
1.047626506788662884e-02
1.223640711494368774e-02
1.276515845863076398e-02
8.290425711134885925e-03
1.064638736865304060e-02
1.285678710440865506e-02
7.610066653348607386e-03
7.155304312521967858e-03
1.351622505235906477e-02
1.620769707332054763e-02
1.748800184304084154e-02
6.022533974079280830e-03
1.101538538233530658e-02
1.204631423324774124e-02
1.164274359940723272e-02
1.545333614673651337e-02
1.095674878752762871e-02
1.075669138796961355e-02
7.778110143265301070e-03
5.056130747755957673e-03
1.050090028404142284e-02
9.775116482800548165e-03
8.140558747868044398e-03
1.355639600162619751e-02
7.000158423922721827e-03
1.113576940774565691e-02
1.830972439570797625e-02
1.345653208639857948e-02
1.399083413465368637e-02
9.609745410119281683e-03
1.446133772451897032e-02
6.726385658540887276e-03
1.501291461341055719e-02
1.601813686680610485e-02
8.821429398683394013e-03
1.610826139967679385e-02
1.984117932464204634e-02
1.084984178266548867e-02
1.118192903434868032e-02
1.162851551620080331e-02
1.086962289901535587e-02
1.362125900783983830e-02
8.186831953185952360e-03
7.557318365635668812e-03
6.348949734760645988e-03
1.515966073357604381e-02
9.673167438503698506e-03
1.480599536352823070e-02
7.471353570274421457e-03
1.077455146377611327e-02
1.327972179931942789e-02
1.326203482585791051e-02
1.036078947289047723e-02
7.084220953423149038e-03
1.192017154060270173e-02
1.095542674002261858e-02
1.045029911266989221e-02
1.462262225329576115e-02
1.146520606264403962e-02
1.621272981369440563e-02
8.483513134056767241e-03
1.007827978041855865e-02
1.210299800742190880e-02
1.313819994070073924e-02
1.289277421656393439e-02
7.581526806370962948e-03
1.697998046515864987e-02
7.673058294856190641e-03
1.045961911710533224e-02
9.362248136204251101e-03
1.219962386173286360e-02
1.068337712027507026e-02
1.224363973078422541e-02
1.213066881646866768e-02
1.164350736297346985e-02
7.097351125635475121e-03
1.373067566508198202e-02
1.595148073021129126e-02
7.905871628346120006e-03
1.252915569848276831e-02
9.603617813221439897e-03
1.015421856219458560e-02
6.922667856984720570e-03
1.238833687584600836e-02
1.168014052601111866e-02
6.629894400554790616e-03
1.528850463930143087e-02
1.336535243867562582e-02
9.320495586969781629e-03
1.211094444575938969e-02
9.426891131465215193e-03
1.223342422593332209e-02
1.993000633116473116e-02
8.999908726655649754e-03
1.051780190497430233e-02
1.231939332853465748e-02
9.647784950018001293e-03
8.008993324081871423e-03
1.668809054751580964e-02
1.157634111551057374e-02
1.095728062122641212e-02
1.484451316356856510e-02
7.778712744266989311e-03
1.267597898913206539e-02
1.175787250515739242e-02
1.005081959069898528e-02
1.472593318230942631e-02
6.760077096523966524e-03
1.307253264114037125e-02
1.677460187115274032e-02
1.221143247940021520e-02
1.261334526272716097e-02
1.224663138690426992e-02
1.218623033858599360e-02
1.422276361903086067e-02
1.410581568743612957e-02
1.082664348516886900e-02
7.018701095660267487e-03
1.618498732718075608e-02
1.456187968000006820e-02
1.392497747057301789e-02
1.152390120329753812e-02
1.560036335071680533e-02
5.371886402588178268e-03
1.354073801269277920e-02
5.542672003011959829e-03
1.223724675954729682e-02
1.134968636956375232e-02
1.377181447273127628e-02
1.721705942799693981e-02
1.120069209912737118e-02
9.412746931625148167e-03
9.591403687060776409e-03
1.346246235910244886e-02
1.411446940975319593e-02
7.150958387563167117e-03
1.283519969877188957e-02
9.131901685805915089e-03
1.325799967928111868e-02
1.069152780106008734e-02
1.641618595185603477e-02
9.099973055948080286e-03
1.683253978234706266e-02
1.404281018449014470e-02
1.264270359079170541e-02
1.222621287023016763e-02
1.318139961412611270e-02
1.168359264402756004e-02
1.095435800435731917e-02
1.156600564541276736e-02
1.373437644958791330e-02
1.368792759656062286e-02
8.023137681900931184e-03
5.480258562047837963e-03
1.154106755721472609e-02
9.238313749217715379e-03
8.734313120184822657e-03
7.786923410953130315e-03
1.729797980588939840e-02
1.221517165418226948e-02
9.147213408480545788e-03
1.104490031891740796e-02
1.241241481430024017e-02
8.044487894039782649e-03
1.250040403437390098e-02
1.185657198613631128e-02
1.028975384784174864e-02
1.264340303398160843e-02
1.465527709663649696e-02
1.066821985620849782e-02
7.192895115712263053e-03
1.559988984628221144e-02
1.289192812516827720e-02
1.163796689426623183e-02
1.166376220595995335e-02
1.164978980821819096e-02
5.699930831730069120e-03
9.316383333829038327e-03
1.269576107451401113e-02
1.119909801659550383e-02
9.783161076590751390e-03
1.683872420608387155e-02
7.535187612802189683e-03
7.130834227365717357e-03
9.489892536780465335e-03
6.157833439452614632e-03
2.084762455137282450e-02
9.637456301433382569e-03
6.354727516348437216e-03
1.281272641618064027e-02
1.448121657363934771e-02
1.148220782101831185e-02
9.923419280335020118e-03
1.460107178131760282e-02
9.906693318503441772e-03
1.346848509277300855e-02
1.609360872357443531e-02
7.250280592072226755e-03
9.405237340586175901e-03
1.190946014133167051e-02
1.362549258341973039e-02
1.023302470790170976e-02
1.384502762304995818e-02
1.519504911671260526e-02
1.375341884660093335e-02
1.551456174926165582e-02
9.278578850564479091e-03
1.540726809645752947e-02
9.284207937258174767e-03
1.032374437111782325e-02
8.668107944945336804e-03
9.485538415993642267e-03
1.131467860022501021e-02
1.010607816574555021e-02
1.126116574090656186e-02
1.060117425509581393e-02
7.836047564927218351e-03
1.200042924868830949e-02
1.222914076027765799e-02
1.241172200703168603e-02
1.442030057429656391e-02
1.013797149369089802e-02
7.482168801471819446e-03
1.415933337396419259e-02
1.014739630524451840e-02
9.208346860381371249e-03
1.120985711735618569e-02
1.100216334456369065e-02
8.315368504555097420e-03
1.435943763346923113e-02
1.384574931637473812e-02
8.870367339810818902e-03
1.509859038427627254e-02
8.934476133866053882e-03
1.137432062056122593e-02
6.604050866766847730e-03
1.052181791768798912e-02
1.857324831361249762e-02
1.195568309314017780e-02
2.145087207880593677e-02
1.686551298733988610e-02
2.290561817997179006e-02
9.988824565339598366e-03
2.198162621675201975e-02
1.003809733754904357e-02
8.263519096851690282e-03
8.467274395062288767e-03
1.226971647529858690e-02
1.272011231523170575e-02
1.161474981070837777e-02
8.656084802644304840e-03
4.712439255929802215e-03
1.413511117702263495e-02
1.431776932759543271e-02
1.266217821677278685e-02
1.217590254531587639e-02
1.448891649767164967e-02
9.177013168931396139e-03
1.429704461090435322e-02
8.780565978455910636e-03
1.258309738914046953e-02
8.723135493936870488e-03
1.606970077558764892e-02
1.200438843014066219e-02
1.052279666639505291e-02
1.183841871545961676e-02
1.419279274674571829e-02
8.848623506965438285e-03
9.677066078995433251e-03
9.048040000629918242e-03
1.062671871279639337e-02
1.465692397013269518e-02
7.899785911493923188e-03
4.288379636151220392e-03
1.022560807055027284e-02
1.722611811097850623e-02
2.007459011361692122e-02
1.069531390125536691e-02
7.106732519019200167e-03
1.236176067740609417e-02
1.793707163183039244e-02
8.793075851551592284e-03
9.388595736881647294e-03
1.106205099502343032e-02
6.762514814762525528e-03
1.476602929362540693e-02
1.114556963972027082e-02
1.330729992094823247e-02
1.531936023886299250e-02
1.429820473739283268e-02
1.647523867133124029e-02
1.230228142602308658e-02
9.338942303666806360e-03
8.465541509440187989e-03
1.003965467192902312e-02
1.088131552120485956e-02
9.760437337374345754e-03
1.061677921173497831e-02
7.429572372611849967e-03
1.578927513133297766e-02
1.486299076765562957e-02
5.893159919749163360e-03
1.108200920246311255e-02
6.604145470629623448e-03
9.418197871871642271e-03
8.253887095220343445e-03
9.915069563490860188e-03
1.594951408257889655e-02
1.140632490171731087e-02
1.466639893412922946e-02
1.183331547086121684e-02
1.279265075569454256e-02
5.243873294886487214e-03
1.654999322136962298e-02
8.608243574288125533e-03
1.105390188636402350e-02
1.229260214101636495e-02
1.743009966822935825e-02
8.628032601105244462e-03
1.124254989053342056e-02
1.558437618351433268e-02
5.842501894098556421e-03
1.041182512611059895e-02
7.597162972640983565e-03
1.260526092314500149e-02
1.417569901977232781e-02
1.049311101740787143e-02
1.088170860201040889e-02
8.443494466323496483e-03
1.113886626212650874e-02
1.074935606987661649e-02
5.544980985820398972e-03
1.534782412281733045e-02
1.294557431486664280e-02
1.259399605294591988e-02
1.092645937475956314e-02
8.532328797412072618e-03
1.462416594913606635e-02
1.560153849495741346e-02
1.457168308254102804e-02
1.507029686529957196e-02
1.645262661315776212e-02
1.204826022629066663e-02
1.275161313460015933e-02
1.740153275504288666e-02
1.276534248558436509e-02
1.542331217136687360e-02
1.563470152598896157e-02
1.289377519911151862e-02
1.196751399761787280e-02
1.141041882257391032e-02
1.740265412958302491e-02
1.232180084605782357e-02
2.198288578196016391e-02
1.339617262919603341e-02
1.544477766962025315e-02
1.341958406415564610e-02
9.697521953359105815e-03
1.462054415339051651e-02
1.024066310994630608e-02
1.395401626003734720e-02
1.294894067849628426e-02
1.143373431861845549e-02
1.330068189642763521e-02
1.227637523212575521e-02
1.650156082779305478e-02
1.140742495495253653e-02
1.505759412534568055e-02
9.131905770554733792e-03
9.465806957347460207e-03
1.055103231571564125e-02
1.770567575215558145e-02
1.357209828095095293e-02
1.598692648726541057e-02
1.648166102541369707e-02
1.680578156259414022e-02
9.168122826177913312e-03
8.226770410729451755e-03
1.661631328314788422e-02
1.020463423526071257e-02
1.098254680070119733e-02
1.246416861590894654e-02
1.416532800160121182e-02
8.528237341520968767e-03
6.745007433676687356e-03
1.299305919948674781e-02
9.713360869678767245e-03
9.495643904703482061e-03
1.239878079967727392e-02
6.830860506940653748e-03
1.132163607819768394e-02
6.512027818480399868e-03
1.228274430265346301e-02
1.353988397342894071e-02
2.020453020554520765e-02
1.316242367919185849e-02
1.234224960605748850e-02
8.500545780708745891e-03
1.211025405936194156e-02
1.365630658031679288e-02
1.376364115094244264e-02
1.114686247907991506e-02
9.494991195309493773e-03
7.543299825669722534e-03
9.006176700364736110e-03
8.275594549335360886e-03
9.987593531397340532e-03
1.466444771125339185e-02
1.635314307426140312e-02
1.301956954425034091e-02
1.074738659170387627e-02
1.847842165855911184e-02
1.597968112374999541e-02
1.183413202519985503e-02
8.980940367470786195e-03
1.233886776855356096e-02
1.525140867275850964e-02
1.193110647352516387e-02
1.332290631233051283e-02
9.330514921234558945e-03
6.398145322418389777e-03
1.111472763901789722e-02
1.202529025167860949e-02
8.377475730796779541e-03
1.127514513669109625e-02
1.000191561234633521e-02
7.803549266694151908e-03
8.220266538027643649e-03
1.309754612488644998e-02
1.110013397122019789e-02
1.188689873067139829e-02
8.176400364070648963e-03
1.228852026087180228e-02
9.861367802558170317e-03
1.061343088721210075e-02
1.139346763747216620e-02
1.416992610913189558e-02
