1.000333199219646918e+00
1.000519242841861889e+00
1.000281588620860695e+00
1.000523499822495221e+00
1.000439042997169459e+00
1.000410291403335927e+00
1.000133134039674632e+00
1.000305153393481472e+00
1.000430182232717735e+00
1.000393364914495598e+00
1.000355577512357819e+00
1.000220606577383986e+00
1.000269330942128221e+00
1.000219376141422423e+00
1.000407318753490316e+00
1.000301405227858709e+00
1.000335100075302242e+00
1.000443730602158743e+00
1.000231209490907602e+00
1.000464441488207346e+00
1.000270686918925733e+00
1.000394014301803747e+00
1.000396953619771212e+00
1.000188708734614629e+00
1.000468875083674991e+00
1.000307286334416457e+00
1.000418316883688874e+00
1.000293828376285443e+00
1.000341906595307195e+00
1.000508684587620545e+00
1.000341434712227251e+00
1.000236977100571245e+00
1.000309123978937009e+00
1.000354113858698435e+00
1.000263379511197259e+00
1.000436694597288678e+00
1.000569441362696432e+00
1.000365074122113285e+00
1.000425956469995548e+00
1.000376060035833126e+00
1.000249864365426067e+00
1.000607737397845032e+00
1.000363432205138681e+00
1.000233617704403555e+00
1.000411488030268803e+00
1.000204520872407521e+00
1.000247132091596436e+00
1.000493063244421554e+00
1.000264482616380235e+00
1.000407613299885590e+00
1.000429493578492091e+00
1.000205869441656237e+00
1.000590910963083280e+00
1.000412999182225482e+00
1.000544038130844138e+00
1.000298481740524936e+00
1.000445187433764982e+00
1.000412366189476598e+00
1.000464763249794276e+00
1.000909308210644832e+00
1.000234202104063996e+00
1.000477087757032146e+00
1.000380106640025746e+00
1.000235916321193352e+00
1.000352571105651345e+00
1.000409512516703625e+00
1.000377759792335342e+00
1.000390976898256623e+00
1.000352020151523913e+00
1.000219369920979817e+00
1.000562019393581803e+00
1.000281667261117446e+00
1.000414215788991257e+00
1.000159368183962449e+00
1.000470488030686944e+00
1.000535472713518725e+00
1.000460333005621871e+00
1.000555301753399684e+00
1.000215538301480578e+00
1.000457717001353553e+00
1.000317136059330370e+00
1.000220026169742482e+00
1.000377034498201700e+00
1.000495997962982386e+00
1.000239202339666900e+00
1.000517873580492045e+00
1.000406030057511941e+00
1.000188208790926625e+00
1.000612812839318133e+00
1.000461539776786424e+00
1.000217083383683425e+00
1.000286217900125729e+00
1.000322025702408801e+00
1.000812452250606999e+00
1.000389584134771859e+00
1.000483507148983708e+00
1.000946491617266565e+00
1.000309264177655644e+00
1.000558474634338113e+00
1.000244086971140201e+00
1.000345826339510191e+00
1.000451076432942843e+00
1.000473672626294830e+00
1.000642316504046336e+00
1.000345826559383866e+00
1.000248087251044637e+00
1.000358834344608594e+00
1.000368189564765364e+00
1.000391825982521299e+00
1.000545888110351278e+00
1.000401349094250048e+00
1.000395097816986434e+00
1.000423347377199512e+00
1.000525660364120162e+00
1.000335358214209158e+00
1.000386948355328487e+00
1.000382938467233807e+00
1.000516416967139000e+00
1.000417409208719022e+00
1.000534685534939960e+00
1.000329399458191659e+00
1.000586037630005531e+00
1.000322995710839269e+00
1.000531358046941710e+00
1.000279228133009291e+00
1.000333790707738313e+00
1.000568989186539914e+00
1.000526949504780605e+00
1.000569637061945683e+00
1.000289162265945997e+00
1.000345324045854634e+00
1.000516671400667246e+00
1.000483079742851000e+00
1.000286827969928627e+00
1.000291461327424303e+00
1.000263076707216925e+00
1.000264686113633950e+00
1.000161389852564531e+00
1.000393320224890692e+00
1.000507631158328081e+00
1.000573496179016919e+00
1.000191756712897506e+00
1.000297461290023060e+00
1.000445693026210670e+00
1.000450336387770145e+00
1.000473668234307612e+00
1.000668117205250507e+00
1.000314953103958793e+00
1.000234574416365207e+00
1.000195759601872014e+00
1.000433026179606388e+00
1.000338336341576762e+00
1.000356332767632139e+00
1.000333745715026534e+00
1.000524919673777768e+00
1.000573517219308650e+00
1.000578379138687968e+00
1.000424099665886857e+00
1.000686928991164848e+00
1.000373040541083780e+00
1.000358468709326099e+00
1.000376974380779327e+00
1.000406854396427070e+00
1.000762406872243160e+00
1.000534135116323720e+00
1.000277069637993455e+00
1.000274011240165795e+00
1.000261234413100775e+00
1.000268713880889226e+00
1.000396006717049424e+00
1.000400620261411522e+00
1.000234923292924183e+00
1.000232443362210510e+00
1.000421688909467033e+00
1.000429087414790752e+00
1.000300890915649665e+00
1.000240628329222226e+00
1.000501328048948979e+00
1.000255963440149332e+00
1.000459886454908354e+00
1.000499187981450655e+00
1.000372983964455065e+00
1.000317408054876900e+00
1.000205428293278409e+00
1.000493773435212619e+00
1.000601062899632687e+00
1.000341357712520418e+00
1.000163077359022878e+00
1.000163279422140228e+00
1.000645552776438851e+00
1.000467300656023184e+00
1.000546721224564450e+00
1.000294811314233590e+00
1.000342630477730976e+00
1.000218313951682925e+00
1.000397105729931901e+00
1.000632141253514185e+00
1.000378193929492454e+00
1.000466631482523239e+00
1.000132653282262973e+00
1.000660347748612455e+00
1.000327132497063953e+00
1.000460175742682978e+00
1.000124222560773823e+00
1.000349105400427652e+00
1.000413723784704167e+00
1.000574453709732303e+00
1.000399697601756177e+00
1.000169411313339918e+00
1.000135832482943243e+00
1.000498910874871417e+00
1.000270631953025458e+00
1.000225314193010417e+00
1.000263364795852761e+00
1.000410026761219706e+00
1.000486517679327836e+00
1.000251231851246647e+00
1.000286593557304426e+00
1.000155146516750859e+00
1.000495865146215468e+00
1.000487050383925602e+00
1.000303673840540197e+00
1.000481012421083449e+00
1.000380120686503949e+00
1.000278574801201525e+00
1.000288733901636640e+00
1.000605098399220294e+00
1.000236533501563274e+00
1.000290027427411133e+00
1.000262782736828449e+00
1.000646919706561500e+00
1.000304695689784751e+00
1.000390220409004716e+00
1.000233253366300312e+00
1.000133743584924462e+00
1.000388623831323986e+00
1.000369153468575911e+00
1.000663326233461436e+00
1.000294116272340439e+00
1.000205323442244554e+00
1.000545754709462942e+00
1.000491444506721672e+00
1.000326140571802469e+00
1.000280461193092441e+00
1.000476940398133507e+00
1.000360764036873462e+00
1.000330039059708964e+00
1.000256516189719891e+00
1.000153479488125052e+00
1.000394597421080611e+00
1.000371945709259913e+00
1.000706885560781245e+00
1.000295451473257158e+00
1.000487834493780426e+00
1.000493508707101409e+00
1.000333208523505268e+00
1.000374490599834187e+00
1.000381969782007552e+00
1.000357411277376540e+00
1.000448406737203699e+00
1.000161862145384273e+00
1.000324806625852325e+00
1.000424143336177574e+00
1.000455480228011673e+00
1.000333811446119547e+00
1.000293510273708275e+00
1.000696132395086035e+00
1.000688745644609634e+00
1.000280792404022678e+00
1.000566502676135894e+00
1.000416780080811252e+00
1.000385718982808703e+00
1.000398315396755056e+00
1.000674086637693971e+00
1.000225315775541413e+00
1.000364733442313803e+00
1.000521885846759496e+00
1.000459672156634561e+00
1.000578886319232419e+00
1.000219646417582764e+00
1.000267944622905247e+00
1.000234993907340497e+00
1.000290861123871888e+00
1.000437624231685474e+00
1.000554877081480276e+00
1.000309597760749458e+00
1.000423102692540755e+00
1.000683812245374948e+00
1.000247212671334873e+00
1.000240860549783894e+00
1.000217707284188462e+00
1.000303700760530212e+00
1.000270348953774535e+00
1.000380462208311005e+00
1.000331045710432409e+00
1.000587702317903949e+00
1.000179266753651985e+00
1.000346317676584551e+00
1.000226855087886113e+00
1.000290669120160736e+00
1.000286240862800158e+00
1.000267278212654487e+00
1.000417941350915108e+00
1.000275842622115885e+00
1.000238449946449393e+00
1.000268830973122913e+00
1.000401670701219325e+00
1.000407697487670333e+00
1.000333216109896339e+00
1.000367196195287356e+00
1.000362895810446240e+00
1.000554394689164184e+00
1.000433388962138848e+00
1.000399785108505801e+00
1.000220088769907090e+00
1.000846931674004514e+00
1.000504127446590674e+00
1.000565838222548853e+00
1.000418153680296962e+00
1.000375330979403232e+00
1.000367611952387437e+00
1.000250850018036486e+00
1.000658192150546189e+00
1.000349925307272514e+00
1.000439745762968125e+00
1.000412101435490531e+00
1.000283470952793019e+00
1.000153693602157778e+00
1.000687981005288663e+00
1.000296131274076128e+00
1.000792770502820339e+00
1.000633310325105940e+00
1.000517361997341981e+00
1.000396956674664439e+00
1.000599260615076647e+00
1.000410621402335165e+00
1.000416697800870169e+00
1.000377372907113260e+00
1.000404673181015003e+00
1.000503561873582914e+00
1.000301471046686874e+00
1.000341129290671427e+00
1.000244549315699505e+00
1.000529185767137230e+00
1.000497742479047769e+00
1.000462752239141828e+00
1.000428559022030983e+00
1.000401868605169442e+00
1.000376884996073912e+00
1.000433382668358018e+00
1.000510120382442691e+00
1.000289481760460619e+00
1.000581809555533441e+00
1.000494467514002839e+00
1.000413556248977098e+00
1.000527058530729985e+00
1.000432125668738514e+00
1.000278229344406800e+00
1.000341601475905673e+00
1.000234731449960668e+00
1.000324407668592208e+00
1.000373360214481311e+00
1.000335893470046367e+00
1.000737816656521062e+00
1.000396415225676572e+00
1.000465543128626011e+00
1.000326999305794606e+00
1.000477485227069030e+00
1.000300460563762872e+00
1.000273549688797337e+00
1.000437537370815644e+00
1.000464749600820102e+00
1.000332437914134509e+00
1.000408816944689638e+00
1.000341718595183726e+00
1.000312657706180497e+00
1.000316013287200434e+00
1.000237448902609572e+00
1.000271281813627899e+00
1.000455888748095212e+00
1.000510769188937887e+00
1.000284861937219327e+00
1.000097217658276749e+00
1.000524312536244631e+00
1.000318004004132399e+00
1.000324702507867869e+00
1.000292210490862033e+00
1.000517693666702179e+00
1.000251743474396493e+00
1.000230545199542131e+00
1.000374315592904351e+00
1.000284593781856746e+00
1.000207426221727314e+00
1.000538163432172833e+00
1.000202652441038120e+00
1.000311397769133581e+00
1.000614710326959145e+00
1.000429040154757532e+00
1.000298238776009319e+00
1.000429387853164931e+00
1.000279657729735927e+00
1.000411556206631802e+00
1.000386096773183020e+00
1.000299095242347391e+00
1.000426220924452769e+00
1.000474931937020528e+00
1.000392081420687251e+00
1.000401685439029187e+00
1.000357518642751353e+00
1.000289607885356924e+00
1.000201749547738661e+00
1.000231287832991312e+00
1.000180061719458502e+00
1.000400736990576522e+00
1.000268976562454171e+00
1.000435272341317461e+00
1.000489124278857389e+00
1.000355977316288003e+00
1.000352497139995966e+00
1.000636674132759474e+00
1.000434478379368830e+00
1.000213900818600843e+00
1.000320944242064414e+00
1.000350506399925177e+00
1.000697968624913115e+00
1.000316986808779118e+00
1.000299057243268841e+00
1.000357718831308862e+00
1.000445264072656437e+00
1.000417785144292804e+00
1.000298562937343094e+00
1.000373060555225235e+00
1.000385049108011071e+00
1.000368554429332146e+00
1.000200329619844064e+00
1.000384015544596883e+00
1.000359233005047921e+00
1.000213946450509095e+00
1.000328781538746492e+00
1.000249214211428761e+00
1.000532598426357334e+00
1.000841357280331412e+00
1.000466156120850991e+00
1.000335611456363072e+00
1.000371985283413867e+00
1.000473548729881701e+00
1.000262498756868235e+00
1.000392105308411717e+00
1.000435612374135586e+00
1.000416217132858110e+00
1.000252144021725575e+00
1.000350922608680859e+00
1.000502402386514333e+00
1.000467836956951073e+00
1.000258805710050103e+00
1.000142647376208282e+00
1.000666440389616385e+00
1.000606710399060795e+00
1.000342977527987287e+00
1.000544748557667951e+00
1.000243021903411966e+00
1.000149755975899613e+00
1.000430276036829325e+00
1.000323136707950811e+00
1.000206655453461435e+00
1.000164222554382754e+00
1.000401433602682966e+00
1.000294331181407426e+00
1.000376577233937470e+00
1.000597985668972845e+00
1.000220142927471079e+00
1.000256727792497635e+00
1.000404646430185007e+00
1.000386676472641012e+00
1.000318709789604910e+00
1.000328260450737305e+00
1.000574562987122995e+00
1.000238004088833454e+00
1.000601925799690317e+00
1.000428381416340606e+00
1.000371110376023998e+00
1.000692793745600273e+00
1.000414308390434215e+00
1.000358294375777168e+00
1.000227963770209838e+00
1.000669256021348819e+00
1.000551723792115766e+00
1.000498033448130597e+00
1.000172952442313967e+00
1.000341907673021113e+00
1.000438278750575671e+00
1.000476366292837094e+00
1.000421272183567911e+00
1.000200471516071721e+00
1.000305801534258077e+00
1.000282348629441209e+00
1.000455911223661731e+00
1.000307803828408337e+00
1.000355619821703845e+00
1.000335165797088033e+00
1.000126438083398295e+00
1.000582355071106155e+00
1.000673763022850826e+00
1.000169105319435925e+00
1.000354585505479177e+00
1.000243525782949172e+00
1.000431305019496619e+00
1.000485598000663945e+00
1.000488786038862488e+00
1.000266800331369721e+00
1.000519312759813317e+00
1.000607441596676805e+00
1.000379562320077520e+00
1.000429862013586302e+00
1.000410005815636438e+00
1.000425644553561311e+00
1.000176829241427701e+00
1.000328562264435561e+00
1.000563947950713573e+00
1.000595519522301746e+00
1.000363730218964076e+00
1.000310800057272909e+00
1.000254225860292889e+00
1.000135112359408662e+00
1.000399303095709014e+00
1.000403976169449649e+00
1.000424271235290874e+00
1.000481870823008990e+00
1.000369680355517099e+00
1.000454328825245875e+00
1.000258775408761291e+00
1.000393146551038948e+00
1.000289429294690002e+00
1.000236933773657189e+00
1.000420672461029614e+00
1.000306033158173236e+00
1.000435503410028737e+00
1.000330019550590865e+00
1.000213493444856994e+00
1.000379938906905020e+00
1.000306505369779275e+00
1.000407292212457389e+00
1.000265862730247868e+00
1.000427284633103264e+00
1.000651673035261258e+00
1.000417320155161827e+00
1.000584497844823062e+00
1.000281878487446097e+00
1.000241960207235881e+00
1.000350226592539471e+00
1.000232045530050629e+00
1.000415354587824046e+00
1.000435036401962074e+00
1.000467552385419845e+00
1.000535618870004528e+00
1.000209625111690093e+00
1.000469550053489698e+00
1.000402670929968929e+00
1.000225012835214589e+00
1.000463265116246836e+00
1.000322455382414155e+00
1.000610383404130443e+00
1.000427012220496570e+00
1.000264505956228733e+00
1.000239067731081510e+00
1.000496865324585594e+00
1.000450483642223887e+00
1.000755783564383883e+00
1.000428012346770146e+00
1.000411293178179006e+00
1.000362008218542043e+00
1.000441501455691551e+00
1.000526058534560336e+00
1.000220327925736896e+00
1.000432335806835660e+00
1.000144695020061869e+00
1.000239846195454918e+00
1.000521885226413277e+00
1.000297353782885867e+00
1.000516892376769329e+00
1.000467624113269505e+00
1.000353951252457962e+00
1.000202385161223395e+00
1.000376061298008823e+00
1.000127321525024371e+00
1.000697279372300130e+00
1.000517118053210419e+00
1.000286291077540080e+00
1.000256276253230325e+00
1.000192056239623373e+00
1.000475026473797380e+00
1.000430987880606581e+00
1.000393986713111749e+00
1.000244683049033245e+00
1.000212757720468915e+00
1.000308342846799592e+00
1.000338115320773991e+00
1.000306920416656586e+00
1.000271668466966357e+00
1.000275269912804577e+00
1.000262907301137760e+00
1.000321185499233323e+00
1.000575168383641689e+00
1.000385830047813895e+00
1.000388151482201060e+00
1.000436340910844102e+00
1.000362945676588344e+00
1.000295170284845048e+00
1.000254220211489242e+00
1.000601627548745487e+00
1.000134833288245595e+00
1.000263336811530124e+00
1.000728723468770065e+00
1.000240137928038120e+00
1.000369409941534782e+00
1.000360527662550458e+00
1.000275746228524998e+00
1.000261991231557124e+00
1.000202398587933583e+00
1.000272224865540904e+00
1.000447162230941434e+00
1.000519825019203113e+00
1.000299199192504318e+00
1.000451174047612302e+00
1.000382740802549186e+00
1.000780750474805192e+00
1.000268995133461569e+00
1.000551104003027936e+00
1.000506987313508844e+00
1.000359016776091625e+00
1.000170027996702071e+00
1.000380066313312888e+00
1.000291824544457420e+00
1.000260750476613669e+00
1.000535589674322656e+00
1.000462341918578080e+00
1.000366232345305528e+00
1.000217989197417223e+00
1.000394075925190585e+00
1.000431261226335078e+00
1.000292244805583319e+00
1.000318995350634399e+00
1.000273227063450898e+00
1.000270625033134575e+00
1.000385270498213020e+00
1.000254526300420999e+00
1.000424052420553211e+00
1.000348886282234284e+00
1.000340865000353796e+00
1.000331677238801342e+00
1.000237867722071350e+00
1.000372985349572197e+00
1.000245746619296439e+00
1.000309226090073444e+00
1.000308866533447194e+00
1.000466434076951350e+00
1.000181317358899591e+00
1.000266634883335781e+00
1.000106665891597357e+00
1.000353390441721890e+00
1.000276954633834370e+00
1.000262007213670756e+00
1.000336854837220457e+00
1.000342119376910865e+00
1.000464433319080637e+00
1.000189994320868081e+00
1.000274899373688742e+00
1.000318925638567169e+00
1.000530918564504823e+00
1.000242565990452137e+00
1.000487314817436912e+00
1.000276780478277283e+00
1.000603937669480414e+00
1.000425255736598462e+00
1.000479217365629170e+00
1.000410037777657468e+00
1.000349411102568364e+00
1.000352813934532348e+00
1.000159645178653189e+00
1.000233732276167409e+00
1.000357005107286090e+00
1.000255094994797922e+00
1.000238700715452511e+00
1.000399917457290400e+00
1.000428401446555871e+00
1.000158267556575886e+00
1.000413968940853326e+00
1.000366348455968168e+00
1.000234633052802691e+00
1.000443557780833714e+00
1.000357584723077231e+00
1.000322967283289843e+00
1.000688076197605580e+00
1.000167630733864055e+00
1.000332517857942305e+00
1.000389093057808987e+00
1.000436440278006378e+00
1.000172748010328627e+00
1.000383267851491897e+00
1.000322696666260835e+00
1.000362457283841211e+00
1.000359701868506646e+00
1.000257837675118999e+00
1.000617838427516837e+00
1.000429978766632644e+00
1.000429973770673886e+00
1.000336376611818290e+00
1.000265685654714742e+00
1.000430265216300407e+00
1.000439415142984512e+00
1.000550583842723329e+00
1.000468553014421946e+00
1.000357507545720503e+00
1.000421651854230598e+00
1.000330550262611418e+00
1.000623194981193897e+00
1.000425462144665101e+00
1.000285444579841032e+00
1.000475691134989908e+00
1.000287888910024625e+00
1.000349166209951290e+00
1.000536273657763875e+00
1.000488032728846566e+00
1.000464580636445833e+00
1.000253992420470972e+00
1.000470802371782097e+00
1.000312516615599501e+00
1.000663710408107532e+00
1.000239756705698868e+00
1.000566335338264778e+00
1.000749033639454222e+00
1.000270623146453097e+00
1.000219265687664061e+00
1.000407818846984709e+00
1.000459954600176449e+00
1.000336474140513632e+00
1.000542586971711723e+00
1.000517447167940555e+00
1.000555134028766391e+00
1.000514445750444681e+00
1.000341009722304220e+00
1.000367467826889234e+00
1.000347099731603961e+00
1.000400799601612434e+00
1.000189858867085668e+00
1.000340543119482950e+00
1.000395930528092059e+00
1.000291970520026164e+00
1.000328168024534170e+00
1.000213265581792355e+00
1.000417686813718232e+00
1.000285732912182590e+00
1.000512934837038292e+00
1.000366629922382788e+00
1.000481435617908588e+00
1.000294547110820886e+00
1.000443050517288102e+00
1.000290585168608359e+00
1.000239051152881364e+00
1.000468665273765989e+00
1.000327665611978389e+00
1.000448056800212759e+00
1.000353437875843632e+00
1.000403690497178255e+00
1.000290861847572765e+00
1.000404419848116788e+00
1.000300961475358186e+00
1.000278566080338827e+00
1.000408634857573364e+00
1.000434403881461876e+00
1.000219359157381138e+00
1.000235549306792704e+00
1.000414303762708013e+00
1.000171734445824079e+00
1.000490931975833275e+00
1.000271488845187129e+00
1.000169112095281365e+00
1.000349979954695767e+00
1.000488141831154865e+00
1.000472123154462434e+00
1.000208457046890320e+00
1.000559733980174615e+00
1.000268453871887564e+00
1.000407377564020983e+00
1.000352754191100813e+00
1.000140903951317606e+00
1.000198462710992109e+00
1.000570598794826127e+00
1.000345670723735259e+00
1.000626775999597928e+00
1.000363050710334489e+00
1.000345633632978348e+00
1.000238884289811114e+00
1.000368954805389565e+00
1.000323132200512388e+00
1.000476779971743557e+00
1.000177367971033293e+00
1.000692830811113376e+00
1.000513554625301449e+00
1.000501481507499735e+00
1.000245317312505211e+00
1.000305346861097400e+00
1.000451608104552248e+00
1.000796202156264414e+00
1.000261209486254632e+00
1.000382416262294294e+00
1.000410764569821254e+00
1.000340818581500590e+00
1.000339161268374966e+00
1.000396340157483577e+00
1.000398595991308870e+00
1.000470304543989997e+00
1.000491793615913227e+00
1.000436017416045154e+00
1.000238200058489069e+00
1.000280443903034389e+00
1.000349038037172900e+00
1.000435417057352394e+00
1.000366450030898635e+00
1.000327098501316625e+00
1.000292129217005943e+00
1.000229901183783854e+00
1.000463285293917481e+00
1.000295101904100648e+00
1.000453749688444915e+00
1.000589953312391645e+00
1.000624938217399507e+00
1.000512950052119487e+00
1.000358546996340081e+00
1.000474897833270038e+00
1.000731365185245414e+00
1.000761228229457789e+00
1.000435075353384606e+00
1.000246898714409083e+00
1.000318298252500293e+00
1.000322877680594358e+00
1.000213690392237842e+00
1.000314339914531780e+00
1.000424514428617018e+00
1.000239037723228641e+00
1.000232805651199985e+00
1.000474581656466633e+00
1.000253873289493889e+00
1.000316328176486191e+00
1.000353422011136972e+00
1.000623150394998495e+00
1.000129003431469599e+00
1.000370195088357894e+00
1.000265924014872798e+00
1.000283979820921765e+00
1.000220153811577806e+00
1.000425780307316437e+00
1.000468225351062612e+00
1.000328412262741162e+00
1.000421452464753891e+00
1.000632778957233793e+00
1.000435735252140912e+00
1.000442042472563076e+00
1.000325490776361681e+00
1.000130532110982129e+00
1.000360348169764046e+00
1.000345451054768464e+00
1.000581141340105340e+00
1.000302720299674597e+00
1.000260699017636812e+00
1.000339072941368146e+00
1.000311804820930739e+00
1.000620740694088795e+00
1.000528163663471304e+00
1.000380560203321778e+00
1.000209157440997476e+00
1.000436674518686564e+00
1.000536028149718426e+00
1.000301142195728854e+00
1.000439162183856645e+00
1.000716198860527539e+00
1.000291684403025849e+00
1.000300185695078836e+00
1.000189321109692386e+00
1.000314826077402630e+00
1.000274016953530021e+00
1.000345027843865031e+00
1.000271792298037310e+00
1.000406436206555449e+00
1.000877710877964955e+00
1.000282817741740438e+00
1.000379146575685052e+00
1.000343948154407858e+00
1.000368390165871535e+00
1.000346411614700060e+00
1.000471394313726892e+00
1.000318751396326977e+00
1.000144956484990466e+00
1.000417746430930732e+00
1.000409689762182364e+00
1.000335104864319424e+00
1.000213959019990551e+00
1.000125809161237944e+00
1.000251693236746675e+00
1.000360828693251047e+00
1.000401776468334614e+00
1.000486488181023592e+00
1.000260451670679229e+00
1.000427674331616057e+00
1.000346557890488430e+00
1.000158887519656536e+00
1.000234806844038093e+00
1.000281592490742444e+00
1.000294801225577901e+00
1.000334372415965234e+00
1.000365869514860728e+00
1.000299506930265148e+00
1.000367126164370735e+00
1.000387399706073710e+00
1.000215982906569989e+00
1.000457603255880512e+00
1.000326868974466210e+00
1.000255772196433801e+00
1.000324411715804329e+00
1.000604460467396262e+00
1.000312901604613502e+00
1.000490952222311991e+00
1.000259960373377721e+00
1.000478018522173551e+00
1.000542032468086928e+00
1.000238521690522076e+00
1.000446323161807261e+00
1.000240858229553886e+00
1.000390978108075091e+00
1.000389584714206137e+00
1.000400673589214584e+00
1.000268016528346182e+00
1.000614201587328056e+00
1.000333576773592581e+00
1.000502192424512549e+00
1.000311989043317196e+00
1.000526885280434986e+00
1.000516978771953003e+00
1.000377270176199707e+00
1.000447661223080598e+00
1.000537165203204903e+00
1.000285572557084501e+00
1.000403804399368379e+00
1.000255150642958446e+00
1.000174899047164168e+00
1.000443697367247253e+00
1.000295274857632366e+00
1.000578274438265636e+00
1.000427322987873513e+00
1.000275173486393498e+00
1.000413096755650155e+00
1.000249691395662888e+00
1.000261421409574192e+00
1.000268612413811598e+00
1.000538604267066090e+00
1.000709614991498908e+00
1.000245351837062646e+00
1.000372433163780661e+00
1.000402992594760843e+00
1.000300724241268480e+00
1.000180308651909433e+00
1.000423254772953463e+00
1.000498385157915893e+00
1.000221656711173246e+00
1.000359868122113305e+00
1.000513570512327366e+00
1.000575465121253727e+00
1.000450992878069378e+00
1.000350420390047290e+00
1.000514826136102986e+00
1.000379974531151017e+00
1.000165180629813966e+00
1.000529095544900438e+00
1.000264770969856665e+00
1.000301128076891866e+00
1.000511174859877173e+00
1.000202921311571957e+00
1.000219676496091781e+00
1.000261225103830087e+00
1.000357286209420327e+00
1.000447993671792934e+00
1.001052860693722124e+00
1.000553936632163854e+00
1.000184379531205980e+00
1.000360593924570995e+00
1.000277092933122391e+00
1.000206429168188693e+00
1.000315378130984589e+00
1.000358477089192899e+00
1.000407370726113632e+00
1.000350206279545295e+00
1.000420468966892296e+00
1.000268789596986840e+00
1.000345973869020355e+00
1.000335465021939152e+00
1.000280246433186360e+00
1.000370707507351131e+00
1.000328591736318051e+00
1.000399775501396027e+00
1.000264367983013658e+00
