1.052523121166993203e+00
1.065185473561964358e+00
1.045001251514708240e+00
1.063588491613163045e+00
1.053013068840328081e+00
1.051214518031878153e+00
1.071389926998145725e+00
1.041335130847361734e+00
1.049082264632376749e+00
1.048071036322623995e+00
1.043498719020104382e+00
1.034124465303183360e+00
1.034935260242580091e+00
1.054147018009098158e+00
1.077623331563734244e+00
1.038738001941896361e+00
1.063096424185135058e+00
1.035671040215158767e+00
1.050404376756656433e+00
1.059416050577715041e+00
1.061337033817265407e+00
1.046436610540651735e+00
1.049295787856263207e+00
1.041211747363135265e+00
1.068734085136762380e+00
1.054078985856889528e+00
1.042716987320649880e+00
1.046991905998452044e+00
1.091233953792716260e+00
1.045988947907894984e+00
1.067622397612097096e+00
1.058036964281330095e+00
1.078512566951576490e+00
1.075486552068795287e+00
1.072647404204276178e+00
1.056557318850915195e+00
1.054373241678364215e+00
1.050823420532253305e+00
1.071300704063942622e+00
1.086645176396450196e+00
1.036543729835401884e+00
1.058687346085140923e+00
1.055962969557231235e+00
1.043565920925521917e+00
1.054682149667353519e+00
1.074343719734494051e+00
1.063974686866861363e+00
1.076713687564179844e+00
1.036123033815350203e+00
1.062174085936119505e+00
1.058229811111934593e+00
1.042560168093885409e+00
1.088486869734468510e+00
1.059130436695981725e+00
1.103728540513941869e+00
1.064416320767918256e+00
1.045417134705922901e+00
1.033870826409315047e+00
1.039917275950419384e+00
1.062911992679746787e+00
1.066845328961238071e+00
1.069201376311241347e+00
1.079576551366233428e+00
1.040242242700890163e+00
1.041425868743721450e+00
1.076633079091503964e+00
1.095981396980292066e+00
1.057119836505072241e+00
1.054091862000968716e+00
1.049377256900432709e+00
1.073019457784701425e+00
1.051157680045974763e+00
1.065584963041202871e+00
1.049176689964117060e+00
1.110073979226341212e+00
1.095397772000991754e+00
1.062021440175604958e+00
1.065999142932051669e+00
1.071764624578697811e+00
1.035819074586943556e+00
1.058334397063012577e+00
1.073464189158374271e+00
1.047747579361028469e+00
1.033224975181771921e+00
1.055796268272283678e+00
1.061178471818441604e+00
1.064532282956365927e+00
1.055679208658607537e+00
1.047825636072435840e+00
1.063665352059588676e+00
1.073984586323117441e+00
1.041864777941361675e+00
1.052437598702325561e+00
1.043651247055792153e+00
1.053542362717995839e+00
1.030202296428531783e+00
1.049619802955759296e+00
1.041107890144868264e+00
1.061761597351986053e+00
1.072154747287375143e+00
1.054430558464477752e+00
1.065789858314006855e+00
1.053292745889635285e+00
1.058191564623739866e+00
1.083923350046218426e+00
1.048340757960708913e+00
1.083647990532887295e+00
1.063553699545587872e+00
1.049980730689477282e+00
1.059257818260100237e+00
1.080603781817533138e+00
1.034593211786196454e+00
1.049726875871926257e+00
1.052910271906567052e+00
1.055476902652824345e+00
1.051702513765122138e+00
1.045891306520447595e+00
1.044241846644719418e+00
1.065973110167592441e+00
1.044181567381970765e+00
1.067423222498653290e+00
1.046898143107302559e+00
1.051355897617118451e+00
1.066199301461485005e+00
1.046539181621047199e+00
1.089231070307242755e+00
1.043301387007843584e+00
1.057888231970996573e+00
1.032593660534894653e+00
1.068169883201420367e+00
1.086616307270740212e+00
1.047065938258636031e+00
1.071544434968234150e+00
1.057800933776971597e+00
1.069445605557430623e+00
1.059728128548242942e+00
1.047890776606600793e+00
1.075362295301741211e+00
1.066068529376660967e+00
1.067786947487002536e+00
1.057215367252265503e+00
1.064755635372283793e+00
1.055101682733624591e+00
1.031054897061261189e+00
1.064287976792237522e+00
1.061703109414742441e+00
1.102823901297647957e+00
1.127402725617433932e+00
1.044701972769833898e+00
1.072520453391764050e+00
1.063176940835427686e+00
1.075871622827188512e+00
1.050134823166029907e+00
1.042141346554146253e+00
1.070363863637655344e+00
1.049484418002914587e+00
1.044862021166381716e+00
1.074783939502810481e+00
1.070252417264850653e+00
1.032665641533149214e+00
1.045734969547061022e+00
1.052056966533574611e+00
1.069028180001703854e+00
1.085227460989333981e+00
1.037420544646032949e+00
1.054025632473567065e+00
1.051752957867545968e+00
1.062481311761282132e+00
1.054169932133966814e+00
1.045766916204059926e+00
1.048937123113126146e+00
1.043440778304112415e+00
1.040331883457286555e+00
1.036508804841651754e+00
1.057912066443857491e+00
1.079972347897123264e+00
1.049643821025168400e+00
1.041266493520860204e+00
1.104074186690315429e+00
1.114779867848028072e+00
1.055663638792481374e+00
1.059601004166689897e+00
1.068411057930139352e+00
1.048771083545742666e+00
1.037791319669628898e+00
1.045102684137789284e+00
1.060627433403420916e+00
1.064547324642408643e+00
1.067410360548952442e+00
1.062804632031014940e+00
1.062493893554639524e+00
1.098666988129909372e+00
1.072543521243117137e+00
1.054336586528322073e+00
1.033017755458469411e+00
1.045762533736594113e+00
1.042623065236242486e+00
1.105664904587744468e+00
1.070632570269870243e+00
1.101550245778465609e+00
1.036866256711722833e+00
1.062443061979622794e+00
1.055128965524530393e+00
1.047798453049172851e+00
1.062484586942678222e+00
1.071135343778083060e+00
1.036667065687620459e+00
1.074370888689344827e+00
1.119345684040361943e+00
1.068188840086967462e+00
1.053702478422893662e+00
1.082532058815746767e+00
1.053083910100480303e+00
1.037909352887506076e+00
1.063643557362050629e+00
1.063452935086046214e+00
1.059264015668412995e+00
1.074881650868748650e+00
1.064458666960751865e+00
1.039900381429290199e+00
1.044906709036550696e+00
1.057005699309612634e+00
1.057918665168933847e+00
1.061100502367949838e+00
1.084969505363064357e+00
1.054720299996738442e+00
1.067025725752219767e+00
1.027104047048456703e+00
1.052309091369433514e+00
1.065224259361172487e+00
1.062678854613517965e+00
1.075168009306665562e+00
1.056475837459658784e+00
1.068251137257655303e+00
1.052199454324485028e+00
1.049496226204492677e+00
1.043316950294196799e+00
1.069994730496039992e+00
1.050547766268237870e+00
1.025630960646245038e+00
1.081129287549662310e+00
1.082190745964651368e+00
1.026658760976387530e+00
1.054181627715516933e+00
1.065306736865558213e+00
1.056625790463243009e+00
1.034978608247102638e+00
1.065193423599276379e+00
1.096199065106817194e+00
1.062985172374312226e+00
1.072954268094221231e+00
1.070061078642996044e+00
1.070637313393316026e+00
1.050254654905243834e+00
1.072549544173315494e+00
1.051673492019087996e+00
1.039742966817559955e+00
1.062447883602871457e+00
1.032587678752732163e+00
1.079481301861570097e+00
1.066459917522319722e+00
1.065659321868525966e+00
1.057098687937792159e+00
1.058789844603386543e+00
1.059837145589301199e+00
1.061299020117883574e+00
1.105033118199369335e+00
1.028983074288052135e+00
1.048989380550413797e+00
1.040934726896460383e+00
1.058192367218897534e+00
1.025766921094115380e+00
1.076005587184931889e+00
1.054397143819732374e+00
1.052680141999857932e+00
1.064974086351777149e+00
1.077563081349063312e+00
1.051147828487371871e+00
1.041785528767546598e+00
1.045748123176559519e+00
1.036490712254186208e+00
1.055953866808388542e+00
1.059298257438456403e+00
1.039164951979921980e+00
1.085578751055438218e+00
1.068292226109244014e+00
1.071019096979657581e+00
1.044483305139478402e+00
1.050256251851711564e+00
1.044510649269847713e+00
1.052105913509574719e+00
1.039865305198930834e+00
1.056050429396955703e+00
1.065820718247461496e+00
1.082759490979024353e+00
1.042093346501479889e+00
1.067393745110132963e+00
1.086438319248748341e+00
1.047769484340503654e+00
1.047174373246480661e+00
1.065262466606567315e+00
1.060813663446636745e+00
1.039920238541601094e+00
1.075085577780326540e+00
1.063788698795031573e+00
1.123038003496408255e+00
1.048070659244699776e+00
1.057763435468550339e+00
1.064990349741454345e+00
1.032996042989778207e+00
1.060262303589353250e+00
1.139281409540571666e+00
1.070861768776814715e+00
1.086631621114625412e+00
1.056121632811566791e+00
1.057180243265334552e+00
1.048371411041825629e+00
1.058961551664791889e+00
1.061489434352121286e+00
1.058372458201246369e+00
1.058240229525476250e+00
1.062414686415126930e+00
1.098682399555304334e+00
1.095590651916620084e+00
1.040683702881186390e+00
1.045161313577266826e+00
1.092688183234908683e+00
1.061233246238317829e+00
1.079627984162775167e+00
1.049231833025428884e+00
1.042538952375875683e+00
1.045913004383643319e+00
1.064962585905259607e+00
1.061604090267846523e+00
1.070102810725960696e+00
1.077352231456288223e+00
1.063042104096261653e+00
1.034336732660740887e+00
1.057700809068026437e+00
1.057200860666795306e+00
1.072106341794877515e+00
1.056787573904349964e+00
1.091847060710199324e+00
1.037052588615149151e+00
1.052332533470450304e+00
1.036589559895727097e+00
1.073012692747236763e+00
1.068243465176660800e+00
1.075855170010257655e+00
1.059172336252357072e+00
1.068213659391641590e+00
1.054955976037515342e+00
1.081360991558429463e+00
1.051562424970564624e+00
1.045757664748008242e+00
1.047222528065865577e+00
1.063930740803884278e+00
1.052268890635004839e+00
1.067910851821338269e+00
1.040405746972225209e+00
1.080928232195967675e+00
1.047513975962803379e+00
1.066099105307626083e+00
1.035024613052354603e+00
1.049061553760264554e+00
1.093801935426752303e+00
1.073595068297278132e+00
1.076313552784587291e+00
1.068237084928179037e+00
1.054630071606761144e+00
1.091821778731555836e+00
1.056829694372354522e+00
1.033009341624016031e+00
1.030064302602396342e+00
1.058648376757446607e+00
1.048533156208924622e+00
1.058996555356075397e+00
1.041584524206857543e+00
1.052782159278951024e+00
1.056005706364759433e+00
1.071255344220009675e+00
1.082196135182429186e+00
1.051047685339554505e+00
1.031372066036911006e+00
1.073143444576238670e+00
1.052148343990236823e+00
1.063718333311111763e+00
1.047275453656981270e+00
1.053085404144727733e+00
1.064171182092783940e+00
1.055287925729774701e+00
1.042470929770630717e+00
1.045533664274272301e+00
1.045478910571774556e+00
1.066322567176140490e+00
1.061542870424231788e+00
1.030049098309625100e+00
1.058347250548770546e+00
1.057354610104823900e+00
1.052491860355354802e+00
1.057364687786266799e+00
1.069238289368568573e+00
1.070981065542877753e+00
1.079508823676785134e+00
1.017361095078632482e+00
1.041731460453822589e+00
1.046031240531787310e+00
1.035174099797621761e+00
1.048040538259620069e+00
1.028549880978886666e+00
1.052403587751079339e+00
1.035557413097409230e+00
1.040902061335741369e+00
1.067894644099301571e+00
1.061094165015143753e+00
1.061065524488141509e+00
1.060285341862178043e+00
1.061635887317996740e+00
1.069098309244951972e+00
1.065466525073287984e+00
1.035906359794386500e+00
1.033185107891178678e+00
1.074019070891100380e+00
1.059870969436132349e+00
1.075176408879937373e+00
1.061393423463915520e+00
1.044646373985131271e+00
1.062240692262270692e+00
1.070659830706935267e+00
1.067769249999219294e+00
1.034596965295482951e+00
1.074096865797288913e+00
1.052097038290507269e+00
1.051330261669482402e+00
1.073213004124643710e+00
1.055684345715085293e+00
1.049412501527412056e+00
1.080794360270060039e+00
1.044118593283391405e+00
1.068088419510774933e+00
1.039822158691464216e+00
1.032862497686663605e+00
1.049170640680258559e+00
1.045106170602249307e+00
1.083159759705174530e+00
1.051868439909892539e+00
1.048583299920377465e+00
1.047760234333137808e+00
1.052466140778434811e+00
1.026792202448587377e+00
1.075288730102166745e+00
1.066231285417938990e+00
1.072477659107771375e+00
1.057331011231511519e+00
1.038780416462873779e+00
1.067807371261975335e+00
1.056972610015002090e+00
1.078953562445079450e+00
1.071836753787582142e+00
1.051931127108606034e+00
1.042789945723936684e+00
1.054824169095579744e+00
1.040188906081932041e+00
1.077562205707455201e+00
1.090546881591998085e+00
1.062497574259845923e+00
1.065732554827132583e+00
1.057717044247773019e+00
1.054460231345589527e+00
1.046271750916370147e+00
1.060838931121024009e+00
1.034848860522454395e+00
1.062909600025962797e+00
1.071720723081848625e+00
1.058244013632990033e+00
1.040381515081544084e+00
1.047543168521669177e+00
1.096490304035014463e+00
1.067253363976249814e+00
1.054393315931195119e+00
1.048865856169356681e+00
1.052368591073614690e+00
1.054217487138053411e+00
1.044521923810497688e+00
1.071646338386864183e+00
1.063537543222977666e+00
1.048662066545739346e+00
1.086872493032182252e+00
1.058338260305188294e+00
1.079681832023323684e+00
1.058223233715652523e+00
1.087654921982913248e+00
1.075008731894775416e+00
1.080375094124488511e+00
1.049069312725959602e+00
1.065747133578054395e+00
1.062599135385894566e+00
1.051918707222870841e+00
1.068862371911820430e+00
1.041623109433743366e+00
1.050568750443348298e+00
1.104743092924729497e+00
1.044474841394471554e+00
1.044794037177239066e+00
1.073574506831951991e+00
1.084923292962208130e+00
1.053759001410026208e+00
1.045844943961439899e+00
1.085301652341325696e+00
1.041074924498872845e+00
1.103312618899100039e+00
1.056566718154998918e+00
1.028629417380873212e+00
1.071084033103871347e+00
1.054880822458819534e+00
1.089719712355780912e+00
1.077282417861540109e+00
1.062911410977128934e+00
1.082422860904183715e+00
1.053326431165432897e+00
1.095980361597165276e+00
1.053876698506628573e+00
1.059193868444737952e+00
1.034294638329826377e+00
1.058498747944448981e+00
1.056971031650471460e+00
1.098627268537396118e+00
1.050892264504174722e+00
1.062020484423565225e+00
1.082381026406329161e+00
1.083508062540821992e+00
1.034507914230586634e+00
1.066129650762087433e+00
1.047841097394762722e+00
1.073294410396747445e+00
1.047430310351919580e+00
1.074035777308097961e+00
1.069492964402301016e+00
1.048622821312136688e+00
1.051050194079863553e+00
1.037982546989688837e+00
1.050953982816881904e+00
1.057179949490185900e+00
1.062503525885629241e+00
1.047407900698222649e+00
1.070770826877065485e+00
1.046351332003782275e+00
1.067096696041624160e+00
1.062318584252234244e+00
1.036835254058480871e+00
1.049449991627114498e+00
1.059161977751526651e+00
1.071663746791795546e+00
1.034382134968048872e+00
1.055538051340121797e+00
1.077776792573877040e+00
1.039449734662742708e+00
1.057564656880938037e+00
1.066475633138958878e+00
1.034210244447048677e+00
1.040552108462765579e+00
1.057333330872413768e+00
1.051256862306896078e+00
1.064010889080886590e+00
1.034780816678331217e+00
1.092163131239078044e+00
1.079138247954026575e+00
1.076953541113614632e+00
1.044491277980776456e+00
1.063448986382228512e+00
1.077853872561592041e+00
1.059957145501047027e+00
1.079069267944837041e+00
1.058224107979635509e+00
1.037506375541587200e+00
1.070121141403591158e+00
1.053579116130045401e+00
1.049120750167345184e+00
1.063911376691221156e+00
1.045566750270218170e+00
1.060514798102957901e+00
1.024530897657620176e+00
1.072032511411071809e+00
1.058957149611154058e+00
1.039773513508132741e+00
1.051827053487886854e+00
1.041229501267028512e+00
1.083117011800476481e+00
1.062823190124912776e+00
1.078411725340337357e+00
1.057030154809101896e+00
1.082989817061682070e+00
1.030209743203333028e+00
1.029749025566313536e+00
1.073762369426235708e+00
1.054626331604346268e+00
1.048061085217535160e+00
1.086533713801618228e+00
1.081399173402957326e+00
1.054609889155006641e+00
1.087323320197122412e+00
1.059238274994033890e+00
1.045239636514139869e+00
1.061277126102820434e+00
1.073547709844112630e+00
1.070244573227131291e+00
1.062387604755059778e+00
1.082122608471974612e+00
1.081359318139027526e+00
1.053353925684491044e+00
1.054724589432536774e+00
1.079435762111937924e+00
1.052759434477952061e+00
1.059969934728860697e+00
1.075104482017299468e+00
1.057674750362691540e+00
1.034186468004389958e+00
1.034692215582443175e+00
1.078498172817394130e+00
1.079407615397307563e+00
1.072209530944797429e+00
1.062789578435454851e+00
1.101752710305098804e+00
1.058032407179329226e+00
1.044582986581989559e+00
1.100536402328686769e+00
1.055246875285033026e+00
1.074888343406285696e+00
1.037248237033127074e+00
1.042882957374628328e+00
1.046153351891125016e+00
1.066282982470081464e+00
1.058719464679573674e+00
1.045659236664632230e+00
1.048325089233343110e+00
1.059072146173547502e+00
1.041767107177435703e+00
1.051949867902983060e+00
1.100227045076812127e+00
1.057741944869617923e+00
1.057235359670797070e+00
1.048057478340441273e+00
1.057748687455215997e+00
1.046433015125519228e+00
1.050169193664888923e+00
1.066809155731669012e+00
1.067153802371904936e+00
1.056380460164316082e+00
1.058877477089512853e+00
1.068706034854731035e+00
1.045151835756352732e+00
1.056215877097287148e+00
1.044130210784728119e+00
1.038775206043427879e+00
1.065977875721641821e+00
1.051249253402246620e+00
1.067457730111900593e+00
1.041023148409569332e+00
1.068661212163965368e+00
1.063526033449217367e+00
1.056127700151195503e+00
1.061087411700512018e+00
1.036255616488888309e+00
1.031649407671631824e+00
1.062156185252898677e+00
1.069164961627016686e+00
1.055540878507580826e+00
1.078007008674984890e+00
1.039029625713237426e+00
1.055414210409650444e+00
1.041760229851638409e+00
1.035838112589852811e+00
1.062827258642829120e+00
1.069685638641963088e+00
1.060592281761358668e+00
1.051024838331631184e+00
1.057057006931151566e+00
1.062353431299418283e+00
1.086227384620856995e+00
1.070346203286406173e+00
1.029215593182808641e+00
1.040508777332905588e+00
1.053308207057174206e+00
1.045724230421324563e+00
1.068260001679599558e+00
1.055323975567406425e+00
1.071541555328884954e+00
1.061584667541264349e+00
1.067440414414022154e+00
1.079452058854121210e+00
1.040021108340708267e+00
1.055086172090466734e+00
1.049992490239598508e+00
1.053723382205285164e+00
1.040817678248863620e+00
1.096547804950996019e+00
1.053570803013227364e+00
1.056692931677932545e+00
1.092434381011373912e+00
1.067902938660810985e+00
1.041533274320298297e+00
1.070238243732221539e+00
1.049893797587665656e+00
1.086029531607100251e+00
1.036517663477291684e+00
1.075209622487068639e+00
1.033815520068461780e+00
1.080529137522938665e+00
1.056853847957284875e+00
1.076426891191319735e+00
1.071263817657088335e+00
1.089742304498346082e+00
1.058099497324863192e+00
1.071510403779909915e+00
1.036077843602752457e+00
1.076830022607918602e+00
1.056493424108791324e+00
1.053784112125873307e+00
1.061575898775905413e+00
1.055874789229587440e+00
1.113536296950970117e+00
1.043768303210153681e+00
1.045106978230231576e+00
1.057158488480509417e+00
1.054659869821266804e+00
1.062168415140634758e+00
1.052235283948590228e+00
1.071243854162289288e+00
1.053870162830690571e+00
1.046789482659777448e+00
1.081345192369620678e+00
1.048490996962692989e+00
1.092434027692495757e+00
1.065444009079566490e+00
1.068239061164259374e+00
1.087742709728956036e+00
1.047160922307218023e+00
1.075242715326297560e+00
1.050116326466890460e+00
1.069413298462829065e+00
1.038816784398289839e+00
1.035453398955255899e+00
1.054168197986707245e+00
1.079975660555680284e+00
1.088475989275965006e+00
1.038895259848308328e+00
1.084091983180572427e+00
1.051696243515531037e+00
1.054193768910033802e+00
1.049688508264954967e+00
1.054361783813621667e+00
1.047689243537131887e+00
1.052194548150653830e+00
1.045724823725716623e+00
1.072379906932788174e+00
1.036085783879411748e+00
1.041830114913038896e+00
1.039442642676365880e+00
1.058103059120254930e+00
1.069224422164907207e+00
1.070269924633882930e+00
1.051394245854310849e+00
1.067966261421814389e+00
1.062462990097043258e+00
1.073193579368594497e+00
1.044728444175189841e+00
1.076748008320230543e+00
1.065253214464239040e+00
1.067220874936007924e+00
1.040586275269158589e+00
1.032259637299375088e+00
1.086847705011557030e+00
1.046619520061744746e+00
1.055808962852855970e+00
1.062378680065442449e+00
1.047351377776831738e+00
1.057794593974206609e+00
1.037955170896705193e+00
1.048042794574667758e+00
1.073826850617759954e+00
1.062432983486549576e+00
1.038882309019296901e+00
1.043679671801639453e+00
1.080985432857099582e+00
1.036996367322321699e+00
1.068765040958121082e+00
1.064245673862932007e+00
1.063443354650903450e+00
1.057795831576036072e+00
1.058355031795615631e+00
1.043173971890515972e+00
1.046954108988038090e+00
1.067307893531151519e+00
1.055533240085045454e+00
1.057401813222817122e+00
1.077651122977290710e+00
1.072743428716214753e+00
1.042392434247974897e+00
1.083367388929608932e+00
1.055788261698132668e+00
1.086827300989019918e+00
1.082657276391985945e+00
1.064071729386965703e+00
1.066741665960071694e+00
1.036878953662156322e+00
1.083537941094562695e+00
1.048395571318157860e+00
1.047341264122604976e+00
1.067878939866527155e+00
1.074207639222129584e+00
1.063329142563500751e+00
1.064647729443610968e+00
1.087708497169493471e+00
1.070841190291383249e+00
1.047092829992273044e+00
1.075252540879510832e+00
1.059907358456570359e+00
1.064306428763248880e+00
1.069555100563274630e+00
1.073442049600419335e+00
1.061131218799122200e+00
1.074143667802466284e+00
1.047947227979918017e+00
1.067464960661564710e+00
1.047701289130078983e+00
1.045555084110098232e+00
1.043823037654384667e+00
1.056511586404768499e+00
1.064234638949226763e+00
1.092828832035522613e+00
1.041335364810751063e+00
1.048628361469394754e+00
1.042240978727629219e+00
1.067306088072755177e+00
1.055413305639077093e+00
1.041660334656568709e+00
1.061537583043064226e+00
1.096254637607770865e+00
1.062118745136448439e+00
1.075571806306793832e+00
1.063252875406003106e+00
1.051454781804036953e+00
1.037916227902014876e+00
1.065763489292942623e+00
1.074822632737391537e+00
1.063979545896083900e+00
1.071471515807812525e+00
1.046285529290550409e+00
1.046327193205258910e+00
1.048163787723070950e+00
1.071913376000652063e+00
1.057665988938244706e+00
1.048302198686449138e+00
1.054726758880896620e+00
1.066499202619759057e+00
1.047511945952522616e+00
1.062515828953049413e+00
1.054786770428486786e+00
1.051298452658214533e+00
1.067471266582434852e+00
1.054616509143537550e+00
1.043530490720352200e+00
1.058329635293849380e+00
1.069030672317169861e+00
1.084765197732520559e+00
1.057043944800588831e+00
1.066565624474110408e+00
1.075397021294556499e+00
1.035323067517549545e+00
1.055635527520999650e+00
1.071635096569409917e+00
1.083122237301921365e+00
1.056960951641614299e+00
1.075230009342709181e+00
1.043669724781843389e+00
1.048340458128656172e+00
1.055509344044896824e+00
1.057670005901975463e+00
1.051413682446119768e+00
1.057525001583198065e+00
1.055993509628136540e+00
1.037924006644578068e+00
1.063733762618700229e+00
1.075024928819135139e+00
1.062895279363195389e+00
1.044574344006723665e+00
1.084522749991163160e+00
1.060176215236132924e+00
1.043016368278837591e+00
1.046558619688856773e+00
1.069970246904993205e+00
1.051230061058232801e+00
1.092515685700232941e+00
1.039572913200188076e+00
1.056614370087865851e+00
1.060047504502122706e+00
1.046442474507879083e+00
1.052698229628743931e+00
1.052322867517926142e+00
1.097101070953199198e+00
1.048312874298623631e+00
1.071353469437449801e+00
1.072881738924093442e+00
1.084047385721311318e+00
1.058611533800469795e+00
1.056670280462805200e+00
1.074977910277459925e+00
1.046949157775000527e+00
1.044265844718157865e+00
1.045207051089612316e+00
1.050413456482782948e+00
1.042079147450055698e+00
1.082892452353024337e+00
1.047391318519276915e+00
1.072328748401840670e+00
1.039482666441861491e+00
1.109411796277156581e+00
1.062450280996853014e+00
1.056080291875628241e+00
1.032762094008095710e+00
1.049768225326760396e+00
1.056442018446662301e+00
1.067786511284560591e+00
1.097762190710581676e+00
1.095244117162554209e+00
1.039156076967361120e+00
1.039544614273143930e+00
1.078484246094858490e+00
1.069105834681836065e+00
1.055890916019789572e+00
1.037686802883732051e+00
1.092196504969344062e+00
1.052833159166228771e+00
1.065795430717370484e+00
1.040475937432436382e+00
1.064566851962885474e+00
1.053274719076005228e+00
1.087940963822259244e+00
1.032863183946272745e+00
1.078167743650694899e+00
1.035183226425509195e+00
1.044092213424983706e+00
1.073247173545751165e+00
1.073801658352359967e+00
1.059556320277622810e+00
1.043916480033129979e+00
1.078413604435639161e+00
1.053744972060248530e+00
1.046493475201065726e+00
1.070972346988071200e+00
1.065436871770056193e+00
1.035007157333652117e+00
1.073146653691475771e+00
1.053026646247616993e+00
1.064666353479239103e+00
1.034452219891458080e+00
1.051399788348818642e+00
1.042972952215079685e+00
1.070974479498436827e+00
1.075605402085308526e+00
1.043475637927714361e+00
1.052718040374009512e+00
1.045007570430700028e+00
1.054897480123744069e+00
1.055918677906105385e+00
1.054550798432299263e+00
1.064431675883173112e+00
1.083570080803884395e+00
1.062393221242907027e+00
1.062611050299701265e+00
1.051439896793780138e+00
1.099340773205643718e+00
1.086327546977151615e+00
1.060635238926288970e+00
1.061271661352104934e+00
1.067561220587969206e+00
1.047061322131422667e+00
1.062324596592591375e+00
1.055260980494614031e+00
1.032879339304933586e+00
1.069812207121601189e+00
1.030913617785577996e+00
1.057458104070409854e+00
1.061215805785605371e+00
1.075589926376103955e+00
1.075980302787268528e+00
1.058056296161243415e+00
1.048970903925545706e+00
1.064112459306620018e+00
1.049459395276168827e+00
1.080059814250369232e+00
1.060031426946994593e+00
1.051307079431917257e+00
1.068500503675777535e+00
1.074849390835360685e+00
1.075605587532655116e+00
1.077931377799246082e+00
1.060521188377061552e+00
1.033384736892447364e+00
1.067702848249257208e+00
