2.537134845979852253e+04
2.635954802091629972e+04
2.560953042027771153e+04
2.566451604813149606e+04
2.557605905105000784e+04
2.544399242075350048e+04
2.561811770529702335e+04
2.577281916238204940e+04
2.632396506919696549e+04
2.563465522859424163e+04
2.618203919950897762e+04
2.549168909354050629e+04
2.566818483140756507e+04
2.549901217550279034e+04
2.590466263310639260e+04
2.619365761529484735e+04
2.633800315731044611e+04
2.562514238475912498e+04
2.564023322227725657e+04
2.585990969552159731e+04
2.562789988289066969e+04
2.584197499929100377e+04
2.577008342368770172e+04
2.566266759263458880e+04
2.556723345892459110e+04
2.592235448223194180e+04
2.561760770440750275e+04
2.597830818505274874e+04
2.580538115288248082e+04
2.562944108225287710e+04
2.582302640994987451e+04
2.545131773212901317e+04
2.617606414126146046e+04
2.567657009176252541e+04
2.592653284906101908e+04
2.584719876841078076e+04
2.603581269965982574e+04
2.568003926890225193e+04
2.566561824685465035e+04
2.598001134340237331e+04
2.571575884279181628e+04
2.567952292181757002e+04
2.568847433328555053e+04
2.563751476786953208e+04
2.561038295289617236e+04
2.578892940437215657e+04
2.540180396942147127e+04
2.594632253541996033e+04
2.648413779223760866e+04
2.587696947898014332e+04
2.559511639968242525e+04
2.566421861555738360e+04
2.607102391836972311e+04
2.557172271268301483e+04
2.566856800519377066e+04
2.576808355164196473e+04
2.542527753198368373e+04
2.593185872306890087e+04
2.579998903677830094e+04
2.607152633740485180e+04
2.659363402849801059e+04
2.573951151712034334e+04
2.605951279849727507e+04
2.576500452901079916e+04
2.581358177219843856e+04
2.619862439785559764e+04
2.551739051673979338e+04
2.583370047195174629e+04
2.559411749334878550e+04
2.560986844147952797e+04
2.593809721690306469e+04
2.593145942744811327e+04
2.563890614070553056e+04
2.584806619868829148e+04
2.557451154152673917e+04
2.564044553195560729e+04
2.580232510316996922e+04
2.594329174005496679e+04
2.554691162830264875e+04
2.587217209633098537e+04
2.547241741619463210e+04
2.533725547946257575e+04
2.563646877875581049e+04
2.584284039991214377e+04
2.557428119301821789e+04
2.565856261585990796e+04
2.572628588085177398e+04
2.568945318271404540e+04
2.591881410263546422e+04
2.563180731176149129e+04
2.530404260413469456e+04
2.584901376326382888e+04
2.530382253195220255e+04
2.563181548040770213e+04
2.572064448454126250e+04
2.545974680789424019e+04
2.592814691063618375e+04
2.563341434147096152e+04
2.681482522766836701e+04
2.653358470085589579e+04
2.587722578794154106e+04
2.559749484269987443e+04
2.596208514552800261e+04
2.545210702412485625e+04
2.558332562409124148e+04
2.623731919438573823e+04
2.597895608504322081e+04
2.550008123031115974e+04
2.572744891516783537e+04
2.633836116906375173e+04
2.571853956759375069e+04
2.578783953359161023e+04
2.548828106103555911e+04
2.672491304436850987e+04
2.579533004179093041e+04
2.552434791818408121e+04
2.580224066127506012e+04
2.576522420804748617e+04
2.563433077654934459e+04
2.559801732673886727e+04
2.572466259335619179e+04
2.608422782917440418e+04
2.577399399555309355e+04
2.637871942615469015e+04
2.559825226829472376e+04
2.636373917122357307e+04
2.569984560285271800e+04
2.642264508714699332e+04
2.609181288554273851e+04
2.571601771117555472e+04
2.552720618231553090e+04
2.609254851618087559e+04
2.571120181770564523e+04
2.579539874296123890e+04
2.576927238476963248e+04
2.561906313866214623e+04
2.547374458615144613e+04
2.599427423596584777e+04
2.559013790561423593e+04
2.630127558373188003e+04
2.547642526080397147e+04
2.579232353442018575e+04
2.582431045929122047e+04
2.590119723497551604e+04
2.628158852555848352e+04
2.599687502067765672e+04
2.578928314266303278e+04
2.539807256040940410e+04
2.560702609795456374e+04
2.576842237856159409e+04
2.546184426107195031e+04
2.616764903194538783e+04
2.546908564058753109e+04
2.543190523865916111e+04
2.554813036344549255e+04
2.552185676688492822e+04
2.558033066461548879e+04
2.540248173727238827e+04
2.544958822474290355e+04
2.592446414079649185e+04
2.577331310200500593e+04
2.551891512025052725e+04
2.593515282571247008e+04
2.558495425728846385e+04
2.544337936462084690e+04
2.564001334024559401e+04
2.591695001276569747e+04
2.580902581636701871e+04
2.545093441273925418e+04
2.556163264049123609e+04
2.553247776660040836e+04
2.558817170567927678e+04
2.569810432638623388e+04
2.582098683718137545e+04
2.555082818121935634e+04
2.575792059371543291e+04
2.543414999189760783e+04
2.553254538614466219e+04
2.593518510671406693e+04
2.587574073434140882e+04
2.560762339470607913e+04
2.571467815046170654e+04
2.560809797482279464e+04
2.571156223417564252e+04
2.556110147650423824e+04
2.571304582545830635e+04
2.558290486492767013e+04
2.575277168740353591e+04
2.552590192480362748e+04
2.555049058914434499e+04
2.567180862945164336e+04
2.566255486299098266e+04
2.564482082925930808e+04
2.545860562800905609e+04
2.555659599892028928e+04
2.547698876340044444e+04
2.549827265805193383e+04
2.559345454999379581e+04
2.525021891342196250e+04
2.594254021087580622e+04
2.595942738417639339e+04
2.608998952025989638e+04
2.584148313044945098e+04
2.581916429085360869e+04
2.564948616559367292e+04
2.596238014994499827e+04
2.595401859871715715e+04
2.575922244329442765e+04
2.658131872772689530e+04
2.557400386781623456e+04
2.555342660679564869e+04
2.576166630062751210e+04
2.619340561151117436e+04
2.572515605294702618e+04
2.566153068210549100e+04
2.561249521287374955e+04
2.554992007398543501e+04
2.598783090777757388e+04
2.550740190507048464e+04
2.604775458304464701e+04
2.559671961092706988e+04
2.598236206845313063e+04
2.549894449303240981e+04
2.597379316842091430e+04
2.575947340515824180e+04
2.580088877847884578e+04
2.566817321923957206e+04
2.555857335135761241e+04
2.541489474485250321e+04
2.543553227843358036e+04
2.573537762288995509e+04
2.571672470458634052e+04
2.536096037711603276e+04
2.574889024167741081e+04
2.598778715031205502e+04
2.544513635115996658e+04
2.600990196481141538e+04
2.556684234381583519e+04
2.557176005707508011e+04
2.558737865005742060e+04
2.566699900787930528e+04
2.557722673002133888e+04
2.550828570583663168e+04
2.586936842760958825e+04
2.554289559274954081e+04
2.570765605110079923e+04
2.570673746779150679e+04
2.570832384194941915e+04
2.568531687074589354e+04
2.560192656738033475e+04
2.558497452527135465e+04
2.544042417967616348e+04
2.611434725084027014e+04
2.558954083661476761e+04
2.552143408638582696e+04
2.554585898584733150e+04
2.538178908551312998e+04
2.607216045634453621e+04
2.567909762628918179e+04
2.553072670703599215e+04
2.594515166010974281e+04
2.553405625533066268e+04
2.582999259661175165e+04
2.556482801760427174e+04
2.544027110790770166e+04
2.608102992033631745e+04
2.562682252789882841e+04
2.567706534896553785e+04
2.558238783491907816e+04
2.548435271015914623e+04
2.554288047091119370e+04
2.556109340166638867e+04
2.559058851533971028e+04
2.562677552384285445e+04
2.531798053136888120e+04
2.591670292038966363e+04
2.602423314472537822e+04
2.612320586400178217e+04
2.560929112222988260e+04
2.606152313316857180e+04
2.608463730981669141e+04
2.599550317438388083e+04
2.565231051025955458e+04
2.563605700156310195e+04
2.595676523701241240e+04
2.580157131157881304e+04
2.575265670520028652e+04
2.651317614145117841e+04
2.556224622550619097e+04
2.567675338469542839e+04
2.590479786046106528e+04
2.544823642466710226e+04
2.567841727406577775e+04
2.571449455017719083e+04
2.537721088720242551e+04
2.602544568717660877e+04
2.606074442213039947e+04
2.607470047993129992e+04
2.563372381113041774e+04
2.571150229461156778e+04
2.612538792317800107e+04
2.569411879863875947e+04
2.592188240339714321e+04
2.605181206262124761e+04
2.554713141572752284e+04
2.591637861401798364e+04
2.579200231004199304e+04
2.568214181410294623e+04
2.570281503490487012e+04
2.571667309465903963e+04
2.539053182846492928e+04
2.569629741937380095e+04
2.573541651522060056e+04
2.570160387617112428e+04
2.537666602527664145e+04
2.576075843370547591e+04
2.569877880881263627e+04
2.584972179591501481e+04
2.627429193829354335e+04
2.584608736891406443e+04
2.560432806672299193e+04
2.556840679780677237e+04
2.571437485860164088e+04
2.615040734249292291e+04
2.567089789430857491e+04
2.574882732569901418e+04
2.592335322539203116e+04
2.589583911581190478e+04
2.558102246127516992e+04
2.561439101055997526e+04
2.607711707371716329e+04
2.558863838421125183e+04
2.560101973531135445e+04
2.609316130519283979e+04
2.593948847396589190e+04
2.563269232621267656e+04
2.556718182379462814e+04
2.572255409095076539e+04
2.563020940713265009e+04
2.596163870625009804e+04
2.571007612670888921e+04
2.605175619706255020e+04
2.561084286286678253e+04
2.554126931020363554e+04
2.559471116989387519e+04
2.593286711446837580e+04
2.582723419409831331e+04
2.590034382498477135e+04
2.565461106812192884e+04
2.581353744163595547e+04
2.559649064150364939e+04
2.590186837678767552e+04
2.580721448152414087e+04
2.576221386196839376e+04
2.582902676265240734e+04
2.562456539023431469e+04
2.549264727453702289e+04
2.643077208353079186e+04
2.582342771227798221e+04
2.552738925298806862e+04
2.620719996896875091e+04
2.554851001213467680e+04
2.541522647219460123e+04
2.553912435113426909e+04
2.568041280571832976e+04
2.582915657256272243e+04
2.576922445756874367e+04
2.557156083429406499e+04
2.576823661211539729e+04
2.567988871521942929e+04
2.548628447053345008e+04
2.626646673317324530e+04
2.572624306192151198e+04
2.576399819493950417e+04
2.606854347338612206e+04
2.579636484577862575e+04
2.576441531531643705e+04
2.564185421940159722e+04
2.578660518302477431e+04
2.545673446599921954e+04
2.584912242905435050e+04
2.548228532886669200e+04
2.559564344751161843e+04
2.630047985716554103e+04
2.595302730188725400e+04
2.591073194302495540e+04
2.567134585203780443e+04
2.547756126643481548e+04
2.570375338359033776e+04
2.563533820250792269e+04
2.553368295491411118e+04
2.605974365448510798e+04
2.572547187127121288e+04
2.569606458876882243e+04
2.555777216856072118e+04
2.558378240265251588e+04
2.580830560227746173e+04
2.590932107460492261e+04
2.570282413304330839e+04
2.564474393819781471e+04
2.590678924576088684e+04
2.575344154612646525e+04
2.569384470008389326e+04
2.548558454939930743e+04
2.570579626591841952e+04
2.537693564232407152e+04
2.571516457086537775e+04
2.590811621362092410e+04
2.605159154947482239e+04
2.557932850856312507e+04
2.543538464546846444e+04
2.575680748448758095e+04
2.569473515149074956e+04
2.574135455354282021e+04
2.539463202107174948e+04
2.542212632163046510e+04
2.544967133872230625e+04
2.567311406050137157e+04
2.555684185114753200e+04
2.557538055164705293e+04
2.574653847400435188e+04
2.571965926182612748e+04
2.575716148170263841e+04
2.582054807728866945e+04
2.564954160959400178e+04
2.561647720866115560e+04
2.565880633363192828e+04
2.555158549242172739e+04
2.593043746207056756e+04
2.567430900087844202e+04
2.547113950455280428e+04
2.551327909652055314e+04
2.575468868911847312e+04
2.572859476790700137e+04
2.611478907166515273e+04
2.639500579564805230e+04
2.566864858356065815e+04
2.571776766807359672e+04
2.570199500301930675e+04
2.558387847283466544e+04
2.593407161207023455e+04
2.571127774472158126e+04
2.553922128289369357e+04
2.573739575322693418e+04
2.574379353018692200e+04
2.560857812334381015e+04
2.565030120848224396e+04
2.591374335234528189e+04
2.560005902097829312e+04
2.561686404556415437e+04
2.550497902959437488e+04
2.556029101938382519e+04
2.569711417895855993e+04
2.562995934641377971e+04
2.581054376255275929e+04
2.538909744582040366e+04
2.572743098476616069e+04
2.592557108863709800e+04
2.594467250324560155e+04
2.573401902359420637e+04
2.593552566036539793e+04
2.600755120713890574e+04
2.554940561313135549e+04
2.551553252646819601e+04
2.549757631380078601e+04
2.553754983481521776e+04
2.609784618122117899e+04
2.561338268732433426e+04
2.606831449065566994e+04
2.562359837003203938e+04
2.554258024985951488e+04
2.546105748049825706e+04
2.584538594454710255e+04
2.590037104849087700e+04
2.586164169328935168e+04
2.611014979781752845e+04
2.596349184473497735e+04
2.625381703730898516e+04
2.554313519284592985e+04
2.561329379504859389e+04
2.569166338603243275e+04
2.619727317443905122e+04
2.561810928656712349e+04
2.576131162584424237e+04
2.614021190161147388e+04
2.575388241831979394e+04
2.563782460040082151e+04
2.539769412364612072e+04
2.542212123267020434e+04
2.614240943464188967e+04
2.619111820357431861e+04
2.539035979409698848e+04
2.569862172253532117e+04
2.637471392227271281e+04
2.565416642543338094e+04
2.580158950531161827e+04
2.553360718015792736e+04
2.558295776069500789e+04
2.573879074452061468e+04
2.583676456374341797e+04
2.554693510653741032e+04
2.568751086085832139e+04
2.543590962512715123e+04
2.571138479444549739e+04
2.593461984325689991e+04
2.599036177023234995e+04
2.552170356613175682e+04
2.580916701321366054e+04
2.565438593314852187e+04
2.576319857052615407e+04
2.550757984232951640e+04
2.594379448721034714e+04
2.567851857313822256e+04
2.534458019272951060e+04
2.590980653464480565e+04
2.580189897700170695e+04
2.550326919877007458e+04
2.547734841894387864e+04
2.560892301703354678e+04
2.608903420484521848e+04
2.557119290991032176e+04
2.565183515269052077e+04
2.536685574209794504e+04
2.570943472441920312e+04
2.587428621461152943e+04
2.602335226916088504e+04
2.561903816520080363e+04
2.550505106180620714e+04
2.569959147012287212e+04
2.585318127952768918e+04
2.558608360005842405e+04
2.608367763452586951e+04
2.553847774624282829e+04
2.594360219518705344e+04
2.551994931936952344e+04
2.554024526574554329e+04
2.555677181048922648e+04
2.546508801101515564e+04
2.611133572325730711e+04
2.543564501080957052e+04
2.599008932200289564e+04
2.575186807723443053e+04
2.563989248259685337e+04
2.594439417495722955e+04
2.563919039765453272e+04
2.552092058413525956e+04
2.632359012273206463e+04
2.552190157284855377e+04
2.595510972368050716e+04
2.562305849067356758e+04
2.578439137235734233e+04
2.566558743183121624e+04
2.623006720806260637e+04
2.583429159506648648e+04
2.576674055438739015e+04
2.561488215028195918e+04
2.665634990760246728e+04
2.553611406778725359e+04
2.589923466102860039e+04
2.548404660867871644e+04
2.567347646022385015e+04
2.620587019480311574e+04
2.576042822570063436e+04
2.634534438159498677e+04
2.584411127112588292e+04
2.560268735994518647e+04
2.545473343356955229e+04
2.539269948457428472e+04
2.562301267982637364e+04
2.594161100602925944e+04
2.569665861394488820e+04
2.564158566663704187e+04
2.543503258005814860e+04
2.558930981440603864e+04
2.570503125481662209e+04
2.596352330052872639e+04
2.555787732786253400e+04
2.581799896844083560e+04
2.576511557796816123e+04
2.555310585589252878e+04
2.529499108105991036e+04
2.608592776514690559e+04
2.598778146069923969e+04
2.585030276145836615e+04
2.591801045190558943e+04
2.547733879297464591e+04
2.542408303690956018e+04
2.556556748784935189e+04
2.595812613114104533e+04
2.550845604897563317e+04
2.576135046968778624e+04
2.564685992770960002e+04
2.597520202656070614e+04
2.565680822905330933e+04
2.559017710071226611e+04
2.546032858242648945e+04
2.575634641960362569e+04
2.548325567654231054e+04
2.557573012604531323e+04
2.551355458904043189e+04
2.573372130802966421e+04
2.548009079074811598e+04
2.580352511671280445e+04
2.551540322568371630e+04
2.565273254401407030e+04
2.580941416926348757e+04
2.602427571532061120e+04
2.628674204549380374e+04
2.545815009405698584e+04
2.543585322891830583e+04
2.539258537871022054e+04
2.571541047374041955e+04
2.563910127490464220e+04
2.564350496402316276e+04
2.559223446937204062e+04
2.546487893114432882e+04
2.548341827540546001e+04
2.544614168980561226e+04
2.562750109802331644e+04
2.553352055258422479e+04
2.557412533054154483e+04
2.585169879825740281e+04
2.565014364938524886e+04
2.570166482563383397e+04
2.624063343705151055e+04
2.621373818533910890e+04
2.568399264639749526e+04
2.606500185442022121e+04
2.535528891198107885e+04
2.547171628823746869e+04
2.598240943034159500e+04
2.623699075121024725e+04
2.561706488322129371e+04
2.549276135780819095e+04
2.561391723113219632e+04
2.577211245818550015e+04
2.593221562426675519e+04
2.527538067781203063e+04
2.582680764974142949e+04
2.548211127731263332e+04
2.551579182399453566e+04
2.552237033840083677e+04
2.596222993914666586e+04
2.618767185642952973e+04
2.615585678437513707e+04
2.584141718727823536e+04
2.550946280509873759e+04
2.560247107143080939e+04
2.568630820192816827e+04
2.548157980951790887e+04
2.607898399553198396e+04
2.538960445628301386e+04
2.597361982723914116e+04
2.576217947581281987e+04
2.584408950749009091e+04
2.605017951138925855e+04
2.584212381533518419e+04
2.558367967152889469e+04
2.582732994210347897e+04
2.580504189555197809e+04
2.551329204297879915e+04
2.574685323772203992e+04
2.562585119036116885e+04
2.594951733192727261e+04
2.615372030259581516e+04
2.586242890865767185e+04
2.545579980424855603e+04
2.575832305258032284e+04
2.586581027055325103e+04
2.580927766952339152e+04
2.621083059815164597e+04
2.576747114199604403e+04
2.576763706522841312e+04
2.563271489788798863e+04
2.571640889491736016e+04
2.582210488697011169e+04
2.582929818436659480e+04
2.597133381905823990e+04
2.576606868371904784e+04
2.581407732996210325e+04
2.578361042898542655e+04
2.608130411583737805e+04
2.553204400340239954e+04
2.544015649619595206e+04
2.587591702862775855e+04
2.583388611246271103e+04
2.596691516699112253e+04
2.567173360401357058e+04
2.599612507577455108e+04
2.550556260076549006e+04
2.657239491789344174e+04
2.622804865932734174e+04
2.544202087515413587e+04
2.563481633286035867e+04
2.549873588041734911e+04
2.547168847810252191e+04
2.546946896435463350e+04
2.566896232035033609e+04
2.550451896465916434e+04
2.527348431327778235e+04
2.560947032681382188e+04
2.550261467350727980e+04
2.644332254381895109e+04
2.546237777006637043e+04
2.605352482354110180e+04
2.568277742419235801e+04
2.595412490968745260e+04
2.571224307005294759e+04
2.594457420278072459e+04
2.555440712117516887e+04
2.563694424429809442e+04
2.590841222796615693e+04
2.565735636058228192e+04
2.573724850492941914e+04
2.576408362267102348e+04
2.579314436031889636e+04
2.547822055863941569e+04
2.539680872569818894e+04
2.592054344933568791e+04
2.579612627767816230e+04
2.550649106000848406e+04
2.572906074658388388e+04
2.552150309794641362e+04
2.552585958319147176e+04
2.547495540974299365e+04
2.576276910089476587e+04
2.608701248717393901e+04
2.571595860817048015e+04
2.553091704710809427e+04
2.543953126119769513e+04
2.607947293424760574e+04
2.545596741461981583e+04
2.611542409449122351e+04
2.529235862973293115e+04
2.543485180460349875e+04
2.549030625893714023e+04
2.600680474986638364e+04
2.578953762837454269e+04
2.547800579243633183e+04
2.590808389822742902e+04
2.559538618826818856e+04
2.528291285049692306e+04
2.548476297547626746e+04
2.581490696641749309e+04
2.573402144054921519e+04
2.539863536386442138e+04
2.539413476072983758e+04
2.554757278654474430e+04
2.586104835348622873e+04
2.548586028697194706e+04
2.570769967658886526e+04
2.564911597392350086e+04
2.583667062432308376e+04
2.535676473355816051e+04
2.560058386539731873e+04
2.568232820285349590e+04
2.577271856445341473e+04
2.553569916330870547e+04
2.557113957947032759e+04
2.543774511456435357e+04
2.537925920685643359e+04
2.546683118253743305e+04
2.568177178656085016e+04
2.550785079586689972e+04
2.573811195394136303e+04
2.586389291579185374e+04
2.579524784665326661e+04
2.573703461293072905e+04
2.559626413348162168e+04
2.538451555543138602e+04
2.555879609233971860e+04
2.549041363082487806e+04
2.577245171265971294e+04
2.575495154801340686e+04
2.579943110642617467e+04
2.570545733490065322e+04
2.530399786381235026e+04
2.572203609113464699e+04
2.618909522869398643e+04
2.564779620256025373e+04
2.581937551530392011e+04
2.569284042223473080e+04
2.557047325629764964e+04
2.551255266258556730e+04
2.590027017961491947e+04
2.593599180201933268e+04
2.644234520719192005e+04
2.556099537231322392e+04
2.573027310696019413e+04
2.557615049602240833e+04
2.600335224888152152e+04
2.545460689022353836e+04
2.562357060555743374e+04
2.559611557022397028e+04
2.534742459520862394e+04
2.563335189333354720e+04
2.541355065334777464e+04
2.590548178365452623e+04
2.550760049079026066e+04
2.581752569103727001e+04
2.536249490384364981e+04
2.551298792191489338e+04
2.574031463721051477e+04
2.567870599474085247e+04
2.563228480212322029e+04
2.542899224293480802e+04
2.595671701194029811e+04
2.594161051904261330e+04
2.591761185964421020e+04
2.583274045061851211e+04
2.547128797780539026e+04
2.572208195848622199e+04
2.554583413004330214e+04
2.548505160478141624e+04
2.539170548474568932e+04
2.536047603868222359e+04
2.620109222462287289e+04
2.607963514158576800e+04
2.587548745990835960e+04
2.574329689451962622e+04
2.646754687652922439e+04
2.561766778154173880e+04
2.583760140340619546e+04
2.552664406333981606e+04
2.576910358754143090e+04
2.564430517356560085e+04
2.613335080184552135e+04
2.536425432156682655e+04
2.546879773221734649e+04
2.566968203467159765e+04
2.554054535308449340e+04
2.599208098679965769e+04
2.556142029863201606e+04
2.587703175378331798e+04
2.565801379785929748e+04
2.589994837463830481e+04
2.551880490458061468e+04
2.580196894078410332e+04
2.542077911564938040e+04
2.573264358403947335e+04
2.568160612678652615e+04
2.580985102743195966e+04
2.581556436999347716e+04
2.576694176557940591e+04
2.584043215497788697e+04
2.558767481883908113e+04
2.533715228771061084e+04
2.545963379073672331e+04
2.566966604938185628e+04
2.539511247438149803e+04
2.549351399261038750e+04
2.556319010780165991e+04
2.553286184665187102e+04
2.575758043499269479e+04
2.562137975179661953e+04
2.583617407839034422e+04
2.562636639752214978e+04
2.623218241606454467e+04
2.552561279002434458e+04
2.583892697855281585e+04
2.583526828148280401e+04
2.561711749565873106e+04
2.535494856285309652e+04
2.565405212830803794e+04
2.619929125632790601e+04
2.554636265636801181e+04
2.558105135194929244e+04
2.593492534853880716e+04
2.568952688027320255e+04
2.597634229083954415e+04
2.560257152131126350e+04
2.564266771188759958e+04
2.570574466482929347e+04
2.649186901893349568e+04
2.569894044333209240e+04
2.556851058903938610e+04
2.609526494211678437e+04
2.585920004002717906e+04
2.543030476346697833e+04
2.593574572344415719e+04
2.565519061765473452e+04
2.593869446153010358e+04
2.578836049785052819e+04
2.578701031666513518e+04
2.538280950313857466e+04
2.538297828318330357e+04
2.598151478646446412e+04
2.613343078199385127e+04
2.561852554865350248e+04
2.557108201280556750e+04
2.599817623516039748e+04
2.602405508962091335e+04
2.557672625151078319e+04
2.629978038434615519e+04
2.535440869595927870e+04
2.580377320642170889e+04
2.571770145247178880e+04
2.552118792075034071e+04
2.582973368969206786e+04
2.580232432638948012e+04
2.588446172437835776e+04
2.556607345887154224e+04
2.594614229277778941e+04
2.544547419984923908e+04
2.540860066624079627e+04
2.562333803759184229e+04
2.548996943763703894e+04
2.559940302861918462e+04
2.560835603221186102e+04
2.551723388853526558e+04
2.587715132441596870e+04
2.557848958886480614e+04
2.529560620420663690e+04
2.561458633218981777e+04
2.556954371512750731e+04
2.560383417245802775e+04
2.586533074366752408e+04
2.538280981304719171e+04
2.639018709767526889e+04
2.562703150450286921e+04
2.539081862621634355e+04
2.599598787948784593e+04
2.570204408534101458e+04
2.611219232649153491e+04
2.561144262112323850e+04
2.546695691155649183e+04
2.567818669821478397e+04
2.581384910092794598e+04
2.613230834806208804e+04
2.573300513098513693e+04
2.551600825818039448e+04
2.619216779240853793e+04
2.565309969698208806e+04
2.637419366544227159e+04
2.569840506259994436e+04
2.566923203275533524e+04
2.566142240271742412e+04
2.582688238743226611e+04
2.572757024550989445e+04
2.572655909839195374e+04
2.539339210252389603e+04
2.559558169195871233e+04
2.559412788342197746e+04
2.587569257543939239e+04
2.616158514197602562e+04
2.555646906283167846e+04
2.625585371092947389e+04
2.561834162533507697e+04
2.589220369370729532e+04
2.556587390958196556e+04
2.601070230819454810e+04
2.579972020207089372e+04
2.591159800767118577e+04
2.547211373996616749e+04
2.551278443899346530e+04
2.547230843382534295e+04
2.569366793284090818e+04
2.560795002335262325e+04
2.540161891517615732e+04
2.543644859119600733e+04
2.560762493966339389e+04
2.536024038103347993e+04
2.553282447861817855e+04
2.612056720396195306e+04
2.544357973538693477e+04
2.581117431488184229e+04
2.602679397400180460e+04
2.566638239413300107e+04
2.557087066333939583e+04
2.550982247087036012e+04
2.586598264452726653e+04
2.575795482922153315e+04
2.562896600196454892e+04
2.592912126785668079e+04
2.553276747068591430e+04
2.564087448900803793e+04
2.556693121973055531e+04
2.605138272458226493e+04
2.554385875600980944e+04
2.561085507365436933e+04
2.573865669191387133e+04
2.567282620405329362e+04
2.559685810973810294e+04
2.559468576484534424e+04
2.552529577787234666e+04
2.595405072607488910e+04
2.589547210525177070e+04
2.591048027411694056e+04
2.538528139920196190e+04
2.559666062927841631e+04
2.547282941984298668e+04
2.584182237123274535e+04
2.544045092040489908e+04
2.596357096831165472e+04
2.584272992613782844e+04
2.566702806306020648e+04
2.608706649714599916e+04
2.555977389112731544e+04
2.538334213095598170e+04
2.554038027031950332e+04
