2.050007257436796682e-01
2.032696616449235494e-01
2.024399929189868996e-01
2.012841873978514495e-01
2.035000949892813160e-01
2.022558105477383072e-01
2.054281998733255843e-01
2.026338134715244543e-01
2.024171693454817622e-01
2.041804237817297918e-01
2.018104647271861396e-01
2.020714958637428171e-01
2.031141018473699711e-01
2.024185904209029052e-01
2.019331819160591901e-01
2.009252100225483451e-01
2.050523305582441225e-01
2.015030663339381634e-01
2.014500223340933982e-01
2.053438237559546964e-01
2.016431874789504641e-01
2.031310897768337509e-01
2.017252993729422572e-01
2.030147520246578241e-01
2.015461653491530114e-01
2.043684358684094982e-01
2.015794551307249494e-01
2.034928339346682158e-01
2.035753859339081706e-01
2.057308840127255734e-01
2.034813322362510335e-01
2.034541538258955173e-01
2.048601503235708277e-01
2.038846636919469379e-01
2.018306267000551657e-01
2.038181170346012872e-01
2.051664357286727414e-01
2.036233457522466095e-01
2.021190720234271321e-01
2.047007135257983834e-01
2.049550437218287391e-01
2.069753902131703516e-01
2.036733276984001029e-01
2.059613998964655301e-01
2.039835892688081076e-01
2.040625384420538535e-01
2.023954009062957915e-01
2.029120333533263876e-01
2.026116370605244577e-01
2.021935268480424541e-01
2.036031192170312809e-01
2.029090400882784806e-01
2.029561015704843541e-01
2.036199988042584341e-01
2.027584520387200051e-01
2.023987030201964687e-01
2.036056340820658617e-01
2.043577619330874395e-01
2.035388109833849712e-01
2.029264497509801202e-01
2.025737096824558880e-01
2.035735243430974450e-01
2.030250623735164461e-01
2.057458784699186527e-01
2.024765208321669674e-01
2.052748526679036012e-01
2.009271047043051095e-01
2.031999452268976603e-01
2.038604441008056156e-01
2.020112414854223493e-01
2.026153218052751670e-01
2.023111169820192567e-01
2.028831601225065118e-01
2.033084973276928775e-01
2.015487216553835115e-01
2.039722317225957648e-01
2.048299355428051527e-01
2.043316506809438049e-01
2.045753765555395343e-01
2.030530656886691265e-01
2.040008016612065433e-01
2.029390280971499760e-01
2.023076173040662673e-01
2.024839659219045129e-01
2.040287361485246254e-01
2.023114276705928472e-01
2.026556177051966334e-01
2.029008090568723832e-01
2.059410561636350889e-01
2.034413432656254350e-01
2.019196565131883281e-01
2.011916751082795940e-01
2.051389479631723078e-01
2.076371314413394398e-01
2.028013270068362017e-01
2.026913213447412154e-01
2.029175103577030015e-01
2.025089067257659081e-01
2.018208494186633506e-01
2.029596307257398868e-01
2.024930389203800640e-01
2.012752300736404543e-01
2.038494151979094449e-01
2.020148836803661030e-01
2.019578304996120788e-01
2.020802680233825255e-01
2.023875657627577929e-01
2.030337959458183572e-01
2.025013208768946804e-01
2.031020254701937644e-01
2.062731605804077328e-01
2.044156734396400388e-01
2.047435630511940385e-01
2.041296722142252329e-01
2.034536417493955918e-01
2.016296358635570052e-01
2.031076047701380616e-01
2.015682309401433392e-01
2.020059389600296629e-01
2.035599025010218777e-01
2.032708481279823509e-01
2.025465888849588003e-01
2.023116493480508760e-01
2.056082605014781239e-01
2.026269121836314635e-01
2.036300687223092931e-01
2.049906988139635622e-01
2.028151632175425878e-01
2.015231436586386315e-01
2.026824170056600871e-01
2.034344653156620608e-01
2.040118301629811337e-01
2.035937142834891578e-01
2.014501478205878160e-01
2.027353124610726254e-01
2.034557605679636616e-01
2.022138182277408713e-01
2.017787033331293334e-01
2.019841005453575367e-01
2.027999704621704924e-01
2.056853087944412184e-01
2.023301439164398308e-01
2.022629486335323079e-01
2.029607437460077268e-01
2.039239857691549085e-01
2.033633463542128539e-01
2.005303078989878474e-01
2.035739857486075777e-01
2.041366523035667568e-01
2.028010637859021248e-01
2.022755573965432929e-01
2.016556293747075179e-01
2.033367152241043474e-01
2.022625542060972059e-01
2.034582304020763344e-01
2.071101908446268958e-01
2.025477561610569965e-01
2.014795874032673795e-01
2.039827986062486553e-01
2.047670097771085718e-01
2.023100492838581510e-01
2.026244757463537549e-01
2.033621584421041462e-01
2.035946107840649888e-01
2.020505312381383201e-01
2.036493076135496849e-01
2.040354686776829629e-01
2.045857040265561810e-01
2.042788849357470293e-01
2.020091911850389887e-01
2.029495599616610857e-01
2.018278057245745383e-01
2.019845466860894778e-01
2.027483316361220478e-01
2.024861349318988479e-01
2.040244140447293741e-01
2.048646276381309306e-01
2.038131564491910408e-01
2.029453579878242875e-01
2.027062303703718316e-01
2.025433834315549797e-01
2.045507070477515232e-01
2.025086948744409254e-01
2.041382537719469703e-01
2.036055997631099346e-01
2.034320930517941328e-01
2.049834550092655694e-01
2.021114908180708658e-01
2.020045448937413668e-01
2.008272857883420248e-01
2.026530292429083169e-01
2.086673114261096140e-01
2.020364970818133710e-01
2.020498924760178450e-01
2.034207958348997480e-01
2.016368744053557704e-01
2.022259199153046416e-01
2.011358146511104672e-01
2.023005440521385145e-01
2.027384117732407842e-01
2.035861514164959141e-01
2.015239544985148734e-01
2.030003246848543497e-01
2.039712431387907809e-01
2.020530483239115771e-01
2.044371225776167311e-01
2.023489879534910163e-01
2.015836224120424736e-01
2.025344369602028738e-01
2.028626351314072873e-01
2.044808684953106082e-01
2.034512063555816153e-01
2.042479230126725831e-01
2.035591022546163198e-01
2.013346982219426928e-01
2.023717571277723060e-01
2.017846327600250900e-01
2.029475421603450236e-01
2.015531242124160294e-01
2.037953481560235980e-01
2.015001865846060558e-01
2.014833461666559744e-01
2.028812178289813861e-01
2.044934895769438543e-01
2.034414066674586352e-01
2.031116133575268656e-01
2.044218521738322136e-01
2.035737428598791421e-01
2.053446828782640454e-01
2.036306783972856305e-01
2.008016856871752409e-01
2.032631768933549077e-01
2.016288450943627131e-01
2.019012793897557723e-01
2.039471893474575359e-01
2.037765726080201234e-01
2.036368302637807381e-01
2.014491521018818287e-01
2.023863537651571787e-01
2.024915493317377968e-01
2.082445062063732200e-01
2.070120586160643927e-01
2.040707424924216029e-01
2.023214640370029349e-01
2.070507103906537028e-01
2.025624205612450990e-01
2.042521389282642708e-01
2.030767735097759596e-01
2.018188031424368034e-01
2.043699615184936536e-01
2.037790457927342869e-01
2.021550929781315287e-01
2.067956208893145797e-01
2.037939877683247192e-01
2.022023311405361790e-01
2.048238315656819297e-01
2.019373698849493692e-01
2.068798860455670630e-01
2.024019451076565779e-01
2.020898687815463335e-01
2.030520090230740204e-01
2.024537617480337282e-01
2.051206372829551261e-01
2.040102818850658972e-01
2.025160917914113623e-01
2.029120545962125044e-01
2.064739178741731573e-01
2.073533370047306590e-01
2.040181074013984464e-01
2.033573709855240330e-01
2.051797453364446189e-01
2.058219451454634530e-01
2.018955737100852910e-01
2.015707956974432113e-01
2.046706750588455359e-01
2.044576495596421295e-01
2.028266956425122947e-01
2.030997118863355211e-01
2.033951871492798158e-01
2.029492796060988757e-01
2.024900908386682297e-01
2.029132744927636955e-01
2.058949637801149590e-01
2.042946721268443233e-01
2.014929149821660104e-01
2.010870652193110786e-01
2.017249318221421006e-01
2.016537336378951828e-01
2.038169324314594855e-01
2.037550829448614154e-01
2.034759576423595673e-01
2.012778232190484684e-01
2.043299290672068169e-01
2.018623321443630825e-01
2.049931007311164288e-01
2.022704390039302413e-01
2.026964309798896247e-01
2.014971136464590029e-01
2.017747508181249871e-01
2.042830683387888979e-01
2.035677423569423050e-01
2.068380110092939428e-01
2.037381659794975097e-01
2.012492573184851141e-01
2.067834047714835755e-01
2.027822257811328355e-01
2.016513967713480793e-01
2.028176764704409107e-01
2.020696751439969852e-01
2.041236362759405731e-01
2.034010745659248498e-01
2.021087972814224476e-01
2.043177611510214320e-01
2.029357873200543783e-01
2.046960788638731710e-01
2.032010666733848614e-01
2.031818708743057811e-01
2.038025595258684264e-01
2.031164945956268064e-01
2.029498745858443476e-01
2.036524726460213763e-01
2.068050325030768022e-01
2.024451214848216329e-01
2.030177416159840431e-01
2.032134322586482134e-01
2.008017750068050444e-01
2.025248178651996855e-01
2.016460372377467392e-01
2.038196228084777351e-01
2.022310294534368225e-01
2.074020249948219097e-01
2.028970930580289156e-01
2.036122946720829718e-01
2.021696426494818122e-01
2.018847723848175568e-01
2.038225546452377690e-01
2.020220560595996362e-01
2.026776531731976361e-01
2.056846518130551749e-01
2.036196618688476956e-01
2.015209738368397285e-01
2.016428815174879929e-01
2.023622271589261279e-01
2.042433881189701372e-01
2.058357125480126393e-01
2.025372067246334895e-01
2.020660736561016302e-01
2.018768138162977122e-01
2.029336368933314372e-01
2.007058095922164831e-01
2.031287710307369820e-01
2.019047018341649513e-01
2.014378531540327588e-01
2.019257508226588449e-01
2.027810114134262487e-01
2.039407682399481947e-01
2.021889441979011770e-01
2.020414081764691505e-01
2.032912177823572308e-01
2.031772741807799931e-01
2.052314939995466825e-01
2.027270621392583960e-01
2.032231262295891572e-01
2.025158535552710748e-01
2.027932864737336527e-01
2.017612151945920584e-01
2.009886190854412724e-01
2.035896957787956818e-01
2.032614669960056686e-01
2.014135290630821584e-01
2.055877787302911597e-01
2.048396361532204835e-01
2.027112865517982088e-01
2.030970696511916196e-01
2.016865775252452697e-01
2.010679447549948706e-01
2.032613275940906850e-01
2.046131340247934749e-01
2.019554912487054876e-01
2.024195245562624701e-01
2.065873331746168884e-01
2.023510048295512065e-01
2.031282982052193820e-01
2.028315793271497913e-01
2.016852248090428845e-01
2.024953042963494876e-01
2.043462466030313285e-01
2.020504353038677925e-01
2.042640955888914422e-01
2.019853371829279653e-01
2.033670300320732371e-01
2.020790632479118609e-01
2.015966327744144471e-01
2.044968015067218370e-01
2.018481690987811439e-01
2.015583274483739307e-01
2.027662529373352451e-01
2.047256002353320392e-01
2.032595556769992429e-01
2.023740691974503791e-01
2.028386936548318142e-01
2.013702140112597072e-01
2.056255723524799961e-01
2.028832863815061005e-01
2.020305224959541568e-01
2.067302060664702734e-01
2.036312631672598794e-01
2.029537992328875329e-01
2.012531766775224051e-01
2.019101837155657109e-01
2.048990346753759018e-01
2.044920991628545182e-01
2.030040900842993434e-01
2.025148024965785776e-01
2.071800362771471227e-01
2.034231829442689765e-01
2.026251009846799511e-01
2.035966919155999810e-01
2.024294740997243103e-01
2.055342528044326877e-01
2.012581779003177196e-01
2.015423003910228883e-01
2.030946099505926417e-01
2.022101160360629535e-01
2.028161522289268770e-01
2.023649692325641125e-01
2.035888678515724026e-01
2.020396908621221732e-01
2.025021988530784078e-01
2.031861012422341295e-01
2.055096695803435014e-01
2.033478350763077147e-01
2.038777732628152262e-01
2.030229854345056428e-01
2.033724207431475417e-01
2.018392732467849393e-01
2.045723654260923341e-01
2.018423987768302175e-01
2.030119629363985323e-01
2.017529757757966780e-01
2.030451998302487682e-01
2.056109442040515156e-01
2.028094177057873926e-01
2.020225437074543162e-01
2.017104667642472537e-01
2.020854224990183690e-01
2.018908152359724650e-01
2.023246783466040866e-01
2.022717569321263453e-01
2.024431200093909367e-01
2.033965978294571264e-01
2.019806788091071947e-01
2.008762103751137729e-01
2.043898760354092292e-01
2.027835411044598413e-01
2.019493518176584679e-01
2.028779853294414015e-01
2.033425177992960464e-01
2.061365124594476961e-01
2.049259317547788006e-01
2.036998837647122362e-01
2.044586759002394449e-01
2.030404571906202771e-01
2.029350205097075199e-01
2.028040630590346172e-01
2.044910486755003309e-01
2.049807697921388061e-01
2.018202545658479286e-01
2.012620148981494328e-01
2.025781625707762101e-01
2.031203774012887153e-01
2.022443890964214508e-01
2.035610372126961942e-01
2.028600641800339111e-01
2.035080924078641884e-01
2.020024333466258204e-01
2.047220628151841249e-01
2.043015293378369623e-01
2.030454492512667464e-01
2.054879836245928904e-01
2.024385763743657696e-01
2.039510175589598906e-01
2.028323065779392420e-01
2.029737404923187549e-01
2.013169417850147469e-01
2.030186984452653221e-01
2.041957578477250346e-01
2.033424059723006883e-01
2.027337462563015558e-01
2.019288923909698663e-01
2.026671230248635047e-01
2.032219558606973009e-01
2.019848242548122341e-01
2.031787732800308111e-01
2.040853046345699195e-01
2.025284481208037279e-01
2.017539551476816295e-01
2.015323782232724958e-01
2.039614773943702608e-01
2.020394352190576781e-01
2.036290576794831109e-01
2.028784935631138819e-01
2.055633951421955707e-01
2.048600206990607575e-01
2.011555911579972211e-01
2.039031613374702734e-01
2.046543074154534847e-01
2.019276064344185384e-01
2.031523773650087683e-01
2.029912106251790804e-01
2.010023220449247694e-01
2.019109132728850453e-01
2.030468532366350720e-01
2.032778141951697148e-01
2.051472839692629058e-01
2.008899118058926625e-01
2.018078718847477471e-01
2.024762289450308117e-01
2.026774856077596942e-01
2.021345016467213651e-01
2.039356077548141466e-01
2.007983447762853035e-01
2.015992861812664905e-01
2.037913346687506566e-01
2.039849373117541831e-01
2.042241521971299434e-01
2.045139061721915619e-01
2.025134476732985966e-01
2.035324289054945279e-01
2.021182588492045074e-01
2.031865069766975451e-01
2.017275315961744864e-01
2.012143194864632334e-01
2.058518613657872032e-01
2.043104277711159378e-01
2.055851094519844102e-01
2.034538137038647554e-01
2.010969585146471506e-01
2.014218671948393435e-01
2.029778622247767894e-01
2.026993357972082521e-01
2.018797850732919064e-01
2.028621748136723302e-01
2.019419362671742713e-01
2.006144431810527873e-01
2.010938825489060611e-01
2.015428629014119066e-01
2.028395916885815664e-01
2.032090832022983296e-01
2.018480613284084901e-01
2.033040190397084057e-01
2.022153687594933913e-01
2.050255602404016664e-01
2.023617212039033331e-01
2.035998440259292608e-01
2.026918964777890131e-01
2.024086003279180479e-01
2.030648150609733471e-01
2.056857697219812986e-01
2.021672000681457027e-01
2.042415894958610756e-01
2.030663368212742848e-01
2.033867653883941473e-01
2.047383520980981253e-01
2.038336443221772654e-01
2.025898188285043255e-01
2.065099583234566993e-01
2.070103765214718894e-01
2.017935632944281299e-01
2.037025119953556340e-01
2.034735469769162475e-01
2.058443172442602220e-01
2.025094243411710015e-01
2.016769303205308006e-01
2.042265990042743118e-01
2.050366712320673968e-01
2.031442154219816054e-01
2.014136380180870378e-01
2.040818733972678822e-01
2.045312107448961914e-01
2.012487679630340087e-01
2.013755835791518622e-01
2.044070410439749186e-01
2.040339449735765753e-01
2.005289523003956631e-01
2.035758383829370799e-01
2.055686578833694766e-01
2.006097987893256385e-01
2.055813448157283452e-01
2.053241196873291374e-01
2.019847824727061536e-01
2.027075526649683712e-01
2.038056031715266003e-01
2.025523314283069476e-01
2.021498405145784327e-01
2.064414284559926149e-01
2.028714325656418849e-01
2.015983560322877621e-01
2.027009125721888627e-01
2.032691507360573635e-01
2.038802029318560194e-01
2.090230490557150045e-01
2.017271353619740359e-01
2.031115220193617232e-01
2.033169542587426604e-01
2.032075891004808399e-01
2.026287339812277710e-01
2.021263767401708933e-01
2.045126309751572335e-01
2.030302108255820359e-01
2.020871611410110513e-01
2.026566762345214934e-01
2.038700967390359720e-01
2.037192327792040902e-01
2.038333100602393033e-01
2.044143113498714803e-01
2.057470837145080889e-01
2.038357025943897116e-01
2.018808999838130058e-01
2.029816759010428795e-01
2.013777254797226302e-01
2.055913375522062103e-01
2.035959718846103161e-01
2.029818022686353807e-01
2.025745915674760922e-01
2.039242137727741155e-01
2.041656103065018213e-01
2.039563350609016334e-01
2.055273501438328321e-01
2.023681800297272848e-01
2.031893401054414294e-01
2.025375109879151425e-01
2.024257926720006151e-01
2.021526637200481702e-01
2.048757684417480962e-01
2.022397489608697974e-01
2.012854436484537435e-01
2.022274585978797723e-01
2.037432316590708226e-01
2.030314380920671957e-01
2.039130726362753387e-01
2.054448543991525544e-01
2.035574450939566238e-01
2.033533133216849087e-01
2.031858149813265124e-01
2.018902037377678649e-01
2.011100029034340875e-01
2.017699256463336976e-01
2.032064485533797704e-01
2.021357483921225884e-01
2.032905481563237748e-01
2.016313182773856461e-01
2.032318359387740025e-01
2.031048556139415651e-01
2.023785896493829894e-01
2.017270917665463792e-01
2.033385742088811565e-01
2.055691106332600271e-01
2.014723516097805533e-01
2.035943847932296102e-01
2.039388566411090287e-01
2.064701418270622479e-01
2.048165966134807281e-01
2.032053150644269335e-01
2.013289854498822862e-01
2.022743518427715104e-01
2.031675241972902279e-01
2.032684374768717606e-01
2.016209890769703472e-01
2.039048713199508034e-01
2.029327725834652596e-01
2.031361770004589951e-01
2.049556195822835603e-01
2.032780431937435406e-01
2.008829243216002369e-01
2.010701757684605906e-01
2.022477272936723247e-01
2.021458018795025402e-01
2.044245972219497498e-01
2.013380263288560845e-01
2.041313896487081392e-01
2.054215607510271879e-01
2.056704711433619548e-01
2.011855838467071778e-01
2.035276904454184355e-01
2.037187037817933255e-01
2.054209161379256798e-01
2.018946995436503855e-01
2.026106349173602550e-01
2.023044255595568275e-01
2.023008523886254961e-01
2.014972817305792918e-01
2.034046811269455968e-01
2.021622065657864564e-01
2.046794919323099982e-01
2.027044170584415550e-01
2.028109726820459258e-01
2.032782801716954135e-01
2.075528944526305042e-01
2.039664016294280291e-01
2.050583493872882301e-01
2.022696016191941060e-01
2.013700598518097240e-01
2.030224182589557835e-01
2.042524624741109962e-01
2.029871713830830038e-01
2.025449158549018358e-01
2.018852626632844371e-01
2.032799765711339468e-01
2.041908504570512650e-01
2.015622510312310711e-01
2.033395088257917704e-01
2.064554807532629488e-01
2.023415511544770784e-01
2.021603662738052920e-01
2.011821500774891025e-01
2.025887244600179105e-01
2.018659550858476759e-01
2.034651428609390855e-01
2.027737599025332127e-01
2.042310130860262585e-01
2.034173495795484066e-01
2.016916233068518083e-01
2.050516500937249187e-01
2.016385562955213540e-01
2.064464648771018040e-01
2.033618796819957053e-01
2.023494312634271097e-01
2.008599473741639885e-01
2.052981385300530481e-01
2.014631266661318643e-01
2.032115738143815686e-01
2.017166248204158019e-01
2.030825215926799765e-01
2.050421871399691343e-01
2.026651657098126891e-01
2.016725372125442728e-01
2.042836034616587193e-01
2.033623817419464852e-01
2.032406940695804243e-01
2.038104184731085455e-01
2.048863342492313055e-01
2.025264005808672385e-01
2.031391334208318966e-01
2.015897461598964713e-01
2.029540804919464647e-01
2.038682358457960253e-01
2.035859204918663845e-01
2.022378457016529851e-01
2.059249278611198497e-01
2.032441895250723385e-01
2.016084320747912328e-01
2.032060347187753802e-01
2.014382757401269597e-01
2.030548527938835779e-01
2.029207352927102914e-01
2.020800307192412160e-01
2.026039914518787122e-01
2.013638349881799461e-01
2.024352968670614095e-01
2.029996777938043728e-01
2.073514757332344804e-01
2.015230864918806652e-01
2.034428154063160632e-01
2.047528695393807385e-01
2.036911889295154598e-01
2.015087308996738324e-01
2.037496283179666690e-01
2.036033481804295775e-01
2.027734519145812375e-01
2.030211780994204684e-01
2.025020331334582702e-01
2.016122202510944594e-01
2.028607292127268813e-01
2.020463441978782859e-01
2.049143521627418696e-01
2.011427967907265524e-01
2.010652320897855783e-01
2.048117108441279421e-01
2.021992880852512831e-01
2.032515883170007143e-01
2.044185969671061254e-01
2.032740093172042406e-01
2.018753031020646127e-01
2.030142076663455364e-01
2.031411093825430114e-01
2.029823611356847135e-01
2.016138489219593266e-01
2.026161548680331936e-01
2.024860217524073192e-01
2.020036331258328322e-01
2.014955690822120560e-01
2.017329566459178658e-01
2.039116498571399705e-01
2.048744548885880756e-01
2.031990784792363502e-01
2.020047386547254298e-01
2.017429055627751877e-01
2.017020906379466683e-01
2.013359667713759960e-01
2.015216536744611764e-01
2.016400114145112110e-01
2.044045047352796851e-01
2.033167900785317062e-01
2.031296766883693983e-01
2.054375498476083139e-01
2.027061815586107263e-01
2.011737977241236652e-01
2.047073546008186251e-01
2.044428635019653329e-01
2.013706814570473125e-01
2.020898952209371768e-01
2.037099052584492864e-01
2.040429394258659046e-01
2.035874901276664983e-01
2.026881575916168465e-01
2.034256286844831618e-01
2.038504544784645600e-01
2.023992978274913868e-01
2.029131659966979806e-01
2.023322677585711327e-01
2.012043460539022222e-01
2.029954405850024901e-01
2.047325652075532021e-01
2.017740731479861216e-01
2.032263744174021003e-01
2.020384150686589941e-01
2.038939538722884526e-01
2.027268952813098823e-01
2.021798228126043540e-01
2.033801884459443821e-01
2.044620063249379949e-01
2.025887980417150624e-01
2.030592511426335955e-01
2.042962083752178915e-01
2.029421311640425829e-01
2.031803904775636993e-01
2.016384964123642265e-01
2.029984758014099222e-01
2.068734711953346961e-01
2.066090721744495984e-01
2.027678627697503955e-01
2.046746889358917743e-01
2.017945182944393401e-01
2.052367424295221399e-01
2.013261464708380744e-01
2.015798495731905837e-01
2.058953644521012427e-01
2.031489076243317982e-01
2.026342432308083641e-01
2.035365331718713422e-01
2.027613343234314081e-01
2.040103225633263517e-01
2.034371447776862074e-01
2.059301709038806882e-01
2.020989382780278010e-01
2.020426312823158654e-01
2.044072792747045897e-01
2.021478931278095359e-01
2.031408491890633605e-01
2.027404756518148277e-01
2.047889901419560343e-01
2.020905518183244987e-01
2.019589083844903488e-01
2.011692668729257449e-01
2.036608881034144003e-01
2.031423431275895530e-01
2.062701876462566530e-01
2.019986223389310664e-01
2.023774886422037012e-01
2.033781448496560229e-01
2.038131578398006127e-01
2.068403712388695859e-01
2.001462220455708652e-01
2.018440995730120813e-01
2.036482056562113063e-01
2.028871663874411424e-01
2.045270820922369948e-01
2.038770410054400739e-01
2.035532339094533183e-01
2.031043630034389535e-01
2.036086943727322962e-01
2.014877083177325223e-01
2.020356186940818477e-01
2.022402864894620733e-01
2.047375913277208470e-01
2.021560800131595170e-01
2.047497358196066486e-01
2.032313171990118295e-01
2.035027809617442895e-01
2.030558368974931527e-01
2.032859582911625829e-01
2.024109625584810113e-01
2.025405597887654230e-01
2.041052211487093815e-01
2.032517872325100561e-01
2.033992440849809458e-01
2.038233926713914901e-01
2.049261859060192426e-01
2.031024485021947767e-01
2.033470670003850178e-01
2.031087874480408673e-01
2.017153546360138383e-01
2.039491746068489708e-01
2.057382175167405125e-01
2.031559847496363924e-01
2.014248732895113081e-01
2.030466380495692669e-01
2.027152272922170262e-01
2.030149521412722147e-01
2.012567586423696930e-01
2.027665287327776455e-01
2.032525726905376473e-01
2.040092339033848512e-01
2.034755334668857663e-01
2.020317551459197836e-01
2.026695783465240208e-01
2.013547068833498876e-01
2.019092723091953090e-01
2.039662830462927179e-01
2.036544847303038974e-01
2.040048710688255884e-01
2.017380869319332914e-01
2.013356937922688161e-01
2.015282473766434879e-01
2.034570498666590510e-01
2.025387605427447502e-01
2.037734260113993334e-01
2.040423422172668866e-01
2.016162722316061640e-01
2.061437442903249762e-01
2.010474322255229873e-01
2.015851660304427695e-01
2.035940977467450008e-01
2.045442915108813542e-01
2.029087285124983042e-01
2.019880047171210002e-01
2.018479326367110527e-01
2.047003918380022047e-01
2.043301673103572469e-01
2.030050818282522207e-01
2.022627441851041485e-01
2.031253354079448348e-01
2.033832829325525615e-01
2.022336801080913404e-01
2.032251191309051574e-01
2.066238504823229571e-01
2.050238341000969189e-01
2.015153923166748406e-01
2.045989450619506156e-01
2.040376218288347532e-01
2.043369558423638599e-01
2.029817090300648497e-01
2.033246174999677469e-01
2.017027095395036163e-01
2.014053885678510347e-01
2.019838547875456858e-01
2.029085545937975854e-01
2.047263248121652390e-01
2.017221692979642433e-01
2.063514662816150480e-01
2.027837789169696370e-01
2.016044192969059790e-01
2.012635102115888364e-01
2.025672359107769660e-01
2.046499059061986647e-01
2.035009455393861355e-01
2.054565980616566978e-01
2.025704212773013213e-01
2.020727795805907501e-01
2.034899461190103065e-01
2.017757959946036017e-01
2.014149059277707543e-01
2.025783478626534684e-01
2.034246365951386804e-01
2.033378745428952861e-01
2.050731102408352990e-01
2.046912811732846116e-01
2.020321599195419315e-01
2.033813589734661531e-01
2.048073824716407643e-01
2.043410927705952562e-01
2.028653144784003659e-01
2.023309971142162322e-01
2.020527666068303585e-01
2.044870285814306687e-01
2.033216293830363564e-01
2.052602136301142355e-01
2.029632063877705728e-01
2.022319179135482481e-01
2.021177675318278633e-01
2.022887500751354983e-01
2.014266604134292149e-01
2.036540304837918813e-01
2.026254214986181468e-01
