2.867782642809673099e+00
2.889534651443157021e+00
2.839436973535375497e+00
3.016861705382397396e+00
2.912995560578937937e+00
3.000244656396960252e+00
2.869653010167444673e+00
2.866183680154716917e+00
2.943320915263699877e+00
2.961281556448053021e+00
2.853800037862088690e+00
2.926577937593135115e+00
2.913063850557001899e+00
2.888215798647566057e+00
2.843382785083774511e+00
2.980914272751624239e+00
2.866048345962715516e+00
2.968394704500126657e+00
2.940225102386658129e+00
2.847735148867557076e+00
2.926482506176576681e+00
2.884254244590032989e+00
2.860936691973535950e+00
2.921612792354283616e+00
2.954863776888329241e+00
2.897776955134439003e+00
2.949603837527662087e+00
2.871098577735711643e+00
2.889220532148381704e+00
3.006997557234933893e+00
2.875929787488023859e+00
2.852291505005932315e+00
2.928695690784180794e+00
2.932867734736384513e+00
2.940088958823449783e+00
2.892790225213500488e+00
2.953274514901935710e+00
2.854855484538125765e+00
2.873992263841091077e+00
2.824407302739762038e+00
2.803616747549189547e+00
2.964292518501550511e+00
2.904985095780054039e+00
2.889025322275430074e+00
2.815350151802651801e+00
2.909527382027115916e+00
2.937800461761344906e+00
2.919058630978330626e+00
2.873546038135358138e+00
2.952277128276748819e+00
2.944378357822765135e+00
2.918568246194463534e+00
2.974407904634554622e+00
2.980367383901221690e+00
2.936825540112134814e+00
2.896892671327643054e+00
2.959019249575341348e+00
2.873084159501954282e+00
2.940758811754408342e+00
2.869502215122151423e+00
2.912466133835425186e+00
2.903213981112383824e+00
2.881606098585558495e+00
2.888516680052006791e+00
2.809496365502565762e+00
2.922761856557069660e+00
2.948267158997117221e+00
2.890589988459169923e+00
2.882947875328524923e+00
2.890843844909705584e+00
2.913089793635358138e+00
2.842707552350688616e+00
2.883758142728927165e+00
2.971635340162898320e+00
2.916781845592109956e+00
2.907352841844061953e+00
2.913162968470595970e+00
2.932494646688317275e+00
2.971192427744568487e+00
2.905630689005042289e+00
2.884361844632416183e+00
2.856497912414130091e+00
2.863169949044562124e+00
3.005562049197639585e+00
2.953259439623680205e+00
2.809648606516118363e+00
2.920715180713173709e+00
2.872965374117691706e+00
2.970079779585506952e+00
2.906835970272609426e+00
2.864631893882388702e+00
2.896247139809336346e+00
2.875682292061098710e+00
2.903900858817100250e+00
2.935881292526584030e+00
2.938767588204576064e+00
2.848155520636771243e+00
2.950753667566153204e+00
2.959517926563449919e+00
2.805132076820094689e+00
2.951658469545049179e+00
2.945041153404384993e+00
2.935913728013975099e+00
2.882615925307756122e+00
2.986812091157935001e+00
2.923336029260636959e+00
2.821658677969949736e+00
2.927208131188933304e+00
2.819064719517718309e+00
2.869309231793452764e+00
2.962566453834723390e+00
3.027136239606534662e+00
2.966430320063366821e+00
2.952728685009617049e+00
2.923377314962167350e+00
2.814107723565164587e+00
2.916255125098789591e+00
2.949411915541614970e+00
2.832698872292560566e+00
2.889918960405580606e+00
2.853715812292934473e+00
2.831818081868173298e+00
2.871537579348277358e+00
2.958775116755774093e+00
2.945455725352276843e+00
2.925454098273559733e+00
2.915828985040088472e+00
2.911857348365300968e+00
2.826316178299390192e+00
2.941816076596932561e+00
2.940667618421029861e+00
2.945729589888205879e+00
2.834395213320498375e+00
2.881350018575282501e+00
2.885209827574630737e+00
2.946145303750342226e+00
2.877126033497700686e+00
2.843694411296118219e+00
2.809493178076473807e+00
2.928133559336771441e+00
2.825234582394894556e+00
2.994356727041183941e+00
3.024804936302124769e+00
2.995537700224505162e+00
2.905599126576397850e+00
2.837334692347748266e+00
2.940658876860720472e+00
2.900796433033754784e+00
2.849994830734428941e+00
2.864602665563308559e+00
2.872562319428482613e+00
2.858417666813243052e+00
2.838114019614064620e+00
2.986016911406834673e+00
2.896943640930959685e+00
2.911822944256525769e+00
2.983294589656649176e+00
2.921103364652645862e+00
2.873230319093289076e+00
2.821838068607138261e+00
2.970974723565620756e+00
2.933700865827817861e+00
2.894377612960965074e+00
2.827606389083932914e+00
2.992171826296712300e+00
2.905433866231178719e+00
2.920765837846777568e+00
2.885903633807190172e+00
2.896463949240973168e+00
2.869218681752388811e+00
2.984460404739368578e+00
2.812487475237964052e+00
2.865679828957552466e+00
2.845241769665446618e+00
2.965136757205240059e+00
2.821479826207569985e+00
2.902674819212720969e+00
2.889548878082494721e+00
2.881311516042716292e+00
2.918554079423527181e+00
2.873541808130089414e+00
2.876427411244655286e+00
2.919509992224929018e+00
2.889893980197307588e+00
2.900593273120862570e+00
2.938555022121028593e+00
2.952721767847783507e+00
2.876517701565905583e+00
2.862970213811631748e+00
2.930764840337866328e+00
2.896449429061634273e+00
2.912109930776263678e+00
2.932814907509608382e+00
2.948494327226859113e+00
2.881158914169807961e+00
2.909812759119437153e+00
2.979168882119919370e+00
2.869040997137999316e+00
2.815864091787164014e+00
2.974402097790369570e+00
2.902581184376367585e+00
2.839786338782421815e+00
2.909573938986446340e+00
2.854069839046600610e+00
2.908118755686232682e+00
2.854792793206916368e+00
2.910511215766339532e+00
2.877596893480174334e+00
2.937322163198735403e+00
2.901760691053927754e+00
2.919297037766558578e+00
2.869928474487180470e+00
2.967291758234976928e+00
2.914494797188327713e+00
2.889639840970411822e+00
2.865679242297368923e+00
2.842319887111220300e+00
2.946840550406629067e+00
2.929527633765962147e+00
2.961238714163238583e+00
2.855319717836305671e+00
2.856213918049143707e+00
2.878584931621762877e+00
2.918156985034845441e+00
2.887436711028479319e+00
2.855273718893732493e+00
2.885322987335054989e+00
2.893384676037074499e+00
2.873456248869147522e+00
2.937844316065354455e+00
2.936946047735953691e+00
2.870859520871192672e+00
2.926683346872036573e+00
2.865194732909274844e+00
2.861166271164893082e+00
2.952129056208481206e+00
2.920374729854450901e+00
2.855498805174308874e+00
2.868302131315180414e+00
2.853310260121303177e+00
2.891155554265965044e+00
2.853214655833042457e+00
2.944557947444835122e+00
2.955517776709790656e+00
2.855042833871521690e+00
2.948481184401628319e+00
2.959527302242021207e+00
2.812892037035158221e+00
2.876816719326386718e+00
2.915413104094550345e+00
2.930098897584153761e+00
2.862763548709699180e+00
2.843580950242116767e+00
2.881230085698102350e+00
2.842682231024294737e+00
2.902267388308591656e+00
2.799091394435667901e+00
2.910185732074058063e+00
2.819270073421495049e+00
2.852415881447135870e+00
2.924117816088435351e+00
2.960551043105265290e+00
2.959814745868148300e+00
2.952579667280900377e+00
2.804108645910849518e+00
2.917026402271151397e+00
2.836409186336569910e+00
2.871176152170920481e+00
2.933378212788983586e+00
2.928010836496890867e+00
2.956957339596768541e+00
2.989908917178980108e+00
2.893314595092252084e+00
2.842733485746648636e+00
2.869551460885407135e+00
2.975316019653764243e+00
2.944762730207525880e+00
2.886153831827254379e+00
2.882118499210054807e+00
2.920686463501403374e+00
2.896218843071003857e+00
2.892573228784602435e+00
2.900279458483056239e+00
2.985689294758957502e+00
2.947207193632661149e+00
2.948955094702152113e+00
2.989005489276934657e+00
2.835862086562360496e+00
2.988970288651926932e+00
2.993681165963063773e+00
2.875708680142810003e+00
2.954542866305353677e+00
2.969386202201451663e+00
2.845093216770793187e+00
2.941383724599118565e+00
2.950344175390285706e+00
2.906680950956409770e+00
2.942171279039469400e+00
2.936104304754358019e+00
2.888279070447625330e+00
2.916666681620229795e+00
2.899690339347571921e+00
2.943807504890062265e+00
2.972334921465296098e+00
2.909243732416661565e+00
2.855506603818696032e+00
2.819531098519210133e+00
2.937826148681033089e+00
2.970637920292829914e+00
2.815765853163378019e+00
2.915035872489498026e+00
2.849222299392176971e+00
2.889991815782580353e+00
2.901702736283187978e+00
2.832241374805325229e+00
2.908122957086825888e+00
2.917293978557960354e+00
2.820322772990336624e+00
2.907451606235803343e+00
2.900659181012012144e+00
2.837805186220322629e+00
2.886611620386062782e+00
2.843505866290869655e+00
2.994563202070782193e+00
2.833789550322169948e+00
2.840981613642055148e+00
2.854254306400420660e+00
2.927301452374618140e+00
2.843511096778183145e+00
2.935257510177414986e+00
2.906900983778122338e+00
2.830880619914433183e+00
2.812166448624236370e+00
2.938877244324996418e+00
2.840639719074821823e+00
2.889055305113800820e+00
2.855891438356778611e+00
2.913155039475901820e+00
2.839024715713501124e+00
2.925868995364709235e+00
2.963586581158146771e+00
2.925603053677710452e+00
2.920181292920507321e+00
2.946881656957503370e+00
2.880658972251761707e+00
2.869334072446459771e+00
2.899010768908468538e+00
2.838599069510816530e+00
2.910530522191026037e+00
3.007323002409492574e+00
2.869424612484313464e+00
2.927343448606783305e+00
2.903296245263027764e+00
2.948591537400624851e+00
2.893775765457220039e+00
2.863840220771016298e+00
2.888119698226667253e+00
2.883913962192339753e+00
2.810762094968721314e+00
2.922509016978282137e+00
2.951291691618707969e+00
2.853292766563543026e+00
2.933457134188208748e+00
2.942457634248921039e+00
2.895045968368965994e+00
2.897454055100085579e+00
2.842195326978480541e+00
2.941720042301581906e+00
2.921481265781175285e+00
2.858089543952661238e+00
2.848835422870271916e+00
2.949284074005297018e+00
2.783840321134589679e+00
2.952896116568662688e+00
2.939530332821834513e+00
2.924867839157676563e+00
2.931823755268200493e+00
3.012139526263489575e+00
2.955383397679212099e+00
2.879065915308911094e+00
2.953211324364038326e+00
2.942602654611295776e+00
2.961598849893332108e+00
2.894052285368963862e+00
2.873881097949649188e+00
2.908729338508123430e+00
2.880302590520212647e+00
2.871270539619155127e+00
2.843191699163567510e+00
2.949012712984007134e+00
2.940692212144741191e+00
2.909942801871697071e+00
2.872883810205481225e+00
2.916052932080390736e+00
2.908172847737204858e+00
2.873901730587507419e+00
2.968256251836859150e+00
2.915824983226364964e+00
2.902050876434199012e+00
2.957939654955029862e+00
2.858408260175359761e+00
2.859536204673883031e+00
2.932971987176825390e+00
2.864285323428734653e+00
2.919774465907483130e+00
2.854542117519427880e+00
2.797977061297656665e+00
2.933488251073046893e+00
2.927233419784196489e+00
2.879806858688380711e+00
2.860525307877987533e+00
2.875189566803047825e+00
2.848416132049536920e+00
2.918919557582376534e+00
2.865293853387081313e+00
2.917970373813867813e+00
2.852353272185480293e+00
2.848237320194694888e+00
2.890787395470283183e+00
2.930373470936557201e+00
2.857943406165617262e+00
2.967970978421844652e+00
2.909456800709408153e+00
2.961925371311805222e+00
2.905784496158944297e+00
2.882397239276425438e+00
2.952494214094573799e+00
2.994312974174524467e+00
2.931484596871702486e+00
2.927515337052569500e+00
2.910664825598550109e+00
3.059276058539684762e+00
2.921867210157870431e+00
2.933109376206551211e+00
3.011642010887126464e+00
2.820739076335835094e+00
2.901203640001899231e+00
2.870394212748731633e+00
2.856041138391391510e+00
2.843398337992385283e+00
2.904131981987649436e+00
2.838962320948965612e+00
2.847003898883308626e+00
2.881106968485270148e+00
2.992214311371669933e+00
2.835254347795122865e+00
2.863563586747875256e+00
2.842090831459407330e+00
2.881036511288523450e+00
2.886219915686449422e+00
2.919177858725280572e+00
2.932365694807211653e+00
2.939526619563844534e+00
2.860496995273454246e+00
2.943016364576583666e+00
2.869507044725667200e+00
2.978533784947554164e+00
2.879097322045906626e+00
2.879189247911215332e+00
2.885632975364337049e+00
2.960426387933021264e+00
2.975710429698113391e+00
2.811722135191998095e+00
2.910694230699240048e+00
2.902440213756255272e+00
2.895244152800567239e+00
2.932873362596498890e+00
2.990303627266241993e+00
2.936506280914377598e+00
2.891698891216345046e+00
2.848008341776733676e+00
2.956380991436071692e+00
2.817716858961215820e+00
2.977619459776483346e+00
2.935364859409623772e+00
2.955771660231355291e+00
2.950831852686988110e+00
2.929040817791246809e+00
2.940864618800808294e+00
2.926299191812996803e+00
2.850890961074868279e+00
2.954303240485727233e+00
2.889168596103969477e+00
2.902513079039722221e+00
2.943115489573834953e+00
2.942902295568046611e+00
2.845233204672600991e+00
2.772758560977389486e+00
2.899831276557624626e+00
2.888654998116923167e+00
2.914317214852174764e+00
2.935644031047702107e+00
2.888305650757963416e+00
2.933229081276488071e+00
2.918902319253886102e+00
2.939905594566124769e+00
2.822243070497024497e+00
2.865836591082188800e+00
2.927978654594344032e+00
2.889250004327911459e+00
2.899606136449891736e+00
2.939793682084884452e+00
2.830425444049282202e+00
2.841975414116694409e+00
2.976786786535125628e+00
2.883362740755363252e+00
2.911848531450151434e+00
2.881078549516226328e+00
2.856247011491823251e+00
2.935975323226111211e+00
2.895073387936876852e+00
2.853530588096709675e+00
2.801071358826820568e+00
2.827204710329859427e+00
2.883697586096572785e+00
2.733617792331052065e+00
2.885984788685018732e+00
2.874563491332864373e+00
2.916318873024136060e+00
2.871783611294803862e+00
2.959625722303831807e+00
2.902236134723468197e+00
2.788690694916490465e+00
2.792713531898272095e+00
2.909309827828644668e+00
2.902920088532827680e+00
2.898768572496766449e+00
2.856395505219361031e+00
2.926026443938424926e+00
2.856292777643886893e+00
2.874850704213002039e+00
2.892044963729032858e+00
2.886798085819939352e+00
2.939884120303631665e+00
2.881463469345316053e+00
2.882262930586084959e+00
2.902261584714481479e+00
2.919571795892038857e+00
2.864187122104195904e+00
2.935163100887262289e+00
2.904308277117801484e+00
2.870565931673050297e+00
2.940926120258088083e+00
2.925566605624079219e+00
2.995702567775051062e+00
2.952833622778031852e+00
2.860381571450363758e+00
2.850631041478769667e+00
2.836154615261073264e+00
2.901749643600389117e+00
2.916484889485249088e+00
2.866376089363161128e+00
2.894154830362412500e+00
2.827863552448955264e+00
2.790278585887295382e+00
2.881348872114821713e+00
2.964538830768462141e+00
2.896076311165157957e+00
2.976982470728959385e+00
2.935259902510449326e+00
2.886558991805692198e+00
2.884722894865506149e+00
2.921158574804017860e+00
2.914115658932566078e+00
2.945466890835842122e+00
2.863199571742466976e+00
2.917217311369654453e+00
2.816559878248108273e+00
2.864237618243475225e+00
3.013197691119871013e+00
2.845956231070532638e+00
2.909056111242982023e+00
2.807249318582727859e+00
2.931859091806489737e+00
2.866435959702304803e+00
2.846326525768192006e+00
2.948363052272092055e+00
2.851119365736489719e+00
2.821841954475993397e+00
2.933721833145142899e+00
2.921716073219505105e+00
2.918984000793690026e+00
2.982996430936367460e+00
2.924976880600929974e+00
2.972037937810386055e+00
2.864667924481134165e+00
2.897835865583552994e+00
2.930577815314868495e+00
2.846656358184933566e+00
2.920005917692735764e+00
2.976996700982559751e+00
2.955530968100176015e+00
2.927456895407080317e+00
2.852752952980439183e+00
2.810759543203144251e+00
2.881395935314243317e+00
2.936657201414389906e+00
2.881283545151395398e+00
2.871884598574115710e+00
2.983691627591920525e+00
2.882485288538558788e+00
2.868840061275532261e+00
2.859789777228728180e+00
2.901963734637169168e+00
2.911138866673629089e+00
2.875910407712871653e+00
2.933147626043762557e+00
2.911044080327983341e+00
2.919842224893785865e+00
2.906525256838957905e+00
2.891657613288730833e+00
2.937653694202939203e+00
2.848261927757697709e+00
2.897283328137950420e+00
2.854403614365679687e+00
2.950143192889247423e+00
2.937683427634534272e+00
2.866518214827092237e+00
2.838126997161618092e+00
2.847580569986273957e+00
2.940589092896290335e+00
2.926985068652494970e+00
2.978564488444088276e+00
2.918352146982962303e+00
2.957611012516007776e+00
2.904379045303286055e+00
2.902352989031758757e+00
2.895277606169786022e+00
2.886698136407938708e+00
2.938408491084792296e+00
2.889852434448196838e+00
2.897649095233924665e+00
2.901387290849405609e+00
2.922191439497133114e+00
2.862324786329403459e+00
2.976439788701191080e+00
2.979750709242122042e+00
2.930993310772200378e+00
2.954373372818651866e+00
2.871716928109425471e+00
2.887086055835021536e+00
2.932389786371975227e+00
2.886780343397622683e+00
2.888806753126933025e+00
2.924087719201710289e+00
2.868548874027886164e+00
2.961975551321165856e+00
2.871155513762322808e+00
2.927233926898055394e+00
2.845263659618704644e+00
2.926333058005495591e+00
2.842433438346870567e+00
2.914062889912663490e+00
2.897292498254995241e+00
2.876824202613428305e+00
2.915874785295347049e+00
3.017586216823223477e+00
2.960788588498217688e+00
2.806501993834972897e+00
2.798542818134164278e+00
2.918191480477277722e+00
2.839991524372977416e+00
2.914318751134736374e+00
2.943229143591133745e+00
2.902429849266152218e+00
2.904678561247056923e+00
2.814574686547783866e+00
2.885673120108705358e+00
2.903924718538230643e+00
2.880757035685566070e+00
2.975186029399890852e+00
2.861594863308269510e+00
2.995892390431020402e+00
2.869861546414839815e+00
2.939271883093777404e+00
2.940907604664486197e+00
2.837475446972952398e+00
2.846348528429297975e+00
2.950903422659870490e+00
2.954737360447647010e+00
2.890453220997789785e+00
2.981237489666172635e+00
2.884456639686427071e+00
2.901722686818785313e+00
2.873489560090549677e+00
2.890664565601376079e+00
2.942730375495915762e+00
2.833983615004780798e+00
2.939270367603152412e+00
2.941155874380333213e+00
2.944981080093650228e+00
2.852344987690549782e+00
2.937069072900921896e+00
2.794276176287037394e+00
2.985773975190634033e+00
3.005350217261852031e+00
2.857357298134394430e+00
2.923980257546557660e+00
2.936754044241377759e+00
2.879160395003604211e+00
2.852051587401081001e+00
2.900035748714843375e+00
2.873837917411316667e+00
2.884803788073460940e+00
2.872061935003486166e+00
2.954073886893940237e+00
2.945924498200064967e+00
2.913961547584652312e+00
2.941739641811581762e+00
2.963537636605270809e+00
2.868138698987491519e+00
2.994311804733694071e+00
2.932742073314388076e+00
2.932304645495339201e+00
2.948639910716698065e+00
2.843387957934613741e+00
2.833253586510262600e+00
2.972268973251845470e+00
2.848184053336880073e+00
2.964221490474765019e+00
2.908279753138326651e+00
2.941127340201960205e+00
2.935849275346570142e+00
2.886891173738339145e+00
2.922412777381743432e+00
2.935385600191067645e+00
2.983301344354601259e+00
2.956354589617062434e+00
2.949178127851583842e+00
2.895172432595632728e+00
2.918034366466948359e+00
2.879377613035185135e+00
2.919885738453760649e+00
2.931676283064825306e+00
2.998088336781044916e+00
2.936959485233538558e+00
2.845213311068078177e+00
2.887912271501434702e+00
3.019012384847524544e+00
2.783326160960172047e+00
2.822793845293819714e+00
2.944853739197761389e+00
3.024996343478829175e+00
2.920875843614330947e+00
2.909749044078752345e+00
2.829256330470335978e+00
2.881502847122101141e+00
2.805001312619602061e+00
2.939890246771676985e+00
2.873268751834094026e+00
2.888829989385916619e+00
2.860771361967322957e+00
2.811622887321268305e+00
2.897110612480830127e+00
2.922439739596733865e+00
2.886803669030327590e+00
2.876033234098397617e+00
2.970459496527938725e+00
2.905088208938128247e+00
2.824029249366056149e+00
2.829671663450082697e+00
2.846730268218823579e+00
2.886975002113276734e+00
2.790219144474897828e+00
2.883977972825867209e+00
2.981766359140117117e+00
2.963323353234330160e+00
2.864336450850252458e+00
2.950964831120046039e+00
2.865812486594126796e+00
2.896204880400177650e+00
2.884733521242122567e+00
2.875512382020407820e+00
2.863050583628023560e+00
2.993684006997650915e+00
2.963587532265256286e+00
2.909538971214827185e+00
2.836369635053825888e+00
2.854344626874692814e+00
2.901153749591557585e+00
2.959373479596963286e+00
2.935132457886211910e+00
2.907556038868467585e+00
2.927747547864596900e+00
2.878406176161894869e+00
2.847256756754323437e+00
2.840563971360319240e+00
2.901598051218773566e+00
2.867120734225961698e+00
2.833154051870448331e+00
2.988132280024750287e+00
2.899522794384736368e+00
2.916391442551312885e+00
2.912674527108093603e+00
2.858988805934946420e+00
2.941206812567705331e+00
2.887921635278636323e+00
2.848678617004519076e+00
2.989959596771624817e+00
2.846868176568170927e+00
2.970088180109117015e+00
2.998142322326902143e+00
3.013554193853734464e+00
2.897337472435783212e+00
2.984528045270508301e+00
2.820269790987778080e+00
2.915972410569236839e+00
2.901431462476812051e+00
2.861325612707237287e+00
2.869791590282597227e+00
2.876391933012012014e+00
2.905262506850995408e+00
2.907194488766461582e+00
2.888435430517581448e+00
2.900823245631708680e+00
2.912544409063761108e+00
2.805141713016473748e+00
2.817672878140462078e+00
2.883709294496106246e+00
2.986008539130637018e+00
2.933816413475579310e+00
2.927737224726743470e+00
2.895777118235290715e+00
2.947712838444176864e+00
2.987147644607059949e+00
2.871893070551752469e+00
2.937745078942667121e+00
2.895860640742939474e+00
2.911856328608689815e+00
2.828804776069104410e+00
2.891083445688650500e+00
2.913736395302580995e+00
2.884937033441303811e+00
2.893635749809823299e+00
2.902996760838608026e+00
2.836298547645747625e+00
2.874673236396469100e+00
2.845591897623570343e+00
2.879393715216694627e+00
3.003400504878338761e+00
2.949640275432903191e+00
2.879242024527529864e+00
2.858489215508040360e+00
2.916030195097860211e+00
2.908506668345227641e+00
2.824508509336337347e+00
2.834343422983556238e+00
2.951662012558820436e+00
2.938761197270927106e+00
2.811186826891903134e+00
2.913758140733488489e+00
2.809827917755362225e+00
2.857014057733389567e+00
2.920700129555735103e+00
2.974652575985057723e+00
2.901099163492708577e+00
2.812784584064993432e+00
2.944242006626642816e+00
2.899568228539842085e+00
2.939685506671109838e+00
2.942516311366850434e+00
2.923828939822410433e+00
2.947311600732862580e+00
2.971458027418659054e+00
2.890148656784176318e+00
2.857140362271617828e+00
2.925461827668480730e+00
2.807911195795398829e+00
2.931558184827228519e+00
2.831866371042289554e+00
2.849114106872699725e+00
2.983536441139660322e+00
2.811598906540678566e+00
2.870196972386182210e+00
2.828491213433918627e+00
2.857066705373233262e+00
2.893693555048115762e+00
2.810953408738080750e+00
2.857469330574053057e+00
2.958987666916120585e+00
2.896012468876955737e+00
2.919191126845307682e+00
2.889286455401505194e+00
2.988509111466586710e+00
2.865337714834577554e+00
2.844092506496987305e+00
2.891158868931899661e+00
2.908587410479694046e+00
2.863357414585363081e+00
2.878462105694257644e+00
2.870489535274508786e+00
3.024375536378789864e+00
2.845242885761977369e+00
2.853284007656997190e+00
2.869343083730825139e+00
2.984256159950784859e+00
2.902370431587526056e+00
2.848285058336487818e+00
2.983443784346604843e+00
2.797044361320953243e+00
2.993909165638598324e+00
2.894467910763004692e+00
2.819743517810224809e+00
2.877399435732352906e+00
2.836123293866234185e+00
2.828251853557210094e+00
2.961998629868567434e+00
2.916812430420456348e+00
2.962790122076696342e+00
2.921565559640494136e+00
2.896031677944753469e+00
2.899521086613542131e+00
2.872591915917311667e+00
2.932756199170734934e+00
3.016810477591083117e+00
2.883813691218088504e+00
2.823618500898304795e+00
2.873574162595971426e+00
2.893568792014495017e+00
2.859918004821569326e+00
2.876730359977365037e+00
2.948632680988238608e+00
3.023908059881470489e+00
2.933437845650976872e+00
2.886236396718377950e+00
2.878904025798071142e+00
2.962138957419389040e+00
2.921997190722275484e+00
2.963256546731981800e+00
2.798288244224068411e+00
2.989062172762622094e+00
2.858027979342047331e+00
2.814267284883567921e+00
2.823063467550566141e+00
2.799258120250221360e+00
2.947113153997718893e+00
2.877339142567711505e+00
2.956770068539680718e+00
2.868142048904179120e+00
2.932138526966291625e+00
2.895129913061130544e+00
2.897082269090543782e+00
2.893267505977860310e+00
2.910769684379917788e+00
2.923130111909872930e+00
2.910990262193335454e+00
2.840536511277697684e+00
2.950615294661258936e+00
2.878661478797305495e+00
2.937636427026777852e+00
2.984761103136405413e+00
2.968628026514712470e+00
2.921584943314825100e+00
2.909900538976061934e+00
2.851840197697862234e+00
3.003983344093513086e+00
2.892972400713651915e+00
2.895790843431342410e+00
2.861833534943206470e+00
2.894605678227004653e+00
2.910243051872786868e+00
2.892266980017280442e+00
2.927842271140599806e+00
2.898582226032473841e+00
2.986159782598213130e+00
2.970527870781500823e+00
2.839688594140344691e+00
2.962462992639824932e+00
2.956108377256381647e+00
2.924043635631866866e+00
2.857698285402692662e+00
2.914457604777126676e+00
2.888825981089501838e+00
2.953902696162089114e+00
2.925120246511575761e+00
2.854727195732889466e+00
2.873763393140613687e+00
2.857173723556148737e+00
2.892407677271462862e+00
2.849161134340949975e+00
2.921098316439636466e+00
2.918345309099986906e+00
2.979504495358696214e+00
2.936678135240951004e+00
2.874849415986662216e+00
2.847615792311423810e+00
2.856545304757726722e+00
2.908211870874648941e+00
2.968272602768890600e+00
2.909713741523246355e+00
2.854648897905259108e+00
3.004175791074903845e+00
2.916450174735869538e+00
2.908254281942077579e+00
2.920998271681463976e+00
