1.000036966061496724e+00
1.000211785689223420e+00
1.000132596984175892e+00
1.000032084385321207e+00
1.000115091702105330e+00
1.000111664963860170e+00
1.000109156196603566e+00
1.000074650583727465e+00
1.000117076106927128e+00
1.000337356261842503e+00
1.000111544871648217e+00
1.000197751555508052e+00
1.000020064689507659e+00
1.000440063612886066e+00
1.000189936208266017e+00
1.000314092356785034e+00
1.000222741802301529e+00
1.000091001065937402e+00
1.000239557848793037e+00
1.000031407257094607e+00
1.000026055238408595e+00
1.000097670800198735e+00
1.000064847547763813e+00
1.000055614368743795e+00
1.000042155330482130e+00
1.000081041175185037e+00
1.000059947761388290e+00
1.000118414287999968e+00
1.000026657524357487e+00
1.000261243764087427e+00
1.000141510342172468e+00
1.000458185684855117e+00
1.000195975196277676e+00
1.000448201467556864e+00
1.000163225320946925e+00
1.000446572270312640e+00
1.000346224551320606e+00
1.000050544700431310e+00
1.000116083080745177e+00
1.000009386002949086e+00
1.000036964002692930e+00
1.000073794956261919e+00
1.000055214437922002e+00
1.000157155770958095e+00
1.000227780817662726e+00
1.000060505736819261e+00
1.000098071322500060e+00
1.000100185392241769e+00
1.000150488323360509e+00
1.000114475441437500e+00
1.000105962134256066e+00
1.000138857161517958e+00
1.000368031698714688e+00
1.000178491871915210e+00
1.000031096116538842e+00
1.000111549714933323e+00
1.000196051796121921e+00
1.000043969041913838e+00
1.000223530103010461e+00
1.000142959732400083e+00
1.000053995328999523e+00
1.000224024960837843e+00
1.000212661493866007e+00
1.000124215710134212e+00
1.000293661557130731e+00
1.000245428603888209e+00
1.000273165555040533e+00
1.000287654685820815e+00
1.000032776734546491e+00
1.000048799500062646e+00
1.000011412508325925e+00
1.000228541466226639e+00
1.000154221282661959e+00
1.000047887015360848e+00
1.000208355276562600e+00
1.000041486872002672e+00
1.000213250929087305e+00
1.000061415499606365e+00
1.000129104070997643e+00
1.000301183262669591e+00
1.000037555685183932e+00
1.000291080970953095e+00
1.000109395005050139e+00
1.000155612278045059e+00
1.000156954289617373e+00
1.000101990387844308e+00
1.000189382119952120e+00
1.000509948262775950e+00
1.000016290623727544e+00
1.000282599238261572e+00
1.000018458836422264e+00
1.000133856717808412e+00
1.000255250540732055e+00
1.000222024380125418e+00
1.000352586712006886e+00
1.000054363659430123e+00
1.000140995617458062e+00
1.000112311272998156e+00
1.000156342555396316e+00
1.000167787056103874e+00
1.000175243109842071e+00
1.000197665098651489e+00
1.000199857609258558e+00
1.000380975026171626e+00
1.000210311038539635e+00
1.000385278754544416e+00
1.000295771827867775e+00
1.000025672602282034e+00
1.000248384123081813e+00
1.000305328993386311e+00
1.000065330830063992e+00
1.000071136119353055e+00
1.000047176461074105e+00
1.000072159666788751e+00
1.000420198249609927e+00
1.000160893742618740e+00
1.000051102843159345e+00
1.000229739405927631e+00
1.000027466719423996e+00
1.000188537151109225e+00
1.000108163685066165e+00
1.000216773955082461e+00
1.000151729690192060e+00
1.000271857096984851e+00
1.000059965477877011e+00
1.000190740663122524e+00
1.000043200255331666e+00
1.000181312294760927e+00
1.000141980141568077e+00
1.000036941818620129e+00
1.000555861589885742e+00
1.000057215095218721e+00
1.000149086712995405e+00
1.000030106544988362e+00
1.000093255510461798e+00
1.000129695929248053e+00
1.000439937002436608e+00
1.000087991324967174e+00
1.000109881935039358e+00
1.000155083487638485e+00
1.000094442130207151e+00
1.000047178551762173e+00
1.000224472296163514e+00
1.000097365900034285e+00
1.000158565051203041e+00
1.000129803411210938e+00
1.000172376590199974e+00
1.000125567350228950e+00
1.000151154734862935e+00
1.000152178438383999e+00
1.000152517062000479e+00
1.000076242477037525e+00
1.000213570450446232e+00
1.000235243461227164e+00
1.000235891703669777e+00
1.000040529630756403e+00
1.000308491293026902e+00
1.000048101956342306e+00
1.000049514821514274e+00
1.000082668884330728e+00
1.000329024562518931e+00
1.000149836865930730e+00
1.000367481227564248e+00
1.000132212205221416e+00
1.000055011354257228e+00
1.000152906648763551e+00
1.000138111509487171e+00
1.000115599587211523e+00
1.000063475270245750e+00
1.000251251342508585e+00
1.000168714684102067e+00
1.000341559709121642e+00
1.000161067541931237e+00
1.000185261471195464e+00
1.000024845371440874e+00
1.000160131113362105e+00
1.000139731371881391e+00
1.000062852747308328e+00
1.000040982370294707e+00
1.000121018745333545e+00
1.000068023635981129e+00
1.000040388429082716e+00
1.000061697680488804e+00
1.000090365577958051e+00
1.000077039905532317e+00
1.000174365453520453e+00
1.000080797565076951e+00
1.000120707752269134e+00
1.000255113569817222e+00
1.000327896168244912e+00
1.000488269600207314e+00
1.000026470665557721e+00
1.000121861907422804e+00
1.000183987860042478e+00
1.000250769603198142e+00
1.000191168772869288e+00
1.000434289075084360e+00
1.000387820076426459e+00
1.000024628679792693e+00
1.000550763976922219e+00
1.000040739038298820e+00
1.000078642114185845e+00
1.000035267583955223e+00
1.000320146389883647e+00
1.000149196462740031e+00
1.000229359553323816e+00
1.000238956017903913e+00
1.000407682233121820e+00
1.000253963579604166e+00
1.000439259150355475e+00
1.000247825402030166e+00
1.000120646997163965e+00
1.000085113955085925e+00
1.000424105658683338e+00
1.000219878368080462e+00
1.000100090002810749e+00
1.000284473406646946e+00
1.000029725968454963e+00
1.000109004596780427e+00
1.000028304527532219e+00
1.000272685743289980e+00
1.000089167621245556e+00
1.000060982683191435e+00
1.000079076152527779e+00
1.000106573182501180e+00
1.000042439620099088e+00
1.000154057295044918e+00
1.000386324100746682e+00
1.000278064202056783e+00
1.000063412794885309e+00
1.000545053286112651e+00
1.000095803139161132e+00
1.000053312005213746e+00
1.000104384362431764e+00
1.000381577245414322e+00
1.000243838328509272e+00
1.000129903782600582e+00
1.000105231690067153e+00
1.000276485921710812e+00
1.000438678644570256e+00
1.000024214161800318e+00
1.000092265441937522e+00
1.000379761780181731e+00
1.000164004674711338e+00
1.000279735543883053e+00
1.000031154619275719e+00
1.000150449823969945e+00
1.000153110437171700e+00
1.000092355613750428e+00
1.000213724527265313e+00
1.000048755254445698e+00
1.000205101072795699e+00
1.000151880209960709e+00
1.000210371504379747e+00
1.000118926675307218e+00
1.000146438565769902e+00
1.000372662941629631e+00
1.000164593378190636e+00
1.000105349734221161e+00
1.000117550675926337e+00
1.000177318535238502e+00
1.000335237173943570e+00
1.000088160187529995e+00
1.000243505612742334e+00
1.000139376681302705e+00
1.000106118374554764e+00
1.000071092825224106e+00
1.000143083523010512e+00
1.000288600588921550e+00
1.000454322032922949e+00
1.000183621224529418e+00
1.000255271210171104e+00
1.000098738129559628e+00
1.000062091878556547e+00
1.000068450437065826e+00
1.000410403385105340e+00
1.000112549155637298e+00
1.000300010856888022e+00
1.000063211085115089e+00
1.000178450370141858e+00
1.000118464213864522e+00
1.000083542622586030e+00
1.000048697466726866e+00
1.000190522615005628e+00
1.000220311759473679e+00
1.000075475399629710e+00
1.000101057969008611e+00
1.000170562777104255e+00
1.000067406182370000e+00
1.000111087527074449e+00
1.000048428871747497e+00
1.000140587455681018e+00
1.000126375565414838e+00
1.000306388062808916e+00
1.000230653666447145e+00
1.000082884422469398e+00
1.000149401976590857e+00
1.000129982036122467e+00
1.000071793450078683e+00
1.000134835789207255e+00
1.000145318801377803e+00
1.000073227456180325e+00
1.000087610942796745e+00
1.000081881111342108e+00
1.000037510033050303e+00
1.000086586870570837e+00
1.000070053644937174e+00
1.000160539397221049e+00
1.000105496644298375e+00
1.000358378441750462e+00
1.000170772485096338e+00
1.000220599485617923e+00
1.000597130934649304e+00
1.000225839452277166e+00
1.000192091163631503e+00
1.000248219643383285e+00
1.000394201869000410e+00
1.000053238894287100e+00
1.000156832939278262e+00
1.000161848898794004e+00
1.000007252449923945e+00
1.000016655558493506e+00
1.000013666978308180e+00
1.000192050599972626e+00
1.000030019619588151e+00
1.000277591988053993e+00
1.000070679597102163e+00
1.000436630286641204e+00
1.000121233536739540e+00
1.000192826120592571e+00
1.000140286656861388e+00
1.000043900511507156e+00
1.000063944705998242e+00
1.000139646091871670e+00
1.000172016174000200e+00
1.000020582787373158e+00
1.000618580362641064e+00
1.000019057598126260e+00
1.000144599173848459e+00
1.000106300904991086e+00
1.000092315504521379e+00
1.000233119351424893e+00
1.000038822704071517e+00
1.000153110420747504e+00
1.000268925586171642e+00
1.000167467239322372e+00
1.000431456145368436e+00
1.000093811745217165e+00
1.000056307385161158e+00
1.000159248714982185e+00
1.000098569091628864e+00
1.000044292856525407e+00
1.000043406507722166e+00
1.000174309055112509e+00
1.000138001606474258e+00
1.000024007614784161e+00
1.000040509579683157e+00
1.000174142823696544e+00
1.000085928458013473e+00
1.000185967020678524e+00
1.000091348939093239e+00
1.000119393684787639e+00
1.000182376760485381e+00
1.000114447057305789e+00
1.000037333208565915e+00
1.000118240222071408e+00
1.000027555953749259e+00
1.000066516921367610e+00
1.000074863921497581e+00
1.000058600478710868e+00
1.000135622377018141e+00
1.000282278223628030e+00
1.000208350130626034e+00
1.000163709048704330e+00
1.000438955654104234e+00
1.000139648550849802e+00
1.000165778027614083e+00
1.000127877784394936e+00
1.000108558918504364e+00
1.000030658296610087e+00
1.000114752977518728e+00
1.000238372322603819e+00
1.000128101280087556e+00
1.000082542249096207e+00
1.000069126144626175e+00
1.000048481779476139e+00
1.000130327340507552e+00
1.000120559352788208e+00
1.000249429181847560e+00
1.000134760624955987e+00
1.000272624306726588e+00
1.000087553362466020e+00
1.000264016644734744e+00
1.000017053943898393e+00
1.000042863247352809e+00
1.000126240943708611e+00
1.000150506444984710e+00
1.000034295446105892e+00
1.000147078762820163e+00
1.000109123222131080e+00
1.000303174251253813e+00
1.000090029107442602e+00
1.000127299683067239e+00
1.000032627276872921e+00
1.000029931616281509e+00
1.000084218264055025e+00
1.000098978216672485e+00
1.000032748993831433e+00
1.000108154216682754e+00
1.000106534231682609e+00
1.000129320805613009e+00
1.000089723246925244e+00
1.000125379276969095e+00
1.000548369686219408e+00
1.000137663932310517e+00
1.000102088860663097e+00
1.000212574411693645e+00
1.000057964536140043e+00
1.000179245409493989e+00
1.000020164358417674e+00
1.000106353438061646e+00
1.000218330644223608e+00
1.000069605615340640e+00
1.000234900682003047e+00
1.000405047444224760e+00
1.000117805624323619e+00
1.000200637312293583e+00
1.000054401348741573e+00
1.000080347060481545e+00
1.000383730433657581e+00
1.000120487595012708e+00
1.000197867136716656e+00
1.000118003228152475e+00
1.000031650603376177e+00
1.000202064458675988e+00
1.000111946029571985e+00
1.000409910548616832e+00
1.000188552644852402e+00
1.000256067608739530e+00
1.000427773664040343e+00
1.000213600452872553e+00
1.000055083464387762e+00
1.000087924503375136e+00
1.000214728144454446e+00
1.000241568702020967e+00
1.000043656747352738e+00
1.000195501379285590e+00
1.000036827289465524e+00
1.000081540009489789e+00
1.000161466584605030e+00
1.000410219556578939e+00
1.000204492332939621e+00
1.000331377137877897e+00
1.000078822189187866e+00
1.000087000134732174e+00
1.000111649777586376e+00
1.000236394379631966e+00
1.000211623592171195e+00
1.000071349045614122e+00
1.000104476321870495e+00
1.000252516755751664e+00
1.000265233011479404e+00
1.000211041949311985e+00
1.000113521711414988e+00
1.000067531991427394e+00
1.000163566125644277e+00
1.000210271895051406e+00
1.000120088420311859e+00
1.000108461071133048e+00
1.000040487835887726e+00
1.000218001862732464e+00
1.000311941490108714e+00
1.000256961947076473e+00
1.000163346825585498e+00
1.000040399586384465e+00
1.000415498039477713e+00
1.000085862551902460e+00
1.000069857277087415e+00
1.000161082712448302e+00
1.000500673503016635e+00
1.000198336034904045e+00
1.000179126672076313e+00
1.000224857996001138e+00
1.000106160951538481e+00
1.000515674593573268e+00
1.000298933348848562e+00
1.000236367960185557e+00
1.000131335938096555e+00
1.000345222391630706e+00
1.000090986106515922e+00
1.000358626251541150e+00
1.000269270306121561e+00
1.000151252546746194e+00
1.000295002686202528e+00
1.000102713421830769e+00
1.000073279954423633e+00
1.000236667560818304e+00
1.000215632537805766e+00
1.000063746923477437e+00
1.000151186732662456e+00
1.000238932059191566e+00
1.000279500572942126e+00
1.000163653690720134e+00
1.000163524508807633e+00
1.000155842444639287e+00
1.000171400075806183e+00
1.000140144151920873e+00
1.000162409081419401e+00
1.000118271449381258e+00
1.000046508567526082e+00
1.000099375363075138e+00
1.000161856386251991e+00
1.000249493686004243e+00
1.000107612859382655e+00
1.000076596130107687e+00
1.000017781053316623e+00
1.000112345086375365e+00
1.000043819212208751e+00
1.000139407599590635e+00
1.000023640292497129e+00
1.000179698127502181e+00
1.000155044833538120e+00
1.000226376951777185e+00
1.000127459625523407e+00
1.000313108694660169e+00
1.000473246142310924e+00
1.000119001565374921e+00
1.000137806259638884e+00
1.000051050394133556e+00
1.000035095773873506e+00
1.000106749189123789e+00
1.000066396818958037e+00
1.000114811048141039e+00
1.000141865685402642e+00
1.000115277816949311e+00
1.000017212794434229e+00
1.000142764141025431e+00
1.000192484694704342e+00
1.000166617756036880e+00
1.000235270936659759e+00
1.000094497742344046e+00
1.000391537328128466e+00
1.000116429989948541e+00
1.000040319565953739e+00
1.000275462448251051e+00
1.000128018638337446e+00
1.000029516144001152e+00
1.000078321262398040e+00
1.000328550809373551e+00
1.000046102826762207e+00
1.000531325848855069e+00
1.000122107897180479e+00
1.000078632451025573e+00
1.000560967143172553e+00
1.000118108701015807e+00
1.000055420795123773e+00
1.000223368772915178e+00
1.000086150416042097e+00
1.000129035373753972e+00
1.000151334141195614e+00
1.000142715578977270e+00
1.000068202805053819e+00
1.000154705278569978e+00
1.000105614720232738e+00
1.000062725411065667e+00
1.000174845755613218e+00
1.000017823888131208e+00
1.000039327395296773e+00
1.000085067484748569e+00
1.000014199318148611e+00
1.000184044394712979e+00
1.000409996836817417e+00
1.000071949584971254e+00
1.000193389685838596e+00
1.000442070259196958e+00
1.000151645176537984e+00
1.000012994264342980e+00
1.000196835740110757e+00
1.000106156306597383e+00
1.000021982879256477e+00
1.000116533859546797e+00
1.000245689833641816e+00
1.000032538394983961e+00
1.000156381280627782e+00
1.000070367321050924e+00
1.000148803314240276e+00
1.000641494118767350e+00
1.000275983035037619e+00
1.000630972893532533e+00
1.000451298886889884e+00
1.000070836513321959e+00
1.000178304303461552e+00
1.000212319261018834e+00
1.000203518589301899e+00
1.000165698991460905e+00
1.000235427448600056e+00
1.000213624810367463e+00
1.000034776610941867e+00
1.000251154617388671e+00
1.000050457883575605e+00
1.000057519290879382e+00
1.000152632597732349e+00
1.000123128550883145e+00
1.000182213679846832e+00
1.000179313437751016e+00
1.000172372958969547e+00
1.000091282794218328e+00
1.000322545467837942e+00
1.000037759120336656e+00
1.000082615245486473e+00
1.000057941859898936e+00
1.000092317677785614e+00
1.000225822666354292e+00
1.000034362370281871e+00
1.000104512708029247e+00
1.000090308643301285e+00
1.000108372810589730e+00
1.000355254792800519e+00
1.000156691113375018e+00
1.000171952015669108e+00
1.000161447275311311e+00
1.000043018016465446e+00
1.000239473485698305e+00
1.000050032176526882e+00
1.000155178612797124e+00
1.000384721676562227e+00
1.000120400718963021e+00
1.000137041636935287e+00
1.000145977242124617e+00
1.000132535995046368e+00
1.000359452538780447e+00
1.000039303994412210e+00
1.000090375994153291e+00
1.000223273054446249e+00
1.000072261244580485e+00
1.000089673728016493e+00
1.000106986950706656e+00
1.000204913266794060e+00
1.000165813031655748e+00
1.000158624810149721e+00
1.000074731512830883e+00
1.000167682819752546e+00
1.000081875536340759e+00
1.000246946517024282e+00
1.000129261841777417e+00
1.000439910195313198e+00
1.000179134280274607e+00
1.000193052029078711e+00
1.000019373190664806e+00
1.000128682373885081e+00
1.000138719145104771e+00
1.000434622385288241e+00
1.000125938918570601e+00
1.000106463706646576e+00
1.000183827347360666e+00
1.000121572893380995e+00
1.000087712425551834e+00
1.000198931501618871e+00
1.000110505310490838e+00
1.000060679106370864e+00
1.000104989680050460e+00
1.000341983614748687e+00
1.000067959306133236e+00
1.000188005059691188e+00
1.000041914241349916e+00
1.000157156309380291e+00
1.000162982773864506e+00
1.000326870844372218e+00
1.000132261871357287e+00
1.000097846196109863e+00
1.000070949123900155e+00
1.000085226999291033e+00
1.000365390063074456e+00
1.000030432060261765e+00
1.000052445734764817e+00
1.000294635250341901e+00
1.000045699508231856e+00
1.000077304306411730e+00
1.000076053666101084e+00
1.000071244157188399e+00
1.000198937714748659e+00
1.000182303826344432e+00
1.000148159811284909e+00
1.000010252410554301e+00
1.000200561611221950e+00
1.000071770164844720e+00
1.000145829905109807e+00
1.000232599041463999e+00
1.000081111685928059e+00
1.000188556012786778e+00
1.000042512093906488e+00
1.000080019452018742e+00
1.000191630843815460e+00
1.000394674709613740e+00
1.000237277885151599e+00
1.000113508169970800e+00
1.000092047319035782e+00
1.000151847618993672e+00
1.000202233011401765e+00
1.000056445596643639e+00
1.000126862754791013e+00
1.000032276325216518e+00
1.000261308697735219e+00
1.000096816735728478e+00
1.000054798653887023e+00
1.000392479052428785e+00
1.000154728422840256e+00
1.000136242748692394e+00
1.000023939833031283e+00
1.000037696760380568e+00
1.000216716040685627e+00
1.000125752475295782e+00
1.000189269157303995e+00
1.000122886301734848e+00
1.000089821559901448e+00
1.000065673511604247e+00
1.000101963438078778e+00
1.000029485035244470e+00
1.000167318869682687e+00
1.000155623846876729e+00
1.000138324309205240e+00
1.000109083816525857e+00
1.000178504942735414e+00
1.000258243498697963e+00
1.000255013041204677e+00
1.000157798387484531e+00
1.000230748506703904e+00
1.000163645068587126e+00
1.000191081850452246e+00
1.000146610975383155e+00
1.000051020589500128e+00
1.000069518937284130e+00
1.000102355252354469e+00
1.000064995378274535e+00
1.000163102459642461e+00
1.000069353297313723e+00
1.000095959643420906e+00
1.000359760867137737e+00
1.000157263755007575e+00
1.000139866024596591e+00
1.000047197858497050e+00
1.000064081845927433e+00
1.000370865427551825e+00
1.000346569599859459e+00
1.000066988250492672e+00
1.000142442875175952e+00
1.000040745736032521e+00
1.000043480747850655e+00
1.000276176872495482e+00
1.000061805383479774e+00
1.000740492785778812e+00
1.000105176801788565e+00
1.000305813473199468e+00
1.000074083542953796e+00
1.000053430144675959e+00
1.000264668505755905e+00
1.000174499277742157e+00
1.000491501276332240e+00
1.000322162208608034e+00
1.000357798729510250e+00
1.000093871313966876e+00
1.000142348345989030e+00
1.000461247490410877e+00
1.000036306641796546e+00
1.000270336232210511e+00
1.000033486809819516e+00
1.000123822860981004e+00
1.000074077750269685e+00
1.000142020133695464e+00
1.000273270290237049e+00
1.000025864658942387e+00
1.000047513529845000e+00
1.000028768642523991e+00
1.000180285483434295e+00
1.000172035986413244e+00
1.000124127615249048e+00
1.000222111774940803e+00
1.000054192805207132e+00
1.000283221951682400e+00
1.000061320876320936e+00
1.000020452507953239e+00
1.000277291245601052e+00
1.000031060745377287e+00
1.000458156288177358e+00
1.000024927469634006e+00
1.000150227290456773e+00
1.000054279683188163e+00
1.000078580021394270e+00
1.000289459257080571e+00
1.000219709988238392e+00
1.000545177444635669e+00
1.000136904090789702e+00
1.000148432278452848e+00
1.000113588366668749e+00
1.000191584064849870e+00
1.000057048188764952e+00
1.000286709971462962e+00
1.000073216206428306e+00
1.000237787024361724e+00
1.000226950765938927e+00
1.000368033256815892e+00
1.000326251409738187e+00
1.000074741756355134e+00
1.000009122025419472e+00
1.000086309871983881e+00
1.000074525431550176e+00
1.000174277244998855e+00
1.000197462353202837e+00
1.000062331654533621e+00
1.000013987063737897e+00
1.000089162740171567e+00
1.000016392128147524e+00
1.000098220264527216e+00
1.000383271120516948e+00
1.000043463132945787e+00
1.000146685474463171e+00
1.000102150222427211e+00
1.000283120354231281e+00
1.000302089812325157e+00
1.000064215774406629e+00
1.000125523110216186e+00
1.000102362222815566e+00
1.000154569608483257e+00
1.000203933436739634e+00
1.000445209500248067e+00
1.000293320016014897e+00
1.000053618296157909e+00
1.000167397681051895e+00
1.000079248435380430e+00
1.000197886216890097e+00
1.000244075290571244e+00
1.000060607035907712e+00
1.000138110964331251e+00
1.000579012176893601e+00
1.000104533097728066e+00
1.000339364148011834e+00
1.000670099529021639e+00
1.000032921614724790e+00
1.000081168533897724e+00
1.000053808306943903e+00
1.000023849323737668e+00
1.000039896740929635e+00
1.000262433321850608e+00
1.000281495163491741e+00
1.000102033168010829e+00
1.000262465451631666e+00
1.000173073628817688e+00
1.000118639332326698e+00
1.000089427634522465e+00
1.000197579176078655e+00
1.000277332391685148e+00
1.000559439226347047e+00
1.000138155853012245e+00
1.000243602895520389e+00
1.000088792916514757e+00
1.000037875041264845e+00
1.000051326650150507e+00
1.000149920893904643e+00
1.000196676496345471e+00
1.000148552188700801e+00
1.000161855364330110e+00
1.000187869254085538e+00
1.000094268848595203e+00
1.000316207485832276e+00
1.000241326841456724e+00
1.000058804428267445e+00
1.000034594144492139e+00
1.000107514213293136e+00
1.000287599748490797e+00
1.000189053008008644e+00
1.000227668072594778e+00
1.000345554562150685e+00
1.000072677721519865e+00
1.000078252768423548e+00
1.000253488800145973e+00
1.000051722436425372e+00
1.000126397618497753e+00
1.000134223104162112e+00
1.000017533136462911e+00
1.000231154656473720e+00
1.000076210595778559e+00
1.000408311013224250e+00
1.000128330156595968e+00
1.000205475261235710e+00
1.000238592012190342e+00
1.000253686757917260e+00
1.000240652945678432e+00
1.000194253692429092e+00
1.000119700821370250e+00
1.000172662348145503e+00
1.000101220757513287e+00
1.000442694509295016e+00
1.000271908993710657e+00
1.000153972465581464e+00
1.000248715002497235e+00
1.000003962659821388e+00
1.000146623077093677e+00
1.000227616201563752e+00
1.000065531709253941e+00
1.000077098886170024e+00
1.000233738674823236e+00
1.000025681298508218e+00
1.000064289136572748e+00
1.000111897442712561e+00
1.000015596817763530e+00
1.000186321682233759e+00
1.000131538916579688e+00
1.000088242192535004e+00
1.000291269291576413e+00
1.000093001318367536e+00
1.000045404718332032e+00
1.000108524174394775e+00
1.000128721906077933e+00
1.000037386391288807e+00
1.000038551678432253e+00
1.000118963110976811e+00
1.000036066014216019e+00
1.000232087714734597e+00
1.000179308482144425e+00
1.000150357340379381e+00
1.000073746695801180e+00
1.000306648309320368e+00
1.000368593188803334e+00
1.000237705770713692e+00
1.000223226064243631e+00
1.000114345080249878e+00
1.000099211080008654e+00
1.000074536169918149e+00
1.000020586158410385e+00
1.000122798404934787e+00
1.000127627046366374e+00
1.000311770318561777e+00
1.000090125976170752e+00
1.000171089308988570e+00
1.000073852356539783e+00
1.000133961420430539e+00
1.000411693798287205e+00
1.000324165306446744e+00
1.000106417521339441e+00
1.000079134152066285e+00
1.000134332810248550e+00
1.000604750660799125e+00
1.000137821123232129e+00
1.000126145554835588e+00
1.000225960436359696e+00
1.000181446074913882e+00
1.000206927017506242e+00
1.000227297918569569e+00
1.000146942123495197e+00
1.000055387042439126e+00
1.000224697383591765e+00
1.000076445398261349e+00
1.000072182185899550e+00
1.000294274145190343e+00
1.000164795515325000e+00
1.000168376434343198e+00
1.000067241350641511e+00
1.000126856072247161e+00
1.000093919007918553e+00
1.000147557219630778e+00
1.000205953484920363e+00
1.000206056391285125e+00
1.000085513511375312e+00
1.000055218029782145e+00
1.000135583870896960e+00
1.000197199048902474e+00
1.000098629002987627e+00
1.000217309953886025e+00
1.000063709093351294e+00
1.000019903222660433e+00
1.000036308042501876e+00
1.000074129378194510e+00
1.000089662281094638e+00
1.000559623589477143e+00
1.000482203636285039e+00
1.000112220062805202e+00
1.000059519657042983e+00
1.000066171614581556e+00
1.000131408384953735e+00
1.000287925818986512e+00
1.000087256061466201e+00
1.000082641438498898e+00
1.000057500456325243e+00
1.000499088510007129e+00
1.000044751615673633e+00
1.000062419771439393e+00
1.000086878672633128e+00
1.000259599967248780e+00
1.000058349487143339e+00
1.000183147533254102e+00
1.000092451013048223e+00
1.000096298838027087e+00
1.000094353797303048e+00
1.000059700887579561e+00
1.000254036530122459e+00
1.000063998876633109e+00
1.000138161751953358e+00
1.000158436743438850e+00
1.000139222760497715e+00
1.000036782432097038e+00
