4.033056502529183663e-04
3.962323069897575050e-04
3.988127866914968470e-04
3.983194274864554200e-04
3.910690425309570743e-04
3.939355481076530028e-04
3.938087457726864387e-04
3.980728969303412167e-04
3.933894699639407127e-04
4.010537912564188495e-04
3.939169308750557633e-04
3.918323246700088124e-04
3.953837947291604293e-04
3.940697182889024621e-04
3.960894462110658943e-04
3.956699392024943911e-04
3.908143521728404935e-04
3.951725594070462427e-04
3.915870057001986037e-04
3.992639946469076048e-04
3.955643219573785592e-04
3.951916164925965333e-04
3.926657860256882720e-04
4.006680061026742672e-04
3.954544390091940136e-04
3.986511017052563337e-04
3.981125018570736383e-04
3.994016754686204561e-04
3.877548416134738189e-04
3.997739405022187166e-04
4.009809813255162353e-04
3.941921310114254728e-04
3.961000356585724818e-04
3.919542798675650173e-04
3.955898029033885874e-04
3.992774835912046979e-04
3.962244361743819652e-04
3.952830297312888994e-04
3.996146011864098579e-04
3.930836402070460311e-04
4.004837544120633990e-04
3.974024432614559565e-04
3.989862804968923060e-04
3.937479131791386529e-04
3.924670277313452370e-04
4.009787811983935393e-04
3.965339503473724859e-04
3.935622888055418430e-04
3.950563970330206844e-04
3.973312490698606642e-04
3.899291204522829812e-04
3.952374744571229468e-04
3.966001621064600279e-04
3.935751568191421025e-04
3.939366812342552085e-04
4.003717072826457599e-04
3.941208225311082481e-04
4.030273556809756954e-04
3.986063804933908349e-04
3.948201925135691502e-04
3.963597830442620721e-04
3.907705722976337359e-04
4.013390619645264604e-04
3.968751615230106081e-04
3.963042196384890291e-04
3.986998750498061328e-04
3.921597931695942917e-04
4.001328632729728922e-04
3.961072408785487500e-04
3.961988239015494192e-04
3.962389164641634933e-04
3.964692973966235916e-04
3.981192294335933815e-04
3.961215969939831496e-04
3.933590804708272937e-04
3.973091304875302730e-04
3.917159271744566763e-04
3.907682809911844726e-04
3.960013082430313518e-04
3.932548014637419435e-04
3.893482621757920082e-04
3.941493721392887823e-04
3.962601243268766517e-04
3.999205526756033683e-04
3.989792891475258990e-04
3.969073775965284803e-04
3.929669157381927586e-04
4.018284041311991159e-04
3.997804983181032774e-04
3.941017498643109443e-04
4.000887199949061386e-04
3.966776939351089842e-04
3.921955211030558018e-04
3.996280829422606609e-04
3.949833877153827036e-04
3.952171883391966765e-04
3.960288377168320298e-04
4.010590806991348170e-04
3.887095232997428342e-04
3.965012167516756940e-04
3.962767827300171255e-04
4.031452655527549599e-04
3.940677816318703458e-04
3.921453861408897646e-04
3.932478310386472377e-04
4.005574671332343909e-04
3.930185630963424731e-04
3.996308736501036980e-04
3.949050145585207582e-04
4.006544321897828392e-04
3.934170208878580302e-04
3.943471586381380235e-04
3.941433979640591241e-04
3.942900515383608671e-04
3.972079903247065788e-04
3.916536524639309728e-04
3.970360726692949232e-04
3.961524585995129496e-04
3.934710614195088569e-04
3.990035706823654468e-04
3.942871216257082582e-04
3.939480890502464281e-04
3.953998711388442746e-04
4.025077479914688128e-04
3.987148685545293964e-04
3.964018846262817343e-04
3.942195054016783677e-04
3.951795168756554004e-04
3.958546606251422181e-04
3.904481294196041562e-04
3.955581531629460946e-04
3.936304780431392099e-04
3.988086510599125867e-04
3.996470988297214696e-04
4.026386269918127742e-04
3.978937622295784663e-04
3.983060025875471109e-04
3.954722659445359897e-04
4.011753883002852974e-04
3.921487562642586144e-04
3.986643413212555102e-04
4.004754047866444333e-04
3.905159679456988780e-04
3.975458012587483321e-04
3.962708420882106843e-04
4.041710649397836836e-04
3.955606466761364551e-04
3.951607452507327933e-04
4.019313404414855606e-04
3.950465340641286672e-04
3.904134909913086360e-04
3.911531126807025918e-04
4.005866524239016634e-04
3.922646718165041443e-04
3.963869170442166421e-04
4.023641640168505013e-04
3.923575820332076791e-04
3.895984107332430501e-04
3.956456452904637744e-04
3.917196027025293312e-04
3.922337109800372919e-04
3.930497950553239013e-04
4.008263826440266130e-04
3.966173009148628932e-04
3.935645354956882665e-04
4.027946267196422670e-04
3.973992255643565212e-04
3.933548329326595869e-04
3.937446036951895581e-04
3.932857511790501686e-04
3.944163735868021453e-04
3.926202013925292182e-04
3.933422399556413783e-04
3.962703209643653819e-04
3.990722291247706332e-04
3.974120127768080227e-04
3.961297001488993082e-04
3.980371442492254769e-04
3.947417039622466706e-04
3.976869765764676017e-04
3.973175600102370262e-04
4.006628790416306984e-04
4.000098916877656697e-04
3.920478355672011726e-04
3.888863755900222622e-04
3.952484605514818873e-04
3.961751232878485927e-04
3.988455989292847420e-04
3.990622241419691948e-04
3.976267752104469867e-04
3.977946697075607631e-04
3.928836842424310652e-04
3.987661285305305623e-04
3.934474321976814005e-04
3.994618923543791808e-04
3.973876004455719206e-04
3.887891915285527906e-04
3.925809189666003654e-04
3.925314779053326575e-04
3.988621683826102000e-04
3.973152646797737308e-04
3.960478492526255914e-04
4.007844705637081200e-04
3.975080328745566769e-04
3.988532811775397048e-04
3.918863638838251799e-04
3.956743279520037087e-04
3.960526023510693955e-04
3.911830906614711945e-04
3.894509299834692548e-04
3.953854781928809055e-04
3.948020402689686936e-04
4.017127916256297724e-04
3.980673103204045138e-04
3.969155933566337010e-04
3.967040308789171552e-04
4.041661341419604172e-04
4.077755548478511271e-04
3.967820458600192701e-04
3.954222872808369599e-04
4.002718317663996289e-04
3.993850227817515681e-04
4.007082826794427870e-04
3.954304658851426390e-04
3.958049271647933257e-04
4.004349329103913755e-04
3.935276329808637570e-04
3.973041259046723381e-04
3.926653880663255429e-04
3.998879158070551111e-04
3.913403654251759625e-04
3.963218910123092248e-04
3.981628353334451835e-04
3.920447088367850336e-04
3.932778631436129350e-04
3.920642818033709680e-04
3.944233789558258948e-04
3.937006041317507306e-04
3.985021550473570205e-04
4.001857586956775225e-04
3.952687454746042447e-04
3.936776290035112150e-04
3.963583458430508413e-04
3.980545260430851844e-04
3.941822505471733688e-04
3.992643684401843722e-04
3.997780955830552443e-04
3.963640901601687343e-04
4.043382091302258493e-04
3.986557621891090113e-04
3.979620671371790854e-04
3.983435799030413354e-04
3.949469218614335125e-04
4.012208935498249901e-04
3.911794321717747291e-04
3.947825142198979338e-04
3.890054673258018557e-04
4.004141549417796538e-04
3.922376149605410730e-04
3.996568938217548612e-04
3.973876457599493338e-04
3.901952351207510754e-04
3.939789332400066096e-04
3.966795335127169570e-04
3.955431000977774423e-04
3.953908060984166620e-04
3.980895611978734535e-04
3.975433480298686353e-04
3.962597698198601359e-04
4.015451401801531351e-04
3.942422262095861621e-04
3.914736268914564268e-04
4.022397987612331906e-04
3.954229977904259491e-04
3.955102311001427247e-04
3.984036014039245180e-04
3.927351756437916252e-04
3.983317235235610287e-04
3.920085221688763394e-04
3.997717130770417956e-04
3.965593581555540924e-04
3.947741376870812172e-04
4.007385281942763325e-04
3.996360061359770688e-04
3.987959950287245283e-04
3.957716088050754200e-04
3.937459647058993983e-04
3.946766528171057119e-04
3.932212342968240972e-04
3.960812538980303717e-04
3.935549870600532738e-04
3.985619604867857223e-04
3.983922008191777644e-04
4.004871039529365258e-04
3.968452692080938590e-04
3.978984641950623707e-04
3.920023643925105421e-04
3.952572408541459676e-04
3.879038731729133032e-04
4.003017738698134878e-04
4.009518550548778443e-04
3.986094181520962463e-04
4.009841479689086729e-04
3.935029645265794834e-04
3.944556285226019556e-04
3.961292172383152829e-04
3.945613558857221292e-04
4.032171172323645346e-04
4.013923963216759253e-04
3.973432234495079545e-04
3.921782144965688609e-04
3.998458913709771021e-04
3.919277329252387598e-04
3.923016289189429221e-04
3.944644052189020763e-04
3.958707052633074876e-04
3.948172941396807089e-04
3.916669365132042125e-04
3.980959097063957192e-04
3.922389307388583746e-04
4.004372022154338118e-04
4.002202722462668309e-04
3.970640636206271366e-04
4.000300817290898623e-04
3.909438980511532858e-04
4.000745454793832256e-04
4.005745096552559359e-04
3.997147245002056668e-04
3.875286115544858650e-04
3.971278640180271493e-04
3.984277816755164956e-04
3.980460259859113295e-04
3.987210358017796654e-04
3.947924919792794021e-04
3.998954761604082411e-04
3.964541291597284542e-04
3.934450444172263241e-04
3.917524353419333323e-04
3.970701143186201811e-04
4.025147057881301718e-04
3.960629993975364380e-04
3.949900171380787278e-04
3.954579886017841944e-04
3.967115402751668395e-04
3.965356698148212269e-04
3.963039775972488428e-04
3.967360181477313282e-04
3.938095225044813694e-04
3.998213309491862612e-04
3.963521122497519629e-04
3.978746922172825642e-04
3.952121921718419533e-04
3.942766547989977831e-04
4.014654472585657877e-04
3.942881553915594459e-04
3.956186702508478572e-04
4.070263906327052758e-04
4.037653745312717673e-04
4.024239496713301334e-04
4.005620686529521701e-04
3.964651760630857479e-04
3.951719863283236910e-04
4.020062047715783826e-04
3.976256888496740543e-04
3.982431061457938166e-04
3.891372658287008059e-04
3.953572639637034235e-04
3.976844414934993478e-04
3.930335083095138271e-04
3.897944051277186465e-04
3.983578731054566481e-04
4.016441697101028963e-04
3.967798568950048669e-04
3.974525252786514288e-04
3.989399585833841751e-04
3.894844145999265474e-04
3.937509511567759569e-04
3.982872012766784198e-04
3.994154726749196281e-04
3.988704137446120383e-04
3.923185985403247864e-04
3.970702223265966586e-04
3.924790667338827368e-04
4.001193214084519862e-04
3.938336864070586421e-04
3.972740510217093505e-04
4.007044999393810625e-04
3.980335927803265632e-04
4.009702077525585423e-04
3.950393885929877271e-04
4.030287755062660201e-04
3.995758399482859957e-04
3.982260302371771880e-04
3.971542419959454579e-04
3.985422772251138437e-04
3.994959036780171648e-04
3.987857326755098598e-04
3.965119067977182932e-04
3.945271210984123162e-04
3.995940884672918381e-04
4.005795972512329818e-04
3.933341557940532346e-04
3.975110497147274209e-04
3.973497194617892103e-04
3.945094155257010057e-04
3.977331162274445474e-04
3.967269579354611750e-04
3.969249538817050654e-04
3.902342695023669201e-04
4.014333539707827829e-04
3.997254490047532716e-04
3.995998633010291274e-04
3.941108734032171333e-04
3.889635293539604418e-04
3.977151752740892246e-04
3.941218441955671734e-04
3.958335011377091327e-04
3.965581575237640865e-04
3.995437305446362117e-04
3.982849288374416363e-04
3.989758458974998674e-04
3.982059346656126471e-04
3.841017002696363054e-04
3.948994067950163884e-04
4.013087038894182289e-04
3.915355622423065157e-04
3.934565202228808138e-04
3.990485827584252208e-04
4.005520603658993821e-04
3.891790020217852680e-04
3.958769424401810465e-04
3.979803959024370082e-04
3.847971059436090108e-04
3.942375663128563370e-04
3.958761944304877442e-04
4.028454488442492938e-04
4.027409203064075886e-04
3.970678899873608518e-04
3.933976864085114386e-04
3.932183049908094920e-04
3.935448019295158598e-04
3.925960639046085403e-04
3.927248220043784129e-04
3.974343017433841344e-04
3.978873396859582698e-04
3.973283291344257835e-04
3.965826387582501019e-04
3.957124286178643406e-04
3.964996482888711801e-04
3.973937591999421792e-04
3.964401758505199289e-04
4.018255057702103494e-04
3.992377191449983116e-04
3.860217218524440394e-04
3.906977458302394362e-04
4.003810428841998270e-04
3.964395595078807309e-04
3.978059100621500867e-04
3.980987594473961878e-04
3.931867710954726970e-04
3.989242718309907588e-04
3.961442903838985883e-04
3.977875597734092982e-04
4.002330018737532157e-04
3.913010456661651713e-04
3.982468649092012203e-04
4.005909235546264774e-04
3.935407403820865885e-04
3.995954197331335971e-04
3.914171673989291604e-04
3.966583083145411976e-04
3.990153801422379061e-04
4.026878163101343315e-04
3.927658954802010021e-04
3.949890569067967616e-04
3.952270331383950794e-04
3.984642315749908578e-04
3.934061508509943011e-04
3.978039124452096252e-04
3.923782472348072555e-04
3.895734404343529343e-04
3.923207473777817170e-04
3.937466950240962665e-04
3.962382777102783134e-04
3.902317891265094153e-04
3.978523966468158410e-04
3.917483864603899793e-04
3.992818528366285486e-04
3.934719958257743271e-04
3.882260803009336333e-04
4.002869041950130480e-04
4.001669192330800390e-04
3.954423072116845035e-04
3.942966157457485857e-04
3.922809656803520942e-04
3.962953081745546817e-04
3.923644364873151227e-04
3.987721555617323695e-04
3.982479799104778040e-04
3.930451369987969252e-04
3.948427474710996762e-04
4.013870574543689645e-04
3.922381623307294191e-04
3.918568701905851136e-04
3.979213803919910458e-04
3.922627435030124590e-04
3.951795132758152479e-04
3.881192862894672596e-04
3.893220077606601129e-04
4.016697936251793061e-04
3.963752334171714137e-04
3.956426772460375479e-04
4.032828099693409798e-04
3.982687131837062263e-04
3.972929809786795172e-04
3.891453059729732783e-04
3.977112356283920972e-04
3.964763367252297204e-04
3.969241967576385530e-04
3.970198702352525401e-04
3.914957789968531937e-04
3.971049248225414223e-04
3.960766808169422989e-04
3.942538045244733079e-04
3.994562780719958413e-04
3.953365274704582458e-04
3.927802599643184811e-04
3.934270093812262774e-04
3.904639026314103353e-04
3.960389244607895819e-04
3.938351202616911621e-04
3.926796725500791580e-04
4.007962646008521638e-04
3.961988829659542077e-04
4.017887265207187308e-04
3.915701222266172211e-04
3.975518845530291332e-04
3.942753240187193281e-04
3.969191544705844617e-04
3.944949033119349172e-04
3.945497830433908229e-04
3.950059887748918553e-04
3.954826995637679226e-04
3.985065159325320173e-04
4.011333443763303187e-04
3.941306131483371389e-04
3.989686839804854014e-04
3.956155524543786164e-04
3.979437910005906515e-04
3.973758251029946048e-04
3.969191362979527680e-04
3.966922350904018195e-04
3.957979127396202453e-04
3.941434057315034724e-04
3.897516029334831722e-04
3.883305214968580570e-04
3.912082500324273108e-04
3.956970916438310630e-04
3.924104741212011672e-04
3.986594025706467867e-04
3.884390193678897507e-04
3.969365271870669187e-04
3.971549123559688088e-04
3.962309478679103747e-04
4.003406508871852469e-04
3.985308957500317329e-04
3.894828026569461935e-04
3.963154550774931613e-04
3.936968634354036530e-04
3.903337451506562169e-04
3.957043209857270165e-04
3.927960809766309976e-04
3.946704761622517863e-04
3.902020800532772960e-04
3.914464849971259486e-04
4.008191941124518193e-04
3.985040176263553906e-04
4.013313204671868552e-04
3.993955459565242186e-04
3.935072411245084606e-04
3.979448285291240623e-04
4.035968584786861859e-04
3.951124711421098983e-04
3.959035860904122801e-04
3.962844959515788527e-04
3.894681819302097943e-04
4.036517860005519047e-04
3.920615244894249535e-04
3.916991602187817282e-04
4.026093444974300473e-04
3.966703104760313406e-04
3.970145725034302463e-04
3.963975975402993517e-04
3.970311805142511170e-04
4.020992815554529976e-04
3.984227810443929539e-04
4.032027773160797956e-04
3.982678066414822881e-04
3.953378797438697120e-04
3.942945500254160579e-04
3.978770523603163719e-04
3.968719643712903728e-04
3.983048326635455221e-04
4.042655022984196610e-04
3.987903423860537488e-04
3.946677535603887520e-04
3.947879169667049457e-04
4.020745541461039898e-04
3.909418955587241396e-04
3.963672155761426659e-04
3.953877505621645311e-04
3.986536709031826792e-04
3.974557878762870612e-04
3.967847938841843176e-04
3.919568265406688607e-04
4.037487980795239598e-04
3.947487385013763125e-04
3.968958894243007304e-04
4.022992769574897163e-04
3.979249160104633568e-04
4.036742954738999837e-04
3.994804528381109936e-04
3.944495579967448968e-04
3.980738701589894412e-04
3.887898915292335288e-04
3.894331321759338365e-04
3.985246989213085049e-04
3.961940711803032915e-04
3.958983900444887826e-04
3.904161331392440792e-04
3.960216591469436056e-04
3.952556940480811149e-04
3.991455808345203472e-04
3.974189541851320256e-04
3.953797348621604997e-04
3.961289583307060097e-04
3.959938252084224024e-04
3.922104419255012801e-04
3.990224113349199716e-04
3.922043368159678581e-04
3.941553320279221205e-04
3.968914869283928621e-04
3.943639229717593557e-04
3.963073429310975666e-04
3.948484427758715753e-04
3.934365439378765031e-04
3.994408637369100496e-04
4.013413184483487911e-04
3.962630720834401797e-04
3.975960475070034915e-04
3.941904692443022064e-04
3.969125868282233002e-04
3.945388768153581084e-04
3.976699686389512925e-04
3.950043105629334576e-04
3.965406361071444649e-04
3.995933128586893752e-04
3.906569222683161551e-04
3.946319955986523991e-04
3.992376094245348025e-04
3.971246093478503908e-04
4.006587365261407205e-04
3.932286158402917634e-04
3.979023400477654988e-04
3.932662983126299409e-04
3.937618034188106056e-04
3.969585525664285838e-04
3.948643446215413522e-04
3.931460506513755429e-04
4.006477853249477733e-04
3.931293138619577823e-04
3.963176859666234361e-04
3.987195041189610552e-04
3.998494066328100245e-04
3.979178239915706866e-04
3.995654285157398738e-04
3.925358061350009376e-04
3.973148219331552292e-04
3.946064940248713410e-04
3.956790230366232452e-04
3.943674500812948932e-04
3.948500266868435198e-04
3.972487023844809831e-04
3.961868240458040640e-04
3.965483984408434549e-04
4.018600477651257082e-04
3.955433377391501682e-04
3.965120810084479027e-04
3.934260393427417351e-04
3.972336623766049369e-04
4.025424704889304581e-04
3.932802923476486686e-04
4.024799797223530158e-04
3.980359463483664579e-04
3.958990846951597519e-04
3.983069023487859875e-04
3.949127827732810654e-04
3.998557954367517979e-04
3.921726034755166680e-04
3.905855184494049772e-04
3.933707661483280848e-04
3.929718529420753561e-04
4.002938860048881335e-04
4.003552415329274727e-04
3.940044640502618576e-04
3.966347015980600148e-04
4.023781289162820570e-04
3.947167451912019648e-04
3.961981173151127062e-04
3.993941459639078627e-04
3.953887907175978331e-04
3.988121787690512821e-04
3.987416252838851447e-04
3.967981256376740024e-04
4.013571429152472088e-04
3.961231268171764046e-04
3.969819865701319848e-04
4.017685487339321465e-04
3.953300089059272088e-04
3.959967789369603103e-04
3.930263041752840147e-04
3.959340757775780270e-04
3.936891710838817259e-04
3.933979406166626040e-04
4.021633636166899585e-04
3.954783934141831723e-04
3.932820507626021362e-04
3.919109922468998588e-04
3.960022699996111639e-04
3.961630407386402121e-04
4.054385069805633147e-04
3.887305119516362489e-04
3.955916269800728276e-04
3.947139280486473573e-04
3.945675129727108229e-04
4.012588253590594579e-04
3.909073954004883009e-04
3.890794799246774386e-04
3.932381487411913657e-04
3.957940319272750993e-04
3.932868203980694811e-04
3.934207593015512784e-04
3.966240317675114079e-04
3.941354402638036513e-04
3.928491431324632036e-04
3.931494573292904581e-04
4.063364885810151440e-04
3.900746981149996935e-04
3.960642898587279025e-04
3.960153273424954446e-04
3.996659102624729306e-04
4.008739799571115468e-04
3.869205149929042398e-04
3.982603114311504522e-04
3.997047941068429663e-04
3.949866189587670552e-04
3.967282588566090539e-04
4.003338678752966433e-04
3.993762032513028387e-04
3.966894166672737458e-04
3.911147070236586638e-04
3.970018543414708485e-04
3.993444204042178843e-04
3.960269504316528194e-04
3.935084612923986890e-04
4.028719668250756863e-04
3.965522641832768111e-04
3.981648545931237024e-04
3.963977592363920649e-04
3.995721971222646941e-04
3.995910356630653047e-04
3.952721660380774447e-04
3.964974563019663676e-04
3.965903637908466182e-04
3.967964960479332935e-04
3.921211239649034959e-04
3.924873779878112015e-04
3.955346490163957592e-04
3.927463938144805074e-04
3.931234657226162304e-04
3.979564341566637275e-04
3.919553174683699896e-04
3.871970848635507972e-04
3.969477910594029660e-04
3.975204922621841425e-04
3.970670900018522962e-04
3.919658211417465909e-04
3.948273722746104908e-04
3.944414272885135315e-04
3.972549978162306168e-04
3.946219958370132219e-04
3.958237464979858845e-04
3.969587791341224435e-04
3.986374439001484898e-04
4.001706082268369907e-04
4.043140417701027492e-04
3.938048671440289852e-04
3.913469235302490640e-04
3.966633029354881706e-04
3.906531707696662861e-04
4.026862495733825494e-04
3.941858863723173619e-04
3.904100968008990540e-04
3.991220046196743989e-04
3.882344656128498134e-04
3.988642360799039659e-04
4.008291292433367975e-04
4.003464136510325811e-04
3.992309167791374528e-04
3.963586653230643576e-04
3.941142426066877110e-04
3.949379761774550490e-04
3.971088869158806564e-04
3.955193914361362093e-04
4.010777554512731072e-04
3.978172836979633042e-04
3.900750920012627633e-04
3.864422882519457205e-04
3.974423360850739629e-04
4.012659553155121768e-04
4.000492555303433902e-04
3.959635912939270599e-04
3.939277211677150886e-04
3.966946507520805387e-04
4.000302500055208463e-04
3.976970526564384246e-04
3.936552203537409212e-04
3.964336163928341441e-04
3.956359069666459129e-04
3.946003933201989978e-04
3.956149725049515386e-04
3.944550316418505339e-04
3.966909787554063647e-04
3.942802215591988298e-04
3.962687249252730437e-04
3.975206299425078815e-04
3.982067397979514303e-04
3.957690109227687369e-04
3.934816401854069061e-04
4.040597930562040557e-04
3.963007812849138095e-04
3.986450558736735154e-04
3.977805884544261135e-04
3.995651048791593399e-04
3.955744495126720843e-04
3.929376441549814664e-04
3.951051737934662507e-04
4.004297610985830267e-04
3.927905847150900518e-04
3.949066188578321569e-04
3.953174831987334766e-04
3.952014885683391866e-04
3.989175773011357042e-04
3.909942059271649456e-04
3.893299885416970124e-04
3.940580836400116652e-04
3.952160164986191402e-04
4.009025077727424911e-04
3.990262017216446755e-04
3.952379170232146310e-04
3.990136304497669188e-04
3.901209618544395599e-04
4.001379375338802360e-04
4.026431249743618601e-04
3.936396719201962842e-04
3.945274815549132267e-04
3.985081629359059786e-04
3.950574516544730808e-04
4.040129167175187156e-04
4.002494652090581072e-04
3.948227349264456774e-04
3.947048504468946093e-04
3.917958416914917442e-04
3.941789466825247634e-04
3.913173679911931485e-04
3.977338936563519847e-04
3.941660372565986242e-04
3.995808282151920316e-04
3.976492093158553662e-04
4.003993443362884454e-04
3.976672337881384653e-04
3.986455615634750178e-04
3.925322561530924050e-04
3.989369614058779941e-04
3.967394949350819158e-04
4.033894618413239562e-04
3.961959418654596591e-04
3.939692424349590795e-04
3.981410567016594490e-04
3.973682810540110047e-04
4.010657353982762744e-04
3.999845199728552301e-04
3.978024565617190923e-04
3.914833821776841720e-04
4.001490625487287090e-04
3.975590482449890785e-04
3.963563649482261509e-04
3.969453357547366237e-04
3.992584796990674063e-04
3.980105683083904385e-04
3.935540612463555958e-04
3.976184307181532284e-04
3.945943792398215770e-04
4.004426826250398128e-04
3.962986237545348999e-04
3.930301066729350755e-04
3.964534486980752300e-04
3.908263704219923297e-04
3.974515945493385270e-04
4.035936101336421735e-04
3.974900270284362019e-04
3.950312779035416565e-04
3.984697280394456070e-04
3.981876262288626986e-04
3.956815610993640693e-04
3.900174731025579330e-04
3.976524275595294143e-04
4.048830351624878093e-04
3.924495875967326736e-04
3.908186177646290815e-04
4.032719576446289287e-04
3.951426665908723090e-04
4.036518157710931886e-04
3.942738234398382858e-04
3.980607622453153629e-04
4.008112252318962255e-04
3.901745779887282983e-04
3.972224189539580864e-04
3.939445126669916170e-04
3.958241156413502522e-04
4.014366750717544342e-04
3.945150937673552760e-04
3.975330539701861119e-04
3.939816124658582024e-04
3.983661075773961427e-04
3.875726905695219037e-04
3.972958213042821624e-04
3.974774240184426204e-04
3.891481338199922731e-04
3.974341613137269739e-04
3.993964319790756072e-04
3.993615842645414113e-04
3.949707828125031007e-04
3.961287031130277469e-04
4.002621153347063281e-04
3.986786850026666977e-04
3.975473171431780865e-04
3.946967004700285961e-04
3.973269791084880630e-04
3.994591668599795130e-04
3.998602119631293234e-04
3.963878991816756217e-04
3.954215286112964666e-04
3.952619391485559020e-04
3.964275733869605019e-04
3.938898863403390914e-04
3.946182668403211153e-04
3.941971599032343104e-04
3.989004998870500406e-04
4.068496140201734450e-04
3.999673525284035917e-04
4.020518259496646228e-04
3.960765839336171518e-04
4.045064177388844515e-04
3.939999806975719989e-04
3.904004376127636830e-04
4.007823531340643885e-04
3.940931541714381850e-04
3.992956416119528354e-04
3.914139819168831040e-04
3.952905411035191065e-04
4.003233095888701740e-04
3.997796266758659942e-04
3.914222407023965934e-04
3.945142447161107085e-04
3.956276950689630641e-04
3.881004994429193685e-04
3.930435931908005543e-04
4.009004892300653002e-04
3.978459243033188571e-04
3.945788134011226364e-04
3.986048698097213131e-04
3.926455541924644401e-04
3.986425733388600538e-04
3.943319736942304849e-04
3.995802305244165785e-04
3.954019504786163630e-04
3.960757026023617260e-04
3.937842820550933073e-04
3.961567282498313627e-04
4.025903719377558554e-04
3.942424299452100198e-04
3.918354585429330533e-04
3.929676424649909097e-04
3.917241448139912349e-04
3.916211932786225276e-04
3.970434448810457664e-04
3.990710780450123217e-04
3.967332114089856658e-04
3.961591718304749649e-04
