4.123027673939914983e+00
4.166007769514942005e+00
4.250043807854480882e+00
4.017627081832136682e+00
4.131027509699026545e+00
3.970310174501403111e+00
4.041572167593801446e+00
4.113088483857170630e+00
4.200126725368773961e+00
4.278275346055234962e+00
4.067699587864058941e+00
4.111938314457003862e+00
4.080565134066883815e+00
4.021537897144561668e+00
4.288933275920451038e+00
4.163029824764354458e+00
3.925038307476464539e+00
4.092381181407472646e+00
3.998166626233057297e+00
4.088783120114048764e+00
3.955250235316071894e+00
4.048303326779172373e+00
4.114727561720378901e+00
4.019296332474904254e+00
4.121811183435850623e+00
4.261531641753619759e+00
4.002819586015425202e+00
4.172313406307521788e+00
3.954161481529268052e+00
4.242734579963297392e+00
3.996153642675546624e+00
3.857287235337850451e+00
4.238732654413550627e+00
3.931334416099225404e+00
4.163621938288723179e+00
3.957324528254461349e+00
4.081642273251587127e+00
3.879273358245415082e+00
4.097529852169296660e+00
4.038364642913689018e+00
4.227715126746750762e+00
4.029678273103291630e+00
4.109848699127933713e+00
4.062387798004740702e+00
3.952227559675759672e+00
4.184521722879816608e+00
4.058530477851934215e+00
4.039153341204475112e+00
4.128223292646884701e+00
4.056245102289428139e+00
4.036081366421048422e+00
4.246326778295649085e+00
3.815014292309288457e+00
4.098274470870131303e+00
4.107861446086850776e+00
4.037738235054900926e+00
4.108955678296940306e+00
4.081879601161365834e+00
4.210355406494887376e+00
4.162864043601021358e+00
4.148878466272208243e+00
4.363787587330500095e+00
4.038001441563492833e+00
4.054332380077917186e+00
4.016434080355423930e+00
3.986864886006067366e+00
4.126805818343417975e+00
4.123358967272864106e+00
4.032329777424922490e+00
4.158083308002357370e+00
3.997905469560849578e+00
4.185714141651478037e+00
4.212528470500513933e+00
4.174810679154566273e+00
4.130396122630436651e+00
4.106408737945675291e+00
3.926394003157442913e+00
4.267462539318768400e+00
4.238135176316415453e+00
4.185595534481951319e+00
4.207517656322144362e+00
4.187842418388970422e+00
4.062474201296839560e+00
4.021756383292800052e+00
4.262175637709281872e+00
4.023294251088490370e+00
4.296059669545727822e+00
4.134640263349917078e+00
4.139265657459209713e+00
4.114524019487408424e+00
4.144740175744237476e+00
3.991752116884291990e+00
4.092569151105007741e+00
4.121307728405433579e+00
4.009624106679570588e+00
4.010773316045905368e+00
4.085574749870765743e+00
4.037671899827162569e+00
4.129429059493612719e+00
4.162713274935907926e+00
4.118553677820695036e+00
3.961300041791320670e+00
4.137717327861552441e+00
3.992969554677045618e+00
4.033546558777596047e+00
4.115613019734680300e+00
4.424825523988999088e+00
4.131703741384733064e+00
4.016951368998963545e+00
4.180011599180772919e+00
4.123385498764937651e+00
4.075004019699288271e+00
4.097393984064454209e+00
3.998761440965822977e+00
4.186948750396566332e+00
4.013820582155433137e+00
4.105730530041486581e+00
4.028595752006020270e+00
3.942780765970478996e+00
4.132813517475701914e+00
3.961494752832202870e+00
4.086958982926259587e+00
4.108211318065849937e+00
4.023089142940913021e+00
4.028212621245557123e+00
4.099781560758533949e+00
4.169306755253020746e+00
4.122237745073279669e+00
3.992892769402079711e+00
4.280531021305276518e+00
4.001995163529558752e+00
4.116868136650939647e+00
3.981913285730073415e+00
4.174767530006898930e+00
4.251511462399661490e+00
3.970057541802777923e+00
4.013021716800690974e+00
4.086982141607220953e+00
4.107226553513508627e+00
4.190333980773970346e+00
3.984122540315569339e+00
4.023184303482904234e+00
3.995395123602384135e+00
4.317988375315360727e+00
4.029820281358346357e+00
4.117675231224127153e+00
4.152361098836202302e+00
4.153924676354679768e+00
3.974317175861454832e+00
4.006562541570628078e+00
4.046256158067113695e+00
4.007153167026751284e+00
3.957829180230262534e+00
4.009539558213867316e+00
4.165777124199636638e+00
4.125197795689619973e+00
4.196435906707598917e+00
4.152020707776493680e+00
3.927201486277899445e+00
4.146142819593416462e+00
4.086429785605758092e+00
4.108021767357308285e+00
4.077278005215813295e+00
4.144042681349803914e+00
4.077274298076968506e+00
4.176341364062132300e+00
4.028599000817212783e+00
4.209272798937338855e+00
4.174650717726881233e+00
4.076984902136164379e+00
4.019076987413182422e+00
4.094749517479139733e+00
4.010208711023387274e+00
4.023957503660257728e+00
4.215645575116663935e+00
3.968870093656254650e+00
4.032032979625791214e+00
4.167733494131782734e+00
4.003472105227504407e+00
4.162402119539005518e+00
4.238117975338285603e+00
4.236035505955324076e+00
4.078239042574251627e+00
3.919373411432490073e+00
4.140758627764535404e+00
4.259964533861785974e+00
4.136116892245665255e+00
4.044821593769379220e+00
4.142308704432327460e+00
4.035921563441964288e+00
4.118443064939558695e+00
4.159466730371481624e+00
4.119468071423797895e+00
4.171769700841415407e+00
4.079006740503913875e+00
4.102768088782154265e+00
4.153304556238484935e+00
3.902198945463145829e+00
4.027733755498250190e+00
4.106902884132565212e+00
4.140511336367643125e+00
4.183882019731130164e+00
4.047484662609971195e+00
4.248848309147482460e+00
4.001167471596537517e+00
4.014568867682369202e+00
4.065594413036137666e+00
4.037017956374816308e+00
4.135375858335416765e+00
4.090308794332093711e+00
3.998456473388583898e+00
4.170808704736871597e+00
4.176387768982781523e+00
3.971079215340064916e+00
4.079210441760190875e+00
3.926703822913707675e+00
4.082090232041370115e+00
4.107250624762913027e+00
4.177235695717026687e+00
4.072162152802330404e+00
4.048844963590276791e+00
4.230441759474675045e+00
4.098271355955290574e+00
3.913808796951729896e+00
4.135566259734159367e+00
4.012580295738280789e+00
4.171967695835379963e+00
4.084230635392408715e+00
4.054576545081510552e+00
4.118447743451683074e+00
4.119841916157530370e+00
4.128669325983919336e+00
4.101761880179202180e+00
4.130927545427939052e+00
4.176881620501832870e+00
4.174157154193053110e+00
4.065163833687705619e+00
4.017784826294113820e+00
4.310096155373525306e+00
4.166081832387409811e+00
3.943777213872605714e+00
4.159210778531543973e+00
4.081008481092685436e+00
4.049541920096128678e+00
4.068322434583194536e+00
4.209353074755775026e+00
3.846527171736657369e+00
4.042477348481369859e+00
4.106831462131858679e+00
3.977213936733122956e+00
4.269861374571267909e+00
4.080432091499515579e+00
4.098026146527345759e+00
4.044461359126725775e+00
4.110450204002645158e+00
4.171312108877680558e+00
4.110859084009288011e+00
3.982467949116839101e+00
4.174567809126084938e+00
4.004965102863945248e+00
4.010356125195003507e+00
4.072326213563191466e+00
3.942445982853763464e+00
4.013002576530785070e+00
4.214931802517336124e+00
4.011317773485114202e+00
4.224123389418585894e+00
4.131912639731289971e+00
3.936132765596715988e+00
4.038169330009514724e+00
4.057714203643198125e+00
4.009078944374762088e+00
4.038956138446122779e+00
4.094530145707864222e+00
4.066392404438586183e+00
4.027377914016001981e+00
3.979764872264507591e+00
4.017777009249710041e+00
4.293222722388690293e+00
4.221668085119029357e+00
4.154987827888074747e+00
4.067866233921069608e+00
4.043001350180888132e+00
3.990775925381686573e+00
3.954974652954158731e+00
4.161700824453978598e+00
4.175681500573627858e+00
4.053683237220526259e+00
3.980210271928584564e+00
3.873662917847703113e+00
4.051826040433653020e+00
4.056584679722416098e+00
4.310706054692634126e+00
4.057740141960759495e+00
4.353826981946126828e+00
4.072635582901837914e+00
4.169873426615143153e+00
4.049286007870746218e+00
3.895393686753779949e+00
4.000895330776098824e+00
4.061037477783145277e+00
4.100582379234537278e+00
4.083349163135622462e+00
4.100827000535187672e+00
4.042115787958445061e+00
4.248578586373903399e+00
4.233697014690031679e+00
4.290903639783673285e+00
4.073537403426567671e+00
4.072533638282184398e+00
4.236990549097451542e+00
4.171595704456288800e+00
4.029216093998798875e+00
4.136326856520378570e+00
4.236190714935895940e+00
4.344673380725861733e+00
3.971571584589070447e+00
4.171936333944113784e+00
4.119978740044945908e+00
4.249597190281226844e+00
3.902551364473835882e+00
3.907171779059232186e+00
4.089431345549839669e+00
3.987034079024248889e+00
4.170391678547431979e+00
4.018974856636329029e+00
3.916641698072912181e+00
4.061862205568174566e+00
3.974346868131660049e+00
4.129598295827901389e+00
3.912353109441515375e+00
4.049363664745680325e+00
3.964949251702220234e+00
4.167989185746736602e+00
4.063653171073957182e+00
3.989660604249916531e+00
3.982542711833917171e+00
4.132889145371138717e+00
3.950748744670449231e+00
4.154168061102867071e+00
3.995409339109522229e+00
4.157610897971656172e+00
4.062576741440087957e+00
4.216431841670269520e+00
4.102383134447503465e+00
4.146315785373385410e+00
3.877827684661045993e+00
4.020711768892570426e+00
4.366774110562808175e+00
4.040018469310576954e+00
4.212183473724659954e+00
4.061684648218342630e+00
4.143673723840913148e+00
4.163175154937401423e+00
4.014247812590319597e+00
4.011459725503033980e+00
4.233642074662293808e+00
4.015002338679988902e+00
4.079581108120998501e+00
3.971487304162125476e+00
4.050215976482363978e+00
4.026207951748593139e+00
4.026028415650086956e+00
3.909766264360923671e+00
4.178825665762865071e+00
4.130451848521978775e+00
4.072383107940977354e+00
4.264869950803392484e+00
4.088785159868640662e+00
4.055012889369217888e+00
4.182410721571295120e+00
4.038269474628927824e+00
4.207202734381310094e+00
4.280397545997054465e+00
4.125645543639421042e+00
3.993853084647204454e+00
4.137707838545334305e+00
3.924360917078873356e+00
4.148717050863614197e+00
4.116588617391173877e+00
4.086229997759475374e+00
3.946099854559169895e+00
4.163880334464596267e+00
4.165019368669581112e+00
4.350633581605229061e+00
4.123778322681013186e+00
3.898764829874979299e+00
4.218487785719228889e+00
4.173741911970238583e+00
4.075910278045687285e+00
4.186286005854777059e+00
4.113438617649587847e+00
4.302896991707943819e+00
4.032719838691084746e+00
3.984760423812607755e+00
4.118931154536793926e+00
4.027946611170021285e+00
4.175604204863605062e+00
3.964133664013505420e+00
4.037658728404884378e+00
4.043044860729441581e+00
4.105983677554783107e+00
4.096001491116961546e+00
4.108757319351306059e+00
3.932100847922898712e+00
4.007051763159307889e+00
4.293712598517602785e+00
4.019556670484742078e+00
4.058750734422629236e+00
4.358324190739695680e+00
4.025146049196060893e+00
4.033666747008099129e+00
4.238204180839840518e+00
4.166656038140922114e+00
4.212227575739736274e+00
4.082180761081317222e+00
4.017652910300088642e+00
4.165598135284479753e+00
4.411818678104450164e+00
4.168024366856408314e+00
4.080866358945311134e+00
4.029509899536209083e+00
4.098534791763210450e+00
4.062700506034839343e+00
4.143933374051240293e+00
3.972221448527715637e+00
3.942182674368693629e+00
4.137834458296556939e+00
4.020911116067362734e+00
4.080318050867131063e+00
4.012118247766880863e+00
4.066662310525661184e+00
4.090135779347277456e+00
4.271364423242807185e+00
4.166889320066415436e+00
3.962840691114422054e+00
3.902327627875084026e+00
4.144167766620912907e+00
3.991078698474233466e+00
4.094520555618986535e+00
3.930740428891405625e+00
4.053874183729744729e+00
3.988461990362754062e+00
3.994114855200655345e+00
4.060863653609835922e+00
4.081552904954402372e+00
4.272567321813991903e+00
3.995635905564249857e+00
3.988165942089144433e+00
4.074217113742308882e+00
4.150293294508758279e+00
4.069373143665401038e+00
4.054630629562925748e+00
4.071712643149737687e+00
4.020711849888825462e+00
4.002608281761042441e+00
4.042812532716596685e+00
4.073907586003748804e+00
4.136376114297715567e+00
3.942356948287113028e+00
3.994113953264067263e+00
4.036582375625348718e+00
4.069761069535594800e+00
4.214600672035858864e+00
4.192331864889034421e+00
4.047759518593857742e+00
4.032441104164754542e+00
3.998694864892933243e+00
4.289100320379672482e+00
4.180875690137703771e+00
3.952695632943439286e+00
4.141609688437942083e+00
4.041692903860059083e+00
4.044840313897208439e+00
3.972257596235376997e+00
3.986255997297103448e+00
3.982492621197673888e+00
4.041292280418429250e+00
4.105020947870638537e+00
3.975558974497120701e+00
4.349242258878575740e+00
4.115878644766851835e+00
4.195909157919959220e+00
4.306694888312680547e+00
4.170764898135164600e+00
4.198924071234961808e+00
4.116923517773067864e+00
4.245799764097013096e+00
4.020282118579281416e+00
4.008628308787229422e+00
4.180410461514436626e+00
4.142674055033880087e+00
4.031408531234219161e+00
3.984366671852934250e+00
4.086800527038770170e+00
4.178816765270410905e+00
4.072400106635664763e+00
4.188198063435732088e+00
4.256454045645388540e+00
4.226954976185142598e+00
4.166468300887132159e+00
4.073963481867135528e+00
4.200531283696562035e+00
3.866201477727854385e+00
4.138143505094375563e+00
4.306844357441696580e+00
4.125349015714148138e+00
4.133543165804883124e+00
4.190369578992788391e+00
3.908786299975823386e+00
4.034515764863803255e+00
4.145544382506939129e+00
4.292812579174384524e+00
4.162648758870823862e+00
4.091528220277941053e+00
4.099913986896228657e+00
4.099370112663836885e+00
4.006573384218213185e+00
4.168927924450998468e+00
4.128950522344031704e+00
4.074425755235046687e+00
3.965075853034234488e+00
4.242346991042484916e+00
3.998889917398959604e+00
4.248165706711592549e+00
4.234748404899395524e+00
4.117802169903217901e+00
3.817142200295300825e+00
4.175828718494276615e+00
4.102378203179929628e+00
4.072115487635501907e+00
4.130721827393044165e+00
3.937646146865910968e+00
4.226992429744981017e+00
4.204131843714682404e+00
4.054052114349581792e+00
4.211440112019125159e+00
4.157312531676370604e+00
4.062128638802452230e+00
4.221253771305800484e+00
4.078716804255678952e+00
4.023487994939354273e+00
4.006905712234496875e+00
4.087942537979182944e+00
4.095127266383300935e+00
3.927671426032453450e+00
4.150331089133440621e+00
4.211740604030916657e+00
4.000151811531786450e+00
4.024595079961701849e+00
3.975271268362905897e+00
4.018193244057217228e+00
4.130255610140627809e+00
3.986172288019491639e+00
4.307879019342798266e+00
4.057446520520025857e+00
3.855627773539596959e+00
4.132183353138183080e+00
4.125162600470232199e+00
4.000908568756575967e+00
4.139180649128022971e+00
3.936977480618863101e+00
4.061334812709834097e+00
4.074151862182834982e+00
4.137353073479482113e+00
4.133149863647441080e+00
4.100565725126589456e+00
4.088394565292043481e+00
4.013501595761854723e+00
3.922682891125119919e+00
3.906301278138130328e+00
4.214287259965121102e+00
4.142080005190957870e+00
4.033948498344025246e+00
3.980415599834827844e+00
4.100819150756918496e+00
4.171108427073745517e+00
4.051545347905512351e+00
4.215652985801342290e+00
4.188786375618587243e+00
4.092883222437510682e+00
4.097151051088874674e+00
4.220333102909333611e+00
4.329431159263872786e+00
4.072692203793175203e+00
4.061348786680081702e+00
3.930523479987689583e+00
4.018258609669013381e+00
4.004437527950442721e+00
4.172282728410989350e+00
4.037420261029996738e+00
4.035199884587532537e+00
4.014903178306556519e+00
4.245077624635650970e+00
4.139261122053934372e+00
4.010351538186809783e+00
4.062088587321063926e+00
4.068799885965735719e+00
4.180736984091278252e+00
4.165387474308312576e+00
4.123743539401474756e+00
3.915110626056034437e+00
4.082335214986904326e+00
4.053210914862887648e+00
3.976434843908221328e+00
4.120762394049469535e+00
4.156637260322650462e+00
4.208149167442363670e+00
4.123766363163555937e+00
4.132256477558374996e+00
3.972995198760513436e+00
4.120209148206982697e+00
4.039765732532325515e+00
4.111784934297423533e+00
4.048045920809342668e+00
4.269460065925809289e+00
4.099126853255707026e+00
4.048900092380092630e+00
4.062762247420963924e+00
4.119214902671911815e+00
4.090125677828563511e+00
4.118357063005142038e+00
4.213245508436594733e+00
3.977453367060385325e+00
4.114151437935879230e+00
4.174204334906657543e+00
4.137545320980664521e+00
4.326551038689789408e+00
4.248120946697927280e+00
4.082301232837785676e+00
4.242753544963771439e+00
3.973319998065224734e+00
4.258118441130292808e+00
4.073113187308861960e+00
3.891698762160082481e+00
4.097331451550389581e+00
4.129670524909548668e+00
4.142151824536968618e+00
4.160559845364813825e+00
4.009526857843249026e+00
4.159169585149125936e+00
4.215076556086163606e+00
4.158699559181505023e+00
4.187019621298542660e+00
4.201499264469387818e+00
4.112415813325117853e+00
4.023165481741221683e+00
4.032123731550854018e+00
4.177702040816743789e+00
4.041018533408328395e+00
4.178227438805327765e+00
4.262507817559751722e+00
4.066500946624553414e+00
4.135433421798602183e+00
4.131950389663789025e+00
4.219457822975473782e+00
4.153750281444812842e+00
4.130867402512111042e+00
4.089787344860631002e+00
4.106023539439225267e+00
4.091905304479808159e+00
4.035502717760954816e+00
4.149686910168796317e+00
4.035231653735299240e+00
4.023648274428976990e+00
4.001036950499658573e+00
4.112111890434468009e+00
3.972964862058045554e+00
4.022172538842434086e+00
4.026346325779371682e+00
4.151522233760058356e+00
4.081524954996139876e+00
4.091718421515578186e+00
4.074305824155683986e+00
4.166018331848611922e+00
4.266528700178612965e+00
4.075681456555097171e+00
4.167602336259969675e+00
4.066071479803097688e+00
4.041610138602384161e+00
4.019849177840412402e+00
4.119158015138290274e+00
4.030698819152034318e+00
4.080913348298636834e+00
4.108848669571531609e+00
4.384240780215100663e+00
4.118121389602826810e+00
4.242063822401845208e+00
3.942338964275644564e+00
4.221186367660261674e+00
4.103474605832262867e+00
3.987950741061277782e+00
4.028155770140713798e+00
3.979510179884554244e+00
4.045619452018099693e+00
4.144988103943253677e+00
4.117339272522869464e+00
3.988949102870508856e+00
3.926936489865676894e+00
4.121678132969075037e+00
3.910095313023080443e+00
4.239264603553346333e+00
4.229858428118687286e+00
3.931154934708887883e+00
4.183538044164293979e+00
3.994493403642358942e+00
4.018725156077493033e+00
4.106241124710068746e+00
4.098235927098043518e+00
3.991418731291764388e+00
3.998526531894199376e+00
4.048105624213776288e+00
3.976917659580701869e+00
4.068766469341073666e+00
4.046377107736469192e+00
4.147218251351116436e+00
4.224263826048491488e+00
4.084904024200629813e+00
4.316022706185400182e+00
4.070653059449646172e+00
4.041636363528073872e+00
4.285113827960261190e+00
4.221329425268550040e+00
4.082354650414769637e+00
4.053917681388336192e+00
3.965528965471839307e+00
4.028664958344170266e+00
4.134210185661819636e+00
4.126239915617479603e+00
4.027702513423245811e+00
4.120991577413070317e+00
4.085638255278764674e+00
3.994977586796112590e+00
4.069451016632550377e+00
3.982519954203230572e+00
4.054724943891175215e+00
4.080714730591350481e+00
4.165648731178798414e+00
4.115493148746097063e+00
4.025004318744076492e+00
4.072395516694402140e+00
3.984126109777816893e+00
3.973899878051666779e+00
4.123691135016734677e+00
4.207391548615351695e+00
4.217573378040336607e+00
4.148193166263284049e+00
4.140059516457429645e+00
3.990546115551229178e+00
4.087054651143129824e+00
3.974606482916438477e+00
4.033789910440863657e+00
4.061214225453454674e+00
4.153305176152768396e+00
4.057822059036553242e+00
4.003198118084831059e+00
4.192516077852740608e+00
3.980129400190682620e+00
4.202301988152764345e+00
4.113686660867323042e+00
4.039163072089102968e+00
4.111018389654602423e+00
4.195268389184776403e+00
4.103758026320422303e+00
4.113646331572158310e+00
3.967244883587899729e+00
4.134018800351639378e+00
3.989139393815608337e+00
4.030384797029646471e+00
4.148466777191437416e+00
3.990887042959638364e+00
4.104697442319619860e+00
3.938870972025723560e+00
3.940495936355953077e+00
3.894812663672040376e+00
4.177123516841756867e+00
4.121629705368152763e+00
3.990351223352524457e+00
4.188604225495037525e+00
4.081191724302515311e+00
4.152943065313257520e+00
4.191645516286852668e+00
4.086951690010176108e+00
4.202295897987375461e+00
3.950120745586406024e+00
4.206758479562221709e+00
3.931302937777485962e+00
4.057959518577859193e+00
4.014468364969062009e+00
4.042253735879751453e+00
4.101381271831123776e+00
4.217017924432702181e+00
4.298682795912982968e+00
3.991626844802366403e+00
4.182289678028456414e+00
4.077519930520510982e+00
4.181203547230667894e+00
3.983271244697565550e+00
4.187871293135847495e+00
3.965001284761910938e+00
4.115734814318486201e+00
4.192463471696625810e+00
4.080759854383852137e+00
3.975936174851116611e+00
4.135688640141381711e+00
4.075705131199056197e+00
4.152800920144031238e+00
3.978238715097060396e+00
4.087973488782182585e+00
4.164932354361079447e+00
4.117438938289869732e+00
4.137331665349988974e+00
4.202378530002532031e+00
4.012487947516809150e+00
4.170457828023672597e+00
4.129009969321555396e+00
4.223030170059446142e+00
4.207785055283907560e+00
4.172014703666125257e+00
3.952159363773668055e+00
4.032087266692243155e+00
4.143416724285731156e+00
3.998150769345783395e+00
4.050593766437450505e+00
3.902478912562956204e+00
4.293505809834659459e+00
4.055757308170823805e+00
4.196457235001345154e+00
4.080558165895773470e+00
4.062348821952636690e+00
4.053225783418763939e+00
4.227472700976447229e+00
4.214465617696175670e+00
4.030722215149592280e+00
4.197926721437283071e+00
4.078831993286899049e+00
3.968090140433587987e+00
4.099910312361957132e+00
3.958463043965695149e+00
4.366831851906981754e+00
4.060344042731244052e+00
3.976827862640939237e+00
4.147299782414495262e+00
4.144383336781499949e+00
4.117725681141791938e+00
4.064291917106168661e+00
4.070011786935983977e+00
4.092700499724379881e+00
3.929470690160168811e+00
4.096396630320024101e+00
4.088892888205044152e+00
3.992070522744570304e+00
4.062032988988055315e+00
4.224863752946449225e+00
4.155085006104320300e+00
4.165133205609341083e+00
4.096561549151967796e+00
4.039286689681514275e+00
4.257197482054339233e+00
3.929175730193279481e+00
3.957719339058743291e+00
4.199640846979234787e+00
4.133029693229635093e+00
3.938024415821205437e+00
4.315889204945265512e+00
4.182722182925258991e+00
4.142214400398676055e+00
4.046794732584218401e+00
4.178411606732040262e+00
4.140028519941036933e+00
4.031017219204289681e+00
3.978471620680044119e+00
4.109220365791005136e+00
4.156854885248373321e+00
3.994448875543429534e+00
4.012221476340034343e+00
4.063085527578056855e+00
4.134301185922866217e+00
3.952989549110557999e+00
4.154889256502397821e+00
4.128163847781340934e+00
4.309937579477881364e+00
3.963182567349170071e+00
4.169944325452955347e+00
4.110156163749921099e+00
4.204493493277253080e+00
4.010089437721047645e+00
3.983494928704748084e+00
4.082401154895133999e+00
4.030276723467299149e+00
4.059908554639393152e+00
3.982813576310491488e+00
4.249162436409279486e+00
4.050258830734444260e+00
4.133780415066493852e+00
4.114280944616945490e+00
4.080916795167093269e+00
4.041156730651258577e+00
4.126242325888499707e+00
3.960404055042170413e+00
4.247341700534478015e+00
4.090166080057537457e+00
4.095458889737651376e+00
4.087837568681270461e+00
4.023870291636403529e+00
3.891125598466784297e+00
3.986421492552256751e+00
4.003262761879973652e+00
4.013324870524583865e+00
3.888757893190708526e+00
3.972812318351874872e+00
3.996133700381977683e+00
4.257624942447210792e+00
4.034128244401348873e+00
3.951707366559066958e+00
4.192898815860909068e+00
4.200408065076261188e+00
4.320357524032441887e+00
3.889974419354920165e+00
3.926119884753179523e+00
4.110198651606045139e+00
4.264383361424455288e+00
4.144428839224072902e+00
4.161311332651011163e+00
3.948557211676616330e+00
4.008082374188151498e+00
4.017530420352419362e+00
4.095374496364731165e+00
4.134519603026915568e+00
4.116505844658327362e+00
4.125954731410515386e+00
4.231359960676608800e+00
4.020216121224521544e+00
3.984089939111737699e+00
4.152114295853439607e+00
4.030780511762462659e+00
4.171343540559895757e+00
4.080886582897798931e+00
4.262095868146749567e+00
4.199118392768311558e+00
3.972383874012403115e+00
4.044061370923194509e+00
4.182246125350899568e+00
4.031694473795703004e+00
4.136302804089665663e+00
4.016900869741587776e+00
4.059876561409869744e+00
4.223191911813549915e+00
4.007047393366640620e+00
4.241936961034347142e+00
4.018185467089534058e+00
3.943933028151594744e+00
3.949659088878592517e+00
4.149941017694313672e+00
3.970906561806976764e+00
3.954199568403680143e+00
3.943854439833323067e+00
4.034348619062669172e+00
4.067121183205468782e+00
4.080845166663061185e+00
3.982821985756959560e+00
3.954836344177646623e+00
3.983327199716777844e+00
4.216157945318108169e+00
4.012514008156161438e+00
3.999154673616677425e+00
4.207772731603792060e+00
4.205256536348111140e+00
4.121176895970386056e+00
4.011022552014012810e+00
3.956329903416511140e+00
4.053768127516086395e+00
3.964859233002293148e+00
4.059117691384818372e+00
4.089353231889626628e+00
3.904439837354492404e+00
4.037361646335301479e+00
4.114317300289132007e+00
3.992981755451743275e+00
4.069892697876555054e+00
4.104063229701799820e+00
4.011772619878983370e+00
4.080648169561437832e+00
4.122081742597568876e+00
4.097988365900266494e+00
3.994395681435979562e+00
4.126025996917929817e+00
4.012150728362763985e+00
4.012508401619418130e+00
4.203400518684928144e+00
4.198096633815465495e+00
4.039263332727505151e+00
4.273034143622262526e+00
4.001712969718407287e+00
4.154777804405450858e+00
4.033591441903371155e+00
4.135951494566415754e+00
3.971433063347805881e+00
4.082808895990214459e+00
4.031487343967580905e+00
