1.227285248923378758e+00
1.216879456744794474e+00
1.219576181191516007e+00
1.213613450130426541e+00
1.218700746899349818e+00
1.210099153669300431e+00
1.218879894309973455e+00
1.229729675899906560e+00
1.210404540532083573e+00
1.227153733431845417e+00
1.230790888870294530e+00
1.214289296098997939e+00
1.215230633919875514e+00
1.224818939304163967e+00
1.203686006732336722e+00
1.198770685543581349e+00
1.210902594100703222e+00
1.209295452209790289e+00
1.225884519717287846e+00
1.231715206579232502e+00
1.226251623111954236e+00
1.201816242723045214e+00
1.245990135047760461e+00
1.215468430021144020e+00
1.213116500374146867e+00
1.203457275461338627e+00
1.226849404083015127e+00
1.210857011266821548e+00
1.227347783272154880e+00
1.208262705400382497e+00
1.214159893140375202e+00
1.206664899886907172e+00
1.219894822708823989e+00
1.206842415025424886e+00
1.222620680205918742e+00
1.207480938658825886e+00
1.208302258544405428e+00
1.226250796562677436e+00
1.224248123357997597e+00
1.216660461074427158e+00
1.221964953261776676e+00
1.207094087488419065e+00
1.207304219143230384e+00
1.224136391375050259e+00
1.232045005729697440e+00
1.220547110336339447e+00
1.222439899836391231e+00
1.211594693014369728e+00
1.215885226779626960e+00
1.206113893497408274e+00
1.220088128472860189e+00
1.195928757271315757e+00
1.211501386655664314e+00
1.211555500695826293e+00
1.216188710494822134e+00
1.227857553593351359e+00
1.224010918167290463e+00
1.220119744625093539e+00
1.222346328075554212e+00
1.224753979305440943e+00
1.220946135848513858e+00
1.234606762606714092e+00
1.225147611488192956e+00
1.223789906512872339e+00
1.216107367411088047e+00
1.206871424926525549e+00
1.215437200064718892e+00
1.224258667315007543e+00
1.227422116434980115e+00
1.237904384563757842e+00
1.218500503544301727e+00
1.221837576952222504e+00
1.219685548415386123e+00
1.228360504108732210e+00
1.229586523761945438e+00
1.209616013111023625e+00
1.204601339552227257e+00
1.210390475836245816e+00
1.218169031528280266e+00
1.219981361199381942e+00
1.211847701299342273e+00
1.212712956201206227e+00
1.225028752986999425e+00
1.211297801156005383e+00
1.214763207146365875e+00
1.244896022215795650e+00
1.238786202153497884e+00
1.216694939235879236e+00
1.215739004534336365e+00
1.217364540853874910e+00
1.208734626194855499e+00
1.224270188302347018e+00
1.218110207335800999e+00
1.216440203281569765e+00
1.219035704288309763e+00
1.213276699781673740e+00
1.216299282348828781e+00
1.229785515191526235e+00
1.208508235315899126e+00
1.208458432097650359e+00
1.224513994021707797e+00
1.206232554684630198e+00
1.220155686071830559e+00
1.225273358252878086e+00
1.233132680674677850e+00
1.217012822325428623e+00
1.239115019184884092e+00
1.221845370216344318e+00
1.226502352176404909e+00
1.223544776308665094e+00
1.223740581161166352e+00
1.243689083190052891e+00
1.219833322205973847e+00
1.214349656029190427e+00
1.221399968151837934e+00
1.230341778863936364e+00
1.218355928483961570e+00
1.201929783885624881e+00
1.235838342938541112e+00
1.218844865769731722e+00
1.208372010391940199e+00
1.217562917096547626e+00
1.217205850638797715e+00
1.228986418018142457e+00
1.229784842826934455e+00
1.223174143473900077e+00
1.217629504928448458e+00
1.222669321036978562e+00
1.218181025284660324e+00
1.222339662615264722e+00
1.227578904766883472e+00
1.213460334953264663e+00
1.226717820478300025e+00
1.229700719444521306e+00
1.215011567953839133e+00
1.205025930607752205e+00
1.207456235377840414e+00
1.209971557090252725e+00
1.223180167278526742e+00
1.220987475034432723e+00
1.211636472564653344e+00
1.237994108808686544e+00
1.216344902906212777e+00
1.202507283714627340e+00
1.212162722773904688e+00
1.209051106923632046e+00
1.213476488107552820e+00
1.202264718408769806e+00
1.233852232343151556e+00
1.206023035709100855e+00
1.218054540157069487e+00
1.197730421654894961e+00
1.228642851256138036e+00
1.219036894246052771e+00
1.214618715230367352e+00
1.222949830411495187e+00
1.218729035175162068e+00
1.226756279356716828e+00
1.222027028819715477e+00
1.208338091841590689e+00
1.214084287085300362e+00
1.203878490582328764e+00
1.227245859994603672e+00
1.224468965143624688e+00
1.223491348774803145e+00
1.219894701327487452e+00
1.213445355363967471e+00
1.229432251284819921e+00
1.214866301291010364e+00
1.209811321382136651e+00
1.217360526252874164e+00
1.212306946934736285e+00
1.239486900819810611e+00
1.214952138708800700e+00
1.213140061197257369e+00
1.231080805834525949e+00
1.200460138341303162e+00
1.219231567035029995e+00
1.213939886475560614e+00
1.233365900521953051e+00
1.221084149156803855e+00
1.209305276697177689e+00
1.230667367197340933e+00
1.215811601229497496e+00
1.216397878538565180e+00
1.222860888621266406e+00
1.220437976900293320e+00
1.219863220926321157e+00
1.223344471387838972e+00
1.231025488299801518e+00
1.215302448024888626e+00
1.226866865591787148e+00
1.208981334407373875e+00
1.216817896600685289e+00
1.207977333952406251e+00
1.233825829460160728e+00
1.214856396030662200e+00
1.232810914835112071e+00
1.217979820954113945e+00
1.214501497127699725e+00
1.223672702993972239e+00
1.225190644203101309e+00
1.214518153625923524e+00
1.219634996850946562e+00
1.218035285086553010e+00
1.215583657152044417e+00
1.221760927611394987e+00
1.221319037513106887e+00
1.209428322737665651e+00
1.221595999566093660e+00
1.224408866465766854e+00
1.223029715603207723e+00
1.235798796523831511e+00
1.209316685203085662e+00
1.202364000374301245e+00
1.214334684052940094e+00
1.221639519396662044e+00
1.219855924601947361e+00
1.204879570113643439e+00
1.207947799651449827e+00
1.213238946152013220e+00
1.212766523237250649e+00
1.223157179962411467e+00
1.218345684721705569e+00
1.232529951856102146e+00
1.208731860518267753e+00
1.220304132463617686e+00
1.226921697362316710e+00
1.249789084024222063e+00
1.217923631904715087e+00
1.204309664651858958e+00
1.212519987203683813e+00
1.203624136290238233e+00
1.209567677825666765e+00
1.218307837262848636e+00
1.226921347961646980e+00
1.219300119295506857e+00
1.221469314193651234e+00
1.223442425274855250e+00
1.240499934467137022e+00
1.219656556985605933e+00
1.224119189721711631e+00
1.230016126559118073e+00
1.231161542491768124e+00
1.216219041225240494e+00
1.211104755782360876e+00
1.209221122574855256e+00
1.221843051823096271e+00
1.226758008522929044e+00
1.219400824421414065e+00
1.203054843994483702e+00
1.213511389545874231e+00
1.218179746398581731e+00
1.215878763328152923e+00
1.227222966389083680e+00
1.219811692278914173e+00
1.224575142366300051e+00
1.232153317061432496e+00
1.228767926283646617e+00
1.227250994471087209e+00
1.201909170607342370e+00
1.219255880519448221e+00
1.213232517405177457e+00
1.216614742761297219e+00
1.216251685554832429e+00
1.223288357589912057e+00
1.210681837457294519e+00
1.234297121894665672e+00
1.224624924342704313e+00
1.230851318795824323e+00
1.231958099260610062e+00
1.216988983894440324e+00
1.226825763349331133e+00
1.231684990165266669e+00
1.203717696088991707e+00
1.210152100460771818e+00
1.223139219396376598e+00
1.215913025983898832e+00
1.222852776758250881e+00
1.219301345661055969e+00
1.217934563990311636e+00
1.223072855411104998e+00
1.239722850189692860e+00
1.210615225015428287e+00
1.234340722461475748e+00
1.219293596735695040e+00
1.212942992993028657e+00
1.219493546649698779e+00
1.222933636123222589e+00
1.230528220872791012e+00
1.225948987071806329e+00
1.214225929646498114e+00
1.236446203522891363e+00
1.215537111539745529e+00
1.216055262298028516e+00
1.208408296591131803e+00
1.212184339233935093e+00
1.210309061459292845e+00
1.245481670446254574e+00
1.216217907331260228e+00
1.209709331785231878e+00
1.215879160034444961e+00
1.206391122319234288e+00
1.212058217934810278e+00
1.201024452216592930e+00
1.227525320168093126e+00
1.211266074944426840e+00
1.236866933405673885e+00
1.216695282160254132e+00
1.226980805492521531e+00
1.217934216881240594e+00
1.205643772792372115e+00
1.213839307457505567e+00
1.224740030940050461e+00
1.213574559730471458e+00
1.229660712191352978e+00
1.223862731552743277e+00
1.218848019235536873e+00
1.215290468802068924e+00
1.230004064057828916e+00
1.209448259525180536e+00
1.217362252795012978e+00
1.227344377396071495e+00
1.207927637799005360e+00
1.216220218620176485e+00
1.206121037616171066e+00
1.215293183252250886e+00
1.204743831555983746e+00
1.210865434328126655e+00
1.207651709383765093e+00
1.222757890554714955e+00
1.210560625812625357e+00
1.212814402098763900e+00
1.212260042228783696e+00
1.198353222766098014e+00
1.219640557172785966e+00
1.217359130164505920e+00
1.216346228737369417e+00
1.214587045634435425e+00
1.220289762133573985e+00
1.225737022722867220e+00
1.231872247255243913e+00
1.219416152158910860e+00
1.213485537727414521e+00
1.232700813406719442e+00
1.216826944604823879e+00
1.229834946833382681e+00
1.214843629412654114e+00
1.228307142081712433e+00
1.198664582583061522e+00
1.219027684164343039e+00
1.204921457548771668e+00
1.218845625155769996e+00
1.209915310803057364e+00
1.211372620178166937e+00
1.222927577994322057e+00
1.227523340678587926e+00
1.220334384555759266e+00
1.224542239715334935e+00
1.225934525510357753e+00
1.220583588607715875e+00
1.222191264075916273e+00
1.214923754927812460e+00
1.214715479655690267e+00
1.235324766748176151e+00
1.230075107982970595e+00
1.234609168034007665e+00
1.212333725429007858e+00
1.218777241980356862e+00
1.200483893752395836e+00
1.221502712798915979e+00
1.199934448493916506e+00
1.232311481731880320e+00
1.233046162503611765e+00
1.237262427276010435e+00
1.231084752000011218e+00
1.220545575646118097e+00
1.215533670576591563e+00
1.197072370326447199e+00
1.227055068034844654e+00
1.229904956620692102e+00
1.206099602072197241e+00
1.222511157890093569e+00
1.206754355469651374e+00
1.214148588230939518e+00
1.224335640163156214e+00
1.238027986803097891e+00
1.226684880294549140e+00
1.215875119897542156e+00
1.215850941787835371e+00
1.230954219871378319e+00
1.216627412895832538e+00
1.215162162574579874e+00
1.219896196222157725e+00
1.230088899138673142e+00
1.207589016098673085e+00
1.212671620229780034e+00
1.226463836845222088e+00
1.213326102646268501e+00
1.224379576206178877e+00
1.230385329455271348e+00
1.220488248449712154e+00
1.213831509849004009e+00
1.220139127369653131e+00
1.246511000628102162e+00
1.219756450404693826e+00
1.222324555351062436e+00
1.237587572912789202e+00
1.215516026425596863e+00
1.212289163508265988e+00
1.219466385213836324e+00
1.212053035715169980e+00
1.206038461309982823e+00
1.219230979918383806e+00
1.221678848208400225e+00
1.242437725639310875e+00
1.236781939012218778e+00
1.206483847939326948e+00
1.232376488828700989e+00
1.221076517613652879e+00
1.211998004869677237e+00
1.205466232581483554e+00
1.218386592187495010e+00
1.209868387714617022e+00
1.220883760767369930e+00
1.212039289354265970e+00
1.212559048762804181e+00
1.226718077868944157e+00
1.214312231193789060e+00
1.229132168040553363e+00
1.206792010557339978e+00
1.232986359908076812e+00
1.203118623045189794e+00
1.221174020117130832e+00
1.215582889670884903e+00
1.238871810892932190e+00
1.224014067806786343e+00
1.231674216586801096e+00
1.223876885248686985e+00
1.213812567956450428e+00
1.208019211062814069e+00
1.217006054186042796e+00
1.220689446109450182e+00
1.219453656463648894e+00
1.208469639777693283e+00
1.211898839908211567e+00
1.228192307548205298e+00
1.237635251404092251e+00
1.222359305347016978e+00
1.213589482825127686e+00
1.215256790326653347e+00
1.222406416678193386e+00
1.229173646019062760e+00
1.211523623772124303e+00
1.214314968147991003e+00
1.221903349769014602e+00
1.245356571956317770e+00
1.222268583356247440e+00
1.213603051574317471e+00
1.231791953794862948e+00
1.227574440086605101e+00
1.221996621589250376e+00
1.212930275454803475e+00
1.235814530742523232e+00
1.217515560891089921e+00
1.228132444449097305e+00
1.223699737572177204e+00
1.212229578283305464e+00
1.222118608114864502e+00
1.209446959763490037e+00
1.221381871451796108e+00
1.224096773087196777e+00
1.195876430734029272e+00
1.201078248809582805e+00
1.222974278192354713e+00
1.233553151133986558e+00
1.209951949374851399e+00
1.218310679545796305e+00
1.209579651231751818e+00
1.228988975543122919e+00
1.227399805290509738e+00
1.219737562911404671e+00
1.220423330521347660e+00
1.207876556681826141e+00
1.220772275976887311e+00
1.209620234923771465e+00
1.240948515441668398e+00
1.210253138531949935e+00
1.220859811416913576e+00
1.246357407918006643e+00
1.219487687532256670e+00
1.198728324284316082e+00
1.222867731327865304e+00
1.234331542931949910e+00
1.230787845950350956e+00
1.225545694367282223e+00
1.209128932503668707e+00
1.228831923238814516e+00
1.224642410941326531e+00
1.214515450955518050e+00
1.211970975371460035e+00
1.211360273284761035e+00
1.208141926709100256e+00
1.218047523343894767e+00
1.222793323936437027e+00
1.219078748170812521e+00
1.220534990412247778e+00
1.203377181118568950e+00
1.227532803226461633e+00
1.213582264901987173e+00
1.210122198778834868e+00
1.218940467009141937e+00
1.198929998209417480e+00
1.215272452739078801e+00
1.229944572131924874e+00
1.225725158534409331e+00
1.232747365474553547e+00
1.223274979035934074e+00
1.225101928844100074e+00
1.222135913415346664e+00
1.228153618002575165e+00
1.207056647149289841e+00
1.202190153468417400e+00
1.220241520365104249e+00
1.213652313168338992e+00
1.217946581350638491e+00
1.235354615575468440e+00
1.225118599931938945e+00
1.222827148294526767e+00
1.210741229168086130e+00
1.211797974370557140e+00
1.219295299221628381e+00
1.235096999757295810e+00
1.207907384348847923e+00
1.208329491423977275e+00
1.211762708941250377e+00
1.219024990054078383e+00
1.226705311444872715e+00
1.217217906603900390e+00
1.216451050520909627e+00
1.217971118300693822e+00
1.219836718425735489e+00
1.222353368096076087e+00
1.215682245168607345e+00
1.202528851291516876e+00
1.210622424413345444e+00
1.212482869110467876e+00
1.234082582256402105e+00
1.232542434050534874e+00
1.207435010059517921e+00
1.222517889780286193e+00
1.214113971994012164e+00
1.216147349345239714e+00
1.220166822642894555e+00
1.227606957549974398e+00
1.225692965058553074e+00
1.232282091382021383e+00
1.219318617467596955e+00
1.223558574881438599e+00
1.217052627379292318e+00
1.232140444982283922e+00
1.217413033655174059e+00
1.221972580520148899e+00
1.210372490030098502e+00
1.228713167007157159e+00
1.225300025103224888e+00
1.232010523929449430e+00
1.216462364958122544e+00
1.212281666184638063e+00
1.215978265916823009e+00
1.214392555534233642e+00
1.210282850935821664e+00
1.221040566824028950e+00
1.215636784595880648e+00
1.223662482898222770e+00
1.223888517371984452e+00
1.232957351636746468e+00
1.206653188969624813e+00
1.229351424544457227e+00
1.213334596506175700e+00
1.214930489952158243e+00
1.201406539963797426e+00
1.222294310178982713e+00
1.217914092060869757e+00
1.209939530461027868e+00
1.226419897511987100e+00
1.208799938589747880e+00
1.228488803497417736e+00
1.220282007851148709e+00
1.213317196321974434e+00
1.208347081237873377e+00
1.216459340832459324e+00
1.223438113905260805e+00
1.231445331681965794e+00
1.232952477722522255e+00
1.211058470441111812e+00
1.228276704784285744e+00
1.215112822660129321e+00
1.219523182333581257e+00
1.225500457984182612e+00
1.199430168548608622e+00
1.223753846209054030e+00
1.223916219144586259e+00
1.233864137789256299e+00
1.233397284005790961e+00
1.214709903585940109e+00
1.209333299960977604e+00
1.211381475913913208e+00
1.206845607364444461e+00
1.213692203803971470e+00
1.201477970741943624e+00
1.205892845892343468e+00
1.208981695212027141e+00
1.218852132318064552e+00
1.217123372918055502e+00
1.219541697140172687e+00
1.237516141149018090e+00
1.219804805462524566e+00
1.214465549640883157e+00
1.219079896139994013e+00
1.222935070842079419e+00
1.210622863753444634e+00
1.202340889508526356e+00
1.199383269151133913e+00
1.232336744485493796e+00
1.211388868940149077e+00
1.224593636851340817e+00
1.207600960232559695e+00
1.245347047854334033e+00
1.207351516077750597e+00
1.210166220222708144e+00
1.218830879615160123e+00
1.209127904766220896e+00
1.210859687938795393e+00
1.226986653427508456e+00
1.213360517022839646e+00
1.214487008428007941e+00
1.211026344616926487e+00
1.217190162285006982e+00
1.204817692196282763e+00
1.205825231780180307e+00
1.223598151177401894e+00
1.225546991509359529e+00
1.219887879163582323e+00
1.230381793779082855e+00
1.206471297313779223e+00
1.211450496819391542e+00
1.211657240679653746e+00
1.219377867588871123e+00
1.212136563382882892e+00
1.222098005412244559e+00
1.227239635930156725e+00
1.214922953902987546e+00
1.215883794719780475e+00
1.245662055049434391e+00
1.199916953167631917e+00
1.204393188079700749e+00
1.219337276971431683e+00
1.217152180627841362e+00
1.230047294429752469e+00
1.228870227010820271e+00
1.215268126122667880e+00
1.223214624008988727e+00
1.232509159139985933e+00
1.222960232121992785e+00
1.218866915821857022e+00
1.210359514325429098e+00
1.211259947408255710e+00
1.221876788699331362e+00
1.204597070396549174e+00
1.218418411084932762e+00
1.220454528833291974e+00
1.217138631983627484e+00
1.229439951423294319e+00
1.217897992938231644e+00
1.227286597170192062e+00
1.210639337368050406e+00
1.216465311775895008e+00
1.220315476775125196e+00
1.227175760650413894e+00
1.209776943073352040e+00
1.221056882722813208e+00
1.214425768963765861e+00
1.232230761582700840e+00
1.233572620591530944e+00
1.227730772548899285e+00
1.210436907906987880e+00
1.211408667986057175e+00
1.239668397086505225e+00
1.212538270240147043e+00
1.226289365820175004e+00
1.216891847442712837e+00
1.226255815394563964e+00
1.226178716393871548e+00
1.222092316286528924e+00
1.222324338558906875e+00
1.222850496323295344e+00
1.215284119169017574e+00
1.229852753490592754e+00
1.208186426376400169e+00
1.222447317910748454e+00
1.213257811198956482e+00
1.223141067872474563e+00
1.206523241951182435e+00
1.216475175088512328e+00
1.217719099696184637e+00
1.232061623184219412e+00
1.214343107626205009e+00
1.234581827434421353e+00
1.222432888824692920e+00
1.208875613757348866e+00
1.209715338271401652e+00
1.223617156243969717e+00
1.221404702095792771e+00
1.222251625905593997e+00
1.225167180208675877e+00
1.219443514499638059e+00
1.207608348906757056e+00
1.226293240421298281e+00
1.229366434761158144e+00
1.212520809518803144e+00
1.240239826293522807e+00
1.220917965723115728e+00
1.217710673265063104e+00
1.201086560768497735e+00
1.228120315685512942e+00
1.225626843206854666e+00
1.214887321378354645e+00
1.207579323421366757e+00
1.212184814509543518e+00
1.222490992591080294e+00
1.218225933126637406e+00
1.211718947636964749e+00
1.205150921308021594e+00
1.217549659585008381e+00
1.207230340238898636e+00
1.236747381425972403e+00
1.213548625447396390e+00
1.218873169716960581e+00
1.213442501301924326e+00
1.228922453782289592e+00
1.226385018145366601e+00
1.215137047089242417e+00
1.224978694250160371e+00
1.215712812593803926e+00
1.219412838408550526e+00
1.229584358294053770e+00
1.230989876082599910e+00
1.226859515108941645e+00
1.203779671970339971e+00
1.244119410339630694e+00
1.221233700580964587e+00
1.214993463380368510e+00
1.214539465880577263e+00
1.211813129975072512e+00
1.219943736020728808e+00
1.227512231197603887e+00
1.215366707478301000e+00
1.212762679264602461e+00
1.211906417551082527e+00
1.209956127943567772e+00
1.223466521553962405e+00
1.227197044461696196e+00
1.207612166023298794e+00
1.213594527936534329e+00
1.223987433402111691e+00
1.215903438717779395e+00
1.223661844604061466e+00
1.219225597936680394e+00
1.204565881788199899e+00
1.212766303425511616e+00
1.227572822044024958e+00
1.223237729578243504e+00
1.214954335929143925e+00
1.235130387011170061e+00
1.217728325455657012e+00
1.224881725423742740e+00
1.217824505459727646e+00
1.232920375544201308e+00
1.224042152956147156e+00
1.215278318953042502e+00
1.227278676240834754e+00
1.207929741571706073e+00
1.216502118238346863e+00
1.232911206310798979e+00
1.223882773428674797e+00
1.231999648435455841e+00
1.216129420669695094e+00
1.213966275080412549e+00
1.212859649814140406e+00
1.211372474360047358e+00
1.216268305661188487e+00
1.217146627037175355e+00
1.230491948892332266e+00
1.200452281392653475e+00
1.219557533231848900e+00
1.199869426968833697e+00
1.224039414329274544e+00
1.243588657291922805e+00
1.227836348285759938e+00
1.221703989482547215e+00
1.230907612692969666e+00
1.218509244102827349e+00
1.200291069062898952e+00
1.232676318560896878e+00
1.216422534049838466e+00
1.207056380923486660e+00
1.233997990229496633e+00
1.213969938737297527e+00
1.203547525046205102e+00
1.217453946507000007e+00
1.214711559907291960e+00
1.212635419383899515e+00
1.212607957220360522e+00
1.229572192187578183e+00
1.215781989298409638e+00
1.212284186199832581e+00
1.220489093095432853e+00
1.225022337914584147e+00
1.230728821766781778e+00
1.201280577363872171e+00
1.226052354352729079e+00
1.222844373756261316e+00
1.221695844087654637e+00
1.224747352541430301e+00
1.228452764708747091e+00
1.223315541702222786e+00
1.232080271457890230e+00
1.213283228664556290e+00
1.208412804845553357e+00
1.229427177312181652e+00
1.232454054507420294e+00
1.227166098701207186e+00
1.220985840971464897e+00
1.221936614533672749e+00
1.222512274126452914e+00
1.224332573332445051e+00
1.212717102710368922e+00
1.225839732490563216e+00
1.213340163416439799e+00
1.218995370495710384e+00
1.200638875524035143e+00
1.220158731206979263e+00
1.230440385708213125e+00
1.222414725375438938e+00
1.222247013034516661e+00
1.229957144734443286e+00
1.220754282974100491e+00
1.216181465331140243e+00
1.227591376885406760e+00
1.213420986010477653e+00
1.209015953143960376e+00
1.235385071989418826e+00
1.217747198075325166e+00
1.213626916149976642e+00
1.211492398837816342e+00
1.230459245088677322e+00
1.217069049696212213e+00
1.229498086754622133e+00
1.203786882928107760e+00
1.221220255246048270e+00
1.212743726484136086e+00
1.214583472471685965e+00
1.216423966767772091e+00
1.206500212107382897e+00
1.211903770936521019e+00
1.216310763387345562e+00
1.213008418230240082e+00
1.219156094321229844e+00
1.231800109801380660e+00
1.224555963534831537e+00
1.228652378381285937e+00
1.210357290562208643e+00
1.225724902247432579e+00
1.215198415603564230e+00
1.213209799522891652e+00
1.218160263154783429e+00
1.221612263964748868e+00
1.219605828842943218e+00
1.236458897271479618e+00
1.213681935473842843e+00
1.220247773684489445e+00
1.203224912802551172e+00
1.239439462325228947e+00
1.219064261193389509e+00
1.217760241276433231e+00
1.233361299359559737e+00
1.215957527112521142e+00
1.241066431906496126e+00
1.223915827115235277e+00
1.231696841894591943e+00
1.219536584851163452e+00
1.209923397872874062e+00
1.225961928023113323e+00
1.223417395373325611e+00
1.211176583047194999e+00
1.215068374643095916e+00
1.217140731532044606e+00
1.217456589887308871e+00
1.238940908570690169e+00
1.218924587795063852e+00
1.241913588999974838e+00
1.230828267288081479e+00
1.207242539127166170e+00
1.220714860415889502e+00
1.218050297868875420e+00
1.220223492233711404e+00
1.231700933948644883e+00
1.227405238197241566e+00
1.215663463595073823e+00
1.223410816558705871e+00
1.237830259667850763e+00
1.221898094104718835e+00
1.225883077786882769e+00
1.205871945319250571e+00
1.216209992932408168e+00
1.213806361032127246e+00
1.210119293009359609e+00
1.216017392431229638e+00
1.229978282050009808e+00
1.224184968496266457e+00
1.209864013454226228e+00
1.207569757697795065e+00
1.216375407396503849e+00
1.211150832667414523e+00
1.216180418043696365e+00
1.211604980594479297e+00
1.211152513255358221e+00
1.214835076789841928e+00
1.233708797493253906e+00
1.213783108593774029e+00
1.209096583299267280e+00
1.229823867997990261e+00
1.216844751985403983e+00
1.230546440035515721e+00
1.219033133003329938e+00
1.220480116541451610e+00
1.227714117319713694e+00
1.220828081726963887e+00
1.216186046961337697e+00
1.211463280798985576e+00
1.216571927102720663e+00
1.232929551690461700e+00
1.209652013420462247e+00
1.219849440796206164e+00
1.215931598905358957e+00
1.208859546887384617e+00
1.223048131957124918e+00
1.212406040396852624e+00
1.208656717283586257e+00
1.216061770639219386e+00
1.228424838221448434e+00
1.229008963564443668e+00
1.217022047301052234e+00
1.215359119328288218e+00
1.196362045394301354e+00
1.206362661308525208e+00
1.207584371512367527e+00
1.216418032989180720e+00
1.241006988741365058e+00
1.220063687544698849e+00
1.202478049414833050e+00
1.236198412241718669e+00
1.212538308415782140e+00
1.212942987378076154e+00
1.219949574732990261e+00
1.205385702057411246e+00
1.209418723093562464e+00
1.221635280066034168e+00
1.225586899562324028e+00
1.231456166879240977e+00
1.217858655901644660e+00
1.215544692432311891e+00
1.223435121871672804e+00
1.240767107958873128e+00
1.215502108789459079e+00
1.218673584101850782e+00
1.230897120009373458e+00
1.208302747739276262e+00
1.235893997990527904e+00
1.216596648417347826e+00
1.213757424190088807e+00
1.216211553261016043e+00
1.210722434054360086e+00
1.204934482091657877e+00
1.220122426443112529e+00
1.209462396679964469e+00
1.223709128764699505e+00
1.213516627845220963e+00
1.213820491120259026e+00
1.195956840435198343e+00
1.231551926143763964e+00
1.225290915471735742e+00
1.202778340139180502e+00
1.239859382005972677e+00
