2.906879193330906855e+04
2.793912044177237112e+04
2.725498547235556543e+04
2.781133089023417051e+04
2.719514190418658836e+04
2.717065402770437140e+04
2.803375247613736792e+04
2.738261472296515421e+04
2.747078327530357637e+04
2.744882595569837940e+04
2.803811229019789243e+04
2.766693621146648366e+04
2.753393000454138019e+04
2.742042967242630039e+04
2.748025854225093281e+04
2.757442408325811994e+04
2.808865140525243260e+04
2.759761195747309830e+04
2.809077533612274419e+04
2.763683788043777895e+04
2.714838553744180535e+04
2.735654172600763195e+04
2.760325981731167849e+04
2.708210900620459870e+04
2.746795399796395941e+04
2.789541747609720915e+04
2.758020646879136257e+04
2.764074840066016623e+04
2.743261045430341619e+04
2.805057985303169698e+04
2.792584780714287263e+04
2.812660383301427646e+04
2.750911111906487713e+04
2.793974013320953964e+04
2.749086921345585506e+04
2.819301190894301908e+04
2.741252664708070733e+04
2.728052481476773391e+04
2.744694924860864194e+04
2.795814734532880902e+04
2.811756762432145479e+04
2.766809853643835231e+04
2.719354909144433987e+04
2.745975860144475155e+04
2.749815824071831958e+04
2.707243145307193845e+04
2.760213806467005270e+04
2.727091686614527862e+04
2.780840010091833392e+04
2.723168000463409044e+04
2.750590782563714311e+04
2.843988739986969449e+04
2.755011272587420535e+04
2.730220211351148828e+04
2.717071758162400874e+04
2.738711845193856789e+04
2.783192085058043449e+04
2.746965930164535894e+04
2.789632883307453085e+04
2.810658460152560656e+04
2.867309294111128838e+04
2.774132790557128101e+04
2.754583698053127955e+04
2.738659161538877379e+04
2.729821716278507665e+04
2.700538022910839209e+04
2.790429182051034513e+04
2.738124450070239254e+04
2.763596274046083272e+04
2.750059479707902574e+04
2.822533651405592536e+04
2.735564640004221292e+04
2.753723685727845077e+04
2.720280807931578966e+04
2.723013029847498547e+04
2.784326854156007903e+04
2.747230570637328128e+04
2.760803737791061576e+04
2.810447345634533121e+04
2.749215862800105606e+04
2.710981996593407530e+04
2.752112562427947705e+04
2.794608427320412375e+04
2.742228425852180226e+04
2.762344305535156309e+04
2.779454882818113038e+04
2.778671204592812137e+04
2.735603181183550259e+04
2.731212703088292619e+04
2.715077943050165777e+04
2.713078026967047117e+04
2.771561640110234657e+04
2.825959053015220343e+04
2.715062560759386179e+04
2.772011402197003918e+04
2.803662008621426139e+04
2.752238889281302909e+04
2.661119681047891572e+04
2.778432436770419372e+04
2.771476150701075312e+04
2.797109499592180146e+04
2.770582818577703438e+04
2.852338244996255889e+04
2.727102826454310343e+04
2.754225458551428528e+04
2.764088157553117344e+04
2.786238567602741023e+04
2.744117358762410367e+04
2.721657137648017670e+04
2.697989702074097295e+04
2.796692165018682499e+04
2.801448785015321482e+04
2.848877534182665840e+04
2.733926398161610268e+04
2.716422945696075112e+04
2.865774784047561479e+04
2.804941738672942665e+04
2.687705785689995537e+04
2.732651247278794472e+04
2.772185558221827159e+04
2.765142382074493798e+04
2.790995944954102742e+04
2.764814587741865762e+04
2.736847622733203025e+04
2.725911095453567032e+04
2.769843876301397904e+04
2.839880936400753126e+04
2.796114958222284258e+04
2.811835180075465541e+04
2.807488198105114861e+04
2.739635318183522031e+04
2.753352621130942134e+04
2.808547567779269957e+04
2.731554556050253814e+04
2.850348526576631775e+04
2.729438809390815368e+04
2.775687864103929678e+04
2.739805856634180600e+04
2.756174306705962590e+04
2.799331705385346140e+04
2.717613777982544343e+04
2.732420311705169661e+04
2.725118376571317276e+04
2.818174799431022620e+04
2.708705238680453840e+04
2.767930173794205984e+04
2.782420695213913496e+04
2.804297363978307112e+04
2.723648111232211522e+04
2.778143424408097417e+04
2.731979728556983900e+04
2.751852830513202935e+04
2.776254399995163476e+04
2.766014062360367097e+04
2.729018096599568526e+04
2.829332032210718899e+04
2.724730418183301663e+04
2.873016752053407254e+04
2.836565510207033367e+04
2.713400023688836518e+04
2.882475993242592813e+04
2.712339711827801148e+04
2.725160338971264355e+04
2.785711287506422741e+04
2.717225589201894763e+04
2.760828402121113322e+04
2.759048569972450059e+04
2.791896173026233373e+04
2.779408934360270359e+04
2.767614675922545212e+04
2.739355217631793494e+04
2.852993664955414351e+04
2.748452250664537132e+04
2.725470456567357178e+04
2.736488250169259118e+04
2.791296975541360734e+04
2.763893913140083532e+04
2.713180916066454301e+04
2.766069248030046583e+04
2.764822369852705015e+04
2.701392038767975828e+04
2.749960682632668613e+04
2.745068031594136119e+04
2.736076772231774885e+04
2.791528332175366086e+04
2.767806445974792950e+04
2.745779929528785578e+04
2.737336593338762395e+04
2.719600558999661007e+04
2.702796473931263608e+04
2.732770051103100923e+04
2.805836464523664836e+04
2.786270337720041789e+04
2.734952951262272109e+04
2.766383357717030231e+04
2.739712637105606336e+04
2.780073205244723431e+04
2.728946096886693704e+04
2.770231414200457584e+04
2.748727094612402652e+04
2.713011592976868269e+04
2.741457263494160361e+04
2.761916944439032886e+04
2.721965262851929583e+04
2.739889128877000621e+04
2.711174832128256821e+04
2.761270864419552890e+04
2.711247337581985994e+04
2.773698014972299643e+04
2.745564042792946930e+04
2.839997210152168554e+04
2.741445812931131513e+04
2.746942292738544711e+04
2.740196188880903355e+04
2.685023164615439600e+04
2.732254043799225110e+04
2.743665531754259064e+04
2.749785114892298225e+04
2.784430282686010833e+04
2.772953131846253382e+04
2.773381059278146495e+04
2.756711131536135508e+04
2.753364842274373223e+04
2.781407837160787312e+04
2.743650387146146386e+04
2.743561912279786338e+04
2.722788944887840626e+04
2.762768255037428025e+04
2.718883673474437091e+04
2.748116652791801971e+04
2.725703699174765643e+04
2.674686784948099375e+04
2.780691001231622795e+04
2.767968595889802964e+04
2.731220013209708122e+04
2.757954253017839801e+04
2.750680030956091286e+04
2.756021725717197478e+04
2.898300244405934791e+04
2.755956836444476357e+04
2.767861482069500926e+04
2.754118531804365193e+04
2.786649563022256189e+04
2.805714362404267376e+04
2.769995776348874278e+04
2.810944879374404991e+04
2.788348181050705898e+04
2.749637717874815280e+04
2.800599935424968135e+04
2.765702059046730574e+04
2.715227558969934398e+04
2.749673225622183236e+04
2.737499537026187318e+04
2.757509354794452520e+04
2.760182172986181831e+04
2.770413218450102431e+04
2.773237873328345086e+04
2.723726605467587797e+04
2.724362131789750129e+04
2.726730277267722340e+04
2.773236745194886316e+04
2.742036871765834803e+04
2.759920438200522767e+04
2.821581116196518269e+04
2.896364401768442985e+04
2.776401387900006011e+04
2.798247312984592281e+04
2.738647738524032684e+04
2.756502834531632470e+04
2.761407417047746276e+04
2.733893847735929376e+04
2.783047212114578360e+04
2.739218395321139906e+04
2.817252533058954214e+04
2.735010383009288125e+04
2.759783592027838677e+04
2.707520214905891407e+04
2.751642438055318053e+04
2.760289575269799752e+04
2.821530492445481650e+04
2.801401849727949957e+04
2.720947082386148759e+04
2.722854451694469390e+04
2.796849563308537836e+04
2.761598404464800842e+04
2.743050636965200829e+04
2.761174931260780795e+04
2.804066556348759696e+04
2.770494669076303398e+04
2.691404436553176129e+04
2.770855704538524515e+04
2.750680551485547403e+04
2.724030792154735536e+04
2.738962944493910618e+04
2.731744459139375249e+04
2.679093532710237560e+04
2.719900096940560979e+04
2.762604551136752343e+04
2.742681487214837762e+04
2.715797400498558272e+04
2.808035706308848967e+04
2.790492635572034123e+04
2.792630669721195227e+04
2.771377881357063961e+04
2.752669211896683191e+04
2.766943743414668643e+04
2.810192622009426486e+04
2.732961062112923537e+04
2.738973363762683221e+04
2.774655335567420116e+04
2.788743773863128081e+04
2.808381451086308516e+04
2.757378929202304425e+04
2.768530545959149094e+04
2.703133572221957729e+04
2.711697098699057096e+04
2.766177015560474319e+04
2.712601811059181637e+04
2.761510844479562365e+04
2.728654681262213489e+04
2.736288281568561433e+04
2.720368848863098538e+04
2.812339604352940296e+04
2.744228119924510611e+04
2.733290961300634444e+04
2.732387384324864979e+04
2.790522740992328545e+04
2.712340906874281791e+04
2.767241613353509820e+04
2.757804911512964827e+04
2.783083071089963778e+04
2.726925243988509828e+04
2.767669565282509575e+04
2.700709984601007454e+04
2.705822584869708953e+04
2.795979861101476490e+04
2.753157996148783786e+04
2.774111329827910595e+04
2.819599389325035372e+04
2.763195533911242819e+04
2.786681255571765359e+04
2.780251103458280704e+04
2.748120769973324786e+04
2.722164374264643993e+04
2.747267860873229438e+04
2.709494812845839624e+04
2.789858739316257197e+04
2.762027891409826043e+04
2.766402666650487663e+04
2.744706845307584445e+04
2.738072844472854558e+04
2.834181984990859928e+04
2.812010899793154022e+04
2.774595668663595279e+04
2.765559887727714158e+04
2.848868769905360750e+04
2.722679615496128827e+04
2.760477101719849816e+04
2.712178585983183802e+04
2.762719971641782104e+04
2.731300444331195467e+04
2.752945964117657059e+04
2.825217818756049019e+04
2.730843369638397780e+04
2.744480083214770639e+04
2.735023201150981185e+04
2.766681750529392230e+04
2.757056599501755409e+04
2.829768298852202133e+04
2.761792765228541612e+04
2.754690910659954170e+04
2.697546888687551836e+04
2.824288177904436452e+04
2.749632480603699514e+04
2.800434131544975025e+04
2.706739672818554754e+04
2.770526924705796409e+04
2.755960820995417089e+04
2.747667433631603853e+04
2.740176325252579409e+04
2.730449886732073355e+04
2.710328810752172285e+04
2.744876672309296919e+04
2.712776830096018239e+04
2.726514674475710854e+04
2.726284915686170643e+04
2.739610823370529397e+04
2.695245852246679715e+04
2.735260852466939832e+04
2.792337985261294671e+04
2.801930362800498551e+04
2.794795221583174862e+04
2.803464514711347510e+04
2.692716971863381696e+04
2.732618017557449275e+04
2.758894378575028895e+04
2.752474278609309840e+04
2.833547385373280849e+04
2.715733687545772409e+04
2.759166334889500649e+04
2.831553028757909124e+04
2.770890628761096013e+04
2.753706729083752361e+04
2.772407739956323712e+04
2.699096613726744545e+04
2.718987278887118737e+04
2.802059918392250620e+04
2.825988345669689079e+04
2.841297603847356004e+04
2.721515760866385608e+04
2.743053565260627147e+04
2.774554726534358269e+04
2.748847795032099020e+04
2.766561665500144227e+04
2.716044530406785998e+04
2.796804716306649789e+04
2.703302646801052833e+04
2.794117443643221122e+04
2.753906398060777792e+04
2.766226630540425685e+04
2.777650228493477334e+04
2.718946123702634941e+04
2.734186179447787799e+04
2.764850138460609742e+04
2.785613956850578688e+04
2.725829834983389082e+04
2.724981123412017041e+04
2.736152276193294892e+04
2.781644327542990504e+04
2.752300258087933253e+04
2.721000214627754758e+04
2.738883552775061253e+04
2.742093239242403797e+04
2.733843128827156033e+04
2.782019322381424354e+04
2.756487078354554251e+04
2.761896516627187884e+04
2.719252240069797335e+04
2.734887454236197664e+04
2.736209558730051140e+04
2.732288713624448792e+04
2.797351336264150814e+04
2.779517847762920792e+04
2.735726292999162251e+04
2.789129349433361494e+04
2.757983996065707470e+04
2.722018496795052488e+04
2.740598134371529886e+04
2.733294188704979388e+04
2.740512722850921273e+04
2.736886930892628516e+04
2.785926629092035000e+04
2.732623324258228604e+04
2.745328696792382470e+04
2.780698828683446845e+04
2.733346635493111899e+04
2.753753197755963265e+04
2.803452278571644274e+04
2.838822981775241715e+04
2.715281104702720768e+04
2.782020869576274345e+04
2.745657001815570038e+04
2.749681255978500485e+04
2.756605876846161482e+04
2.781012556414636492e+04
2.714663086695116363e+04
2.732672916488659030e+04
2.732172106957952565e+04
2.746882042638296116e+04
2.754093048037314293e+04
2.728817505381289084e+04
2.746757218054690384e+04
2.744628409856985309e+04
2.740707322427409599e+04
2.741412289074852742e+04
2.710882544583664640e+04
2.721596974259272247e+04
2.695493519141295837e+04
2.700345589137272691e+04
2.740311059185319391e+04
2.775562741618944347e+04
2.787538600536418016e+04
2.728601028016718192e+04
2.764245511884383814e+04
2.740463812315079485e+04
2.718044709841563963e+04
2.739410250001058739e+04
2.711192258553256761e+04
2.765391975453913619e+04
2.778804165434354582e+04
2.775548531105788425e+04
2.718361078444165105e+04
2.717557975325672669e+04
2.751741797920224781e+04
2.791865608747670194e+04
2.745735316427140788e+04
2.751065075260675803e+04
2.716260001417757667e+04
2.713663135820669413e+04
2.710100807127829466e+04
2.730227921468904242e+04
2.750729626415223174e+04
2.757757360847028031e+04
2.714031144344270797e+04
2.717905899125609358e+04
2.745382133125600740e+04
2.747927585321099468e+04
2.800815875119861084e+04
2.750536043191358476e+04
2.756963773938898521e+04
2.776797088872272434e+04
2.758719858683699204e+04
2.738763845459564254e+04
2.742783539801160441e+04
2.775736128893029309e+04
2.724762868538616021e+04
2.762356698480515843e+04
2.711906146144563900e+04
2.787125030898847035e+04
2.727010271122323684e+04
2.760358108250652731e+04
2.712862853936962347e+04
2.740363444671471370e+04
2.700021709404516150e+04
2.738941491314871018e+04
2.708878590722588706e+04
2.714083387066613068e+04
2.733101825467974413e+04
2.716075362077306636e+04
2.831983125919874510e+04
2.766838323505692460e+04
2.749973500568490999e+04
2.751115352671643268e+04
2.751437475059403005e+04
2.823165554495110700e+04
2.742450041140528265e+04
2.716243991811346496e+04
2.715668920475284904e+04
2.733559533699656822e+04
2.735592486356098743e+04
2.723024031011096667e+04
2.822881350112429209e+04
2.730266729534797196e+04
2.708340190222800811e+04
2.720096722259012313e+04
2.786372556165911737e+04
2.729736200346690748e+04
2.751179033640714624e+04
2.785759893184015527e+04
2.763044753346042125e+04
2.745234319132000019e+04
2.797418138242646091e+04
2.722046230501926402e+04
2.740292530517693740e+04
2.740705543741714791e+04
2.742055541328210893e+04
2.716284395731749828e+04
2.786037050465912398e+04
2.774278739958456572e+04
2.743486299297866208e+04
2.764619478706319569e+04
2.708711670595788746e+04
2.699117591811419334e+04
2.729811280566857386e+04
2.767252518652170329e+04
2.721082540267242803e+04
2.751163678822417569e+04
2.755308406066256794e+04
2.719392317816256036e+04
2.717465735391512135e+04
2.781310007819367820e+04
2.789652542819280643e+04
2.758040746331815899e+04
2.719052182221202020e+04
2.809626598594766256e+04
2.814170368662975670e+04
2.783226691371342167e+04
2.800554492302436120e+04
2.720719077447056770e+04
2.791287633280544105e+04
2.851008004009024444e+04
2.753290030481411668e+04
2.739344680102255734e+04
2.750484665362504165e+04
2.730322743183901548e+04
2.703458831506547358e+04
2.739573296497319097e+04
2.743214521940418126e+04
2.759907839404349579e+04
2.741027571335621542e+04
2.778413150153146125e+04
2.793807619770836754e+04
2.780166325441468143e+04
2.730162874291861954e+04
2.792510017451158274e+04
2.793821687636673596e+04
2.720609480529714710e+04
2.773778900292165417e+04
2.754232958635636533e+04
2.763634729268262527e+04
2.762714774196369399e+04
2.813906534108099731e+04
2.743212648188475214e+04
2.717224895183232366e+04
2.832838316329458758e+04
2.760488370200021745e+04
2.716583874336859662e+04
2.776644806169898948e+04
2.711375354899123340e+04
2.772899155950923523e+04
2.782462187148409430e+04
2.735699927370643491e+04
2.755352553398084274e+04
2.752202728424037559e+04
2.715429221012299240e+04
2.756586547359804536e+04
2.789089693555231133e+04
2.721679857497422199e+04
2.751518161589347801e+04
2.712035266377446533e+04
2.774490781640234127e+04
2.719694811320133886e+04
2.794129635355262144e+04
2.758248561177144074e+04
2.724461666380432871e+04
2.695845497102819354e+04
2.726409862565377625e+04
2.742334290032201170e+04
2.725404903648032996e+04
2.704169310920963107e+04
2.729291598077866729e+04
2.768875785367669232e+04
2.720756488315693423e+04
2.710642996610293631e+04
2.777541157797900451e+04
2.755406861358449169e+04
2.712002645298972493e+04
2.814868011726244004e+04
2.711421064979805305e+04
2.847709944555231777e+04
2.733481490287599445e+04
2.725268676107041392e+04
2.774257634527070695e+04
2.747506291891241563e+04
2.769651858442157027e+04
2.756299645406567652e+04
2.740891923907682212e+04
2.811776127842690039e+04
2.748246560907477397e+04
2.742819573941512135e+04
2.790961685242189924e+04
2.781756319763238935e+04
2.717868463997721847e+04
2.748785602712628679e+04
2.752860939056932693e+04
2.715287578205866885e+04
2.799251731400222707e+04
2.751876053681712438e+04
2.768404250141547891e+04
2.741088167133588649e+04
2.797622670684863624e+04
2.712421791222168758e+04
2.717606542486577018e+04
2.778975446946771626e+04
2.713772314379263116e+04
2.730785907525417861e+04
2.769673413194410750e+04
2.758416457523377539e+04
2.751473099730753893e+04
2.779668222200604214e+04
2.712745990583555613e+04
2.759347089820967449e+04
2.735201748316101657e+04
2.720527848263457417e+04
2.680451483708904561e+04
2.800998593903976507e+04
2.789040603834913418e+04
2.741166644442042889e+04
2.763903961286536651e+04
2.757456179973715552e+04
2.728475281367016942e+04
2.728032609100680929e+04
2.779653977270358155e+04
2.785517929469144656e+04
2.806386220437703741e+04
2.734832980595663321e+04
2.742147841291334043e+04
2.713617180000651933e+04
2.751853083289487768e+04
2.715562235723696722e+04
2.786061262840879135e+04
2.722836314012524235e+04
2.721512294391531759e+04
2.838862678090411282e+04
2.738313191740252296e+04
2.866070410823672864e+04
2.779345919925314229e+04
2.767650397197348502e+04
2.735032259784968483e+04
2.728628032285871450e+04
2.745792748056364871e+04
2.746460687977156704e+04
2.734480724902578368e+04
2.828798627453044173e+04
2.693716478913582250e+04
2.788186113571331225e+04
2.728990106249154996e+04
2.734928365454047162e+04
2.742218510020574104e+04
2.711686198886524653e+04
2.781632609648578364e+04
2.751333175759613368e+04
2.727681265275972692e+04
2.762853247455011297e+04
2.767923986643011085e+04
2.782453219174393234e+04
2.730493517256826817e+04
2.748665279500409088e+04
2.828156535113780410e+04
2.755952511741577473e+04
2.723549612176595838e+04
2.725848611761306529e+04
2.752533871939571327e+04
2.740853014389215969e+04
2.723398359936938505e+04
2.770775301014917932e+04
2.770661610084692074e+04
2.758572268844617065e+04
2.741136727292484647e+04
2.730334503137168576e+04
2.791087538175018562e+04
2.716381486081487310e+04
2.771446901652739689e+04
2.762134714460236137e+04
2.731621621780625719e+04
2.784953541083517848e+04
2.770453186061305314e+04
2.795067783408315154e+04
2.773060253372417719e+04
2.751629926859736952e+04
2.775349970254160507e+04
2.717338424220284651e+04
2.723152653899036159e+04
2.791005296423666005e+04
2.762269429621427480e+04
2.722520402383661349e+04
2.718515964893600540e+04
2.759315866428780646e+04
2.818024608003926915e+04
2.759103044522576602e+04
2.660737720612799603e+04
2.766339613556270342e+04
2.764966912297152885e+04
2.718166528661609846e+04
2.749025172978155024e+04
2.708330989723731182e+04
2.700633355789193592e+04
2.741123537166040478e+04
2.747063605480405022e+04
2.719532449816249573e+04
2.764449389087606687e+04
2.729159039010640481e+04
2.755949343352674987e+04
2.761910524802456348e+04
2.763237327318590906e+04
2.815449467994313818e+04
2.822996686021633650e+04
2.744161091238043082e+04
2.713369937698058493e+04
2.787533551695106144e+04
2.763520549445759752e+04
2.788251726884745949e+04
2.743157144475416135e+04
2.746631600592171890e+04
2.745943987401526465e+04
2.704102901139708410e+04
2.686926497883713091e+04
2.735797199294182064e+04
2.786374445841394481e+04
2.749397526168665718e+04
2.699053111409470876e+04
2.743621388774512161e+04
2.771120589450781335e+04
2.739347542807896389e+04
2.767293885403026070e+04
2.749960030704025849e+04
2.769095972835457360e+04
2.724999356281061409e+04
2.799395762965322865e+04
2.737094721950264648e+04
2.713558530488498218e+04
2.806798340975834071e+04
2.761254403340247154e+04
2.741015277273491665e+04
2.762137396221238305e+04
2.755509253795991754e+04
2.816778828921036984e+04
2.747626153091122251e+04
2.747550874923371157e+04
2.735039557743861951e+04
2.764221856181787007e+04
2.775612955691435127e+04
2.743465779469522386e+04
2.749503316890813949e+04
2.798401311166210144e+04
2.730006897327702973e+04
2.812552350321786071e+04
2.741161960401073520e+04
2.742647542931542557e+04
2.748574958903538936e+04
2.764536053756394176e+04
2.722330464467152706e+04
2.754917216227723111e+04
2.727944763803270689e+04
2.716360767162452248e+04
2.755592707523464924e+04
2.705019577818837206e+04
2.737706696179076607e+04
2.785140459768352594e+04
2.782995665257280052e+04
2.815230699256499793e+04
2.725051551003639179e+04
2.807008105174568482e+04
2.793686647831220762e+04
2.862504210263555069e+04
2.768729260605363379e+04
2.779232057761195028e+04
2.756500094486574744e+04
2.773539527825323603e+04
2.784586898334502257e+04
2.821674859936447319e+04
2.757659569513890165e+04
2.720079351380032313e+04
2.761507315616135020e+04
2.728183964167298473e+04
2.745297632465634160e+04
2.767223170423179545e+04
2.716798939134458851e+04
2.774280532477364977e+04
2.761613308102526207e+04
2.683332130423259514e+04
2.779891152664621404e+04
2.720292788333998033e+04
2.814219566333527473e+04
2.867051851253786299e+04
2.715935973149085839e+04
2.760495130425754905e+04
2.763094255569854067e+04
2.789338044231520689e+04
2.759239281658712571e+04
2.722313779603673174e+04
2.846797647936653811e+04
2.727427712343339590e+04
2.774888733386161766e+04
2.703688566456020271e+04
2.761878846991189130e+04
2.745232412926877078e+04
2.704364668697763773e+04
2.706422069356134307e+04
2.739179931241336089e+04
2.738782281415302714e+04
2.790669256099887934e+04
2.738513528831060466e+04
2.776272154533182766e+04
2.748085153976627407e+04
2.784811664957025278e+04
2.740254560396857050e+04
2.745362030882856561e+04
2.763480112672587347e+04
2.760492313297716828e+04
2.766414769602361048e+04
2.771603098660021715e+04
2.735310474486979365e+04
2.733295653220429813e+04
2.764776321786558401e+04
2.712054294738072713e+04
2.741326216966966967e+04
2.728468614760435594e+04
2.828380372861565047e+04
2.699464910539086122e+04
2.716675570995239468e+04
2.723344873439154981e+04
2.739822128470265670e+04
2.787363560942030745e+04
2.755440523612587276e+04
2.794774780476152955e+04
2.751697280521407811e+04
2.815094327610380424e+04
2.744020617041387595e+04
2.688299476761986443e+04
2.747879513823593516e+04
2.725110638639996250e+04
2.800219148710225636e+04
2.742848593655954755e+04
2.790035297182373688e+04
2.775235074033855199e+04
2.768629406282640412e+04
2.795814405530208751e+04
2.731760798675431943e+04
2.708148601398774190e+04
2.785980132825556575e+04
2.704014471152047554e+04
2.770178011571430034e+04
2.742258993597724111e+04
2.787874019816714645e+04
2.736486471858994628e+04
2.711648704928398001e+04
2.786278983046112990e+04
2.752013064861337989e+04
2.844451845541508010e+04
2.780636279392610595e+04
2.836394893363908704e+04
2.729544816680253643e+04
2.708136295027026063e+04
2.814472400129809466e+04
2.705766944421758672e+04
2.727643332355672101e+04
2.786109966848436306e+04
2.709795542682065570e+04
2.761418797269812421e+04
2.749617823417550608e+04
2.731928936730279383e+04
2.743641439519574487e+04
2.721994459492594251e+04
2.720092719636448965e+04
2.783346086317547815e+04
2.788260223255918390e+04
2.710207445050275055e+04
2.801074825242670340e+04
2.737390567225518680e+04
2.766739937562192790e+04
2.772222709373066027e+04
2.761690069824640523e+04
2.703722973948621075e+04
2.715277396161431534e+04
2.727990992594854106e+04
2.729158221270104696e+04
2.719533560666926496e+04
2.785230030420872208e+04
2.765188045961180978e+04
2.764655619426229532e+04
2.738880389187043693e+04
2.802218796880931404e+04
2.729215893765170040e+04
2.741656704879133395e+04
2.736458393875647016e+04
2.739937939414305583e+04
2.765012028267493224e+04
2.723367549830244752e+04
2.720086398346699934e+04
2.726589136935435454e+04
2.835277694508391505e+04
2.820172206696262583e+04
2.749697679382427305e+04
2.731592355598352879e+04
2.726202286170634034e+04
2.746339239859749068e+04
2.775907109821817721e+04
2.740146907942067264e+04
2.727131439449550453e+04
2.722154672829125775e+04
2.765055290061641790e+04
2.712430463053824133e+04
2.719527148493348432e+04
2.805564853464006956e+04
2.743298624714292964e+04
2.687899265086126616e+04
2.778727555336693695e+04
2.743347628736565093e+04
2.748905227288235983e+04
2.759379141622571842e+04
2.776039506976616030e+04
2.716531344366150370e+04
2.740567252902536711e+04
2.749338712781256254e+04
2.729924100463170544e+04
2.768213977153707674e+04
2.744857811051825047e+04
2.724158626905935671e+04
2.776691906909566751e+04
2.730722064982511074e+04
2.771010348081318807e+04
2.774975949747232517e+04
2.754754364106014327e+04
2.755586232756922618e+04
2.814296318665313811e+04
2.708477347705374632e+04
2.752895819677499458e+04
2.762533854092939873e+04
2.745567279161839542e+04
2.898946760837796319e+04
2.738200478525730432e+04
2.759071527203241567e+04
2.726930283191829221e+04
2.740662031260534786e+04
