2.593111670598759156e+04
2.604218494605369779e+04
2.620451917067510294e+04
2.636707898692969684e+04
2.609960447629805276e+04
2.645814501197700520e+04
2.681936267498502275e+04
2.587472905060412450e+04
2.632422975845697874e+04
2.649034439399121038e+04
2.623424441669810403e+04
2.587084860511314764e+04
2.616316294190344706e+04
2.613104671018888985e+04
2.668741206962391516e+04
2.641295926809285447e+04
2.629949087845777831e+04
2.578452590304121622e+04
2.599323203620429922e+04
2.636115259416777553e+04
2.584487365899547149e+04
2.610456439153185056e+04
2.608394578512370208e+04
2.631918197008160860e+04
2.618406934105071559e+04
2.679962427847965955e+04
2.648238955804952639e+04
2.624680112603193993e+04
2.602842075557483986e+04
2.602936701794792680e+04
2.608902674633439892e+04
2.621616197607741196e+04
2.623544136025170155e+04
2.620605799354751434e+04
2.574450042683470747e+04
2.592479356970507069e+04
2.606266690837802525e+04
2.635503724455931297e+04
2.609182215925377750e+04
2.646229458975250964e+04
2.605097771685322004e+04
2.660298210821871180e+04
2.610991836719965431e+04
2.651181943768903875e+04
2.599949231121108460e+04
2.613150568027637564e+04
2.684339164600167715e+04
2.626223310279491125e+04
2.622105542790961408e+04
2.668267723984042095e+04
2.646107110954279051e+04
2.614882868868862715e+04
2.602661713916199733e+04
2.636503131396558820e+04
2.599830253631294181e+04
2.586193612332276098e+04
2.613355736936964240e+04
2.675096467015083908e+04
2.594944037392561950e+04
2.623590239235230183e+04
2.584104649281824095e+04
2.601521828632452161e+04
2.670020605451590745e+04
2.597292390516682281e+04
2.564458741305059448e+04
2.625377149065100093e+04
2.606850869896150834e+04
2.575356534055646989e+04
2.714948771260829380e+04
2.589313214535903899e+04
2.571831970420519428e+04
2.575375718791755207e+04
2.609472885913347272e+04
2.621311664321659555e+04
2.629402365575106523e+04
2.630327000309876166e+04
2.604577098551489325e+04
2.576374885838147384e+04
2.570422406948162097e+04
2.654600698525855478e+04
2.596798551785143354e+04
2.602812247727880822e+04
2.654169189413612912e+04
2.648423653646862658e+04
2.583285461828087500e+04
2.599755341476624744e+04
2.655355470792930282e+04
2.644401383221380092e+04
2.611295613948640312e+04
2.612432827898052710e+04
2.698172625255427556e+04
2.576458190515808019e+04
2.602834469560616708e+04
2.611463053687636420e+04
2.639599327397426168e+04
2.602031864049152500e+04
2.615904253057559617e+04
2.589589620151439885e+04
2.595340139050505604e+04
2.614657545231052427e+04
2.685968382713263054e+04
2.591570442718984850e+04
2.596103391352990366e+04
2.608197620240155084e+04
2.674215857375503037e+04
2.643721077744481590e+04
2.638507600959413321e+04
2.670266236040680087e+04
2.598972727423024480e+04
2.612230540835743886e+04
2.589326830371617689e+04
2.603017056822569793e+04
2.630830984621310199e+04
2.638888475607255896e+04
2.587768579044101352e+04
2.695107644866293776e+04
2.606930383757490563e+04
2.582038726926274103e+04
2.593483102937695003e+04
2.683504881199470037e+04
2.621917694264689635e+04
2.598907572243678806e+04
2.609539910051368497e+04
2.632052827987775527e+04
2.599692761941343997e+04
2.572709162059046503e+04
2.726304459623658477e+04
2.552484821296358859e+04
2.595187263956143943e+04
2.690969313129879083e+04
2.716959604731664876e+04
2.565200109278400123e+04
2.621748009746746538e+04
2.616933460457723777e+04
2.608988909339558813e+04
2.650858720029596225e+04
2.638224965108460674e+04
2.662958233977714917e+04
2.600281447104071412e+04
2.603640350393839981e+04
2.631510449733645873e+04
2.653197423355465435e+04
2.626516801501365262e+04
2.644351922775131243e+04
2.693384268873273686e+04
2.583394833160109556e+04
2.597026806215834586e+04
2.614603432765716934e+04
2.626015024457039181e+04
2.619798234595776375e+04
2.624514524869604429e+04
2.637515707940337234e+04
2.656670304953722371e+04
2.629239432436922289e+04
2.666943683267859160e+04
2.622356306007842431e+04
2.663239698280158336e+04
2.628493964887717084e+04
2.619693429399948946e+04
2.613475229556538397e+04
2.623091378614330461e+04
2.558313336712856471e+04
2.724052815214063958e+04
2.597525771536585671e+04
2.669524306394173618e+04
2.610619974860958246e+04
2.635688797518296269e+04
2.562431945044338136e+04
2.652100441251923257e+04
2.592081024550630173e+04
2.624250439395006106e+04
2.661290133315730054e+04
2.628440939134565997e+04
2.628228581820961699e+04
2.606946927453323951e+04
2.635033056944333293e+04
2.620861331943382538e+04
2.610337688370085380e+04
2.651303315814245434e+04
2.610095245951155084e+04
2.613336850208534815e+04
2.600951808593984606e+04
2.707451146957365199e+04
2.627045561268353049e+04
2.619265191370728280e+04
2.599827793194500555e+04
2.640173954268470334e+04
2.707113919782646190e+04
2.613973426488288169e+04
2.670559505651661675e+04
2.613282377556273786e+04
2.629787438650511831e+04
2.579376844394125146e+04
2.599292823113367558e+04
2.619346554301023571e+04
2.586641141318941300e+04
2.714534183789052258e+04
2.608069747165456283e+04
2.655916224865614640e+04
2.618092759982003190e+04
2.626981535220650403e+04
2.607967195690449080e+04
2.582615007088013590e+04
2.606910055758192175e+04
2.630904913700693214e+04
2.679528145062046679e+04
2.631198384938280651e+04
2.601858777674500743e+04
2.639969478751739371e+04
2.609550629462999859e+04
2.667115993659330343e+04
2.639436206693101485e+04
2.570064524768249976e+04
2.615679755209188079e+04
2.618685424974611669e+04
2.610638371957564596e+04
2.676858677901347983e+04
2.601591974713524542e+04
2.573964926544552145e+04
2.620571276387780745e+04
2.589952643529477791e+04
2.673432462998965639e+04
2.645400134146715209e+04
2.597704026126365716e+04
2.646301481792216509e+04
2.647922069448878756e+04
2.670992783562738987e+04
2.623019860697721742e+04
2.662335305294193313e+04
2.652441808665780627e+04
2.594377756156369287e+04
2.657223914453099133e+04
2.685872160855641778e+04
2.621369919951038173e+04
2.605749806827835346e+04
2.599046986373332038e+04
2.632776502924037777e+04
2.607512407413475739e+04
2.589958840747781142e+04
2.645816122615037966e+04
2.624902527800685129e+04
2.694313503829138426e+04
2.683577084929043122e+04
2.601429083612010800e+04
2.643045277747351065e+04
2.605634419826766680e+04
2.634945174492824299e+04
2.609902455815863505e+04
2.578973011900964775e+04
2.627589644480750576e+04
2.625755235915384765e+04
2.631165092456732236e+04
2.622414472564536118e+04
2.598630152213991823e+04
2.635163287183954162e+04
2.634278064082859783e+04
2.605542409457481699e+04
2.594194138611724702e+04
2.582931956493609687e+04
2.617614206768290751e+04
2.623641663427179083e+04
2.620483777029347766e+04
2.667243001821252619e+04
2.651817316648565611e+04
2.601797318284767971e+04
2.702894298357835942e+04
2.628571673688715964e+04
2.685288625833560218e+04
2.605615857002600751e+04
2.585392232306782898e+04
2.604593092411452017e+04
2.570589551010723517e+04
2.642287735606911156e+04
2.621258429328174316e+04
2.610760598448407836e+04
2.614804907106238898e+04
2.630455440492187336e+04
2.649337316829144402e+04
2.589450029493675174e+04
2.622327063844841905e+04
2.648824384383497818e+04
2.615101365205634647e+04
2.695824119319653255e+04
2.639023825428720738e+04
2.639012729732961452e+04
2.597722011814747020e+04
2.726312005454573227e+04
2.603821885200361066e+04
2.605659648579615168e+04
2.624913912420748966e+04
2.637071891638484522e+04
2.677886236799001199e+04
2.589424901209183008e+04
2.634831680494137254e+04
2.687875065391874523e+04
2.601962161969680892e+04
2.620586491638966254e+04
2.638318913435138529e+04
2.675577242286756518e+04
2.650230435581015627e+04
2.677716222073265817e+04
2.628662651643287973e+04
2.691006249686500450e+04
2.599518264340313544e+04
2.707257622995278871e+04
2.575901935111971761e+04
2.691720641742583393e+04
2.631633213219432218e+04
2.692048810524880901e+04
2.595411075509546572e+04
2.608026762587789926e+04
2.585651227611135619e+04
2.631724679308866689e+04
2.673292020789723756e+04
2.707250154502231453e+04
2.649976284284982466e+04
2.621730449088852401e+04
2.609752767587717608e+04
2.609157588207108347e+04
2.609129617976318696e+04
2.638600966180981777e+04
2.585751849076320650e+04
2.573233048601332848e+04
2.609742313848599224e+04
2.615203035654979612e+04
2.642154500569160155e+04
2.578318592812756833e+04
2.605716205288084529e+04
2.689527380182371780e+04
2.638637708531132375e+04
2.607735048392134559e+04
2.621023338731498006e+04
2.642189713685151219e+04
2.602249820532489321e+04
2.646576285516647113e+04
2.668865840576481423e+04
2.661060569562546152e+04
2.625240244356317271e+04
2.617152677865222722e+04
2.608803252625875029e+04
2.615768218186929516e+04
2.625052823396869644e+04
2.636477151931497428e+04
2.604188711810889436e+04
2.707609374586589547e+04
2.591679423109480194e+04
2.594249019036841491e+04
2.614033337277887404e+04
2.706775269248962650e+04
2.609684130551042836e+04
2.642270707512871013e+04
2.676987415171485918e+04
2.648821137959955740e+04
2.626567824459804615e+04
2.595270547220513618e+04
2.631005181932168125e+04
2.625285500527027762e+04
2.578428167488429608e+04
2.740682756210070875e+04
2.581241857263505153e+04
2.618681261516438826e+04
2.615350259589519555e+04
2.620853266591118881e+04
2.615354134443832299e+04
2.588316406657803236e+04
2.611257412732026569e+04
2.587192358097914257e+04
2.573436330226092468e+04
2.603220061886301846e+04
2.632614397732878933e+04
2.659203185857906647e+04
2.614067741193062466e+04
2.622619391609588274e+04
2.702691470146688516e+04
2.626787674781910027e+04
2.636232258056609498e+04
2.613759995096818238e+04
2.617932553091982845e+04
2.629051265361668629e+04
2.571703501067592515e+04
2.664597646778337003e+04
2.672653804978332846e+04
2.629347678669730885e+04
2.651349846557788260e+04
2.646050923567058999e+04
2.590434644367290821e+04
2.648499916919136012e+04
2.628396368224816615e+04
2.638808753744028581e+04
2.638290170094067071e+04
2.629418998601320345e+04
2.633774357093080471e+04
2.617436616326912190e+04
2.627724665886938965e+04
2.626309238220824773e+04
2.608212700815292919e+04
2.734674329183741793e+04
2.611127654195799914e+04
2.643719121441875177e+04
2.579380497350724545e+04
2.626717034074644471e+04
2.641686108673136187e+04
2.590892348968348961e+04
2.674128625916021338e+04
2.629978898602662957e+04
2.650542422084481223e+04
2.578780762795303235e+04
2.580403673337008877e+04
2.642485093436298848e+04
2.639027253451945580e+04
2.601838896428126827e+04
2.684759752330380070e+04
2.606492640921560451e+04
2.602540544887631768e+04
2.643902009605299827e+04
2.680709274681792886e+04
2.589861866920589819e+04
2.609852395406419237e+04
2.672813518050246421e+04
2.615989215329555373e+04
2.660624324291915764e+04
2.639456879233815926e+04
2.615768593617949955e+04
2.610690922471942758e+04
2.625445181129259436e+04
2.654938968778617345e+04
2.585495536368790999e+04
2.618079950218843078e+04
2.641884316902986757e+04
2.602827869157237728e+04
2.650156901021526210e+04
2.699140849459364836e+04
2.605139154737374338e+04
2.646862806658657064e+04
2.660186857832072928e+04
2.683700304134530961e+04
2.635830835640178702e+04
2.624997993268690698e+04
2.627125704264509113e+04
2.614310450612322893e+04
2.598848378175864491e+04
2.603498467604463440e+04
2.614206568127564242e+04
2.610767677739009741e+04
2.595651189729949692e+04
2.708555653457302469e+04
2.619933873952253271e+04
2.620276878862500962e+04
2.626126371598874175e+04
2.604477417324138878e+04
2.636203143504055697e+04
2.652294169812534892e+04
2.599362429617680027e+04
2.643837094482214161e+04
2.606893635507708677e+04
2.646781694952657199e+04
2.760860052455853656e+04
2.665808674757513654e+04
2.675523126538892757e+04
2.583730316057362506e+04
2.624485429711138204e+04
2.664981924331208211e+04
2.635570231997764495e+04
2.628317539257757744e+04
2.617949651912340414e+04
2.577835006207966944e+04
2.655772687726498407e+04
2.589745968909622752e+04
2.593886003376702138e+04
2.623204398180864882e+04
2.598437557508122700e+04
2.639247635629184879e+04
2.624221155758850364e+04
2.701569335708739163e+04
2.714395513217339249e+04
2.611287160931383914e+04
2.618168173366445626e+04
2.607479792348266710e+04
2.621610318608623493e+04
2.662956082156199409e+04
2.663327076693228082e+04
2.711494363444072587e+04
2.656436554621544565e+04
2.576049155356945266e+04
2.590014904436303914e+04
2.624563717505096065e+04
2.598553925741249986e+04
2.670079167580407011e+04
2.633705332437904872e+04
2.703606776058650212e+04
2.595777195697566640e+04
2.598607293323714111e+04
2.606252978695002821e+04
2.611271722263423362e+04
2.628619538092262519e+04
2.666281503364996752e+04
2.591748242721475253e+04
2.635498408848437612e+04
2.629566213533423070e+04
2.604778321622792646e+04
2.636752187248280097e+04
2.597703147413568149e+04
2.586533129546099372e+04
2.590677386637215386e+04
2.629933108109885143e+04
2.608011788988147237e+04
2.588085354804152666e+04
2.604429443230525794e+04
2.703950631145287480e+04
2.649773576741924262e+04
2.606779584441768020e+04
2.600351646787855498e+04
2.618325734408224889e+04
2.586280530727104269e+04
2.668430089478943410e+04
2.591840494024727741e+04
2.589802369019686739e+04
2.591554133158160039e+04
2.644857902652586927e+04
2.594240930915993522e+04
2.574276720643044246e+04
2.706724717282213896e+04
2.607861474080587141e+04
2.584306869210457080e+04
2.595524337432128959e+04
2.608230213869678482e+04
2.676101742884290798e+04
2.593067535116402723e+04
2.584768540158052201e+04
2.672217257897645686e+04
2.572901580736189499e+04
2.640974865488897194e+04
2.595029440117508420e+04
2.644061182869058393e+04
2.595855476252970402e+04
2.612540148865551964e+04
2.659334510590660648e+04
2.569005755509828668e+04
2.585172368276965790e+04
2.590491998497792156e+04
2.641110810515705089e+04
2.598378951844856056e+04
2.590911334355988583e+04
2.584315643348120284e+04
2.622266171098478299e+04
2.608764929584241690e+04
2.624808333076674171e+04
2.578997702394694716e+04
2.592272310191890210e+04
2.601593225680372416e+04
2.585493409625227650e+04
2.623285817620149828e+04
2.706828422914885596e+04
2.605115010614409402e+04
2.604998658759809405e+04
2.618573935269724461e+04
2.593137139552572626e+04
2.633431232870425447e+04
2.604577951329984717e+04
2.630950665189850770e+04
2.687918565837771894e+04
2.675149728353298269e+04
2.616067985349508672e+04
2.615698388898944904e+04
2.612725680249482684e+04
2.597822147303243764e+04
2.728668769566301853e+04
2.614351439992497762e+04
2.626890553824050949e+04
2.653540967891160835e+04
2.625560310805532936e+04
2.696069212872359640e+04
2.655740609273613518e+04
2.619608606252448590e+04
2.596329135175603733e+04
2.600254919288931706e+04
2.608185662969212717e+04
2.693463110106022941e+04
2.572147565974111785e+04
2.601902317421804037e+04
2.631873598407437385e+04
2.629142115825872679e+04
2.628710733864850772e+04
2.615420692600499387e+04
2.654055497974273385e+04
2.685937684432822789e+04
2.662079892183693664e+04
2.590836551562042951e+04
2.609719900297754066e+04
2.613925691551714772e+04
2.646749827091165207e+04
2.603789440449217727e+04
2.694134355486742425e+04
2.597281259952131950e+04
2.601142611858746386e+04
2.615589948313396962e+04
2.649870944326450262e+04
2.639756659738967210e+04
2.586358297667942315e+04
2.604311875644876272e+04
2.649757067035798536e+04
2.601748154759092722e+04
2.624482997543423335e+04
2.603341747215861687e+04
2.614733748882639338e+04
2.610273705551522289e+04
2.590925887077082371e+04
2.606956710231914258e+04
2.610588601603071584e+04
2.624220833455810134e+04
2.620451535675024934e+04
2.616644638808428499e+04
2.605796933310477107e+04
2.671835764273628592e+04
2.594016458820650587e+04
2.647802405502508554e+04
2.609999032616999102e+04
2.658287572532509148e+04
2.613016123225601041e+04
2.615860842204281289e+04
2.617560634356520677e+04
2.653734323012890309e+04
2.581524189781723180e+04
2.673161706757098364e+04
2.661298005458096668e+04
2.639941964954116338e+04
2.626815648484685153e+04
2.610173386948241023e+04
2.616931121794794308e+04
2.599221029588723832e+04
2.639529638855620215e+04
2.601421931979592046e+04
2.607016590097159860e+04
2.645797032896432938e+04
2.639937780051403388e+04
2.628001801330233502e+04
2.607490113131268299e+04
2.628354514282799937e+04
2.596926323983117254e+04
2.664170121374396695e+04
2.605115256804927776e+04
2.612254391095662868e+04
2.647246994775981875e+04
2.617314118604334362e+04
2.587072149903254467e+04
2.659208331218920648e+04
2.619071766741522515e+04
2.613679312681352894e+04
2.651437715166511771e+04
2.659844423046422526e+04
2.609876329382232507e+04
2.668289380559007986e+04
2.632149495225398641e+04
2.611742387608232821e+04
2.607985726902532042e+04
2.674965211519165678e+04
2.613575323891795415e+04
2.605897073465658468e+04
2.584811996862991873e+04
2.575243544295680476e+04
2.628936799000973770e+04
2.595334243301993411e+04
2.635392808032854009e+04
2.613064859958432862e+04
2.616678712274636564e+04
2.668057657557858329e+04
2.649540775542916890e+04
2.646365914755825725e+04
2.633419549888869369e+04
2.541558730146929156e+04
2.606479360646002533e+04
2.604447835795971332e+04
2.623488100227004543e+04
2.607968715225281630e+04
2.618152987860823487e+04
2.688611336943449351e+04
2.623190809945954970e+04
2.597942068642243248e+04
2.632939783081119458e+04
2.641467907019645281e+04
2.582539068211256745e+04
2.618360695549233424e+04
2.677633427644387484e+04
2.621510631750316679e+04
2.629464354872076001e+04
2.613845955189024244e+04
2.593785398507578793e+04
2.610565128566415297e+04
2.596888209578226451e+04
2.629134904536212707e+04
2.596195427080239824e+04
2.589153538671803835e+04
2.623286094667135330e+04
2.638089239781149081e+04
2.592811065873419284e+04
2.592868728403189743e+04
2.634546250941948529e+04
2.605124121877982907e+04
2.591872485318070540e+04
2.679715216972597409e+04
2.582026228481405997e+04
2.722503730481168168e+04
2.656048688733791278e+04
2.696425031512883288e+04
2.617236199541029782e+04
2.590424896516178705e+04
2.590983595762374534e+04
2.649487529442931918e+04
2.593039798788665212e+04
2.602766022611334483e+04
2.604079692713803161e+04
2.609731258831642117e+04
2.603613443033613657e+04
2.682844251806823013e+04
2.651927881654615703e+04
2.674620406809539054e+04
2.688954824226900018e+04
2.679844535655126674e+04
2.609997421499079792e+04
2.584089021798851900e+04
2.617533680381693557e+04
2.668213237386407127e+04
2.611326730675996441e+04
2.678658948694808714e+04
2.671015572279320259e+04
2.597682545343401216e+04
2.637286413901847845e+04
2.587318381696520373e+04
2.611654042288514756e+04
2.657567906282499462e+04
2.599643021680811580e+04
2.623293215464029345e+04
2.590840143816803902e+04
2.629533803312646342e+04
2.623597268131229794e+04
2.580213790971050184e+04
2.586437524015215604e+04
2.610922808496010111e+04
2.706703646286215007e+04
2.592093004481388198e+04
2.617063957322674833e+04
2.617269442218073164e+04
2.650225971329247477e+04
2.607484054226189255e+04
2.659293673253464658e+04
2.601193221527143396e+04
2.645393423839322350e+04
2.588662739204648824e+04
2.627740092556588934e+04
2.602837158237042604e+04
2.633177657535044273e+04
2.583054590929645929e+04
2.641793207844297285e+04
2.603826346535667108e+04
2.592142401053458161e+04
2.600708577703231640e+04
2.622745741528025610e+04
2.589745360102486666e+04
2.691089945705202626e+04
2.717213431862001380e+04
2.610555590542175560e+04
2.738610438553753193e+04
2.575610522398547982e+04
2.636314872188441223e+04
2.610266697537065193e+04
2.576668287110240999e+04
2.639661638430185849e+04
2.609430106771262217e+04
2.633574132089816339e+04
2.637655173620079950e+04
2.756563844794626493e+04
2.628109621143879485e+04
2.616446601926119183e+04
2.595765692588434467e+04
2.604427725984374047e+04
2.601156621664755585e+04
2.670457792163804697e+04
2.582903322993732581e+04
2.582521922702431402e+04
2.661235974027222983e+04
2.623085180842312911e+04
2.611332117628288324e+04
2.644141335495577005e+04
2.610194094094125467e+04
2.627856364563044917e+04
2.651294633194313064e+04
2.618865850913680333e+04
2.617360971988092933e+04
2.634446558901309618e+04
2.609392897446641291e+04
2.627561041109940197e+04
2.618080846599606230e+04
2.596878559433807095e+04
2.573288815276447349e+04
2.638896107988229051e+04
2.597394645092008068e+04
2.649322780324342602e+04
2.615892380584411876e+04
2.599686326042346991e+04
2.620116059199587107e+04
2.662327407602273161e+04
2.657411903559019993e+04
2.666263716953135372e+04
2.598578932148557942e+04
2.614956880540975180e+04
2.590521998281576452e+04
2.644878098849954768e+04
2.629804003703877970e+04
2.657372720788628794e+04
2.612134053464458339e+04
2.617466709148984228e+04
2.610400832624980467e+04
2.649410763821945147e+04
2.634306494059963370e+04
2.636718208712587148e+04
2.602654289799808976e+04
2.623133073989817422e+04
2.673017484067828264e+04
2.617575777625966657e+04
2.638946240470372504e+04
2.633277984426484909e+04
2.627037251136635678e+04
2.677268338523722559e+04
2.676643271972222283e+04
2.584466531055710220e+04
2.583957146810870108e+04
2.612018551157263209e+04
2.653515492638183423e+04
2.610380885839455368e+04
2.675360718464398087e+04
2.613099163304664762e+04
2.592761725487249714e+04
2.633669770287484062e+04
2.614489652864668824e+04
2.596256581884290063e+04
2.635810200525145046e+04
2.607912492969267623e+04
2.653937990910777080e+04
2.629315157763331081e+04
2.612083440548834187e+04
2.627573608829465957e+04
2.651589009212510427e+04
2.575202845658674414e+04
2.610058799290956813e+04
2.622029220675532633e+04
2.667502211243093916e+04
2.675645549496090098e+04
2.606465641721031716e+04
2.631742192483160034e+04
2.593074648441111276e+04
2.619034493668027790e+04
2.613154283234042305e+04
2.594696205670946074e+04
2.588288690844863231e+04
2.660032446081440139e+04
2.563965645758321261e+04
2.595463932933942124e+04
2.559103345202726996e+04
2.603395429681738824e+04
2.662441681855853676e+04
2.669420597432013892e+04
2.592401348326933658e+04
2.648858536494128930e+04
2.626276153796315339e+04
2.660889452805938708e+04
2.592859147669854792e+04
2.618098257115403248e+04
2.589082168761979847e+04
2.578487476144559696e+04
2.657370092050003950e+04
2.645504671010361562e+04
2.608308933604975027e+04
2.685550832232787434e+04
2.669813638573458593e+04
2.635923522689265883e+04
2.620061741073512530e+04
2.600505165612052588e+04
2.575183283082021080e+04
2.605515055068765287e+04
2.606373310156417938e+04
2.629408405865960231e+04
2.600377983858295192e+04
2.670860211473495292e+04
2.667666980678094842e+04
2.592204454432519924e+04
2.601572931907189923e+04
2.650003360852199330e+04
2.586808409572579330e+04
2.611084204675255751e+04
2.602713583500980894e+04
2.582520220408624664e+04
2.588884682012755002e+04
2.663070205432975854e+04
2.567188125346213565e+04
2.588455708994840461e+04
2.599816734448114221e+04
2.614316949013293925e+04
2.602697230079632209e+04
2.655378930247142125e+04
2.597070168864098378e+04
2.680803556611435124e+04
2.664640527781424316e+04
2.620771752539941372e+04
2.623230620185569933e+04
2.637844352685800186e+04
2.583917741045387447e+04
2.631022282296592311e+04
2.712634152623275440e+04
2.613213385056743937e+04
2.669615939506458744e+04
2.598676613506873764e+04
2.607586317500980658e+04
2.629594057461239208e+04
2.609053314153099564e+04
2.621141242826858797e+04
2.636115352495966363e+04
2.639007771099820093e+04
2.574032838433608049e+04
2.599813061500545518e+04
2.586036237837138833e+04
2.708478473387570921e+04
2.624884847569209160e+04
2.647911178035437479e+04
2.637219229467222249e+04
2.607943934413233728e+04
2.617867193460958515e+04
2.630317679025897814e+04
2.599850902440925711e+04
2.658745604282441855e+04
2.587603333871714858e+04
2.639389114579562738e+04
2.647366937891019188e+04
2.586060563299436762e+04
2.589938779916589192e+04
2.625552629013550177e+04
2.560407608760542644e+04
2.567592697092574235e+04
2.631594041001158621e+04
2.604632283646671567e+04
2.588945035903500320e+04
2.641939482787157976e+04
2.655220853867447295e+04
2.600486642756998845e+04
2.598526693278064340e+04
2.624026892023701657e+04
2.675911230036370398e+04
2.642584950772853335e+04
2.587731021616312864e+04
2.591589643899774455e+04
2.599654109413706101e+04
2.616503169041124420e+04
2.625374949730509252e+04
2.639217833129514838e+04
2.630639695617959660e+04
2.599930737929889074e+04
2.689549496040755912e+04
2.597588737937076075e+04
2.647239742916398245e+04
2.604277166832241346e+04
2.672903172283756430e+04
2.648887610836079330e+04
2.598664275812796404e+04
2.613052659378520912e+04
2.631454286634334858e+04
2.607172376330061161e+04
2.653337819626209239e+04
2.654521312763323294e+04
2.706614663082028710e+04
2.615818393027434649e+04
2.625976116476621246e+04
2.629102872941441456e+04
2.600768731247969481e+04
2.628977229588763294e+04
2.594149740058211319e+04
2.611736742495350336e+04
2.591344130217056954e+04
2.601580336251456538e+04
2.659421433216537116e+04
2.551364832392031894e+04
2.711682611672016719e+04
2.627130227735079825e+04
2.584260071293508372e+04
2.640909899888170912e+04
2.675276118704338296e+04
2.658996863398184360e+04
2.616693981623917352e+04
2.642270132492301491e+04
2.583430779299447750e+04
2.607710330483264624e+04
2.617934037460363834e+04
2.592126155964997815e+04
2.672668095491758868e+04
2.624383808808824688e+04
2.653836581239525549e+04
2.581112475494907267e+04
2.619247551013408884e+04
2.630902053732051718e+04
2.604929796132103365e+04
2.594986216875703394e+04
2.660164424261664681e+04
