2.814821445367328145e+00
2.843475480789462662e+00
2.831749351225458344e+00
2.808676634108104864e+00
2.785544534617875545e+00
2.821224995321102824e+00
2.825667229016629811e+00
2.842431957329264236e+00
2.839062167265733461e+00
2.790701660646717652e+00
2.856924746091181966e+00
2.839784945182869169e+00
2.818358767001762910e+00
2.853446429299774323e+00
2.875453367989569742e+00
2.816595705621158352e+00
2.813892174158791448e+00
2.834192221136583534e+00
2.822632117136297136e+00
2.824544750092485401e+00
2.838339790819273123e+00
2.858752868184155194e+00
2.854383684098901419e+00
2.804410414274615793e+00
2.836753220884846716e+00
2.834887605553490619e+00
2.851743027501183914e+00
2.824087828288094126e+00
2.832090166443653079e+00
2.810611616744182140e+00
2.815448026436189188e+00
2.817823163434012734e+00
2.803449950491291531e+00
2.836410399386101844e+00
2.811034301761196286e+00
2.826653028725127914e+00
2.798799920519249085e+00
2.813438957262095030e+00
2.783914933254346913e+00
2.819099755511328187e+00
2.857218932032415726e+00
2.856801675078092906e+00
2.826366200592278943e+00
2.793090002552067297e+00
2.839658569346096950e+00
2.809145087993619949e+00
2.845968729445386369e+00
2.820668739905848099e+00
2.816776506644289579e+00
2.820095487982182458e+00
2.806531106960082678e+00
2.815422286143370645e+00
2.860283308452367113e+00
2.837971946711117965e+00
2.848050779734251137e+00
2.819942087450193480e+00
2.836872922635804706e+00
2.848706779575142622e+00
2.871194649978004776e+00
2.824485657563246210e+00
2.839999542695693435e+00
2.852535193244275735e+00
2.827397666134732201e+00
2.851357326153384886e+00
2.831571124630311687e+00
2.808803266657175168e+00
2.856541073754430560e+00
2.786855333360864773e+00
2.823399595798631534e+00
2.833619586419140024e+00
2.813732929482244849e+00
2.821539671581199116e+00
2.822760091981251218e+00
2.888107440636684231e+00
2.821288205837461316e+00
2.806715142872267421e+00
2.841644840990708687e+00
2.799142343919232889e+00
2.859144233273800406e+00
2.856636826645803318e+00
2.797949387203977789e+00
2.854402393649103864e+00
2.768718918688677366e+00
2.813321692986565203e+00
2.855845861089741256e+00
2.816908335269758812e+00
2.823723148663174864e+00
2.844535586888825129e+00
2.792121152480275370e+00
2.799406108395691373e+00
2.810130668114848351e+00
2.855136900131999944e+00
2.825295772053947108e+00
2.820177685338086881e+00
2.810486850947346849e+00
2.835226119999174621e+00
2.839277824232334435e+00
2.804990452276503898e+00
2.787215048427727826e+00
2.794972646111825831e+00
2.809905479128512074e+00
2.807542898862135150e+00
2.807077694031624215e+00
2.797969307646168691e+00
2.840061534407980925e+00
2.803575161121780290e+00
2.799924594247797494e+00
2.851566310457707587e+00
2.833016533110893853e+00
2.838795251868611036e+00
2.803049800607166020e+00
2.804521993922845624e+00
2.832884218593024528e+00
2.815236373582799434e+00
2.830548454477840981e+00
2.802629279293274767e+00
2.814665530968602170e+00
2.807427162716731761e+00
2.856422223806115657e+00
2.806045740251632559e+00
2.853571410742716807e+00
2.864138068231602219e+00
2.802357134083310441e+00
2.825514360387661128e+00
2.831387103824423601e+00
2.832535794829019515e+00
2.829254495764416788e+00
2.839595256891529029e+00
2.856811013290270207e+00
2.834007955418142100e+00
2.790599359806917867e+00
2.834251876276748572e+00
2.825027781940708138e+00
2.865683812822750642e+00
2.857558235962208482e+00
2.810197197214141074e+00
2.811692894150657374e+00
2.795134463341641062e+00
2.841905831083015421e+00
2.803699367332568748e+00
2.816352725337069263e+00
2.827733898289296111e+00
2.817781590453278362e+00
2.843915719959321020e+00
2.810028758104305968e+00
2.834740715509655118e+00
2.845513845900716987e+00
2.851357697044365036e+00
2.779812554102381039e+00
2.826238764837025741e+00
2.800319343635542246e+00
2.854827990558649109e+00
2.798184194231961630e+00
2.832469087311996869e+00
2.838728529614766849e+00
2.827538942873282224e+00
2.837946337870250080e+00
2.848178961605757564e+00
2.844962849568998919e+00
2.801392220463543303e+00
2.860794114868523419e+00
2.823998234927878492e+00
2.801717915477483611e+00
2.837638496840064306e+00
2.845022997205343351e+00
2.846614211708240028e+00
2.815709660096667122e+00
2.816481401859847189e+00
2.875654025455000262e+00
2.845615600330137163e+00
2.793333909092432510e+00
2.810852600778729116e+00
2.838053102687906115e+00
2.821896757999720506e+00
2.814482911183956659e+00
2.778267158234637879e+00
2.809324375217348457e+00
2.822485186517633693e+00
2.803075576820476922e+00
2.856952105174919598e+00
2.831818191379992022e+00
2.816930494190854173e+00
2.836582300753009100e+00
2.828219111568027522e+00
2.836260783719868783e+00
2.824665294494187684e+00
2.857067236664769361e+00
2.819082382155003952e+00
2.825429467839076558e+00
2.812044604604137632e+00
2.801865606011034071e+00
2.824861479716855417e+00
2.855456281019475906e+00
2.805828385216364573e+00
2.796824692415990743e+00
2.821495374995814043e+00
2.790538200063358065e+00
2.825141906099007727e+00
2.831980179606218062e+00
2.828734296407972248e+00
2.802160206061734549e+00
2.801135491762398289e+00
2.817146867222569018e+00
2.809148539909590792e+00
2.836552308584191717e+00
2.792223684514685722e+00
2.805137723092267610e+00
2.857699147971609399e+00
2.833107399449596997e+00
2.816479753432680422e+00
2.858882281342270293e+00
2.826315483013862373e+00
2.838540555179032143e+00
2.858897554848340405e+00
2.849863509190563082e+00
2.817023571429718043e+00
2.838347018574246761e+00
2.809383281504161278e+00
2.816571564350534906e+00
2.808726451726159201e+00
2.837652717381078382e+00
2.800451125397165786e+00
2.826735046026969567e+00
2.823111359149706789e+00
2.797053599865541695e+00
2.835419799056298817e+00
2.817456494191073801e+00
2.796390189878874555e+00
2.851474438053867466e+00
2.804548838077390194e+00
2.835561892573041032e+00
2.801185382779366240e+00
2.808816260517700059e+00
2.811189970495375334e+00
2.815103884832661052e+00
2.809491935690556108e+00
2.847560438758590884e+00
2.829711625793189800e+00
2.830409209547603666e+00
2.795630563968948490e+00
2.815771504032089201e+00
2.779945003740762477e+00
2.840298255502751612e+00
2.820167558648700723e+00
2.816511428807085160e+00
2.859744954577227993e+00
2.826784599309222656e+00
2.842863290110896113e+00
2.851049697330664934e+00
2.837871392633610768e+00
2.815387314381790240e+00
2.862781116391005742e+00
2.834429801459288356e+00
2.845826919507754571e+00
2.802149713232915396e+00
2.801462148786750816e+00
2.807324645643693550e+00
2.825478665901621778e+00
2.780273617375820905e+00
2.828262723953430147e+00
2.829119793555054052e+00
2.813100585096916628e+00
2.846445639554951335e+00
2.822886513337687475e+00
2.771170510330054348e+00
2.862920641692972445e+00
2.822379993941225962e+00
2.813711321538621579e+00
2.785155416973350562e+00
2.817799092714970755e+00
2.832213407709798236e+00
2.835580843206801926e+00
2.831134841003621005e+00
2.799461129554184691e+00
2.805486303314252972e+00
2.809637317657760480e+00
2.826410520964335760e+00
2.856580543524613436e+00
2.884801942907226024e+00
2.833027632683033037e+00
2.826069421383532010e+00
2.824784375162483485e+00
2.833738923598905224e+00
2.847486742383078528e+00
2.844207145043052165e+00
2.855807277087725193e+00
2.817230317355886804e+00
2.807462510282835666e+00
2.820043987280159037e+00
2.830509643732339153e+00
2.798967738575798059e+00
2.874027400074544936e+00
2.816820533388785908e+00
2.823785290361424671e+00
2.811204287095297794e+00
2.851625259145990743e+00
2.817960997635921672e+00
2.820768237499666320e+00
2.844524798343835759e+00
2.864432738571229375e+00
2.872835135705062104e+00
2.816203789970284532e+00
2.810311534260692135e+00
2.799894401568946201e+00
2.801856583996883643e+00
2.844052631006482201e+00
2.817438520078141995e+00
2.802937045281952866e+00
2.817524449136245668e+00
2.825651073585623507e+00
2.851950664800130486e+00
2.816900180412062582e+00
2.822883139964587507e+00
2.799579400291677622e+00
2.864697387426382580e+00
2.841845820185228355e+00
2.822718466805708815e+00
2.844773298734274647e+00
2.810699272159137507e+00
2.818892931547228198e+00
2.861149080609348694e+00
2.842713923988257729e+00
2.847596561903404933e+00
2.812753693570543945e+00
2.817967968538348966e+00
2.813422570823600033e+00
2.809123250968938112e+00
2.829154350377530047e+00
2.778685943148738069e+00
2.799971664587054931e+00
2.823091770116129329e+00
2.816639727740439803e+00
2.848236932580399117e+00
2.850178484800383494e+00
2.819533704973054888e+00
2.842540376876849795e+00
2.820955146475156994e+00
2.797099651055627856e+00
2.793363610330563684e+00
2.801871172224073447e+00
2.857747248850801114e+00
2.835393495149856946e+00
2.865013198490610868e+00
2.805175991100249622e+00
2.816697765433216816e+00
2.826773034126667916e+00
2.792936009337070313e+00
2.820929279969023540e+00
2.833011748738211821e+00
2.832653915236519993e+00
2.841485369327959365e+00
2.863268784344105367e+00
2.806964289021205428e+00
2.755302886486021841e+00
2.812554762801219965e+00
2.814651993117319950e+00
2.837945064843756970e+00
2.789759061677990370e+00
2.827033878826686664e+00
2.799706226978146972e+00
2.831306438292674255e+00
2.868692695654631919e+00
2.821030407420155317e+00
2.823954638133795214e+00
2.860172403352668535e+00
2.852034054687196729e+00
2.817763787230334049e+00
2.813604333162068816e+00
2.839987048512079948e+00
2.845401429133329163e+00
2.822330254378224712e+00
2.824165418566959573e+00
2.852724084432052276e+00
2.794956903516725877e+00
2.825462031443859434e+00
2.820773364086331725e+00
2.803844088417650759e+00
2.856069442262950897e+00
2.853779422537463972e+00
2.788334678755854057e+00
2.817254264325867563e+00
2.787319213472526425e+00
2.847143867970010511e+00
2.827274170776694628e+00
2.834658701132685810e+00
2.831849419206789342e+00
2.802935235310203943e+00
2.855009158677631831e+00
2.855710056205057246e+00
2.848708243302779941e+00
2.827378310221136282e+00
2.833621334258311641e+00
2.828854168603383901e+00
2.841866692481091583e+00
2.799303867284350655e+00
2.836034548016602930e+00
2.837535273239451872e+00
2.801454148917295051e+00
2.834459114381768785e+00
2.847770215302326324e+00
2.791587512607226262e+00
2.838803205038343158e+00
2.811034497032983026e+00
2.857851297611249120e+00
2.835181950611480595e+00
2.851837686427199703e+00
2.807398297523601371e+00
2.837813981176821709e+00
2.805813485149803110e+00
2.812628229685454784e+00
2.785053623486179131e+00
2.797802835268343724e+00
2.869307137320575407e+00
2.824442330045884297e+00
2.856984552349911777e+00
2.843832696575616215e+00
2.841448100258224585e+00
2.783212560334228147e+00
2.808350258344097572e+00
2.813925479774073590e+00
2.828697078391325892e+00
2.838343872143668900e+00
2.796593380518413774e+00
2.833455048497404150e+00
2.779351799281887025e+00
2.844022858556630506e+00
2.816254059286785516e+00
2.837901663167835764e+00
2.774041732670903926e+00
2.810289596401995382e+00
2.828399108443942822e+00
2.807388618582247197e+00
2.839042837715605394e+00
2.852387523437419858e+00
2.829116925426470086e+00
2.855006091302735083e+00
2.844462548408101643e+00
2.841323170555872579e+00
2.817887952149204622e+00
2.822014305900460762e+00
2.803491094689780194e+00
2.847386393326737597e+00
2.869568025092430918e+00
2.811357406622887023e+00
2.839719342071763908e+00
2.833359491981264355e+00
2.782161672495682581e+00
2.833794779694863042e+00
2.829093261303119444e+00
2.830059885399605513e+00
2.804664279418988659e+00
2.851049631987023769e+00
2.817247906668193913e+00
2.801271513510816380e+00
2.791334380325144249e+00
2.856607980001289349e+00
2.817868907815232582e+00
2.811275211007973063e+00
2.796546398880205953e+00
2.848289010245184549e+00
2.798504074850091783e+00
2.849130959031289212e+00
2.816535381512018432e+00
2.789818971726578223e+00
2.813386521728129530e+00
2.855248787550134004e+00
2.814769296869361614e+00
2.835283920649484646e+00
2.818821416205550712e+00
2.865354713626503180e+00
2.839393360301810887e+00
2.827425335381736460e+00
2.866787537173635769e+00
2.814204978748490849e+00
2.819094689313426993e+00
2.843246318357660396e+00
2.812442389348030147e+00
2.829276191110277061e+00
2.788440830222238986e+00
2.810322945601384959e+00
2.793047418302735174e+00
2.849065400261818315e+00
2.810488024221608150e+00
2.831667244445661868e+00
2.820401261142630567e+00
2.799156459293310029e+00
2.806394842236223930e+00
2.866729828451032080e+00
2.844399404194200009e+00
2.826031343697883003e+00
2.826655812446496885e+00
2.821327301960641076e+00
2.813277604534974330e+00
2.809518653595786564e+00
2.815465643143190810e+00
2.840937400001357194e+00
2.743666337930694699e+00
2.828278402924642609e+00
2.809885887914072455e+00
2.796275664856511689e+00
2.841379123917592064e+00
2.796242153273316156e+00
2.806294001274789007e+00
2.815251975647702576e+00
2.787343706286371514e+00
2.838312815507677112e+00
2.831843495090859530e+00
2.786968861600372716e+00
2.797301088696015459e+00
2.847324895159507374e+00
2.803908932144695054e+00
2.821158438528847068e+00
2.818514763569614168e+00
2.856149172886752741e+00
2.812609267398471946e+00
2.827269679009297043e+00
2.844135710481645596e+00
2.797231975334331544e+00
2.811536176521212571e+00
2.847943991028656807e+00
2.839596542144910529e+00
2.845696422450211482e+00
2.821560266232825853e+00
2.854696238018601839e+00
2.833973542669695700e+00
2.843282161404645070e+00
2.809177065076994495e+00
2.806025274932443470e+00
2.811801193629369866e+00
2.842141748458150818e+00
2.823241766305637057e+00
2.778032072190840918e+00
2.830544005029119070e+00
2.823358994076310857e+00
2.842564381858348366e+00
2.877726486969267583e+00
2.796402702708725929e+00
2.837640844793607453e+00
2.843062425088810574e+00
2.825360020205093470e+00
2.848591087590686133e+00
2.827011601294277199e+00
2.833594483123266450e+00
2.819922700576546593e+00
2.853482292041581214e+00
2.863646254090818744e+00
2.833568028657566629e+00
2.808940666814473186e+00
2.827061435065823858e+00
2.835092928862236406e+00
2.802856782769561406e+00
2.835133205294123826e+00
2.803342191745451295e+00
2.839207208372195090e+00
2.850081897050969815e+00
2.814093681313554196e+00
2.755156545208120367e+00
2.814543680711984575e+00
2.817319194182887898e+00
2.809662334358176139e+00
2.841003285534517975e+00
2.823400846124240804e+00
2.808518598006592093e+00
2.817505702031307013e+00
2.850860882082986159e+00
2.848743568614374500e+00
2.796588070620897426e+00
2.812804569069546012e+00
2.847765640329345427e+00
2.868384998555312482e+00
2.842469085270583840e+00
2.789132005931410863e+00
2.850915341523136082e+00
2.814475183990184703e+00
2.807590628911242892e+00
2.815353739085932894e+00
2.810391708098647801e+00
2.832369840774269232e+00
2.823363946676253011e+00
2.836015996879869494e+00
2.824434204284002270e+00
2.871231481124041363e+00
2.827248698808350280e+00
2.839649248147142924e+00
2.800584461636867140e+00
2.797126543201209348e+00
2.840677996747073220e+00
2.874127247115759509e+00
2.798617409819414092e+00
2.783667300403350531e+00
2.823431745358285117e+00
2.810540299979112255e+00
2.828514089622691241e+00
2.841912677587029812e+00
2.838683307953180357e+00
2.812293818687385372e+00
2.823889323122272366e+00
2.847140159552001837e+00
2.852877691872091059e+00
2.813249981898628516e+00
2.809457501331237061e+00
2.833417990067844894e+00
2.852249442546785474e+00
2.839063215555118536e+00
2.821944377782098279e+00
2.843678780924896010e+00
2.800774094131016856e+00
2.814500251161576649e+00
2.837934830417482956e+00
2.852239143178868286e+00
2.795675028265753870e+00
2.817671491902197456e+00
2.817120016056217757e+00
2.810216451681822214e+00
2.799384938021488800e+00
2.803319381298002178e+00
2.830364561293423176e+00
2.795876395964991268e+00
2.848463467981621200e+00
2.840101866440106093e+00
2.836064785710734171e+00
2.841359326951033992e+00
2.838414958635277596e+00
2.849005242987975084e+00
2.790557262963818452e+00
2.813601705450743840e+00
2.838429277854707777e+00
2.821867623974926076e+00
2.818901619316809715e+00
2.842015588464498865e+00
2.833345061181150815e+00
2.839563925366481723e+00
2.810585935525477641e+00
2.828316261657555675e+00
2.801817747439406592e+00
2.831052852107710294e+00
2.771369518448855818e+00
2.780661578368346820e+00
2.841724728198161465e+00
2.838463122164241792e+00
2.811918357288579084e+00
2.820135459294938141e+00
2.819958699047114159e+00
2.841878610074150213e+00
2.810026126617271469e+00
2.802273255920701533e+00
2.822438760440678429e+00
2.843026034526070944e+00
2.845838005670226600e+00
2.799532640920358695e+00
2.832289229512447104e+00
2.831282134170799214e+00
2.845834980726365870e+00
2.815684541497732507e+00
2.828963780416294149e+00
2.810169900846621438e+00
2.855518844291503378e+00
2.823021764623779184e+00
2.792793483389496512e+00
2.857849465947437828e+00
2.881431963802113749e+00
2.807922195634608098e+00
2.861523836426925538e+00
2.811445433415877382e+00
2.828865281376196084e+00
2.820015967011069602e+00
2.826155153828878497e+00
2.839055076354823903e+00
2.808240638175590220e+00
2.802923020542526178e+00
2.797404439623472960e+00
2.810379161333133258e+00
2.842996858727999676e+00
2.851054962408059446e+00
2.860727903219738799e+00
2.831268683816225540e+00
2.821509672013469139e+00
2.834132614351616120e+00
2.803286574073101001e+00
2.857389922651660363e+00
2.839689642497727817e+00
2.798180530611145134e+00
2.857132988100805626e+00
2.850182008551513935e+00
2.794920991449414416e+00
2.804888639324808253e+00
2.827416757098015765e+00
2.793979835402836009e+00
2.820849651446672102e+00
2.855386218085485428e+00
2.814737593471431154e+00
2.816332461774128770e+00
2.819787169248042069e+00
2.833441928872944438e+00
2.835758507328422606e+00
2.844261473173590460e+00
2.822968984073477294e+00
2.800870220241152175e+00
2.783888925278798165e+00
2.827158426138285829e+00
2.841631894959884441e+00
2.824308264043946082e+00
2.825812209201243430e+00
2.822261104599748549e+00
2.803432793699058845e+00
2.808178587958229500e+00
2.854884318068860338e+00
2.821903433626244073e+00
2.820939221124187490e+00
2.828009430594285334e+00
2.784518661478229351e+00
2.823406244783190910e+00
2.822190652724379856e+00
2.855714835669992180e+00
2.836472573115524476e+00
2.768069109917181247e+00
2.825559772245627155e+00
2.808515719827923807e+00
2.837356058403607051e+00
2.844070779767384316e+00
2.828278698407014957e+00
2.818172651833855902e+00
2.815900357678848831e+00
2.843676079920436806e+00
2.837187326187691649e+00
2.820652131730310153e+00
2.847622506848979995e+00
2.857020020957334427e+00
2.822601289140247438e+00
2.788366627746443616e+00
2.787525560706932470e+00
2.842742392468473600e+00
2.847964666867422778e+00
2.826021099511988766e+00
2.835284913271227669e+00
2.797044908000405172e+00
2.853823675660859482e+00
2.802349533912688262e+00
2.832731299741171771e+00
2.847150199092590483e+00
2.791557214929007102e+00
2.832632057941651738e+00
2.817208385105551827e+00
2.855406759476347922e+00
2.871904518221712443e+00
2.837766309408435994e+00
2.831929975282981182e+00
2.846647319246069952e+00
2.829263803491918416e+00
2.811994045402192111e+00
2.830544919526928105e+00
2.834003462105518789e+00
2.804163315374319509e+00
2.877618252107419838e+00
2.826795399345872983e+00
2.847591461316888672e+00
2.802835114407362216e+00
2.842820770855776225e+00
2.805076880730185795e+00
2.809829204993889551e+00
2.834155609330235137e+00
2.897745431861147747e+00
2.810601475355950729e+00
2.834898952948356143e+00
2.799470687827966042e+00
2.811329806429389233e+00
2.880969922155490526e+00
2.856931355840888198e+00
2.768539030295086523e+00
2.822136620830997256e+00
2.827891648798338320e+00
2.818719201080695846e+00
2.813470755306677340e+00
2.839324564862442113e+00
2.834907381840054530e+00
2.821538326391245910e+00
2.834115344359547706e+00
2.794113655911523164e+00
2.784056268706320836e+00
2.883058115218757322e+00
2.797020195523924002e+00
2.836624162253534198e+00
2.872510568086320770e+00
2.838967370461563444e+00
2.848492033546656810e+00
2.805950093147626667e+00
2.797952420651118377e+00
2.825400368279297414e+00
2.803397020318977084e+00
2.864348391211061440e+00
2.812757952806205886e+00
2.799077456726904778e+00
2.801201464330704383e+00
2.811176721451918326e+00
2.798096972167231744e+00
2.844831610487361218e+00
2.826481224091936362e+00
2.809752642507797216e+00
2.859205564427796720e+00
2.860327752011277536e+00
2.793825877548445913e+00
2.810192911854667130e+00
2.790832573722884291e+00
2.825135509663510014e+00
2.836143852637134533e+00
2.802244685224556164e+00
2.822121171990919830e+00
2.828606187618087020e+00
2.834925399577858940e+00
2.801796051281038924e+00
2.810232060745415428e+00
2.850808516308280360e+00
2.808055417257665276e+00
2.816508369997213546e+00
2.787016214399472780e+00
2.791649939031815020e+00
2.877156946748383515e+00
2.809729336770106833e+00
2.816574043747039457e+00
2.826818419430965346e+00
2.843901986945555738e+00
2.882929636520680905e+00
2.850190558787784045e+00
2.835274105312720838e+00
2.834131299752010058e+00
2.828917314315169573e+00
2.811835243768919579e+00
2.831512262174618932e+00
2.800726893792781613e+00
2.814754734905452693e+00
2.772815848470022271e+00
2.832466513934567054e+00
2.846306343532191807e+00
2.827088738737800533e+00
2.782896082325395870e+00
2.813316817526483327e+00
2.825299594039148321e+00
2.840092881655046142e+00
2.815509677025029855e+00
2.865306973148019409e+00
2.802344180819849484e+00
2.839048069072088509e+00
2.828294528262568885e+00
2.837035914464771658e+00
2.832878491590151260e+00
2.816928969789397108e+00
2.842125687070265805e+00
2.840979741832662331e+00
2.814774461829747221e+00
2.823006310271913399e+00
2.833830400044353492e+00
2.826582002355856105e+00
2.816233872591387577e+00
2.830682812632412393e+00
2.838967658848565279e+00
2.851556148933027224e+00
2.796126958782309657e+00
2.820905114759607812e+00
2.866837626948675499e+00
2.837207526729847551e+00
2.825863624452751743e+00
2.810940190471021616e+00
2.812891136716205942e+00
2.830884599788995093e+00
2.797445122909473447e+00
2.823108129636943797e+00
2.849261427440326511e+00
2.796563018548214874e+00
2.819431110917066885e+00
2.844934979056755520e+00
2.829645523474937807e+00
2.786013317435730219e+00
2.838821259809296116e+00
2.829160454490296850e+00
2.829923016794754886e+00
2.820177601151365732e+00
2.845911606006564565e+00
2.838094173600671066e+00
2.801268306783056161e+00
2.794888670920521623e+00
2.871838535221227229e+00
2.813265248632136117e+00
2.853479146703668423e+00
2.827946355525325028e+00
2.789437105624211544e+00
2.854623237976603001e+00
2.836590584900839929e+00
2.773717800963360514e+00
2.803733620130838933e+00
2.823888362957569509e+00
2.827024543660544786e+00
2.816559118285619778e+00
2.851784218637391177e+00
2.835431365615711741e+00
2.782415429149238673e+00
2.842595576783262690e+00
2.801945479979599085e+00
2.808270714913678745e+00
2.779868498836104429e+00
2.825672390023088454e+00
2.839899814068859385e+00
2.854868238365809052e+00
2.823497446129921595e+00
2.830084999884453278e+00
2.857024087532890722e+00
2.808652611189991433e+00
2.812212288605473010e+00
2.846381561026595008e+00
2.845243656163025658e+00
2.816515048379438557e+00
2.847885842084843855e+00
2.800635703313240743e+00
2.851450058880695249e+00
2.809724713755914483e+00
2.789068630100700830e+00
2.846983825081879083e+00
2.812974344572001684e+00
2.816089206774670117e+00
2.833093819252746837e+00
2.836748507013073795e+00
2.840367810614657262e+00
2.815386603160602963e+00
2.854781286825883502e+00
2.856848124645061215e+00
2.850628368308539606e+00
2.830021447956839520e+00
2.811755976924252831e+00
2.848747317543289359e+00
2.813992745700323095e+00
2.872802223838640145e+00
2.828118778432187508e+00
2.806885890421455088e+00
2.820645626633028424e+00
2.826818783388918011e+00
2.791933180582590435e+00
2.801140428638401403e+00
2.847855710487052328e+00
2.844227887395410104e+00
2.821114006341984837e+00
2.834484771806610404e+00
2.850676266571418260e+00
2.819234406149208727e+00
2.843311959398561850e+00
2.831551739769874843e+00
2.851447785413094849e+00
2.840627432057545754e+00
2.803104973030056346e+00
2.806434522202174708e+00
2.822693818235925800e+00
2.822155858727836808e+00
2.836071560584044526e+00
2.815693584111787384e+00
2.792892312278614231e+00
2.817457190465418648e+00
2.790936168338872037e+00
2.833527794479740791e+00
2.837295495978547688e+00
2.832693209979841420e+00
2.849846948130211555e+00
2.811400371050171376e+00
2.835550698982057138e+00
2.808402320029213861e+00
2.817250372749796394e+00
2.820000412637518661e+00
2.801947228129200163e+00
2.798700035590832247e+00
2.824839941960041845e+00
2.844058516731869712e+00
2.863708934104241877e+00
2.804042347115312861e+00
2.846703457077673693e+00
2.845704884088508635e+00
2.843135174226190109e+00
2.807567466308575010e+00
2.817689784547650955e+00
2.821869942600055747e+00
2.842353273008145109e+00
2.798076054402582891e+00
2.800551971006377983e+00
2.823183208658949006e+00
2.812313284396328772e+00
2.807038572325383896e+00
2.801262618613868050e+00
2.811046531332839660e+00
2.827050678182299936e+00
2.858204865113372684e+00
2.816047909339720157e+00
2.838043648609752445e+00
2.821000475701944232e+00
2.829688350506867955e+00
2.840828929797140301e+00
2.821015222994861293e+00
2.766269447097957634e+00
2.857975055767512096e+00
2.856005333497309451e+00
2.839266772870933764e+00
2.866963002019304874e+00
2.829685729003254657e+00
2.824457206914298801e+00
2.820903118894984907e+00
