1.060758127255096578e-01
1.058572851712911989e-01
1.047541821072176388e-01
1.049772521243490520e-01
1.031176945383654453e-01
1.045462594681605406e-01
1.025268103127243285e-01
1.061655748149929884e-01
1.052645282447017688e-01
1.047142262119546002e-01
1.063397440436785607e-01
1.049138988404810791e-01
1.044024311519646669e-01
1.077077401385467814e-01
1.054890251535399587e-01
1.039807875315081065e-01
1.049475543961727320e-01
1.061886199675062120e-01
1.053335799088742780e-01
1.045311879777995889e-01
1.049302393400661504e-01
1.046634229490933793e-01
1.068464518716232547e-01
1.052743218964249383e-01
1.034332308966485342e-01
1.063681544201984519e-01
1.048193157263842684e-01
1.060834931894425043e-01
1.060367470576598914e-01
1.046910383293657570e-01
1.045862359371686895e-01
1.058940774188553008e-01
1.051794584735594729e-01
1.043905406758097454e-01
1.062192123370046259e-01
1.065050999669973075e-01
1.040897626089137828e-01
1.061138363828416503e-01
1.033746363910560684e-01
1.035737968713700830e-01
1.055070448265773009e-01
1.044329099743821904e-01
1.058256124493451578e-01
1.057240163379064846e-01
1.073369138807453438e-01
1.060172379857645397e-01
1.051605727540542434e-01
1.063926349390992288e-01
1.076902609048494136e-01
1.071971461157325833e-01
1.043604996668172080e-01
1.042440908714373643e-01
1.051373833734664393e-01
1.066225701822246241e-01
1.032308826644125765e-01
1.044662304812370712e-01
1.036474635882610185e-01
1.045641082537883682e-01
1.061970103425170786e-01
1.052096024787798068e-01
1.038045747768051169e-01
1.032829667015965625e-01
1.051933578451033496e-01
1.046549640931148384e-01
1.061966147942912664e-01
1.058368208145046702e-01
1.072698076846665405e-01
1.046642558472701129e-01
1.077077427148005612e-01
1.072339812803481535e-01
1.044985195858202237e-01
1.053904431552816767e-01
1.060083693307857788e-01
1.069681111672314694e-01
1.043287076302694266e-01
1.077004604630268092e-01
1.048409614335741730e-01
1.039598939572915354e-01
1.059972307350762061e-01
1.044470351487238602e-01
1.032661317202892004e-01
1.058873904314870801e-01
1.041416075448596129e-01
1.038328399978627192e-01
1.054945084598543498e-01
1.077434252674837473e-01
1.037094257901774591e-01
1.041549307128568358e-01
1.056547953533288203e-01
1.040719722797957963e-01
1.087294714461778250e-01
1.055093978768844448e-01
1.055454711555794678e-01
1.036458571620960945e-01
1.047657708482370997e-01
1.062391135917478413e-01
1.045760090570470452e-01
1.060346261972424931e-01
1.052903941290881523e-01
1.048115363585346294e-01
1.043292952281759389e-01
1.045351084493089944e-01
1.041776403054092692e-01
1.057134151392086080e-01
1.075750790194802547e-01
1.081961629587385731e-01
1.064508911214400166e-01
1.037235078073943106e-01
1.044765258557990711e-01
1.079979861906693733e-01
1.038626070772322579e-01
1.058391192256002283e-01
1.043176673340413529e-01
1.044678877405935680e-01
1.050894937329423240e-01
1.054894930938026082e-01
1.046940477434720601e-01
1.043954944810405044e-01
1.059521430737102587e-01
1.022686158431946046e-01
1.049350727037489522e-01
1.039174713569859243e-01
1.063972338438733956e-01
1.062457564968194712e-01
1.046033829696171452e-01
1.048813176609241921e-01
1.061688622701805057e-01
1.049579522195025205e-01
1.043110545224898295e-01
1.057721970748981832e-01
1.045887015306267986e-01
1.051274226028522246e-01
1.046141444890493905e-01
1.058405034355793528e-01
1.044553357905408514e-01
1.056481457533517965e-01
1.051134893306831380e-01
1.056140295535761969e-01
1.042968434650221876e-01
1.069961618426110150e-01
1.029994587370465925e-01
1.047557634553541728e-01
1.041367315924985049e-01
1.043361361583285407e-01
1.043296324566907601e-01
1.060158252230399833e-01
1.056075008256365522e-01
1.043303328171848871e-01
1.058061778871063757e-01
1.057260323033715754e-01
1.066692533812191590e-01
1.047124691933133678e-01
1.052981750188476534e-01
1.070310960278719886e-01
1.046261513688106076e-01
1.055347099376352099e-01
1.058729344552038210e-01
1.057669218574025377e-01
1.065985035068216652e-01
1.074470144160355606e-01
1.022739994874188318e-01
1.037607629415235183e-01
1.044492803362380845e-01
1.043593415902381860e-01
1.058469958483877621e-01
1.080094617155082787e-01
1.081174328857478217e-01
1.051295673211110476e-01
1.056803631555057327e-01
1.093875335389500325e-01
1.073417492408780816e-01
1.044613459371812741e-01
1.056321708391023823e-01
1.055533280041841548e-01
1.043458838216777401e-01
1.059948425602102451e-01
1.055000550351714306e-01
1.043963406916262049e-01
1.069421855839905594e-01
1.035609290003205174e-01
1.028355039292260242e-01
1.050745823784343669e-01
1.061622446324429619e-01
1.031375443204737424e-01
1.043482164311297644e-01
1.040445003703297511e-01
1.063663047389264704e-01
1.040875634613364770e-01
1.044036742727687123e-01
1.054456608953362878e-01
1.066962109339716080e-01
1.070940785240946103e-01
1.068725434172503319e-01
1.048690413446110858e-01
1.044624845211641201e-01
1.061959736690522710e-01
1.059098311550516064e-01
1.034696790974360958e-01
1.036483929853360547e-01
1.035726146441005996e-01
1.045947447422020948e-01
1.035091271566824372e-01
1.052048808812049707e-01
1.024292008889150646e-01
1.033124851656563592e-01
1.059507132849601407e-01
1.063506306260470213e-01
1.055955642132572064e-01
1.044185305937168906e-01
1.052966268555849960e-01
1.071461394601344735e-01
1.059743181969917819e-01
1.054378967524123162e-01
1.058141029373124292e-01
1.078619423654435111e-01
1.060139344682498180e-01
1.033841073644280600e-01
1.038654698845910967e-01
1.059740617965176657e-01
1.059590193658994234e-01
1.050386961763848381e-01
1.054613200945066498e-01
1.054092553539607013e-01
1.043158683651178031e-01
1.056314727837349005e-01
1.024390351716319009e-01
1.069128351677936656e-01
1.046009604294999285e-01
1.066541836424204637e-01
1.068780167021924077e-01
1.033963539791633579e-01
1.055981495806375264e-01
1.050333362606351295e-01
1.055084919884793082e-01
1.055628255187001097e-01
1.039161533794561998e-01
1.034452852012006235e-01
1.037441169772682359e-01
1.055708915761469635e-01
1.066246763174231171e-01
1.050028972994364318e-01
1.054886263035386823e-01
1.034892377339076269e-01
1.058931297546346628e-01
1.061481415666618855e-01
1.043608568076350995e-01
1.060604426495133645e-01
1.039885255592797736e-01
1.054715993890948250e-01
1.068229686702825698e-01
1.039675286187138892e-01
1.062894763539587312e-01
1.043242466489908288e-01
1.065776242008587421e-01
1.029614262781183148e-01
1.064010800698511061e-01
1.054053970054690398e-01
1.038566274860542454e-01
1.068796501599812432e-01
1.071798722498237821e-01
1.041779104619786622e-01
1.028992225073736139e-01
1.060611939665708214e-01
1.055008011369442805e-01
1.041264252864758516e-01
1.032360205119742524e-01
1.050858128440277511e-01
1.056540786741145543e-01
1.077928673558892492e-01
1.066158045308456537e-01
1.042478986050844186e-01
1.071584168706177786e-01
1.060254037884332673e-01
1.062967806468454041e-01
1.033566882479380611e-01
1.054701720504589713e-01
1.051531673915586107e-01
1.063084124129967944e-01
1.028232504105095757e-01
1.056552682144857730e-01
1.046617601635781714e-01
1.072646354894885024e-01
1.065878373566955112e-01
1.077680916230090297e-01
1.031723500572173241e-01
1.045744312857044278e-01
1.055101473015402497e-01
1.057273005784864633e-01
1.060969290325216446e-01
1.048923180261865790e-01
1.060127100208359818e-01
1.071818155138810069e-01
1.039298012282729861e-01
1.035318919033504648e-01
1.054992151146968149e-01
1.049183491018145925e-01
1.058998181574640207e-01
1.038258879654987005e-01
1.064325370474575594e-01
1.062117237118178348e-01
1.044450226404893683e-01
1.036246079090490657e-01
1.060852460900657684e-01
1.050159780931582132e-01
1.069853677656381480e-01
1.056875636707954591e-01
1.046322855467934909e-01
1.064699331612932592e-01
1.059881126576442262e-01
1.059695166440368930e-01
1.048834368623492441e-01
1.034130274706938080e-01
1.045770386811738922e-01
1.054830070985407764e-01
1.047284970035705087e-01
1.038728357977388855e-01
1.068951158563171411e-01
1.046441138464314913e-01
1.077820282641032829e-01
1.032057002091680137e-01
1.062937005037397076e-01
1.042414702289941736e-01
1.033416481304837431e-01
1.070187929057408310e-01
1.052447648433475214e-01
1.051126497770209084e-01
1.069322354695231292e-01
1.044118136990465073e-01
1.053617875933580417e-01
1.058001307922550316e-01
1.041471971544896541e-01
1.059209986653619345e-01
1.051910307951838541e-01
1.043594202838289964e-01
1.028331156834488141e-01
1.068871908976575663e-01
1.055892616006517820e-01
1.065205483902825490e-01
1.070706685747752906e-01
1.056740191750284580e-01
1.063721683026216808e-01
1.043794997199763985e-01
1.047646566522316969e-01
1.067860775898223230e-01
1.056848457942471259e-01
1.062380758900973304e-01
1.052641162788743034e-01
1.059689581772580297e-01
1.041132443066242752e-01
1.074485549915993599e-01
1.060532061158567518e-01
1.041594254375730610e-01
1.039206762628821085e-01
1.044654455257406911e-01
1.040904804128511552e-01
1.032136251128329130e-01
1.059468394372899830e-01
1.048913563191474496e-01
1.052844886890343390e-01
1.051036364712197302e-01
1.062177900724418228e-01
1.043507643477324942e-01
1.038634445047545152e-01
1.086897731911407178e-01
1.045533831046001755e-01
1.042227491070088496e-01
1.047477720021928460e-01
1.054846245640783803e-01
1.049519958816731435e-01
1.032873508528240614e-01
1.049129421836527687e-01
1.064650151560178198e-01
1.047360686964402821e-01
1.075697548708789697e-01
1.066493075095247822e-01
1.041595979071499173e-01
1.052574024368332917e-01
1.056173934248007956e-01
1.047236363527721953e-01
1.052748207023662397e-01
1.082271811662494504e-01
1.045129487950587077e-01
1.062319421682687420e-01
1.038706131961567303e-01
1.034077009307688561e-01
1.050510843120690679e-01
1.038204749346709338e-01
1.074138301981338167e-01
1.063335470803463967e-01
1.059067281348292228e-01
1.052241932690663462e-01
1.056984311534734794e-01
1.058928129488289627e-01
1.059672615767048021e-01
1.055094969863188265e-01
1.083364183119792101e-01
1.060280458169184786e-01
1.045734524089941692e-01
1.065061781261605472e-01
1.036038131929862827e-01
1.052275026985317746e-01
1.051724754817369989e-01
1.040261961256291751e-01
1.055207273188902423e-01
1.049991047838401692e-01
1.039361701678626487e-01
1.055417153680098252e-01
1.035681714967626177e-01
1.031556103730889573e-01
1.063728538887452890e-01
1.041527403845236566e-01
1.041915202645844474e-01
1.040271174671405646e-01
1.054884975667025881e-01
1.070585158654532021e-01
1.054594610340380961e-01
1.067189291057937528e-01
1.069296965331263949e-01
1.070978176952632616e-01
1.025232266745054882e-01
1.043021450476379897e-01
1.053775975523821434e-01
1.040038692209435539e-01
1.043173931335206750e-01
1.067137688173597637e-01
1.076675413343548687e-01
1.050659864497061197e-01
1.050231335244200676e-01
1.085073229989404892e-01
1.052542048610308340e-01
1.054417474756938339e-01
1.073541455379478926e-01
1.051289078935055965e-01
1.056638524157172271e-01
1.057992895191482291e-01
1.049530634568256598e-01
1.046308021227335683e-01
1.052064066158328870e-01
1.069335476057255152e-01
1.061815871051875609e-01
1.053847789714477401e-01
1.034823616976558169e-01
1.057855868347241934e-01
1.037605093081217927e-01
1.067800104698796160e-01
1.072395159908877960e-01
1.049314866456178413e-01
1.068991174496473351e-01
1.038030110052845928e-01
1.047118374545182445e-01
1.053657571801615150e-01
1.053809259733230613e-01
1.048437689039122545e-01
1.047582164655021519e-01
1.051031334099418457e-01
1.054744201085840161e-01
1.053486167585424294e-01
1.049217468917422735e-01
1.070376636284598448e-01
1.047060127592179674e-01
1.047102582799694648e-01
1.055170457114475019e-01
1.046405537223690646e-01
1.049733796335621389e-01
1.039198590631957853e-01
1.049022563167710531e-01
1.056250526083588048e-01
1.040553255708161207e-01
1.029516393352095521e-01
1.041433773896624226e-01
1.044567560715592425e-01
1.043288133921327493e-01
1.049978086601093541e-01
1.017671854132694426e-01
1.063358373433525850e-01
1.058987314691230974e-01
1.050414146092300965e-01
1.054380706320121319e-01
1.061560910417924664e-01
1.032558838459502748e-01
1.045404126128375022e-01
1.052338574103047208e-01
1.075119809839623908e-01
1.067490629056829926e-01
1.059011712744082900e-01
1.057525866938388848e-01
1.042135930248171694e-01
1.033439526521336554e-01
1.045054533646119083e-01
1.041784969429728619e-01
1.046820772288749729e-01
1.085308407640095119e-01
1.058486550215980426e-01
1.072111825381131395e-01
1.060168307241988045e-01
1.041101619113433546e-01
1.027815273339624108e-01
1.061468010686724001e-01
1.062186366861744835e-01
1.060345957202924044e-01
1.049130781081509811e-01
1.054170529458068467e-01
1.085196436290244149e-01
1.067488910772542571e-01
1.037939476735842137e-01
1.059544496005058734e-01
1.053996606122671875e-01
1.077451630154448864e-01
1.064063984435842380e-01
1.058291198616399809e-01
1.059653795115688968e-01
1.040106237727059652e-01
1.066013044640338470e-01
1.067868894295556786e-01
1.055396145529381574e-01
1.043330021946312636e-01
1.075105579314714344e-01
1.054704111154651236e-01
1.074539084153534052e-01
1.044650522258556563e-01
1.055024320089983092e-01
1.046557382030276345e-01
1.055527317576197555e-01
1.061889356866774770e-01
1.052149792992218419e-01
1.052244960001727098e-01
1.057577764353647282e-01
1.051924430980049480e-01
1.040717388110565106e-01
1.040752695153762813e-01
1.047582382389346811e-01
1.040275559218283019e-01
1.053958714863278967e-01
1.059796400229834762e-01
1.071739625476450658e-01
1.048748090956740237e-01
1.058243840763362364e-01
1.055229210915466648e-01
1.039793951072026101e-01
1.062939312463223734e-01
1.060768125802560302e-01
1.036985765556645150e-01
1.041252233732648108e-01
1.057636482163551855e-01
1.037397764817112045e-01
1.070849794632451751e-01
1.047828311617944319e-01
1.037439085538575251e-01
1.037147948078847443e-01
1.052451689582276362e-01
1.035493738767370997e-01
1.070584241186278013e-01
1.044836914952844142e-01
1.039382674814177537e-01
1.038112058351098599e-01
1.075900393826789009e-01
1.060394394367225462e-01
1.049421328108346291e-01
1.058701367799586845e-01
1.041760674582587892e-01
1.091234780811278227e-01
1.072535431465972550e-01
1.063465423831254641e-01
1.034990512555928333e-01
1.041302270956531995e-01
1.032954727815810492e-01
1.024525989648413377e-01
1.047421829821261891e-01
1.063598102322035333e-01
1.040071719215860113e-01
1.027050093440274176e-01
1.057420874107094372e-01
1.089995125138350923e-01
1.051296946164760882e-01
1.046988719656970213e-01
1.050836702349632612e-01
1.038849652212507912e-01
1.055450294965506880e-01
1.037941335274053106e-01
1.043305183732105845e-01
1.044798007975780429e-01
1.034191684324335531e-01
1.077123094974701406e-01
1.055528617460623764e-01
1.037856343758438438e-01
1.034038541049983329e-01
1.064819519796797037e-01
1.060610240869873516e-01
1.052054066951612216e-01
1.074465657516607831e-01
1.073764465400169066e-01
1.050297767499489693e-01
1.056720907274477234e-01
1.048359892037382252e-01
1.086478263790074950e-01
1.068644900165713202e-01
1.060126611124745655e-01
1.075621181400215065e-01
1.044726954423607773e-01
1.053684597492157982e-01
1.074889505827859165e-01
1.083511834610988711e-01
1.065750985979693616e-01
1.050598984125339919e-01
1.086259817635040897e-01
1.048653699704687609e-01
1.033843667284082141e-01
1.055194978138586648e-01
1.054909314386614089e-01
1.067082798800124827e-01
1.031766384057217073e-01
1.038059460385406529e-01
1.096887177777010058e-01
1.046900746865028625e-01
1.036846653739217777e-01
1.019473232762885956e-01
1.058590406324336625e-01
1.076365077231299233e-01
1.048951816394799591e-01
1.061982697600198644e-01
1.060535979316982458e-01
1.052331683448073790e-01
1.055115115068406967e-01
1.061731405173785420e-01
1.091914608508475076e-01
1.045755222510816596e-01
1.049984954827657413e-01
1.043289070456322881e-01
1.047764776640945361e-01
1.042385545452632345e-01
1.035287625731681205e-01
1.035525860960335859e-01
1.072497533650397933e-01
1.045372455442213633e-01
1.052941625594975006e-01
1.055494676239683016e-01
1.047761808365495345e-01
1.043431777668512861e-01
1.064141092785502174e-01
1.052792456145543454e-01
1.034804939334714319e-01
1.080305069916319416e-01
1.051396631431198436e-01
1.055842021975345602e-01
1.087868845186509559e-01
1.049668312971754197e-01
1.039182174170627526e-01
1.057021524517243877e-01
1.045531656370496248e-01
1.056952473522554670e-01
1.046468299503962029e-01
1.073491908899386338e-01
1.056497125437902002e-01
1.038495406451417497e-01
1.044582954482178166e-01
1.022162764874167684e-01
1.042833487830272937e-01
1.038480483615970978e-01
1.049960795890012705e-01
1.069155270564272203e-01
1.073332517660013918e-01
1.040013966423426334e-01
1.035459612000799862e-01
1.052339043192017792e-01
1.045427786558657257e-01
1.066559599594183033e-01
1.056905416039482654e-01
1.060941058994963188e-01
1.049234335119192396e-01
1.068018215848819674e-01
1.064002506239677959e-01
1.085724977438363575e-01
1.060243446852234678e-01
1.038447451370234226e-01
1.039607709920490480e-01
1.058815820111032591e-01
1.044527528522739557e-01
1.067898653444769724e-01
1.052685756559571528e-01
1.042618606664768299e-01
1.050852140495928677e-01
1.031031588380250386e-01
1.048730732237821012e-01
1.041114232403526352e-01
1.061544815072067993e-01
1.068357397374994633e-01
1.029089530465415875e-01
1.054040820040908072e-01
1.046488922438340019e-01
1.047133245681596547e-01
1.066164524975480588e-01
1.062012814217496992e-01
1.051769297857423902e-01
1.050333364212090309e-01
1.054573968418515695e-01
1.063677666849636161e-01
1.065742199686000730e-01
1.072218911750558584e-01
1.042193824592044654e-01
1.054988218341976064e-01
1.051697663801766519e-01
1.048596218847824418e-01
1.045918334982544884e-01
1.040632666618983709e-01
1.064977611108233330e-01
1.041259049012957932e-01
1.061917571278702399e-01
1.047980633350534124e-01
1.079978475502372665e-01
1.086199939526106134e-01
1.041434939957464612e-01
1.051953223300966106e-01
1.041278745128639410e-01
1.050436333199209066e-01
1.056911679587107245e-01
1.043471266096777789e-01
1.046058641518372856e-01
1.054759867807392726e-01
1.057807384378370019e-01
1.047637907125094359e-01
1.046008952454026281e-01
1.066935404604716364e-01
1.049976796421832753e-01
1.056833276940237903e-01
1.043989522287467470e-01
1.093226011510137624e-01
1.032017487498597119e-01
1.059771491140445304e-01
1.047217776345587964e-01
1.031480763622248803e-01
1.061710252193919790e-01
1.049796114209407133e-01
1.055547665546011787e-01
1.028988719822150205e-01
1.076334526952598541e-01
1.047665799482271898e-01
1.063347954975826654e-01
1.046986961993729010e-01
1.057306114200561031e-01
1.037276949907037504e-01
1.047795523994346778e-01
1.076088897178414661e-01
1.027486906261836780e-01
1.023180274982352367e-01
1.054428013738228642e-01
1.051691705855708620e-01
1.070744938971017329e-01
1.036213040950623859e-01
1.061720340024901593e-01
1.038760119119873371e-01
1.032043935006842494e-01
1.058880744889360292e-01
1.055107062815053426e-01
1.049694780982355496e-01
1.071465521167954960e-01
1.053381535518610884e-01
1.055824311045268915e-01
1.076558873560985868e-01
1.049102512780166752e-01
1.057966517595413103e-01
1.056470124718353332e-01
1.039790448602959105e-01
1.067323895763434283e-01
1.082725950922493879e-01
1.059124053731018006e-01
1.041575509218096024e-01
1.061089357609040079e-01
1.057079890924697424e-01
1.050567256697356733e-01
1.032574650299509650e-01
1.049662506491176178e-01
1.052770158095348713e-01
1.050866145157049597e-01
1.041180955251386486e-01
1.089215080404740965e-01
1.054042618940785048e-01
1.031150060545013014e-01
1.079646272084959502e-01
1.069635643989626655e-01
1.036306445762168044e-01
1.038565241566331426e-01
1.028036189213443613e-01
1.035689781968690826e-01
1.074331038140973194e-01
1.047948912032437702e-01
1.052869439491704862e-01
1.052022414096066560e-01
1.056673194328609233e-01
1.058710521106513286e-01
1.043298414445822248e-01
1.057144992902562669e-01
1.060355330275471186e-01
1.060011382315083073e-01
1.063533219699333010e-01
1.027682748637180621e-01
1.047254056931246624e-01
1.065924597269894275e-01
1.063160226070559156e-01
1.033710424915742915e-01
1.056222654664999289e-01
1.070257132529688487e-01
1.040942453985569810e-01
1.072027480535084759e-01
1.040275927718710552e-01
1.051963486928645247e-01
1.062398167918732067e-01
1.057398322884281483e-01
1.038629483260717773e-01
1.061659782307609046e-01
1.071487596128382624e-01
1.050957775067812017e-01
1.062014244056062318e-01
1.046369363575805206e-01
1.048188623215500909e-01
1.052169325252913235e-01
1.070808009310266484e-01
1.043180031817301928e-01
1.055735965712757407e-01
1.058638107562763081e-01
1.065920590639209270e-01
1.049470387660868115e-01
1.037865024595726882e-01
1.037191430919474217e-01
1.061190205249251117e-01
1.049750545383278388e-01
1.088007396257054255e-01
1.047258503663169721e-01
1.054810735485589152e-01
1.063164124847252590e-01
1.051759914243025201e-01
1.077421144801350844e-01
1.059736812596379918e-01
1.066796179087563246e-01
1.040735714314585669e-01
1.044273002234980957e-01
1.067640957364929949e-01
1.040899176617415545e-01
1.053642941038360620e-01
1.051312753929164595e-01
1.080023721199350473e-01
1.069743494339414902e-01
1.059792859226663664e-01
1.062836064718733209e-01
1.031353546301660429e-01
1.072272649801268019e-01
1.071985351882805554e-01
1.050519600644516938e-01
1.037398624799458352e-01
1.079653236972992203e-01
1.036421643141390292e-01
1.056756747481921582e-01
1.058007429998572974e-01
1.052297736033734887e-01
1.027017817620630019e-01
1.068392848176645815e-01
1.041286091816365084e-01
1.072219903332917862e-01
1.049375289021048374e-01
1.067412739558671886e-01
1.043982957209010215e-01
1.039584052119671004e-01
1.061175207940401460e-01
1.046862559437211626e-01
1.034064818908908140e-01
1.089072058217869787e-01
1.067673503474969449e-01
1.052263078131835533e-01
1.063783302322240526e-01
1.056915911446430628e-01
1.050102011500619464e-01
1.054538836282633563e-01
1.072092119868541804e-01
1.039314913606051716e-01
1.054911666002224524e-01
1.039600480511025243e-01
1.048807556143846881e-01
1.062667627290227179e-01
1.083507600906671864e-01
1.049074020818657610e-01
1.046371423709662324e-01
1.077896918468314313e-01
1.069823541122642413e-01
1.026026168232599678e-01
1.055321913591416444e-01
1.075672794463834597e-01
1.073953118335206763e-01
1.066992832791532897e-01
1.046313703537830736e-01
1.060856331219736104e-01
1.050135885660757190e-01
1.067227895360345208e-01
1.058904761727612193e-01
1.058555017770005380e-01
1.062257299752146500e-01
1.058331748610608913e-01
1.038109848382763878e-01
1.061579561141997724e-01
1.052956862890334216e-01
1.061596041244902699e-01
1.053943303746799898e-01
1.065771219531052860e-01
1.039931742678554816e-01
1.061098799512288221e-01
1.051392976740696122e-01
1.045403307460169712e-01
1.036363584417212685e-01
1.091775474525945311e-01
1.049309028645139669e-01
1.036034395527978269e-01
1.074009589258677067e-01
1.041841942838505897e-01
1.044622240346565895e-01
1.059949879820782093e-01
1.055378320054023433e-01
1.055672882653184708e-01
1.091482221080323778e-01
1.039173103105310858e-01
1.050819765245192827e-01
1.048065331040594905e-01
1.036745656009802202e-01
1.045359749173240954e-01
1.061303133822852351e-01
1.032796920104759181e-01
1.082556716815846615e-01
1.044356845661342098e-01
1.032000869010382127e-01
1.058597430298949538e-01
1.051386245704748479e-01
1.079487737541618836e-01
1.053131195253435015e-01
1.050195383658864418e-01
1.059195272156516071e-01
1.042171991442362028e-01
1.057445707840656418e-01
1.044846683783164087e-01
1.054088595672709183e-01
1.053194884853226321e-01
1.062625681254188020e-01
1.036013428560436656e-01
1.046967100955404073e-01
1.045058936616508477e-01
1.040857128538327792e-01
1.049674042641305649e-01
1.051454916405751838e-01
1.042314558822489967e-01
1.050917442117714207e-01
1.066298571239422260e-01
1.038737032870333532e-01
1.050680898138137837e-01
1.049898130974857985e-01
1.057885629523088317e-01
1.048548718862393758e-01
1.042540571241113295e-01
1.040948794788784521e-01
1.057270602492646205e-01
1.048287425134143275e-01
1.033886027356001741e-01
1.018205389382257631e-01
1.044456483998606744e-01
1.042579146798408574e-01
1.059647632507554477e-01
1.049134050163057219e-01
1.048447567502005517e-01
1.060790866844490560e-01
1.040761261037817520e-01
1.047574618292177323e-01
1.078515375885150396e-01
1.037703808931207533e-01
1.038404879264829550e-01
1.075047839142827949e-01
1.058299796477294441e-01
1.037733339129420090e-01
1.037713372546140295e-01
1.072684895522938164e-01
1.044744585643010010e-01
1.085854725055351855e-01
1.082533227378101176e-01
1.050341302824059631e-01
1.057374408382871223e-01
1.055222395297737842e-01
1.039258969337522182e-01
1.056804306510843172e-01
1.036922120766607669e-01
1.043863395991136145e-01
1.027020727339198192e-01
1.054215612434274280e-01
1.051863034133358743e-01
1.050772960919083426e-01
1.038497002363560212e-01
1.058240707651062068e-01
1.053514486465571554e-01
1.060404490734655342e-01
1.063036795399893153e-01
1.074407356332210128e-01
1.040672550275077157e-01
1.080915146615090000e-01
1.088752288766661608e-01
1.064672629414849525e-01
1.069348947039406583e-01
1.066708927042756549e-01
