1.014529949438175427e+00
1.013281904387030918e+00
1.013318847216448715e+00
1.015779082378625464e+00
1.013564797856117750e+00
1.012599815512551960e+00
1.015838877888527447e+00
1.014281489512936618e+00
1.013658181244983858e+00
1.014176359221000467e+00
1.014091214913105610e+00
1.013425948845355418e+00
1.012955815123555592e+00
1.012311983877984378e+00
1.014057663498449724e+00
1.012660121245331668e+00
1.014597072245794429e+00
1.013745221424286802e+00
1.013519627907073506e+00
1.012433078081355742e+00
1.012846273541032183e+00
1.012047871821189826e+00
1.014013063022884520e+00
1.011057653667609690e+00
1.012647506812078824e+00
1.011516848446152528e+00
1.013443004481730414e+00
1.013882421785094579e+00
1.014288576575292034e+00
1.013304510368159272e+00
1.013466229824021347e+00
1.012886126190229108e+00
1.011963556835322686e+00
1.013575402118120472e+00
1.013017340152146728e+00
1.011883115329817118e+00
1.013149832728069688e+00
1.014866223632784781e+00
1.013310992770317220e+00
1.012923728183562133e+00
1.014859502996348528e+00
1.011059661852713454e+00
1.013092288942217589e+00
1.014904232216581770e+00
1.013600002783559884e+00
1.014761316332988494e+00
1.014116811070990165e+00
1.013820202204251730e+00
1.014053196743099017e+00
1.013483099080049410e+00
1.012551715575982225e+00
1.012022366714091737e+00
1.012997047759185643e+00
1.016172891759745234e+00
1.012179279187417791e+00
1.013731772998722969e+00
1.014020722837126520e+00
1.014535697296496064e+00
1.013716893900914906e+00
1.013186473288498757e+00
1.012520726512126101e+00
1.012036134676426835e+00
1.012458533738681332e+00
1.013476988349945485e+00
1.012537735639999381e+00
1.013071993727745923e+00
1.012242778053844772e+00
1.013464274015847710e+00
1.012625302652746306e+00
1.014582198039795546e+00
1.013896459631961067e+00
1.016141075505521574e+00
1.014079528543325281e+00
1.013530895672832388e+00
1.011495827892247013e+00
1.014176445425833073e+00
1.015610729834687476e+00
1.014061508142072521e+00
1.011440572379183056e+00
1.014747138199471044e+00
1.013844017485612481e+00
1.013794950060496358e+00
1.013794837989964392e+00
1.013770262122097421e+00
1.012707637819554307e+00
1.013633077195947196e+00
1.012319086100431642e+00
1.013146129367247461e+00
1.015018843733323850e+00
1.011469089812096156e+00
1.013345708616254948e+00
1.011879939559621855e+00
1.014042304957326834e+00
1.014221006556982552e+00
1.013155426781400914e+00
1.011660557646674397e+00
1.014389500483315443e+00
1.012558562490998293e+00
1.012065673229381124e+00
1.013186197325692373e+00
1.011514060863307973e+00
1.014751674023920414e+00
1.012736722244920839e+00
1.013461287239672437e+00
1.012906032065616913e+00
1.012224681534746873e+00
1.011852122066853932e+00
1.012820239771092590e+00
1.013913295088467947e+00
1.012908860323413984e+00
1.014841955293707576e+00
1.013546039919678732e+00
1.012008111461635718e+00
1.012691812563333515e+00
1.015066083491589000e+00
1.014461921153430035e+00
1.015318430146724626e+00
1.013200520595476606e+00
1.011997718276059777e+00
1.012517951952633055e+00
1.013740738122980156e+00
1.012000596615939330e+00
1.013480063625603611e+00
1.011671901747303481e+00
1.015450572007341457e+00
1.011575989546974252e+00
1.016278281509939818e+00
1.016078063572711132e+00
1.014821467595941273e+00
1.013901252180104073e+00
1.014426497142953298e+00
1.013927698737505212e+00
1.014793454896543601e+00
1.011971718771613959e+00
1.011792747222729272e+00
1.012529990647302647e+00
1.013095913994944697e+00
1.013972333164085748e+00
1.012587085532157705e+00
1.011742214665639628e+00
1.011389197181435495e+00
1.015156699765801251e+00
1.012187846849910811e+00
1.011970344455372040e+00
1.013917946579143026e+00
1.013734494878965942e+00
1.011669313360362699e+00
1.013379169709334615e+00
1.010998325965833500e+00
1.011544320343961356e+00
1.014094189265167145e+00
1.012910640319126587e+00
1.012237230831440904e+00
1.013519353581702642e+00
1.012820622196030307e+00
1.012556687787090182e+00
1.012478504914595678e+00
1.013105441917776739e+00
1.014016069313300461e+00
1.013741236945323587e+00
1.009682583943533274e+00
1.012867605843039254e+00
1.013442623102683848e+00
1.014522375959379330e+00
1.014011810016712811e+00
1.013185899575162363e+00
1.015477131615593720e+00
1.013143696696746865e+00
1.012973806951699363e+00
1.015069664517318948e+00
1.011398062093151307e+00
1.015174357310250075e+00
1.014221995075200722e+00
1.013195183310996894e+00
1.012560932509230849e+00
1.013798867215415900e+00
1.014121988749923764e+00
1.012380995527940142e+00
1.012888512081338899e+00
1.015790998926225264e+00
1.013216366953709757e+00
1.013888396120192992e+00
1.014316513456186009e+00
1.011657983774966407e+00
1.013743431079005664e+00
1.014054322025181420e+00
1.011563470535647991e+00
1.011134722252833518e+00
1.013427802120830279e+00
1.013317398573853279e+00
1.011324672483707277e+00
1.015025306834153485e+00
1.012750924219964599e+00
1.013950259662355080e+00
1.015517387762884693e+00
1.012138247489178688e+00
1.013379417880191369e+00
1.012518177810141973e+00
1.013571337642205528e+00
1.014140276008190567e+00
1.013648390943928002e+00
1.013818217141329248e+00
1.013495704357803451e+00
1.013345617938990584e+00
1.013238313134100732e+00
1.013780589525871134e+00
1.015147058952773129e+00
1.013314100300003462e+00
1.013431101621517616e+00
1.012896405279736678e+00
1.014276433543352951e+00
1.014143340442337005e+00
1.014582731451412423e+00
1.014429329575745165e+00
1.014412087423126163e+00
1.014118401579547024e+00
1.014594767494282568e+00
1.012555904642029381e+00
1.013975141449821926e+00
1.013633932955213535e+00
1.012135373077607037e+00
1.014097915394384097e+00
1.013229143414904554e+00
1.011249503825415008e+00
1.012355347040447828e+00
1.012422010172478348e+00
1.012344884356389363e+00
1.011973662306311583e+00
1.013709685228130208e+00
1.014554158279304730e+00
1.011751506175824211e+00
1.012993402710785418e+00
1.015809899735548916e+00
1.013242359902182699e+00
1.012305131733995722e+00
1.013141742300395443e+00
1.012046614399650268e+00
1.012305616041860867e+00
1.011687138093884997e+00
1.013933262609570063e+00
1.010680032788939586e+00
1.012373385574469431e+00
1.013386832856310482e+00
1.015414873142154617e+00
1.013914747491628354e+00
1.010684607947517577e+00
1.013251070138670995e+00
1.012167459749184539e+00
1.012443113871171363e+00
1.011473010720266075e+00
1.014030014375598476e+00
1.014665707966226904e+00
1.013741471344373535e+00
1.014393479429340328e+00
1.014825962261737491e+00
1.013166184339003184e+00
1.012679249736986087e+00
1.011479025034550450e+00
1.012460171590727542e+00
1.011622679312243811e+00
1.013888276466248906e+00
1.015523958841881180e+00
1.013432194056426372e+00
1.014478773796051447e+00
1.013808766347656931e+00
1.010962125198804795e+00
1.013042930004382169e+00
1.012568393830523883e+00
1.012122887488631884e+00
1.012991317420314230e+00
1.014125481620225200e+00
1.011134224147681282e+00
1.012720274538720711e+00
1.012527488992822633e+00
1.012763920181069199e+00
1.012864315388445569e+00
1.012649284125607174e+00
1.013953412178004498e+00
1.013809070651240152e+00
1.013716852621405318e+00
1.012400563470747583e+00
1.015221436225012930e+00
1.011097364371701834e+00
1.013724255988701861e+00
1.013166714067339269e+00
1.012245635982826908e+00
1.012276457997773882e+00
1.015343974111210024e+00
1.012296301036089252e+00
1.014039818524617997e+00
1.013940499760242364e+00
1.012368260712912305e+00
1.010877546969880969e+00
1.015901620818371764e+00
1.011463096057940270e+00
1.012240644070212747e+00
1.012707501580016434e+00
1.013004834543089538e+00
1.013506033978951670e+00
1.013681669743810465e+00
1.014046916571584411e+00
1.013462190615957104e+00
1.013320839805359697e+00
1.012729971089979752e+00
1.013350233679913837e+00
1.011106615819410859e+00
1.013320005451105121e+00
1.012662362365871482e+00
1.014394087698396341e+00
1.013775885100675733e+00
1.012683919095795693e+00
1.013337685841415148e+00
1.012006649940094816e+00
1.012143809011336160e+00
1.013593915579854343e+00
1.010325197120210960e+00
1.014571810760415138e+00
1.013877818656715002e+00
1.012600094777856174e+00
1.014066840591441254e+00
1.012879246936019495e+00
1.014184551020854919e+00
1.014792040883743196e+00
1.011866120516953904e+00
1.013102204501007630e+00
1.013599232215453672e+00
1.012239553806568271e+00
1.014586865015253636e+00
1.012627356718013960e+00
1.013433688027304935e+00
1.012275026795951716e+00
1.014036723659338168e+00
1.013032416297070526e+00
1.012322672022468284e+00
1.012352682477328569e+00
1.012917200723842059e+00
1.011280941000141764e+00
1.012176866041402112e+00
1.013757025895326569e+00
1.011725208659498998e+00
1.012894259481407433e+00
1.015214426196207054e+00
1.013688342495390637e+00
1.015114871787492934e+00
1.012336485230159289e+00
1.013660979661586525e+00
1.013716192193960364e+00
1.014692295148734713e+00
1.012684822834098330e+00
1.013509911987555467e+00
1.011574440815736997e+00
1.012957239535256848e+00
1.014159366947264829e+00
1.015562906944520449e+00
1.014060882084139248e+00
1.013172715169716298e+00
1.015849869596939570e+00
1.012966602254027348e+00
1.013610696465722105e+00
1.014026988050069633e+00
1.014385625317668405e+00
1.012988387399670120e+00
1.011704768191330484e+00
1.013277728726991844e+00
1.011465047681141316e+00
1.010669152021838713e+00
1.013075702952265900e+00
1.013815797533742735e+00
1.015341380930361304e+00
1.013011415286951156e+00
1.013189571803858158e+00
1.013415873297698555e+00
1.012405923733343149e+00
1.011789042871463318e+00
1.013266054943207983e+00
1.012854705107983255e+00
1.014339093886122090e+00
1.014718368190683284e+00
1.015728098026373649e+00
1.013005568384871546e+00
1.012837688771231592e+00
1.014095494397744046e+00
1.011160564976143705e+00
1.014119187599721972e+00
1.013428189975813742e+00
1.011593817367585579e+00
1.013980360173825312e+00
1.012731899165553395e+00
1.015086613309836183e+00
1.012919546750999045e+00
1.013562923174815111e+00
1.013982083178858851e+00
1.011324398816838999e+00
1.014074344244458858e+00
1.014137918741657929e+00
1.012888086477243377e+00
1.013993715993815492e+00
1.012506528620615187e+00
1.013182331550537940e+00
1.011975909891220438e+00
1.011316478556527176e+00
1.011954788437144703e+00
1.012933490691647398e+00
1.013051911843457109e+00
1.014273600949947562e+00
1.012272861512248268e+00
1.013891182020473014e+00
1.015048580964503344e+00
1.012483975619945298e+00
1.013899384863153452e+00
1.014506072747642484e+00
1.014990517219532817e+00
1.011792043039345446e+00
1.013181467328729157e+00
1.012826932008544567e+00
1.012579855562566467e+00
1.013511077461347831e+00
1.013293863988226962e+00
1.014486027550249192e+00
1.012516132204124508e+00
1.015216995090922891e+00
1.013589602365720932e+00
1.011063507479122769e+00
1.012667655699150071e+00
1.012041034975447396e+00
1.012943747021943786e+00
1.013015294860136972e+00
1.013067517149822017e+00
1.013186331459327461e+00
1.014349514800834795e+00
1.012667896977240245e+00
1.011261551958754001e+00
1.012750869372828211e+00
1.014184583669261341e+00
1.013137109687480830e+00
1.013673858175839770e+00
1.012155315744084350e+00
1.012964684728769882e+00
1.014231106001170168e+00
1.012325200383979329e+00
1.012798384827310549e+00
1.011681858818514357e+00
1.013343438910319527e+00
1.012201062908731908e+00
1.015696506747389982e+00
1.012988437340278880e+00
1.013510111385433676e+00
1.013231341807278918e+00
1.012781971927765978e+00
1.013849980198073153e+00
1.013073596949569444e+00
1.013514641399287930e+00
1.015100963230481934e+00
1.013029394159879581e+00
1.014596425274253866e+00
1.013758004134842183e+00
1.012835003356259644e+00
1.011431526780474766e+00
1.014203432901182200e+00
1.013783865351948421e+00
1.011535595846366764e+00
1.014218044657779760e+00
1.013647346141316907e+00
1.013593789094550779e+00
1.013963989091023254e+00
1.013818205273210760e+00
1.012854763446165318e+00
1.012514830242205344e+00
1.013511626652358943e+00
1.014707343007918983e+00
1.013650293731832353e+00
1.012724328915890482e+00
1.015753293743955066e+00
1.013273731209902717e+00
1.014072643443132860e+00
1.013998339484785349e+00
1.013611966642975926e+00
1.012167478644694585e+00
1.014170602246487807e+00
1.013774420364999429e+00
1.014851448888117513e+00
1.011066570497429984e+00
1.011635122053052616e+00
1.012321438509038218e+00
1.013071981742204031e+00
1.012566897886764794e+00
1.014029308736542179e+00
1.013308923239799819e+00
1.014270636747873100e+00
1.014379245274768415e+00
1.012216920545321308e+00
1.014246769338017939e+00
1.012671143948751462e+00
1.014206024554957342e+00
1.012379768518001821e+00
1.015874275584318864e+00
1.012543737678286870e+00
1.014604387806749886e+00
1.012414262410683996e+00
1.012666911119673774e+00
1.012381041484418542e+00
1.013098426209960934e+00
1.014902798847037824e+00
1.013627860354777921e+00
1.013628543919320446e+00
1.014098099668931496e+00
1.013222652107941935e+00
1.013889477627909708e+00
1.013906442145547704e+00
1.012375691982081660e+00
1.013001275379429966e+00
1.013772170489223079e+00
1.011881206680864675e+00
1.014442325416264445e+00
1.012398355585081511e+00
1.013816434174893866e+00
1.013304407396620865e+00
1.012358525094047446e+00
1.012306766925068047e+00
1.013430944776537057e+00
1.011818279866615322e+00
1.012996582077923202e+00
1.014282735007001612e+00
1.012353051738854592e+00
1.016113709812421773e+00
1.012818765615889349e+00
1.014430121146731922e+00
1.012750109037349411e+00
1.013329300123661403e+00
1.014330433901774464e+00
1.013001483463355612e+00
1.012257940601968276e+00
1.014862517476589510e+00
1.012629499196007643e+00
1.016472242261845071e+00
1.012407890170111679e+00
1.012647845636071020e+00
1.011847810085882760e+00
1.012347980788574242e+00
1.012315952974768285e+00
1.012549371146245880e+00
1.014523401569953576e+00
1.014735821612916533e+00
1.013388971854934706e+00
1.013662777030921447e+00
1.013208058698369385e+00
1.012595285647994725e+00
1.014287339531450227e+00
1.012163641324524521e+00
1.012137152915238980e+00
1.013838218178649830e+00
1.012476334013661550e+00
1.013584023768739462e+00
1.013955552542532335e+00
1.013134219559007398e+00
1.013387664821330469e+00
1.014275323852390498e+00
1.012108906912844830e+00
1.012899212314749553e+00
1.014286768524699900e+00
1.012224086297074388e+00
1.014918013397548835e+00
1.012428406800437664e+00
1.012875152545992252e+00
1.013871313861562706e+00
1.014427090556728972e+00
1.013555035841947838e+00
1.013890466814061808e+00
1.011823174130244363e+00
1.012030782098980231e+00
1.012728518883544426e+00
1.013545814973678239e+00
1.011794106002113836e+00
1.012715132934081330e+00
1.012493189090318824e+00
1.014957708001956060e+00
1.012766109295918149e+00
1.011523522650245477e+00
1.013057135169632472e+00
1.013329845164750331e+00
1.014936198322911487e+00
1.013006631903018429e+00
1.013758575820876917e+00
1.012824559876678077e+00
1.014073449235433078e+00
1.015891852267820417e+00
1.013763917109148815e+00
1.012694038756512649e+00
1.013673117694986248e+00
1.012768015116905396e+00
1.011241557595138785e+00
1.012070377514552311e+00
1.014685851902127345e+00
1.013716506162296582e+00
1.013406702691530326e+00
1.013393454853919851e+00
1.014626520613670202e+00
1.013191682026569396e+00
1.014293139336758021e+00
1.013115356059233862e+00
1.013531951411243304e+00
1.014466488499721208e+00
1.015324306503332608e+00
1.013515887620982214e+00
1.013416891716937496e+00
1.014497850893206987e+00
1.014774884142786160e+00
1.012621555930382389e+00
1.011360776562505004e+00
1.013367105384298306e+00
1.014610440671689595e+00
1.014187499230628564e+00
1.015454508599962891e+00
1.013230247113615423e+00
1.015020636848358748e+00
1.014123226846003423e+00
1.012927073080544638e+00
1.014456617728351828e+00
1.012973859919257480e+00
1.011878193201768195e+00
1.012454426953194764e+00
1.013971834083910339e+00
1.012090616703027690e+00
1.013590573680834828e+00
1.013173001102655846e+00
1.014112945586070236e+00
1.013490000303157501e+00
1.012253932206551799e+00
1.012804157399441962e+00
1.014915568638257382e+00
1.013568790162630018e+00
1.012629332212874544e+00
1.015113502014762581e+00
1.014479496864127972e+00
1.012825153301615710e+00
1.011043912405811263e+00
1.011897981010293268e+00
1.014787404018761441e+00
1.013525406409092167e+00
1.012695673030407084e+00
1.013932224402664284e+00
1.013173137626634857e+00
1.012388092890633473e+00
1.012465779710709501e+00
1.010873567584499311e+00
1.012075712376662828e+00
1.012374565721945396e+00
1.014151736264538251e+00
1.013304353292854953e+00
1.012473192102222530e+00
1.013822689466285398e+00
1.013333310919920738e+00
1.011526739705596700e+00
1.014588762292050861e+00
1.012962369016118913e+00
1.011977236986708162e+00
1.012130087665308986e+00
1.014558002070374387e+00
1.013301893040642332e+00
1.012835624937791446e+00
1.012249985422833065e+00
1.012310219002586109e+00
1.010739423906338530e+00
1.014443950011506113e+00
1.014800804529652156e+00
1.013273375362798046e+00
1.014450140470163353e+00
1.012829672006743342e+00
1.012614499594300055e+00
1.012077782038780516e+00
1.012239901429952793e+00
1.014409113738341528e+00
1.014379506345581605e+00
1.014646734151521734e+00
1.013181704126309590e+00
1.012195125413451580e+00
1.012488675864263499e+00
1.014470094654069454e+00
1.014098727066743422e+00
1.013304065174092994e+00
1.014967675036122507e+00
1.012687840948887530e+00
1.013428306264030576e+00
1.011224894173694100e+00
1.012918829001689947e+00
1.011994958695481728e+00
1.015015336726102335e+00
1.014830862110397192e+00
1.012979627941531957e+00
1.014389428858630815e+00
1.015119454390569498e+00
1.015092478527753750e+00
1.013119042627769195e+00
1.015297928405094918e+00
1.013176930228313344e+00
1.014444648906328350e+00
1.013849003114228431e+00
1.012794131294830535e+00
1.016123657569298455e+00
1.013613490201654255e+00
1.013437487752427923e+00
1.012366323461697748e+00
1.013099710763295969e+00
1.012024882429375605e+00
1.011757268769035045e+00
1.015650895561152511e+00
1.012397760985376260e+00
1.014124026568301362e+00
1.013409211210342775e+00
1.014303946068100704e+00
1.014654300562334077e+00
1.012841796237095693e+00
1.013076383432520489e+00
1.013074855572052346e+00
1.013076624373737467e+00
1.012975958789102515e+00
1.013694446149870476e+00
1.012470762689721582e+00
1.014892238099629695e+00
1.013939307323323158e+00
1.014776008146247577e+00
1.013271171546350713e+00
1.013440640899954559e+00
1.013818712362093422e+00
1.010543159909667699e+00
1.012733327287007157e+00
1.012378200610748902e+00
1.013449390537928707e+00
1.014767086785249406e+00
1.012174798677339727e+00
1.012201310277681232e+00
1.014032430202430390e+00
1.012392396591669241e+00
1.014909935000934516e+00
1.013926289745339382e+00
1.012947456140935287e+00
1.013539137053288908e+00
1.014308877676973975e+00
1.013569832951398908e+00
1.011567434363030982e+00
1.013105501313712020e+00
1.012388481017565178e+00
1.013892367394924943e+00
1.014365510795233405e+00
1.014382363390038844e+00
1.015458082275748186e+00
1.012976229199916922e+00
1.012518436076679906e+00
1.011514497080372221e+00
1.013462387496558259e+00
1.014233969457672302e+00
1.011650157153981322e+00
1.014619637043533196e+00
1.013115501298725851e+00
1.011633954428766025e+00
1.011013826541521166e+00
1.013664201728245562e+00
1.012304090018481650e+00
1.012670778438667707e+00
1.014446372134613084e+00
1.013532440874634233e+00
1.013184052398251822e+00
1.013095781700677822e+00
1.012309213211380232e+00
1.013601932612263168e+00
1.012738460215521830e+00
1.013082645646860680e+00
1.011963530161853031e+00
1.012654518555831995e+00
1.013603436115646073e+00
1.013163677585498412e+00
1.013090980585525269e+00
1.014071909998164100e+00
1.013708947873874333e+00
1.013217879865372373e+00
1.013786980586785624e+00
1.011418799467407537e+00
1.010756857429292666e+00
1.013467671186215835e+00
1.013945738160694887e+00
1.012661359426572094e+00
1.012365497247043722e+00
1.015095015408607804e+00
1.012835033589171152e+00
1.014716217205946291e+00
1.013742007138145329e+00
1.013971025013076011e+00
1.012648195196224288e+00
1.013145790989654627e+00
1.015155982718381367e+00
1.011148709950299596e+00
1.012740509588766713e+00
1.012527006279298369e+00
1.012935143344391609e+00
1.013885673547988642e+00
1.011711269538086322e+00
1.012150561885576838e+00
1.011895825664965720e+00
1.012804370870977078e+00
1.013896193755714492e+00
1.012827809271179103e+00
1.013561809932181923e+00
1.013821607303211136e+00
1.012685962650323734e+00
1.013695883598155545e+00
1.013190165263715414e+00
1.012880244443413291e+00
1.013641060256779136e+00
1.014522749855309103e+00
1.013284672696278310e+00
1.014916671201443465e+00
1.014216570377956872e+00
1.014143429531611185e+00
1.012897332747092705e+00
1.014102125742817995e+00
1.012267605737728449e+00
1.013479945055397069e+00
1.013583193188093867e+00
1.012754175490259367e+00
1.012590500782191150e+00
1.013550924070316661e+00
1.013525238704045428e+00
1.011316642266280930e+00
1.014486199391329224e+00
1.014112424208770680e+00
1.013865454019689194e+00
1.014400233076466540e+00
1.013362044858033828e+00
1.012599382046772023e+00
1.013038356501810844e+00
1.012590087742269773e+00
1.013613560856320150e+00
1.014441578628299867e+00
1.013758747346899414e+00
1.011911853569211983e+00
1.012326533808109774e+00
1.015084076799477986e+00
1.014462360133724372e+00
1.012957532527099636e+00
1.012158313674427657e+00
1.011897032168241450e+00
1.014193359966216512e+00
1.014931548664248284e+00
1.014269507953321270e+00
1.013061854125942629e+00
1.013087131471253066e+00
1.012368125252620876e+00
1.013845129188382543e+00
1.013782173829546496e+00
1.014846933934466344e+00
1.014807916300732193e+00
1.011620537976914314e+00
1.013111528848109399e+00
1.013071145105011617e+00
1.012974612229563753e+00
1.015230306518656533e+00
1.015264770967386765e+00
1.012859125182628217e+00
1.013506152705809127e+00
1.014767809455827230e+00
1.012889441189846362e+00
1.013393496018380135e+00
1.011174031316167232e+00
1.013208238771458269e+00
1.013793482066897456e+00
1.010164301359570471e+00
1.015255564629747420e+00
1.014049982369854996e+00
1.012929034602355394e+00
1.011843467372026906e+00
1.014362992457041868e+00
1.015307095445363572e+00
1.013190559689625347e+00
1.011859161418490194e+00
1.013159736686086276e+00
1.013069112977096786e+00
1.013606964849377956e+00
1.014346674500809842e+00
1.012620048818891672e+00
1.013594224487581519e+00
1.013819639848283272e+00
1.013996310595105532e+00
1.012344101496657656e+00
1.011130110173381613e+00
1.015206746353591649e+00
1.012375215955934271e+00
1.013382056110049723e+00
1.012761093832722503e+00
1.014422634622297759e+00
1.013871297887098510e+00
1.014223454867530849e+00
1.013333827844351998e+00
1.012878316567907167e+00
1.014964025837294281e+00
1.014469183797016782e+00
1.012425673208212640e+00
1.015152158821626571e+00
1.013707902225829960e+00
1.012578235474071109e+00
1.014422030369115602e+00
1.014956307692549853e+00
1.012284982487600793e+00
1.013642605095697924e+00
1.014105602340947376e+00
1.015314239065899349e+00
1.013853454812257748e+00
1.014891480204845209e+00
1.011091085029496295e+00
1.011604048328615724e+00
1.012900514860817669e+00
1.012869006860535714e+00
1.013962761339129326e+00
1.015159661509136946e+00
1.011972438443140554e+00
1.011930573601925065e+00
1.012866855336569394e+00
1.014077121805448289e+00
1.015080552118593493e+00
1.013251892921601449e+00
1.013156421409977082e+00
1.014106280996554421e+00
1.012444802675700473e+00
1.012346049416000815e+00
1.011621574201179596e+00
1.016471502045753317e+00
1.014542023202277266e+00
1.012053142358791513e+00
1.015495837241044086e+00
1.011533395783773992e+00
1.012259160972031280e+00
1.012492659380007876e+00
1.011421075022255867e+00
1.012189302434916671e+00
1.014917869112051729e+00
1.014385034581470224e+00
1.012209929842494027e+00
1.013297465064885161e+00
1.014343803876872396e+00
1.012795768014662201e+00
1.013983736885893272e+00
1.011648345975975971e+00
1.013338178027487047e+00
1.012614829223144053e+00
1.013304481598972462e+00
1.012869463121025992e+00
1.012065276655027324e+00
1.014249531854948705e+00
1.013118703091134387e+00
1.012773272772800270e+00
1.011439066784143526e+00
1.012308673699531703e+00
1.012920103080444445e+00
1.013239670967036155e+00
1.012242507822379123e+00
1.011548399993479341e+00
1.013955838420603328e+00
1.015865093815311315e+00
1.013495915487051535e+00
1.013038420533361572e+00
1.011264489501181307e+00
1.013522494380138639e+00
1.013311905366162113e+00
1.014168638364776553e+00
1.013222174734099479e+00
1.014457266684250625e+00
1.012420405666069723e+00
1.012525682518527370e+00
1.013085478876210477e+00
1.012308412989447737e+00
1.012684375233243728e+00
1.014450483786325519e+00
1.014018537086021077e+00
1.013675264520110586e+00
1.013301710217135332e+00
1.012411466877068289e+00
1.012118323174014289e+00
1.011990793715219494e+00
1.013688566822457338e+00
1.012266625391260444e+00
1.012162666844788506e+00
1.013020501012859453e+00
1.012938676300662699e+00
1.012920530692051901e+00
1.012932375967856791e+00
1.014025928105010355e+00
1.013116128474181643e+00
1.014317892620612893e+00
1.014099548285011476e+00
1.013011387514408890e+00
1.012466255554244965e+00
1.014455322134129478e+00
1.012524251698885269e+00
1.013304288028842315e+00
1.013310026617960435e+00
1.015882072243035505e+00
1.014878860507245406e+00
1.013308194860500500e+00
1.013284964992070991e+00
1.014201548416302057e+00
1.012601027374734564e+00
