2.518819730872258515e+04
2.566392735060767518e+04
2.545806962096255666e+04
2.571311501276151830e+04
2.523845997490214359e+04
2.574889743610536607e+04
2.537290472523129210e+04
2.521407830778539210e+04
2.532184748687777028e+04
2.532133564117854621e+04
2.573604375696080024e+04
2.547013779930898090e+04
2.544168565274292996e+04
2.528436964499800524e+04
2.560336749132268960e+04
2.558426009624981816e+04
2.524099460640081816e+04
2.551562291586478023e+04
2.527202725712072424e+04
2.529521104500493675e+04
2.536829503833566559e+04
2.571432544123083426e+04
2.576537750689750465e+04
2.543786623604324996e+04
2.541127541518072394e+04
2.531845325668419537e+04
2.510913781593624662e+04
2.537641202092816457e+04
2.528289156357417960e+04
2.566705467107253935e+04
2.532044899884036204e+04
2.553329791903329533e+04
2.523441203407726061e+04
2.531080016637892913e+04
2.515570815967776070e+04
2.543171952041097029e+04
2.530607844958339410e+04
2.538111268167827438e+04
2.531962391985408976e+04
2.522354215835204013e+04
2.534836372245599705e+04
2.549042896903226938e+04
2.520896959180773047e+04
2.541618010556029185e+04
2.533758986429488141e+04
2.550491051795045860e+04
2.537720279387807750e+04
2.606488182942178173e+04
2.551587860475432899e+04
2.565151693531121782e+04
2.528930184746247687e+04
2.521496107889007544e+04
2.532866825363898533e+04
2.552911835409597188e+04
2.527051194627279619e+04
2.538223226878904461e+04
2.547338441857229554e+04
2.527032385397341568e+04
2.517440881361605716e+04
2.537805247067681557e+04
2.525573833575588651e+04
2.538490226628275195e+04
2.554779321416284074e+04
2.526768496885451168e+04
2.548674907241641631e+04
2.529564692322294286e+04
2.572015326853790611e+04
2.521739224649580865e+04
2.554758440878297915e+04
2.528191369230953569e+04
2.538154954206217008e+04
2.551330223135271081e+04
2.530912739357850660e+04
2.570507338200511367e+04
2.542815801302689579e+04
2.520405993185501939e+04
2.518146012519093711e+04
2.536524223977935617e+04
2.536119972382971173e+04
2.522959640261094319e+04
2.532140964935656302e+04
2.512304847908021111e+04
2.548391427617229056e+04
2.533978216230677936e+04
2.524095977724115073e+04
2.571225437152947416e+04
2.530568598824310538e+04
2.543304128030443098e+04
2.521259550789244531e+04
2.538708690173057767e+04
2.562276685824878950e+04
2.523311042318258842e+04
2.556607410018434894e+04
2.522472966153728339e+04
2.529810793021844438e+04
2.542907901911364024e+04
2.575268938333811457e+04
2.540753433757461244e+04
2.519052140417997725e+04
2.531007593810493563e+04
2.547086883070801923e+04
2.554258815450882685e+04
2.521278814589712783e+04
2.532310989283256640e+04
2.524076194199559905e+04
2.539501596632269866e+04
2.539002899606439314e+04
2.527843440712734082e+04
2.520867174556426107e+04
2.540040859054077373e+04
2.531416921257846479e+04
2.535490531180132166e+04
2.541139485691677328e+04
2.564904025225549776e+04
2.548494821855002010e+04
2.529572106624189473e+04
2.540519352451268787e+04
2.544531886440018570e+04
2.515531083278902224e+04
2.559166869698835944e+04
2.540125364607723532e+04
2.525867521803014097e+04
2.545705005516206438e+04
2.521505651097986265e+04
2.530312379747059458e+04
2.532251414995965388e+04
2.537533481462218697e+04
2.548987476090937344e+04
2.538956664595780239e+04
2.520633105585760495e+04
2.556741977480653441e+04
2.527152093314761441e+04
2.538503773326960436e+04
2.527017257775573671e+04
2.525701715667615281e+04
2.526104082402523272e+04
2.525716656780767516e+04
2.510343881249785409e+04
2.528810545519602238e+04
2.517256949834870102e+04
2.515322998020476734e+04
2.577130759455695443e+04
2.530511169756115851e+04
2.520769788804038762e+04
2.554506938692774929e+04
2.534179299718730545e+04
2.519080450552468028e+04
2.558449196721742192e+04
2.543737348834611112e+04
2.528348450546604363e+04
2.525867977507146497e+04
2.533680361119113513e+04
2.529862243771402063e+04
2.539182631534401662e+04
2.533398510725823144e+04
2.527865662888106090e+04
2.551479565665865448e+04
2.553984907680833567e+04
2.532458407388499108e+04
2.536803902877574365e+04
2.545754159421949953e+04
2.550700836237178009e+04
2.530323583378443436e+04
2.555886578767705578e+04
2.539361017763559357e+04
2.535779885209579152e+04
2.548389743145079046e+04
2.541745095904621485e+04
2.517564272763479676e+04
2.546089453445231993e+04
2.538592314811007600e+04
2.531396396778303824e+04
2.516818836489264504e+04
2.588886016406198905e+04
2.521319972356672224e+04
2.556628274250271716e+04
2.583993769982579397e+04
2.564683145721209803e+04
2.562223643399328648e+04
2.540282562687425161e+04
2.517337885130635550e+04
2.549512074106248474e+04
2.557079068694997477e+04
2.527928157743357588e+04
2.544567047531474236e+04
2.516849141617895657e+04
2.558914278771690078e+04
2.530500467010492503e+04
2.553652316115250869e+04
2.520097499264269209e+04
2.547654366160941208e+04
2.529403720928158145e+04
2.581980706023554376e+04
2.568086911522904848e+04
2.535299916814987228e+04
2.612768247663362126e+04
2.536169265209976948e+04
2.546967722986084846e+04
2.519149670584255364e+04
2.534960440627414937e+04
2.555361562869796762e+04
2.546881258485062790e+04
2.548628263812221121e+04
2.538501558665147240e+04
2.521970458147446334e+04
2.552420160831991234e+04
2.604038457818310417e+04
2.545404911847399489e+04
2.560894955453832154e+04
2.541173347139943144e+04
2.539229687914720853e+04
2.521662069403842543e+04
2.527844442580806572e+04
2.523858471944601115e+04
2.526870813033075683e+04
2.527159906707579285e+04
2.561379852141686570e+04
2.542572826313750920e+04
2.515731242593299612e+04
2.564782860226113189e+04
2.543849740670226311e+04
2.538850569847265433e+04
2.560813501205495777e+04
2.521499016235703311e+04
2.547344755055309361e+04
2.545294272008685220e+04
2.542416927197047698e+04
2.512005735240622744e+04
2.541231408832315356e+04
2.533969648557219989e+04
2.525095966526208213e+04
2.519034269905122710e+04
2.535871757023140162e+04
2.527289911522893090e+04
2.564352940314381704e+04
2.535394083805366245e+04
2.532812883984249856e+04
2.571636175805645325e+04
2.552390579081364194e+04
2.529869671213548281e+04
2.535344230996100305e+04
2.541592974698719991e+04
2.509054427715434213e+04
2.567128359112183534e+04
2.533892346488571275e+04
2.524699469371212763e+04
2.559988685143102339e+04
2.551449962112052890e+04
2.539919189471559730e+04
2.593137495498560384e+04
2.538519061635370599e+04
2.547551714427703700e+04
2.536063195248036209e+04
2.530430690789316213e+04
2.548502603443164480e+04
2.528641803462254757e+04
2.540365238781435983e+04
2.553853675895760898e+04
2.551086092323057892e+04
2.545385215957577748e+04
2.555227970756767900e+04
2.540641436087124384e+04
2.539004165134359573e+04
2.513308135759451761e+04
2.517625379828418227e+04
2.544677004796518304e+04
2.512952212072192924e+04
2.573178051710722866e+04
2.527180364779972660e+04
2.518258406629387537e+04
2.548695098598619734e+04
2.516242448275970310e+04
2.542752014229784618e+04
2.530747564326780048e+04
2.548063334093519370e+04
2.550791039679242022e+04
2.561461708628073029e+04
2.534313433336651724e+04
2.532899429762738509e+04
2.533001564921131649e+04
2.538247951476913295e+04
2.541683781069562974e+04
2.537617117433123713e+04
2.577567181709006036e+04
2.527833714373692783e+04
2.544180959564885052e+04
2.519451615696054796e+04
2.520929157172643318e+04
2.545422895581040575e+04
2.520793351381335378e+04
2.524794370322371833e+04
2.535913186830813720e+04
2.545208667704661639e+04
2.531837567884074815e+04
2.540817187130233651e+04
2.572711346913562738e+04
2.542040226463412546e+04
2.583770278867230809e+04
2.520863640917297380e+04
2.528527526755357394e+04
2.535651685947335136e+04
2.547491094356670510e+04
2.535876165556644992e+04
2.546870236190564174e+04
2.531482493789395085e+04
2.530039988328192703e+04
2.573216118116327925e+04
2.524691890132667322e+04
2.551361940434769713e+04
2.565577391816586169e+04
2.538957033841139491e+04
2.545597761666037331e+04
2.549083352463775373e+04
2.552006874822744066e+04
2.567114688154114265e+04
2.547900296213849651e+04
2.558120527038845830e+04
2.570338192952015743e+04
2.526654660049811719e+04
2.555045746863172462e+04
2.522147423262081793e+04
2.563876550744214910e+04
2.552127145623230172e+04
2.522815877273841397e+04
2.527481971352530309e+04
2.536833033425099347e+04
2.554732455961270898e+04
2.561707700315535112e+04
2.517587159407373838e+04
2.545616310836470802e+04
2.517944113238444334e+04
2.551878905391916123e+04
2.542969145813284558e+04
2.561520415800494084e+04
2.545470117377258430e+04
2.565566280564953922e+04
2.553270185148641758e+04
2.532174463727704278e+04
2.522691389073296887e+04
2.563102834250500018e+04
2.541393527458612516e+04
2.533167625008727555e+04
2.564178437989463782e+04
2.520650858882701505e+04
2.564822154686782596e+04
2.550011258561435170e+04
2.536809409371275615e+04
2.524358105736166181e+04
2.527911343378923630e+04
2.517689241763081736e+04
2.521950699518940019e+04
2.557463451823315336e+04
2.573678001195646721e+04
2.530735531090279619e+04
2.550283802498928344e+04
2.522281258166890984e+04
2.573340493867411715e+04
2.526370815853208842e+04
2.537802423772861948e+04
2.536239363490139658e+04
2.526102366588520817e+04
2.529792876242688726e+04
2.544229474332764948e+04
2.526066805181016389e+04
2.533803818986835176e+04
2.524869063763820668e+04
2.537996044438795798e+04
2.539624370834666843e+04
2.531068744600930950e+04
2.552287958649653956e+04
2.553587534214555126e+04
2.527156524472804813e+04
2.558536395623635326e+04
2.545561872084963761e+04
2.540179181878390227e+04
2.527433028701423245e+04
2.524179207294038861e+04
2.540180329178713146e+04
2.528159025505180398e+04
2.531042292941273263e+04
2.546292952850444999e+04
2.529412137481247191e+04
2.531609121270331889e+04
2.546583403912028371e+04
2.521066480322213829e+04
2.556607435126331984e+04
2.588098644713027170e+04
2.522021486381710565e+04
2.532986478539932432e+04
2.525274587274804071e+04
2.557806370571976368e+04
2.570462138074406903e+04
2.532536553061390805e+04
2.547241707691010015e+04
2.558438414785229179e+04
2.522197698455137652e+04
2.531966838997622108e+04
2.559595855649484292e+04
2.528523681468437644e+04
2.511015800293182838e+04
2.537003710225077521e+04
2.536027144000326007e+04
2.529845146251203914e+04
2.557951479114420727e+04
2.537558957425905464e+04
2.530418233251959100e+04
2.546648090459960076e+04
2.514378481127534906e+04
2.535423733215465472e+04
2.531082355531655412e+04
2.590563451619398984e+04
2.539885483993456364e+04
2.509518904254372683e+04
2.545381863447891010e+04
2.522761059871181351e+04
2.527648007494577541e+04
2.524165411848567237e+04
2.543317806425889285e+04
2.543404590183840992e+04
2.568051350614185139e+04
2.550165170380230848e+04
2.511191539333185938e+04
2.554536275406904315e+04
2.537414135895382788e+04
2.518867168068439423e+04
2.551440649311840389e+04
2.541831774388811027e+04
2.546869292653223238e+04
2.538055646755886846e+04
2.545532481690748682e+04
2.575573638477866916e+04
2.574615194765141132e+04
2.538755612101169027e+04
2.526402414554850111e+04
2.525063944861841082e+04
2.550190479485780088e+04
2.568928070527150703e+04
2.535002900701232284e+04
2.551980132937197777e+04
2.521072050325370219e+04
2.513976841084324042e+04
2.520394330732247181e+04
2.524688461879028910e+04
2.557887627952099501e+04
2.528607047272698765e+04
2.579486141591221531e+04
2.535109387477998462e+04
2.565440430600029867e+04
2.536673012232894325e+04
2.544569116655934340e+04
2.525892893386309879e+04
2.544508667862201401e+04
2.539750342985767202e+04
2.525472042542402778e+04
2.520937140695579365e+04
2.529203338399718268e+04
2.555981435825187873e+04
2.536954786981160214e+04
2.525125974153145216e+04
2.540934345648996532e+04
2.562362281604991222e+04
2.529161054858402713e+04
2.532572466584053836e+04
2.522323965616155328e+04
2.540246319344328731e+04
2.520434630600810851e+04
2.557977450550337016e+04
2.568886004740642602e+04
2.539275917266940087e+04
2.526138868974746583e+04
2.519263484202817926e+04
2.518861515056138524e+04
2.610519425884777957e+04
2.522238380481566492e+04
2.531406110182691555e+04
2.520901330873326515e+04
2.560380450616726739e+04
2.573113595243553209e+04
2.527871326857291206e+04
2.506196685280251404e+04
2.531213650299781875e+04
2.546071338911115163e+04
2.534234597965966168e+04
2.538983042042428860e+04
2.542278006631356402e+04
2.530238685749511205e+04
2.542174345497238755e+04
2.513003124199837475e+04
2.514190360211207008e+04
2.572958950620183896e+04
2.526501145831708709e+04
2.521639357404271141e+04
2.530108927247578322e+04
2.540945317485191117e+04
2.540284633662344640e+04
2.544695555213575426e+04
2.537563271543082010e+04
2.509741141433521989e+04
2.547902426791424659e+04
2.519415783773099611e+04
2.540046546086691160e+04
2.548228737037799510e+04
2.533784017939850673e+04
2.529119509664764701e+04
2.522596467253574519e+04
2.552083764208916909e+04
2.555903990912422523e+04
2.545238526396868838e+04
2.550033482605117388e+04
2.538355761885321772e+04
2.580235840187037684e+04
2.524202914445590795e+04
2.537751617284924214e+04
2.549121062683123455e+04
2.538267299839211773e+04
2.583548348956367045e+04
2.547077200921641270e+04
2.531537423323702387e+04
2.566954132305556777e+04
2.539864843526804907e+04
2.556582747583328455e+04
2.529320892267771706e+04
2.539717502408275686e+04
2.544623429515566386e+04
2.573965112159420460e+04
2.525695541065387079e+04
2.564678328664887522e+04
2.581409807196961629e+04
2.552255265964993305e+04
2.521063727767429009e+04
2.528857370880279268e+04
2.525549627214976863e+04
2.516663389672055200e+04
2.535422928173236505e+04
2.535142378035361980e+04
2.526471506647555361e+04
2.549160700446034025e+04
2.583245246898839832e+04
2.519494811197703530e+04
2.537762083419374176e+04
2.540073968136034819e+04
2.533051209827947969e+04
2.535292534697663723e+04
2.521714256628570001e+04
2.558514603637085747e+04
2.548794275101964377e+04
2.535910667689156980e+04
2.527979474162704355e+04
2.530615632148519217e+04
2.515941872771963972e+04
2.532902502218494192e+04
2.530060594142331320e+04
2.592293437997840738e+04
2.538899783174453842e+04
2.537934725331137815e+04
2.532215001357657457e+04
2.556088722679446801e+04
2.526410474051806523e+04
2.544575337029086950e+04
2.539054501590656582e+04
2.564466114604075119e+04
2.525335570864572219e+04
2.540826280869926995e+04
2.531604199697473086e+04
2.555751278431423634e+04
2.541115977684132304e+04
2.522726407121528609e+04
2.556532652093846627e+04
2.570475895231650065e+04
2.524034250945542590e+04
2.543064863617278752e+04
2.513957205442043050e+04
2.558398153508250834e+04
2.557042228659415923e+04
2.551477926245155322e+04
2.505437880458593645e+04
2.528936736661311443e+04
2.531931640335423799e+04
2.538659390582046763e+04
2.528854628052277258e+04
2.556829713008301405e+04
2.545080640956595744e+04
2.544996242621274723e+04
2.526938575571748152e+04
2.537328149633790963e+04
2.527266964828627897e+04
2.552456772511450254e+04
2.538053608514669395e+04
2.545273893633270200e+04
2.530760142635618467e+04
2.589490266493385934e+04
2.512925873631515424e+04
2.523313500524126721e+04
2.594660494852682314e+04
2.529536381144275583e+04
2.547876411453121909e+04
2.534439640870122093e+04
2.532311095986434520e+04
2.524175946727610790e+04
2.528563537727593211e+04
2.512386167120878963e+04
2.524485173148710601e+04
2.526647896570096418e+04
2.533378467480755717e+04
2.533556454500215114e+04
2.549463237130753259e+04
2.532471155115398869e+04
2.528193583134511573e+04
2.548764644594586571e+04
2.552737409686477622e+04
2.550827683756171973e+04
2.593295687824155902e+04
2.555632694580936732e+04
2.552299281487569169e+04
2.513238870845318888e+04
2.531401295491264318e+04
2.536748882864790357e+04
2.535587239933256933e+04
2.509822683784360561e+04
2.543526451347439070e+04
2.539834088112741301e+04
2.534438685090795116e+04
2.521118917564336516e+04
2.511133065764496496e+04
2.532110387584703494e+04
2.545898487758303600e+04
2.562474958211226112e+04
2.523302967200311468e+04
2.550989824695639254e+04
2.547131033350108191e+04
2.522786053388760774e+04
2.542712157624834435e+04
2.533609973283849104e+04
2.569473252741740362e+04
2.535586393352971572e+04
2.554750271082378094e+04
2.531021592997738117e+04
2.547392881343718909e+04
2.538754637996086967e+04
2.519592213169863317e+04
2.556462740030739587e+04
2.535959337377664269e+04
2.537188585408902509e+04
2.525683805386250970e+04
2.550389383550698403e+04
2.522097399639760624e+04
2.512087601289066879e+04
2.547335054256720468e+04
2.560807791319137687e+04
2.516215550917965811e+04
2.583332434571722843e+04
2.537132116670347023e+04
2.534140631907530405e+04
2.521674171387189563e+04
2.521899020802884843e+04
2.557307168451347752e+04
2.543322188479818942e+04
2.511230872216481657e+04
2.536526763354728973e+04
2.520785142851081764e+04
2.528211296921027679e+04
2.539708789668307872e+04
2.535139925897113062e+04
2.528058939688802639e+04
2.549181546448676454e+04
2.534105759801296153e+04
2.550549401546933950e+04
2.524981076594220940e+04
2.521990582481481397e+04
2.533394729902127801e+04
2.561001613248933063e+04
2.524341223557732519e+04
2.539942310667982019e+04
2.581020625753546483e+04
2.553980951003548762e+04
2.572787472387955131e+04
2.582020116213631627e+04
2.548725594338692099e+04
2.528182196456780366e+04
2.541093939409830637e+04
2.518553456271982941e+04
2.543866395524295149e+04
2.525151718421117403e+04
2.530990241852552936e+04
2.551487335168413847e+04
2.555651393744787856e+04
2.534836596982944320e+04
2.529756957724757012e+04
2.562981065145956745e+04
2.533868099381033244e+04
2.564222216176228176e+04
2.540946101334323248e+04
2.620936692982431487e+04
2.531420886268549293e+04
2.559577534565431779e+04
2.538396462060470367e+04
2.565343460967390638e+04
2.552714474818172675e+04
2.531058557181652577e+04
2.534187971095889225e+04
2.526613137491219095e+04
2.554519143109114884e+04
2.542752900793726803e+04
2.558229289069843071e+04
2.554682629984085725e+04
2.517662045238987412e+04
2.523419935420211186e+04
2.527210585056962373e+04
2.508198989604164308e+04
2.521503264468910129e+04
2.517853461126581169e+04
2.552244376070666112e+04
2.562592265632720228e+04
2.532334502026535483e+04
2.563373015493639832e+04
2.552140675154037672e+04
2.535898153294531585e+04
2.531186296293911437e+04
2.519410885253855304e+04
2.545044992392268978e+04
2.558363310924321559e+04
2.555733437336242059e+04
2.530395598373378743e+04
2.524247722637240076e+04
2.542362275666614369e+04
2.544977362309916862e+04
2.510346957619695604e+04
2.541158044453889670e+04
2.524947453031712212e+04
2.563340950083392454e+04
2.573296904316944347e+04
2.553257071667684068e+04
2.515039618361163957e+04
2.504993537543527418e+04
2.526495391146756083e+04
2.524739557903709647e+04
2.527745945828661570e+04
2.508504367689535866e+04
2.522872843093046686e+04
2.536305357675459891e+04
2.540253773675983030e+04
2.536569030587716406e+04
2.585741468085205270e+04
2.513618943535943254e+04
2.518184321287596686e+04
2.566451691360859695e+04
2.527509375008171628e+04
2.544474933834390322e+04
2.535999782470849459e+04
2.544698024104088472e+04
2.563346000287485003e+04
2.526417617004061321e+04
2.518393504705664236e+04
2.551261132908814034e+04
2.547610738617807874e+04
2.531596328307949079e+04
2.532830978769441208e+04
2.552254425524343969e+04
2.541989911424590900e+04
2.529406549421032832e+04
2.547764042853979845e+04
2.526614107779879487e+04
2.520296938195873008e+04
2.535555082922134898e+04
2.585122109504712716e+04
2.535142308152054829e+04
2.531370302378467022e+04
2.569018701862632952e+04
2.561415003055876514e+04
2.551388580131781055e+04
2.532280365248728413e+04
2.521702981456830821e+04
2.525850618166539425e+04
2.528869884609765722e+04
2.529876219115776257e+04
2.574386103078470478e+04
2.555737882789504874e+04
2.551538674366747728e+04
2.507285970177549461e+04
2.535238118456777374e+04
2.537445328935558064e+04
2.542436065864362899e+04
2.518290325276583098e+04
2.548554875644071217e+04
2.532318552394593280e+04
2.559799808658290203e+04
2.535029396032249133e+04
2.535725068870499672e+04
2.533838361859728320e+04
2.512707323695109517e+04
2.542933278291724127e+04
2.545623222791171065e+04
2.558649836064972260e+04
2.535382055537178894e+04
2.539645374892767359e+04
2.539993691295324243e+04
2.544623078654527490e+04
2.558714755423123279e+04
2.582583969500986495e+04
2.561186560365420883e+04
2.547003736781214320e+04
2.512273471612813591e+04
2.544476271094968251e+04
2.538556114840150258e+04
2.541166165941107101e+04
2.508418569582725104e+04
2.531725855283249984e+04
2.570435140200165552e+04
2.523040268076883876e+04
2.567062089383281636e+04
2.563699658712494056e+04
2.568115265387453474e+04
2.506241701319505955e+04
2.531892928259290056e+04
2.532439908025177283e+04
2.521911275084437148e+04
2.538789303178576301e+04
2.507547040414377625e+04
2.565231134277777528e+04
2.526240831224408976e+04
2.533968019642656873e+04
2.562656670621268495e+04
2.557139210077039388e+04
2.553124088365152420e+04
2.548796868783975515e+04
2.552018251848415457e+04
2.507358131706071072e+04
2.548331771832392042e+04
2.560630761229509517e+04
2.532480011058668970e+04
2.559033734302278026e+04
2.558269163451734130e+04
2.556932562443694405e+04
2.528715079629521642e+04
2.560969132003609047e+04
2.515817431722089896e+04
2.559708337999448850e+04
2.534174664555935669e+04
2.522060261785891271e+04
2.546537258852751256e+04
2.553771494908667955e+04
2.556596456492972357e+04
2.523017556975693515e+04
2.529189940431862487e+04
2.531944762508870190e+04
2.560870217549838344e+04
2.537065730477318721e+04
2.532956556340237512e+04
2.544204881193067558e+04
2.531191087506842814e+04
2.524517876320844880e+04
2.538225210486982542e+04
2.532478962270768170e+04
2.533362908172282914e+04
2.566918286167563201e+04
2.533663867483989452e+04
2.520232314758422945e+04
2.522716966208521626e+04
2.517475539551421025e+04
2.549964920875828466e+04
2.540962694411346820e+04
2.539991286623450287e+04
2.522847441087461630e+04
2.515044574576511150e+04
2.530387674417229937e+04
2.546005045154992331e+04
2.540794570557256156e+04
2.534669533258886804e+04
2.543333905096018134e+04
2.581062597838150759e+04
2.550322665432640497e+04
2.526941930633067022e+04
2.532295131602165202e+04
2.613438889242434743e+04
2.517669633940900530e+04
2.525823767554717779e+04
2.543633552701769440e+04
2.530263470910198885e+04
2.587020989380442916e+04
2.544439592856178933e+04
2.541227056462893961e+04
2.515600696432781479e+04
2.525429450930794337e+04
2.547497514520763070e+04
2.548922188209528758e+04
2.525501311322948459e+04
2.617951868306729011e+04
2.520626980859222749e+04
2.517262254822320028e+04
2.531502833029015164e+04
2.529622003254650554e+04
2.541442980459320097e+04
2.529266577158707514e+04
2.535761342165527094e+04
2.522840074826204727e+04
2.548643698553097056e+04
2.531093908561499120e+04
2.552227330837869522e+04
2.539364901690573970e+04
2.549653098654818314e+04
2.524493616956546975e+04
2.526157621896181081e+04
2.547013417644253423e+04
2.549215860652338233e+04
2.556626858138182797e+04
2.515045683098901281e+04
2.533117267713013280e+04
2.553023120600540278e+04
2.538428493356713079e+04
2.517752095181961704e+04
2.513864752036090431e+04
2.541700490445850301e+04
2.536475257145969954e+04
2.520784262902278351e+04
2.542627187346357459e+04
2.547670541634203255e+04
2.577495656267579034e+04
2.538309750068852009e+04
2.549137608564598122e+04
2.526940408724714507e+04
2.528285460499790861e+04
2.536591128896184455e+04
2.564495734881481985e+04
2.515733205507435923e+04
2.567217102112495922e+04
2.549138921204694998e+04
2.547312522965059907e+04
2.529525215299107003e+04
2.514327695872131153e+04
2.512666539833482602e+04
2.537530613276103395e+04
2.524758649713098930e+04
2.546351896758424118e+04
2.528257745617623368e+04
2.576187289747841351e+04
2.528399990800894739e+04
2.541263982081572613e+04
2.562993808829961563e+04
2.539260807736959396e+04
2.542446523719411562e+04
2.569335542500210431e+04
2.532832887229641710e+04
2.528375909558285639e+04
2.528725465078247362e+04
2.529683861536148106e+04
2.530847583022308027e+04
2.519979571654468236e+04
2.537633342240280399e+04
2.547179111507712150e+04
2.511609360070678304e+04
2.551724364743215119e+04
2.526217960614501862e+04
2.557167362130651600e+04
2.528489217010478751e+04
2.518533622212916089e+04
2.521222607218660414e+04
2.511173997791802685e+04
2.560902715543118029e+04
2.537537087920499471e+04
2.524629826573052196e+04
2.539722899206246075e+04
2.548974393591806802e+04
2.538116801161285184e+04
2.527221886551318676e+04
2.528024356398140299e+04
2.532628937547915484e+04
2.525633943540404653e+04
2.537336937938646952e+04
2.527704771056204117e+04
2.560488478076226966e+04
2.553908147878278396e+04
2.533023162404425966e+04
2.543006508658778330e+04
2.567719848503685353e+04
2.559425740967024831e+04
2.566822769695831084e+04
2.520757743605876021e+04
2.539198545364298479e+04
2.537823404160644350e+04
2.538553424745102893e+04
2.543509866891576530e+04
2.563496866928584859e+04
2.525998459828632622e+04
2.540328035507458844e+04
2.529843224678860497e+04
2.524129965725663351e+04
2.526966918579397316e+04
2.552565006962667758e+04
2.525775518798985286e+04
2.531114911158090763e+04
2.529600236637175112e+04
2.545081987666154237e+04
2.526645257746791685e+04
2.542365307166530692e+04
2.536843625687156964e+04
2.559088471596411546e+04
2.530107130006670195e+04
2.555782568454321881e+04
2.536406133155383213e+04
2.552779175076493993e+04
