4.467531773005224971e-01
4.474461290604948016e-01
4.455203886165525207e-01
4.428474647838652190e-01
4.423239101080934654e-01
4.435301259800562002e-01
4.466324273513885834e-01
4.429228790017965545e-01
4.456245305944491197e-01
4.437969302001472105e-01
4.483323374733004241e-01
4.468259368033773993e-01
4.432195933559389678e-01
4.415739263779444035e-01
4.477743902895229833e-01
4.425582136449613402e-01
4.438338172235357093e-01
4.453805133241387493e-01
4.433767812840597178e-01
4.399285971285481489e-01
4.475543789730162536e-01
4.473799738545195526e-01
4.453806445266650926e-01
4.432691412546193588e-01
4.446015278989321473e-01
4.453494784730550049e-01
4.429559090357684248e-01
4.431351415219447754e-01
4.461451134243800687e-01
4.479036577470842939e-01
4.431238090478863967e-01
4.455395186586011413e-01
4.437859830226238422e-01
4.458471612768694081e-01
4.443216883033260234e-01
4.470281105109713549e-01
4.510768074758146340e-01
4.476450923054935416e-01
4.446940256120253676e-01
4.455058366365853284e-01
4.441249403415086228e-01
4.453065685059892642e-01
4.449011803574403623e-01
4.439767018225525552e-01
4.428276817225769157e-01
4.418229481014011029e-01
4.456353766497814783e-01
4.433652629389023825e-01
4.475443650459456357e-01
4.468656750515725973e-01
4.463101225387560156e-01
4.384997189145596885e-01
4.442809591016625426e-01
4.401076772388890501e-01
4.432221016260174951e-01
4.430915950097880085e-01
4.450336595921852711e-01
4.427567145293414552e-01
4.430979932218072626e-01
4.441304413575914434e-01
4.445983603033155096e-01
4.395389300122067855e-01
4.393494339339948374e-01
4.455730814495857950e-01
4.387996621254560137e-01
4.510655577953979201e-01
4.426565433038733288e-01
4.448345256594761210e-01
4.431191788958579458e-01
4.381663778217312899e-01
4.457190245763040792e-01
4.476333565632261702e-01
4.453257042605976990e-01
4.431335619369275447e-01
4.458500554834006757e-01
4.455326693771896607e-01
4.439064105112938696e-01
4.456259947844011249e-01
4.430855429011331115e-01
4.461300846375269580e-01
4.453465019331547814e-01
4.445120310227752003e-01
4.424366577591740124e-01
4.394521306704617380e-01
4.443309158846200924e-01
4.447665531336424394e-01
4.453121393339248835e-01
4.427150590584559287e-01
4.458598270062248403e-01
4.397522695244135416e-01
4.445376859989761398e-01
4.465479689675717068e-01
4.468791018786279490e-01
4.439459984431823325e-01
4.464917864719645801e-01
4.483111659263497306e-01
4.417137603612050212e-01
4.446888648300056923e-01
4.423715410411228066e-01
4.398150398700755859e-01
4.417604823152901372e-01
4.449329430555321596e-01
4.479249095049286367e-01
4.494895518845816729e-01
4.505646488673751837e-01
4.445926270953865500e-01
4.403363884214895885e-01
4.427948165529882463e-01
4.468250985680566334e-01
4.393583143848696637e-01
4.436420659997346028e-01
4.478635941703967838e-01
4.431257216526139908e-01
4.437085506576466942e-01
4.485603476490483965e-01
4.419719968360740214e-01
4.480202732506891050e-01
4.437365964007538022e-01
4.423758987520300945e-01
4.450602496452378820e-01
4.429214976797811176e-01
4.450494159483273093e-01
4.480558425127241784e-01
4.432093879386806434e-01
4.457057925500778062e-01
4.439776219741965457e-01
4.455471789651446746e-01
4.433182128399936195e-01
4.437805032370080172e-01
4.434814401091422553e-01
4.470651561154344034e-01
4.462392900200098378e-01
4.400809560627305106e-01
4.431679027700380913e-01
4.470388874614334984e-01
4.437177722849753869e-01
4.455798782602443664e-01
4.470978149771218657e-01
4.442082412154603754e-01
4.453315616703274471e-01
4.439524243732845266e-01
4.461733044301467999e-01
4.463885473708300577e-01
4.453861145325564430e-01
4.438417377002678577e-01
4.398220028309452467e-01
4.444234507081267216e-01
4.446547131650534501e-01
4.474117219625548536e-01
4.451132957978415350e-01
4.431019204270424394e-01
4.423508416536768295e-01
4.447388203634268233e-01
4.465391045023286987e-01
4.405971734847879406e-01
4.439096577072527139e-01
4.425170721540359065e-01
4.397109977678034798e-01
4.435183285083683091e-01
4.427209181804722116e-01
4.478693178576881873e-01
4.480015486297731497e-01
4.432912538521755486e-01
4.462421300916329936e-01
4.476472532397537951e-01
4.441309321837654256e-01
4.462927456577578944e-01
4.485622416477346164e-01
4.438845892167990193e-01
4.412214727077142795e-01
4.450880626687284125e-01
4.450934943744500605e-01
4.518114349013081510e-01
4.447522993807943581e-01
4.454773163988795526e-01
4.413952094313989827e-01
4.412470722977108184e-01
4.489285539313803142e-01
4.427543134856219420e-01
4.472434373463461954e-01
4.459785939658320042e-01
4.437605425186806896e-01
4.452488002144440182e-01
4.465989323300845193e-01
4.483672105135283470e-01
4.457176394240472961e-01
4.407668342147235130e-01
4.439152214582133826e-01
4.436761802549564759e-01
4.468779942195349464e-01
4.459668589078604750e-01
4.423515644037948058e-01
4.438031703631885594e-01
4.470722987733245501e-01
4.441955776473657247e-01
4.445781343453086842e-01
4.457955395946780475e-01
4.425646447157632335e-01
4.435495538568249851e-01
4.450928289058909137e-01
4.488065234066707099e-01
4.482360042456884353e-01
4.432529241144329002e-01
4.425148621276978611e-01
4.467317320928711477e-01
4.484619369433177627e-01
4.446531064909985398e-01
4.427547909189569753e-01
4.433601693733237870e-01
4.443149798806581008e-01
4.448006340375715850e-01
4.448983900174986461e-01
4.408218944221337643e-01
4.423832559227988126e-01
4.431992343160970904e-01
4.467150796924144740e-01
4.420988043992570837e-01
4.495200764907424373e-01
4.468471284298139445e-01
4.411804438413426399e-01
4.446882404718979775e-01
4.432628065787830862e-01
4.462134309510893959e-01
4.460383789139646948e-01
4.453862922164682492e-01
4.494859521518677625e-01
4.439280039919231702e-01
4.459233993822384057e-01
4.422830797940260350e-01
4.425202973147533969e-01
4.431074266247582716e-01
4.490763667251262969e-01
4.407313750335571934e-01
4.424204366167805436e-01
4.419380126422833843e-01
4.520496679173676702e-01
4.429579867935193871e-01
4.425578523974434964e-01
4.487185675091631132e-01
4.446087327858629923e-01
4.443919647419765639e-01
4.449406433949864570e-01
4.426106107816689117e-01
4.411953789175541707e-01
4.392506728395567106e-01
4.443176629468480465e-01
4.453854628247643221e-01
4.445793581022627339e-01
4.415794645261918450e-01
4.434301796030287179e-01
4.391701601052604986e-01
4.398892745354663347e-01
4.451551983198556717e-01
4.504075447824212874e-01
4.437989725371960237e-01
4.461998943548606267e-01
4.434451036530684398e-01
4.435296064607801014e-01
4.410260034562130671e-01
4.427951056430644017e-01
4.418139097406817983e-01
4.449711796505993466e-01
4.464020321136483727e-01
4.447231663207411589e-01
4.450828274855337940e-01
4.418705713679021430e-01
4.465496879957936427e-01
4.447336359544185047e-01
4.432404372845528684e-01
4.447656070060806432e-01
4.450242785888756658e-01
4.425651185811900756e-01
4.468020728028079258e-01
4.458616194127683063e-01
4.404852100554559891e-01
4.468607128307909293e-01
4.461930114883859155e-01
4.438039077996168702e-01
4.474249283291781287e-01
4.457880671270421646e-01
4.464842757446146893e-01
4.429872953729594998e-01
4.470666903718062968e-01
4.487948614579356232e-01
4.441968778282486818e-01
4.462856672993082419e-01
4.433377622353755210e-01
4.441355735967360552e-01
4.466210858103758508e-01
4.417031945482073896e-01
4.471230739853153668e-01
4.443568038027558842e-01
4.433989947251148478e-01
4.438613838214729990e-01
4.462317132275081533e-01
4.477432971233686887e-01
4.438559533789190881e-01
4.407283716557963693e-01
4.421353671185235257e-01
4.439803182519497238e-01
4.412896590158140175e-01
4.441265661044591639e-01
4.444041013890169256e-01
4.435362765087326187e-01
4.421287606916851076e-01
4.425764115704083901e-01
4.422356521684284170e-01
4.456454763518350459e-01
4.441111586677904954e-01
4.457774350441174871e-01
4.430414809045749580e-01
4.450022069280132886e-01
4.397168662395113392e-01
4.481456148093164171e-01
4.424017023324989251e-01
4.420290594764759717e-01
4.429208653970114207e-01
4.407850911687755113e-01
4.445589277788400406e-01
4.463783536332959767e-01
4.451050284036994764e-01
4.422254476262234557e-01
4.458680687299319545e-01
4.401717999123878067e-01
4.391321052337022746e-01
4.466407681803457597e-01
4.452414561271806348e-01
4.421237588890081227e-01
4.435928437687495229e-01
4.453599811363840866e-01
4.455941096988888517e-01
4.463506428259313430e-01
4.432250984857759035e-01
4.459025048369487654e-01
4.462343066740624975e-01
4.443920245304384120e-01
4.462627979397744138e-01
4.438833022652083349e-01
4.466100482997948373e-01
4.422874003710706159e-01
4.470180800595538462e-01
4.463712560879818381e-01
4.412552743774708075e-01
4.439015183914395424e-01
4.481448561836074984e-01
4.494510774052680735e-01
4.461805434756536681e-01
4.473334164938669866e-01
4.468355304604796907e-01
4.408997643759889340e-01
4.418019494676704850e-01
4.451871929969686836e-01
4.418766233760654805e-01
4.440967533609424533e-01
4.419703938409760280e-01
4.455464713306699909e-01
4.457842420340925593e-01
4.459092032089742585e-01
4.452299099333202337e-01
4.454324796250395124e-01
4.441806290820008440e-01
4.441427728925971263e-01
4.452108402133283516e-01
4.457127651464851126e-01
4.470450420467471653e-01
4.432688736259279838e-01
4.459763649336727642e-01
4.469381433918865332e-01
4.420518424715533801e-01
4.476048030220325935e-01
4.446590248382419897e-01
4.438805287627934915e-01
4.437958776019251261e-01
4.458735125823093948e-01
4.435761072754656476e-01
4.470705756118213414e-01
4.429659713405403321e-01
4.406036884332010795e-01
4.417826199263887310e-01
4.469841571659101120e-01
4.467377017315846688e-01
4.419184032718034283e-01
4.418315727003893634e-01
4.435596649693038240e-01
4.424410657304593819e-01
4.455088283345840505e-01
4.466707720545191607e-01
4.451961045932283367e-01
4.424414374846375453e-01
4.440893588335743103e-01
4.452665705860677781e-01
4.468333357873199296e-01
4.418744692664942075e-01
4.417007775530062408e-01
4.463421535652509209e-01
4.430072839487105840e-01
4.462018733096274059e-01
4.447722389474856319e-01
4.402701863895953638e-01
4.428035999662011668e-01
4.416661367484891465e-01
4.480233219016174773e-01
4.413218642849809359e-01
4.392647372041529330e-01
4.489917093948452842e-01
4.416806071125506938e-01
4.439229879828174852e-01
4.438283680834160805e-01
4.410558208180719308e-01
4.467878200877155592e-01
4.410825459550847261e-01
4.472041143479081882e-01
4.419375521129088602e-01
4.489105465508598236e-01
4.420941067701603666e-01
4.473080256696257972e-01
4.448921703519017057e-01
4.428461177453674180e-01
4.474877429646422766e-01
4.459764455113812143e-01
4.453341701425406751e-01
4.481504274375142094e-01
4.427044239433684525e-01
4.441452811943555345e-01
4.435009631071077374e-01
4.472151335334912381e-01
4.457140235208599810e-01
4.423230308190547189e-01
4.471114879868652858e-01
4.427081195110512679e-01
4.445625931099494443e-01
4.475224616833835545e-01
4.451012720957173152e-01
4.448569249193521369e-01
4.429129405229279559e-01
4.456246521338687594e-01
4.436150644274052257e-01
4.440310375530390208e-01
4.439194725060783830e-01
4.458435442945587468e-01
4.463121128199228349e-01
4.455196057657494491e-01
4.445301223763284404e-01
4.427944459323973070e-01
4.484655683762814316e-01
4.437396148293216713e-01
4.451750095144521580e-01
4.404784483440910003e-01
4.429209283350103998e-01
4.440635035817157017e-01
4.422766338441343481e-01
4.459443261248535739e-01
4.439186681141011892e-01
4.414957851663643407e-01
4.473130866356797020e-01
4.423248033256846901e-01
4.468754326059798387e-01
4.413643891306672229e-01
4.456634815424344032e-01
4.473218698706891705e-01
4.474888157448386194e-01
4.432267417071406035e-01
4.445903382704362583e-01
4.427107697696626154e-01
4.433505509353052876e-01
4.437172976091271481e-01
4.467353408814356275e-01
4.454503716787501233e-01
4.497067575604162815e-01
4.426043557831626507e-01
4.448682433428289840e-01
4.475474035542131301e-01
4.419999700595768077e-01
4.428434552395993928e-01
4.425326790923109210e-01
4.437989637461300929e-01
4.492911105138637229e-01
4.458715053197020994e-01
4.421786523651349832e-01
4.448544348259964032e-01
4.455220608688465478e-01
4.437477958123264288e-01
4.446576449697038358e-01
4.451021020625079427e-01
4.421376531061744219e-01
4.505248994427758502e-01
4.433095417516844661e-01
4.491900029520177751e-01
4.428214663879386781e-01
4.448192593160019692e-01
4.428234153319866029e-01
4.497237391907892290e-01
4.455147406135981925e-01
4.480619493205945658e-01
4.409885294181102311e-01
4.466713631166334131e-01
4.436947561061051482e-01
4.481118577887763244e-01
4.411718433101068371e-01
4.454607904264335505e-01
4.433119581388714758e-01
4.432453340627762195e-01
4.486312386774017891e-01
4.437175714300571339e-01
4.519811622205827106e-01
4.443611678244745455e-01
4.458271086735997035e-01
4.464146183704523208e-01
4.410020056934874644e-01
4.424958222291890397e-01
4.443781848185905936e-01
4.444986616442150318e-01
4.440036145513581722e-01
4.498417735767972769e-01
4.424527894981038489e-01
4.452769514940679296e-01
4.499464927497937583e-01
4.465253080124974017e-01
4.463076258474821256e-01
4.443431162667436096e-01
4.432642409897607494e-01
4.456531627846165855e-01
4.479448308760465847e-01
4.413961381351548807e-01
4.442525440653937174e-01
4.441127828722277737e-01
4.466112763603828362e-01
4.413639277192188959e-01
4.433361617228466778e-01
4.399728834205672845e-01
4.449250184129093233e-01
4.440368310719676193e-01
4.431160497713073632e-01
4.449495703036009941e-01
4.440287834806418421e-01
4.450560628063714996e-01
4.436375184279113260e-01
4.456627833623966195e-01
4.402635045418678561e-01
4.432767360981493820e-01
4.434835073905188385e-01
4.410313056970028289e-01
4.461578828902955651e-01
4.398845551115488361e-01
4.478041702156611570e-01
4.445321944025602545e-01
4.481872944864656594e-01
4.416718221075188189e-01
4.478890733880052100e-01
4.426472203620294699e-01
4.448606249924598188e-01
4.461510810256176240e-01
4.479351363196146241e-01
4.424309514551027500e-01
4.398076038424222900e-01
4.481612696130858886e-01
4.419494132625336746e-01
4.410785807891009491e-01
4.447983904432377122e-01
4.440592927928849742e-01
4.456087785028804427e-01
4.459035708797068898e-01
4.470807068725344280e-01
4.440933650689590229e-01
4.433641360746416460e-01
4.451401325408951282e-01
4.457919928011206401e-01
4.458853917542088263e-01
4.429765349459160451e-01
4.415701630840263014e-01
4.442971229049235138e-01
4.462643787093024672e-01
4.481584603263012445e-01
4.494289910183222325e-01
4.454161026465036644e-01
4.472428508649138879e-01
4.400626235312332657e-01
4.424153296582852279e-01
4.457327739082185825e-01
4.438499740958147810e-01
4.414170213489145289e-01
4.433280717069625343e-01
4.424906923623059263e-01
4.461452767349046722e-01
4.480797360440245125e-01
4.427480014165254829e-01
4.456541287704992027e-01
4.485392219389309210e-01
4.435293470099865853e-01
4.411663297796263317e-01
4.432908049844225817e-01
4.442011808015797203e-01
4.436501958358562980e-01
4.444692060119173616e-01
4.483533385937683580e-01
4.448445286990230785e-01
4.422071622778847577e-01
4.473353935398188264e-01
4.484773460524300592e-01
4.454240032852788134e-01
4.389091108963723009e-01
4.445681139291777217e-01
4.376077348783209420e-01
4.477376504333277496e-01
4.415215334572225592e-01
4.418515571361203986e-01
4.435224781626377899e-01
4.446102316722999048e-01
4.401713723189246141e-01
4.411224183152384626e-01
4.422827353529239502e-01
4.417691353696329148e-01
4.418270075284083109e-01
4.406585674089538163e-01
4.424081311024319896e-01
4.475744598005870212e-01
4.410991446833712470e-01
4.432375419578961639e-01
4.445369642271549404e-01
4.436514095931202717e-01
4.456806165457189994e-01
4.437311652160883524e-01
4.446461761012222569e-01
4.477667564163549940e-01
4.443733503239528093e-01
4.392441973995644955e-01
4.449051329482756612e-01
4.442053618516741409e-01
4.468224654302274668e-01
4.448120678693618379e-01
4.458625804588796648e-01
4.420770570259850984e-01
4.465334087440517852e-01
4.443512018733094537e-01
4.433407634873300363e-01
4.430144717904870300e-01
4.458331933709990813e-01
4.461541784406712896e-01
4.431626612778203356e-01
4.523065110607112360e-01
4.425484508334324163e-01
4.430625479117856202e-01
4.464302877880773068e-01
4.446196847101257510e-01
4.456330559243147360e-01
4.462757190330039481e-01
4.465110872512168538e-01
4.442840556117968465e-01
4.428457681266564916e-01
4.482143480849168915e-01
4.474799046431367500e-01
4.425931400785894643e-01
4.435055170730020091e-01
4.373456108407556275e-01
4.445437485054818949e-01
4.431374152466993621e-01
4.466898423937905593e-01
4.448108910284179207e-01
4.384589102452634557e-01
4.468814288303946114e-01
4.473740518311952186e-01
4.406315688059462832e-01
4.421667768952656230e-01
4.439615300856866731e-01
4.444009063368308809e-01
4.457855899843328196e-01
4.424268624118355975e-01
4.427644954678824352e-01
4.429820277042150201e-01
4.468158525190898400e-01
4.400856439660229547e-01
4.482463342587800215e-01
4.459207596681072916e-01
4.451009693322293126e-01
4.461335432270315260e-01
4.417358896777007216e-01
4.439501867665970880e-01
4.458790162467410334e-01
4.397267619844253961e-01
4.429115824013686309e-01
4.433567194097489117e-01
4.390861267730191697e-01
4.405694594505306094e-01
4.386980020308134942e-01
4.414049990222189135e-01
4.422735047294171773e-01
4.459356552711595256e-01
4.469534249869363540e-01
4.461066598053910481e-01
4.425493779134596628e-01
4.416451686728011250e-01
4.451393684239439708e-01
4.451395485238611172e-01
4.423161665751975669e-01
4.407436972533556041e-01
4.424128896545028167e-01
4.450609631475790917e-01
4.401324486694073168e-01
4.429327911467368928e-01
4.435649552284642305e-01
4.505326522855044868e-01
4.426147085940795312e-01
4.491163360497803514e-01
4.434549154901133439e-01
4.397612296992736702e-01
4.450293695125961957e-01
4.408185740549866449e-01
4.415604932229336699e-01
4.406538056743469767e-01
4.447072044629069576e-01
4.442132220273571352e-01
4.416470584530760579e-01
4.416548546186708224e-01
4.462842529616313780e-01
4.432702744557399099e-01
4.444952221137368764e-01
4.449227613989768515e-01
4.470237898600910587e-01
4.456818193076881318e-01
4.471330739729864612e-01
4.438751429997598863e-01
4.426141768163039947e-01
4.464098873907026976e-01
4.490365110746886712e-01
4.430830058619428247e-01
4.475343834129929532e-01
4.482790840194458282e-01
4.471822406822905105e-01
4.437728066784507042e-01
4.429107444559380879e-01
4.418519963834417474e-01
4.471201079330792139e-01
4.424441038724521991e-01
4.410679838650526929e-01
4.410739138005775328e-01
4.439260150416620698e-01
4.429581316261920199e-01
4.439783489240012315e-01
4.436835594661951432e-01
4.482387370009365268e-01
4.491901627244109241e-01
4.420065398563791659e-01
4.425971530578951540e-01
4.489923650689702783e-01
4.409950612969380512e-01
4.435361578656881743e-01
4.464635605874865409e-01
4.417895684178860249e-01
4.470580455109294804e-01
4.481793554104450128e-01
4.428022705432754780e-01
4.481427028006268465e-01
4.425632394958217697e-01
4.448966016934284839e-01
4.412971804680787535e-01
4.432138022292481105e-01
4.392872269229863846e-01
4.432363686318419593e-01
4.475451458983424891e-01
4.430562902656857149e-01
4.454454461388329678e-01
4.434453755660250351e-01
4.448103343264261378e-01
4.453222654544072845e-01
4.452206295921625201e-01
4.413198809917286414e-01
4.456050606851999496e-01
4.448361074926753256e-01
4.431972787709431150e-01
4.444102143582819298e-01
4.440783022072299913e-01
4.491280075550098116e-01
4.405691385755520773e-01
4.465421798677987608e-01
4.476446901503327025e-01
4.504588923116997767e-01
4.437697303529348214e-01
4.470096305980046369e-01
4.453031913947676501e-01
4.433115594252546865e-01
4.454971214914905664e-01
4.463872518568869907e-01
4.429942449210834132e-01
4.416818253227735580e-01
4.449318432925001288e-01
4.458046549011837612e-01
4.424973379106893479e-01
4.439527862012184745e-01
4.458875273546539231e-01
4.429940662899505277e-01
4.461181237482064188e-01
4.445716008636455552e-01
4.438843838528725994e-01
4.450401972447080579e-01
4.447045752689353093e-01
4.444598656042453300e-01
4.455117899197333919e-01
4.481022993743478677e-01
4.441582528572719513e-01
4.496406502287133566e-01
4.406675967350681677e-01
4.409088689625142998e-01
4.415207039795540078e-01
4.421076239668737529e-01
4.421745980935299913e-01
4.470255149143804174e-01
4.438700502922666713e-01
4.444215404107865752e-01
4.434302546257308242e-01
4.449971534572792486e-01
4.450411624836316249e-01
4.437157717548013136e-01
4.462534520151981154e-01
4.450308617044325121e-01
4.460386280839731543e-01
4.444520625399617231e-01
4.421985186353849517e-01
4.425021012511710095e-01
4.443890986223024142e-01
4.452677628277066368e-01
4.444030970689707982e-01
4.426153102100036651e-01
4.440680746890805497e-01
4.468998183822842640e-01
4.416273007886283297e-01
4.445160057272905529e-01
4.427780225319821183e-01
4.453926604488629426e-01
4.461738686199078763e-01
4.419448459875826574e-01
4.422121873945052961e-01
4.462987632375950420e-01
4.458642563057031438e-01
4.502567094834610262e-01
4.483529256255621709e-01
4.468407282690721738e-01
4.468707670013786770e-01
4.465450868796475015e-01
4.441817784361086763e-01
4.456274337521380913e-01
4.453399584468801797e-01
4.460131869989433784e-01
4.447576647524691396e-01
4.454842936273012977e-01
4.490546173719419665e-01
4.463700467113422277e-01
4.432561353408472904e-01
4.465963118934101472e-01
4.462705739821953843e-01
4.459665341074510736e-01
4.399011261319292765e-01
4.426003152463067192e-01
4.467833424449356716e-01
4.460462629002491797e-01
4.473425994026841157e-01
4.411751601899853159e-01
4.460887412858636769e-01
4.467716792890943367e-01
4.400820643300254464e-01
4.457700992201444889e-01
4.427524975653225336e-01
4.406128378029822157e-01
4.429133000265874642e-01
4.438495943037749081e-01
4.489991035700209299e-01
4.477569829370239840e-01
4.446469342339813280e-01
4.447187423239559179e-01
4.397599587267309040e-01
4.421253076046292030e-01
4.440082694311833222e-01
4.444659806343838615e-01
4.403944637229592063e-01
4.396222889658851218e-01
4.461524630009732761e-01
4.437101456706074587e-01
4.487510151836256456e-01
4.416661268861017398e-01
4.435572266454732016e-01
4.467158799194189123e-01
4.423499502455535692e-01
4.455468620258560830e-01
4.442956497750475409e-01
4.419679365572760088e-01
4.453815350734124934e-01
4.476026574950240922e-01
4.439194941620553392e-01
4.443316262988262211e-01
4.423082856434508714e-01
4.422896236615346255e-01
4.416695933841895960e-01
4.410107371264564979e-01
4.435975676117829281e-01
4.427121642061611073e-01
4.439337210676391199e-01
4.436543319266512686e-01
4.462282390607359983e-01
4.479495382032610551e-01
4.459440048148369251e-01
4.474102467226163116e-01
4.449633956392369805e-01
4.429117941760511434e-01
4.418194648347011366e-01
4.460513666810151934e-01
4.459631195259223801e-01
4.437003750140138258e-01
4.453028206842705172e-01
4.424223127529313127e-01
4.446833306464244573e-01
4.461337128361810289e-01
4.460862160558397016e-01
4.418750413728237958e-01
4.432720278579810880e-01
4.418878318829922991e-01
4.490439781106938533e-01
4.434972947793445752e-01
4.435873564579816408e-01
4.506933935303648053e-01
4.450480297555237108e-01
4.440925675501664616e-01
4.454861140296812461e-01
4.418696035101802866e-01
4.398702594563495549e-01
4.444625989534022881e-01
4.469342925089744845e-01
4.463998309942862619e-01
4.469951210789155915e-01
4.488109049569876663e-01
4.401371807655670709e-01
4.439563660170359749e-01
4.424604818694538033e-01
4.446789338352371002e-01
4.467791211857066180e-01
4.418904192178590984e-01
4.440333918571831018e-01
4.441508288763372225e-01
4.449742647477332169e-01
4.438684715760513044e-01
4.438520488485306892e-01
4.439826885734872164e-01
4.438161111889391552e-01
4.454802903692433591e-01
4.439595622619559867e-01
4.433092214424319000e-01
4.464492053697685647e-01
4.408079467563320031e-01
4.468805799271669543e-01
4.432101285305243832e-01
4.458070604167250761e-01
4.435342122988627511e-01
4.407905801339175311e-01
4.419840240704879797e-01
4.428221879065176170e-01
4.442365416562979452e-01
4.391477298274932828e-01
4.425963626868977263e-01
4.476072096962188107e-01
4.471983723771870145e-01
4.435982755769074526e-01
4.396616644488175463e-01
4.433894627081507722e-01
4.444854724020566583e-01
4.434748897927259792e-01
4.408099297138912132e-01
4.454460859335818146e-01
4.455961540840295276e-01
4.472305965095693114e-01
4.479579732289213911e-01
4.394536962563302951e-01
4.470633506645943500e-01
4.475571892368471749e-01
4.474441498692633412e-01
4.454608630307499428e-01
4.481221938130472981e-01
4.497046070380327221e-01
4.496477375757325090e-01
4.444841290215445495e-01
4.451762756173992530e-01
4.456241291335490962e-01
4.449426575213550894e-01
4.473618795257766068e-01
4.417322324252241916e-01
4.448598778521207775e-01
4.429505499880006525e-01
4.428885255120549314e-01
4.451370222684071232e-01
4.444111708721220633e-01
4.405132342387682032e-01
4.439919578000596223e-01
4.479230973971182750e-01
4.447696728264826094e-01
4.513502959603889475e-01
4.439567279558788160e-01
4.469363017424798912e-01
4.420191088109831079e-01
