2.672882781356518689e-01
2.692150650942208845e-01
2.697966039416208606e-01
2.725644721960656658e-01
2.717602060543212183e-01
2.725483553206031195e-01
2.717349363284902175e-01
2.701754712815158110e-01
2.703253597077017178e-01
2.682641711172487065e-01
2.690198195598110242e-01
2.707135302409719446e-01
2.655835388818538201e-01
2.664683914037950796e-01
2.708670969674504825e-01
2.726576942686276261e-01
2.704112205047922712e-01
2.694294099952821431e-01
2.710467032237783291e-01
2.706886658326640993e-01
2.719115619418185914e-01
2.707286686363806760e-01
2.689861636334365258e-01
2.697132304668662939e-01
2.704750977549241764e-01
2.677094138985272598e-01
2.719537080516300498e-01
2.686186709607347178e-01
2.682189334398737413e-01
2.704784121100716199e-01
2.663061739482726620e-01
2.686373952552915112e-01
2.728697764370397461e-01
2.656435736732414843e-01
2.711920685784318108e-01
2.666284077855913814e-01
2.692215558702710787e-01
2.707713677008983244e-01
2.694173181843848575e-01
2.679032025595216027e-01
2.679466012098974947e-01
2.721178156495269729e-01
2.689228717395052426e-01
2.656974762652210553e-01
2.702889061725423647e-01
2.666523247285789155e-01
2.712576769538076471e-01
2.696186052086712026e-01
2.701364934120090711e-01
2.693270223125731055e-01
2.699179576993829821e-01
2.704565278196839340e-01
2.675948818079109115e-01
2.686117786144666675e-01
2.721191503432081604e-01
2.672370090791775787e-01
2.689261356404322179e-01
2.726687849626335813e-01
2.748475041312306022e-01
2.713755461757582643e-01
2.684821807826754947e-01
2.708745279109959769e-01
2.673216474275509902e-01
2.676781426344674863e-01
2.679574992968299374e-01
2.695236867606378706e-01
2.700662231963470439e-01
2.703487777793263103e-01
2.696875264723270771e-01
2.687558356348583311e-01
2.696694832360855276e-01
2.700715205572359889e-01
2.722119857523686570e-01
2.691857574838808498e-01
2.719115883741708428e-01
2.673145878652065655e-01
2.684125839851217998e-01
2.688192176639890851e-01
2.712499188595705601e-01
2.669111845640737557e-01
2.730132951929037932e-01
2.719526001571188623e-01
2.728207028732702599e-01
2.667156046679078352e-01
2.704702277167473357e-01
2.733658279926196033e-01
2.715675319204995941e-01
2.698626301655190352e-01
2.734954230023964872e-01
2.710483980323305508e-01
2.699280071974077266e-01
2.724493808430738517e-01
2.643126929538327508e-01
2.720435562599463064e-01
2.712681922542855006e-01
2.691712471041759480e-01
2.713706861565523543e-01
2.684678379023330286e-01
2.707373853656385720e-01
2.716346191057031900e-01
2.707684549230124360e-01
2.722007448271411834e-01
2.697087872951943743e-01
2.693649830536937739e-01
2.718621236799907970e-01
2.672899159453215878e-01
2.703182440972829448e-01
2.711938014828236820e-01
2.718850894361840576e-01
2.683011836453503829e-01
2.690762147557101969e-01
2.739063072467787241e-01
2.708188971025051739e-01
2.737834692330872732e-01
2.704025507083060997e-01
2.696063875849727953e-01
2.708185288647327882e-01
2.701096056546038460e-01
2.699736481043494840e-01
2.709589574664698630e-01
2.679298564698057716e-01
2.760956348447064501e-01
2.696542279067238868e-01
2.698625126295199905e-01
2.711880027183361519e-01
2.715379579131068644e-01
2.707566621035218946e-01
2.663089008563701010e-01
2.688340309359635860e-01
2.661232562004681168e-01
2.666437212803025036e-01
2.690117549352085136e-01
2.658929768958612216e-01
2.735446630282260538e-01
2.685846911580511143e-01
2.705422952393393143e-01
2.689165389006104578e-01
2.697712548261714804e-01
2.665482928099487392e-01
2.700360546960758890e-01
2.688030166740572047e-01
2.678787966837431478e-01
2.657267720395304900e-01
2.679199524807472366e-01
2.690163838100866345e-01
2.680999423528112602e-01
2.673639829350990538e-01
2.710240835346510169e-01
2.716877922217265651e-01
2.705191787498411049e-01
2.708550268933683225e-01
2.688749858746237731e-01
2.668619689520751459e-01
2.721196028826858848e-01
2.671951787462061301e-01
2.691151434923272356e-01
2.704366397423013657e-01
2.688298971277916505e-01
2.709232580739967533e-01
2.749861005821047644e-01
2.742556467283759347e-01
2.707033743122915781e-01
2.720344111307553825e-01
2.701682370306505154e-01
2.695236528765373452e-01
2.673269694968800070e-01
2.699330334502221818e-01
2.702057949485553445e-01
2.679059500097453195e-01
2.705463949808118440e-01
2.743610615429894484e-01
2.695350434355223701e-01
2.694968458192752436e-01
2.679100302895591201e-01
2.695180790945953531e-01
2.680285511906557727e-01
2.700560948436924180e-01
2.686520654736314628e-01
2.670116680941347909e-01
2.707343656779571117e-01
2.672004737712009304e-01
2.675608749858858215e-01
2.751414307242399104e-01
2.690199873608742909e-01
2.715608283994738748e-01
2.660343543820364309e-01
2.703292915361565352e-01
2.718528058955848037e-01
2.693876078383239947e-01
2.675637084944491595e-01
2.731608567832812251e-01
2.709697970991878924e-01
2.713805977138838421e-01
2.701213079005010953e-01
2.701365897453719689e-01
2.670301048347552553e-01
2.699826496231989559e-01
2.672012210636549034e-01
2.710753675999776902e-01
2.693018027495400757e-01
2.663655435349954748e-01
2.730822328393722742e-01
2.690695465957048116e-01
2.690644374858189303e-01
2.695200708869956441e-01
2.676778439318308611e-01
2.738581032663583992e-01
2.689456566350265088e-01
2.711538700211599817e-01
2.660377038241341086e-01
2.701888569680734875e-01
2.696279769210889743e-01
2.699253169347527459e-01
2.705904346477268074e-01
2.699422261732581929e-01
2.664858230201685996e-01
2.719461236653907266e-01
2.712218263682433239e-01
2.709770552476142291e-01
2.715406075565626187e-01
2.665815209291257371e-01
2.702676078501104473e-01
2.687870996077454944e-01
2.715971193016361585e-01
2.666834359188732240e-01
2.682396165772972796e-01
2.705594474839876362e-01
2.715944801882472226e-01
2.704310034089590364e-01
2.709966818319267667e-01
2.686424854210125446e-01
2.683252644012792398e-01
2.694113511507967851e-01
2.699330146591903956e-01
2.684440973249600515e-01
2.692419983312729914e-01
2.699301496898582342e-01
2.669313390527818242e-01
2.695865250333129848e-01
2.714254071349238573e-01
2.661138387697198904e-01
2.662259935000770295e-01
2.716828660077637569e-01
2.693302215115770948e-01
2.696966672508361862e-01
2.698929173645779889e-01
2.714233168084867476e-01
2.663837934534054042e-01
2.697897413725086069e-01
2.668606783958599182e-01
2.698686707424745035e-01
2.681615284608048211e-01
2.718539415919745683e-01
2.733785476184938945e-01
2.675383549563954966e-01
2.680899017079694802e-01
2.713797916618247985e-01
2.722873713446005706e-01
2.684165434890862789e-01
2.698928231389144394e-01
2.718469536932934805e-01
2.712366246712434870e-01
2.671293124091856375e-01
2.705010435781471934e-01
2.674857562574745606e-01
2.683826653692882314e-01
2.699374073306679556e-01
2.695022071380143713e-01
2.682043848041893996e-01
2.691657415442825774e-01
2.723065082671607962e-01
2.741592907943433688e-01
2.669167366919805717e-01
2.686739836654564173e-01
2.726946044315868289e-01
2.729866573094757443e-01
2.689014890233927813e-01
2.720190955532812982e-01
2.700913860235916730e-01
2.716911523530732842e-01
2.730657256051430282e-01
2.707246548625873994e-01
2.680524614708434950e-01
2.702945234031252641e-01
2.703647844942956846e-01
2.660710004018498331e-01
2.694863765492578334e-01
2.667606024498339612e-01
2.724767175885998705e-01
2.693028608446805805e-01
2.702498719646271308e-01
2.733438622255638939e-01
2.713350238602970643e-01
2.690030897345776495e-01
2.702372302776099855e-01
2.641361763655999950e-01
2.694838073379853816e-01
2.687069255523691358e-01
2.712355292724749622e-01
2.713947329754574089e-01
2.669429704736285269e-01
2.733634518492215060e-01
2.714072752225920593e-01
2.723574275665735511e-01
2.714622470927420261e-01
2.687631112461598137e-01
2.706235481129641851e-01
2.699666138828439865e-01
2.725506478611013361e-01
2.698716442565481932e-01
2.731814146578091518e-01
2.715463676760977996e-01
2.663808076477810483e-01
2.671601469325089462e-01
2.702533243734800972e-01
2.663016452795565758e-01
2.705152012013535279e-01
2.691300538350845928e-01
2.724870576032312197e-01
2.663401528754677505e-01
2.661820182356737785e-01
2.718753697759065946e-01
2.678521377481485333e-01
2.709565124868202890e-01
2.749445022188239385e-01
2.694268001793242995e-01
2.726581519750866378e-01
2.683668869349227215e-01
2.691831606303275448e-01
2.703994101149878593e-01
2.689374701235047183e-01
2.679053142588012637e-01
2.714153646165441414e-01
2.712502970566623706e-01
2.715132624211537560e-01
2.729180236580753816e-01
2.672800677987493545e-01
2.701746190014884252e-01
2.695911137000675528e-01
2.715389985089190494e-01
2.691736917371642668e-01
2.667172666851199692e-01
2.688044722826431476e-01
2.708716171848670196e-01
2.690242976293719113e-01
2.688579685853038637e-01
2.676604985725191677e-01
2.714417054427455955e-01
2.727734972478965125e-01
2.689142685824049139e-01
2.679350579518204323e-01
2.676536701525085715e-01
2.692271298884961750e-01
2.712110214345141990e-01
2.719993434615109451e-01
2.673432151879786001e-01
2.716840411231503105e-01
2.721501414655734252e-01
2.719406766845848811e-01
2.728113828810077579e-01
2.690308753747457371e-01
2.708722063310953776e-01
2.735994730475971304e-01
2.715153005577730649e-01
2.692309519957475916e-01
2.682038051349652230e-01
2.711919114378498197e-01
2.683639391506194016e-01
2.685739803815899163e-01
2.721480326054377397e-01
2.685539539878632476e-01
2.675326692552167929e-01
2.711157108339384281e-01
2.701353531445708223e-01
2.694419305526730146e-01
2.721494095941594527e-01
2.662369544216283135e-01
2.719218050263436659e-01
2.684851047469942742e-01
2.716389577296339786e-01
2.671056854406724246e-01
2.759827020815638354e-01
2.711748303739365262e-01
2.702649244316768229e-01
2.692729375853072926e-01
2.679269771622873053e-01
2.737086454410683212e-01
2.721544564277064149e-01
2.739549774635861579e-01
2.705214209148070204e-01
2.705165926279990973e-01
2.712970622877989291e-01
2.712300377888338110e-01
2.669078524919428763e-01
2.702189437075516731e-01
2.692823937134045109e-01
2.683571998093050581e-01
2.711737844007506282e-01
2.701076328653521097e-01
2.712032729568349954e-01
2.719363762897130665e-01
2.744955538528868200e-01
2.705329968419029063e-01
2.693410128395571368e-01
2.708981570621681878e-01
2.682095484130029850e-01
2.725516203284635286e-01
2.712677914242109800e-01
2.702854844146266311e-01
2.670655496202098411e-01
2.696112888126772633e-01
2.722674483160471559e-01
2.665721046813103179e-01
2.733023036422266294e-01
2.707857590950629167e-01
2.733464003081239047e-01
2.672386967852629081e-01
2.716009169627432440e-01
2.690659324294701893e-01
2.672659065280589274e-01
2.680049634804088088e-01
2.685540566515981498e-01
2.693432166776717485e-01
2.682729133761422302e-01
2.710553334794821301e-01
2.700103099998791834e-01
2.700675828556505231e-01
2.699734375960336497e-01
2.719533232791808142e-01
2.730118431192256057e-01
2.709397931510767465e-01
2.733459271079800024e-01
2.688273980405144759e-01
2.653107391053467490e-01
2.680086311732427506e-01
2.685179692072737212e-01
2.691141472231584619e-01
2.695222758883561442e-01
2.670851724288136331e-01
2.692591422281934155e-01
2.694378361512252962e-01
2.713420074550238481e-01
2.666754853411026915e-01
2.691129824263645554e-01
2.687774982525351630e-01
2.697776443430180415e-01
2.695599475383930743e-01
2.694552498902791360e-01
2.702596378205663341e-01
2.698595538806450866e-01
2.693252401499776627e-01
2.701828027031641377e-01
2.707326531873635589e-01
2.663827428771657901e-01
2.708955533409372340e-01
2.701145270292954481e-01
2.682630827908014104e-01
2.693091915197562969e-01
2.699173654499741337e-01
2.703268234637222212e-01
2.703548521091098111e-01
2.704775752425349622e-01
2.664208503413929008e-01
2.722785313082424774e-01
2.672170401126565120e-01
2.701318433561871735e-01
2.678908528030637948e-01
2.691576670884134326e-01
2.673935140960171375e-01
2.706535616727643312e-01
2.691475217360886907e-01
2.680913502020070283e-01
2.699836990279007032e-01
2.696468079148903740e-01
2.671567003487427261e-01
2.687730159210885428e-01
2.751409973791612562e-01
2.696047632175559983e-01
2.690216394266380373e-01
2.700186567876817212e-01
2.683770996224572603e-01
2.729550514201887768e-01
2.687181093382835506e-01
2.694197882462050497e-01
2.727357547947621419e-01
2.704738410695630146e-01
2.703787868415138407e-01
2.723756169449628173e-01
2.673428548139795136e-01
2.702771386248269403e-01
2.675777426439385764e-01
2.701796019576207519e-01
2.683568678276347930e-01
2.700532027649696354e-01
2.709348297838650166e-01
2.714364520741680553e-01
2.665638532115044979e-01
2.713817146147327053e-01
2.694529712021810908e-01
2.653811847822244441e-01
2.685841587355390914e-01
2.658363040467817684e-01
2.727674855851312530e-01
2.698902333361459238e-01
2.713263374341844392e-01
2.705752817820895051e-01
2.668119030121903212e-01
2.702692858423227928e-01
2.717048370946931746e-01
2.689683699962083230e-01
2.715071669194068504e-01
2.695948144590114559e-01
2.686751825243516301e-01
2.687688085364074997e-01
2.721175691497343951e-01
2.713313376802081733e-01
2.719514813084845106e-01
2.729186054470149614e-01
2.705984743743183318e-01
2.723492275464168832e-01
2.690281164227463773e-01
2.706379606619120914e-01
2.719461930494649349e-01
2.663547115545715771e-01
2.713986472733377342e-01
2.710626691462647009e-01
2.691529102006353091e-01
2.706972911594672793e-01
2.682598964202420611e-01
2.693210699298791977e-01
2.693638968927669630e-01
2.676380646231953375e-01
2.681284603807901346e-01
2.730183653924958542e-01
2.719294747458663175e-01
2.710816600926186926e-01
2.751476488871174020e-01
2.727058482353214020e-01
2.657876034542553390e-01
2.739539779606717240e-01
2.672944209920083969e-01
2.703517020566711393e-01
2.692729360898236668e-01
2.715808811794854782e-01
2.665866367563476946e-01
2.694848234258704345e-01
2.705262638562591082e-01
2.684915138063297957e-01
2.703223439298640951e-01
2.698026896544194475e-01
2.702925279935483593e-01
2.709147275119554998e-01
2.699177982915348939e-01
2.690466165917727026e-01
2.723883001234826962e-01
2.712781632178101199e-01
2.715232218347257698e-01
2.675149462035372183e-01
2.704749878810369101e-01
2.708334698354666892e-01
2.666553698514132487e-01
2.694558774298382309e-01
2.698142096189156125e-01
2.680623785532578740e-01
2.698819689572997671e-01
2.700682393768674139e-01
2.767055382276824016e-01
2.738853817135858404e-01
2.714326824635701074e-01
2.712480909026608322e-01
2.688734731198044736e-01
2.699130113223128236e-01
2.737677434453155700e-01
2.720575003408368664e-01
2.734771390157904603e-01
2.690842027351665888e-01
2.669500365351700766e-01
2.709230325982550092e-01
2.714803611847764198e-01
2.671766726530241942e-01
2.708801672085335843e-01
2.735746591413141804e-01
2.680910470498304443e-01
2.655278794933070285e-01
2.706720504979733821e-01
2.708271219735376989e-01
2.693822575656950047e-01
2.674268944116198754e-01
2.669044717471867334e-01
2.701172595232370077e-01
2.700293907311139829e-01
2.693177914881272339e-01
2.734493452220310150e-01
2.683585238916875171e-01
2.683868788261788985e-01
2.669886234015225179e-01
2.698877638363278431e-01
2.720765296772594821e-01
2.735235257417966137e-01
2.726077744712744333e-01
2.701761093079275700e-01
2.714939526784296842e-01
2.696466601281690689e-01
2.666469808665952179e-01
2.744471871083916659e-01
2.695153083443673769e-01
2.705836582785565159e-01
2.698521482782785252e-01
2.719074639731777210e-01
2.693680795593509369e-01
2.674274936141154968e-01
2.715428843646316981e-01
2.700971385235362288e-01
2.737485202823962127e-01
2.693030535285478866e-01
2.697651136287723128e-01
2.684475776298460015e-01
2.704997593439200654e-01
2.669361516764315878e-01
2.692393938095901107e-01
2.732984843607352277e-01
2.727117963309961812e-01
2.728844893872609534e-01
2.700678104811826130e-01
2.706959270869689349e-01
2.693042365633067092e-01
2.687236875646512035e-01
2.707965196648834949e-01
2.703180566872613322e-01
2.687913314273853715e-01
2.697482545592304604e-01
2.668014065771954213e-01
2.722358980452954658e-01
2.707844653692998982e-01
2.705735991899041459e-01
2.712447013659294304e-01
2.736880902620232869e-01
2.683732583933557958e-01
2.697878049476473139e-01
2.700244951599213294e-01
2.678305424433310433e-01
2.697155281949135119e-01
2.704446753173236351e-01
2.673439435478144888e-01
2.703698368814980157e-01
2.670495895406295173e-01
2.728925605409452393e-01
2.669846186215495409e-01
2.704021357294830730e-01
2.652724005498715010e-01
2.747075510103885732e-01
2.693877963100441697e-01
2.678893908875014662e-01
2.659254973845335823e-01
2.686669459059014553e-01
2.669189467826466600e-01
2.741060965534439231e-01
2.666812482647006877e-01
2.692566440889200829e-01
2.691913681931648039e-01
2.705727222770892837e-01
2.725397588587757935e-01
2.666491999801283153e-01
2.696904057552074740e-01
2.718008423858130906e-01
2.729142928687740000e-01
2.676745827090639684e-01
2.697704560706077892e-01
2.703005282898937600e-01
2.703834360747725540e-01
2.686937743014697344e-01
2.679412361510136731e-01
2.716072299797991918e-01
2.698630783659860533e-01
2.698450716432140850e-01
2.730910803555013922e-01
2.679470719344057561e-01
2.735711233781742413e-01
2.725509607167475035e-01
2.696839621258516617e-01
2.691787898771877408e-01
2.713302305827032801e-01
2.671241089123906898e-01
2.700083236082205795e-01
2.736412802544897493e-01
2.707585305180985613e-01
2.725599182768614348e-01
2.693272001608211230e-01
2.676123612214642011e-01
2.713183801481139357e-01
2.705213352844280661e-01
2.711368073047943916e-01
2.728130338558002466e-01
2.698561060784019361e-01
2.693395224159034207e-01
2.703039007088495760e-01
2.730705012106668939e-01
2.692098045379640592e-01
2.646468120313439920e-01
2.694297967433854080e-01
2.691802314012997077e-01
2.681366881594965945e-01
2.692714057999407440e-01
2.692036767210852499e-01
2.713460613008623068e-01
2.702001983754842018e-01
2.714535787905180131e-01
2.685772940504999595e-01
2.737197536202545245e-01
2.688401547849209039e-01
2.682226278095916627e-01
2.718554627334275886e-01
2.679352307282177326e-01
2.674579758244982064e-01
2.695447619271921780e-01
2.700719600435095291e-01
2.708725630558505015e-01
2.672282800628223987e-01
2.677399075195606160e-01
2.692293411214640164e-01
2.700669572251115924e-01
2.707640630387422864e-01
2.711979437982224850e-01
2.687855730335405036e-01
2.719330701833199693e-01
2.710093169215722075e-01
2.713952236222348380e-01
2.706188100877109370e-01
2.696081778613014235e-01
2.678174527893235068e-01
2.667428508375229157e-01
2.742501412351771584e-01
2.687169097624052538e-01
2.688350250345712400e-01
2.692806614458401193e-01
2.706042204428895648e-01
2.710002856308126873e-01
2.691452971381263493e-01
2.695823903991148018e-01
2.681871040916715687e-01
2.701437743360249888e-01
2.719762446885137797e-01
2.715183437151514889e-01
2.692435914214298953e-01
2.702297430367736064e-01
2.717612549059710836e-01
2.690829190472752153e-01
2.692467738779771858e-01
2.728286641111607458e-01
2.742307803693204704e-01
2.701399773636465329e-01
2.690889574467327239e-01
2.678403102406285430e-01
2.690927859197319583e-01
2.735494408268094313e-01
2.662306490693837624e-01
2.703653978283593884e-01
2.706462656079235973e-01
2.692062274981555925e-01
2.691723168078415940e-01
2.678143329123246486e-01
2.720243606412494075e-01
2.652244816358018675e-01
2.674602987163824941e-01
2.715650192985979983e-01
2.674213081021886151e-01
2.718280900357892826e-01
2.738784731829493890e-01
2.658488330669290800e-01
2.691471855380019873e-01
2.712364447969225489e-01
2.726808373625194681e-01
2.705108422473760377e-01
2.700013806869704380e-01
2.690191674355504881e-01
2.740798744237325502e-01
2.696280068360153992e-01
2.699569260872021759e-01
2.685022437005207263e-01
2.713680400421297212e-01
2.688233124315764222e-01
2.669263530707806087e-01
2.708697139745316340e-01
2.700346801846095213e-01
2.690327130875312389e-01
2.672177519782386046e-01
2.683651665038676026e-01
2.698492712126085991e-01
2.723217621036424507e-01
2.723893254733770197e-01
2.652873417667664380e-01
2.719469592703268601e-01
2.707109703588860827e-01
2.687307665527216005e-01
2.657271134482308006e-01
2.688622064711185811e-01
2.681589617174113815e-01
2.686716930238168821e-01
2.695904505175713561e-01
2.677404039426241056e-01
2.700082497988082197e-01
2.692472378446279513e-01
2.698261150933474739e-01
2.721335642381982334e-01
2.689682752510814678e-01
2.687238335329295569e-01
2.712803920718527828e-01
2.727033351720084542e-01
2.708778296733374003e-01
2.730998623200677211e-01
2.689174444278765730e-01
2.692806366474687074e-01
2.687530840905266727e-01
2.664473331454743632e-01
2.709845492710867831e-01
2.657695001704293292e-01
2.667186812876509161e-01
2.720665596918722673e-01
2.674976517551247435e-01
2.676784624805834678e-01
2.699913031315445688e-01
2.721005073591663548e-01
2.684189636685180846e-01
2.727056230287056016e-01
2.696790481655231830e-01
2.707759222258311338e-01
2.714518783746854846e-01
2.667413029383191581e-01
2.729901923686483545e-01
2.704986017785183661e-01
2.676551655047707534e-01
2.734240203091313770e-01
2.723990904312179606e-01
2.685223865683120659e-01
2.718343935535034173e-01
2.709504678134593836e-01
2.724429137403713286e-01
2.670413530111130362e-01
2.681400750664984511e-01
2.697735113865963319e-01
2.687641877673216384e-01
2.685675365130283931e-01
2.652262335794329240e-01
2.692459624962166842e-01
2.684987933484950795e-01
2.715147961372060825e-01
2.709329523074804902e-01
2.729162423678467841e-01
2.713265312203343993e-01
2.692496111471195386e-01
2.708664426679571191e-01
2.726820956524570461e-01
2.715693203159735836e-01
2.696306556551238964e-01
2.711960587054274563e-01
2.674785424207491991e-01
2.711644085261002979e-01
2.696916978315371805e-01
2.708863739833043960e-01
2.712221885447103076e-01
2.711722349303544166e-01
2.692438559750203186e-01
2.703091577484450503e-01
2.690048536100381193e-01
2.693534826211436140e-01
2.714908652854956528e-01
2.697172862099633250e-01
2.701791916568157537e-01
2.691754157014398796e-01
2.694167804380691034e-01
2.713161096295707564e-01
2.702526622069253426e-01
2.707734654514701855e-01
2.693314550865912316e-01
2.699305060057838879e-01
2.702263688809881104e-01
2.711724800724650275e-01
2.685750409501141411e-01
2.706870964520443623e-01
2.692145690813892989e-01
2.686334692005407088e-01
2.670237075082501632e-01
2.756744415460422037e-01
2.688421549141979949e-01
2.660472122702203235e-01
2.748691382796668026e-01
2.705424574675895921e-01
2.721855071226722544e-01
2.732635723807787520e-01
2.699231035604449658e-01
2.709545473591027376e-01
2.720166378905931603e-01
2.680235345175582262e-01
2.680164305046385809e-01
2.713417885373029526e-01
2.691862592462571091e-01
2.688931935838306253e-01
2.695529925167884366e-01
2.720239090509640190e-01
2.717660674328456483e-01
2.726247474191585973e-01
2.697511412638283756e-01
2.686358327529020373e-01
2.708893125081023312e-01
2.685977724172322612e-01
2.707597834375660706e-01
2.696996945328516970e-01
2.725339498806430005e-01
2.721057481280306223e-01
2.700023223471327838e-01
2.681896759092244897e-01
2.686281854604301023e-01
2.690679357148926809e-01
2.679255453322100800e-01
2.698883777955548569e-01
2.716726077801464578e-01
2.673452459490584521e-01
2.681476871709449483e-01
2.696477561033155945e-01
2.707221799659106920e-01
2.681396602355229364e-01
2.698771533897421082e-01
2.716091193048859598e-01
2.694393881309000149e-01
2.684915404449079723e-01
2.689478520866909195e-01
2.704643028869433974e-01
2.724072572867060060e-01
2.693183294968750086e-01
2.674880149078393554e-01
2.722846625185634806e-01
2.701203791069672899e-01
2.688363101921419362e-01
2.693808145348546845e-01
2.665605176220983141e-01
2.703139590384945334e-01
2.704240148866465243e-01
2.689109077240223744e-01
2.667115354591115817e-01
2.703729624986421776e-01
2.705017830723060457e-01
2.707981926248367865e-01
2.697948277828176034e-01
2.676804322403927294e-01
2.738406583158669583e-01
2.717506994172844137e-01
2.722327853325172131e-01
2.713006830019837334e-01
2.683401023539340735e-01
2.738308391291551791e-01
2.714471906448112648e-01
2.678861306074660220e-01
2.715610208494118605e-01
2.686673508037454861e-01
2.694849799910938870e-01
2.731756505327870288e-01
2.677149288071489774e-01
2.707901668263652528e-01
2.729612675534167643e-01
2.692090238454465934e-01
2.705206451770641451e-01
2.705986854919057438e-01
2.709905369354351778e-01
2.682791703482974577e-01
2.712156170658976406e-01
2.698361736738578154e-01
2.707589951567787034e-01
2.691283786598883676e-01
2.662596321007349442e-01
2.709629456103106460e-01
2.688104515367092384e-01
2.703277883712437712e-01
2.731401238914987206e-01
2.722758096543260731e-01
2.706037195211626889e-01
2.654996749143802015e-01
2.698987238202175121e-01
2.673290089586090601e-01
2.726010580738927880e-01
2.683194435086843632e-01
2.676482664786475896e-01
2.711629997212363086e-01
2.713630829196021499e-01
2.677968994678128767e-01
2.680681138389188756e-01
2.687948041751901385e-01
2.710472817279100388e-01
2.711296441336145113e-01
2.701837278971774836e-01
2.693699532914623496e-01
2.736162078429725808e-01
2.720223196845507063e-01
2.703533272828677059e-01
2.677222910735271855e-01
2.711866858710161865e-01
