1.093103474501762484e+00
1.077818391069369275e+00
1.107198360861795461e+00
1.136027178243618874e+00
1.088934721897272473e+00
1.098957172706266805e+00
1.085420348080171404e+00
1.054786263855020056e+00
1.142923655587284371e+00
1.062835245717588251e+00
1.090299363565962576e+00
1.093459240599649274e+00
1.059817405958308090e+00
1.134995853898804086e+00
1.133429970494484795e+00
1.090730784170895529e+00
1.070422977814655896e+00
1.073648113526356696e+00
1.084798037547541671e+00
1.075433000630396263e+00
1.083043502862782725e+00
1.092388708358090099e+00
1.111094162280801934e+00
1.122593552129099947e+00
1.074423333788684598e+00
1.117698812125625274e+00
1.078984142763545151e+00
1.121424491877730523e+00
1.076278357183296785e+00
1.071150487719536137e+00
1.090937791024688464e+00
1.086881381475534480e+00
1.088291479398733719e+00
1.075602290113308879e+00
1.103614378441615251e+00
1.120017972616326851e+00
1.074366454512232671e+00
1.089511510605862599e+00
1.158640031028137729e+00
1.091078559324168751e+00
1.107239482486600313e+00
1.116609764716570030e+00
1.121933280342612527e+00
1.088726193348441118e+00
1.077164436561129035e+00
1.114653711600099184e+00
1.108201825294910403e+00
1.079947116667925755e+00
1.128650811334366288e+00
1.066807736648060390e+00
1.098777646784035777e+00
1.102931715593322481e+00
1.104180047648445795e+00
1.089213901355008396e+00
1.076141725838026808e+00
1.109232207041760621e+00
1.092803056511614690e+00
1.099201848159885531e+00
1.080790964041966618e+00
1.096115654932655614e+00
1.086762556526448487e+00
1.116871906735380726e+00
1.097256590318695713e+00
1.077598638979641255e+00
1.090990024320044993e+00
1.126915784439957990e+00
1.127419430616587448e+00
1.082689783734196221e+00
1.078835102616288122e+00
1.107143425829336447e+00
1.091032105300911548e+00
1.109580821619872149e+00
1.094037191083132354e+00
1.112062136686749358e+00
1.105302210185566736e+00
1.113922195307748941e+00
1.079196188733623885e+00
1.097971578834012307e+00
1.100877171773906538e+00
1.063556958052660706e+00
1.110473055464910486e+00
1.085353288941994565e+00
1.104725320754561979e+00
1.106787981066605475e+00
1.102565747219873105e+00
1.075089757436071825e+00
1.115473610325702802e+00
1.118187742626097991e+00
1.079830327449814664e+00
1.097999590061102371e+00
1.094390911692249224e+00
1.099327731089350113e+00
1.086241117290195790e+00
1.072719605340136884e+00
1.115616587769533208e+00
1.076061884408170410e+00
1.122805902383669618e+00
1.082677312520611057e+00
1.101335567415075767e+00
1.081467883506986416e+00
1.099890354540485671e+00
1.102296909338942088e+00
1.098444700730727641e+00
1.075927908335198024e+00
1.073043334626066381e+00
1.099649604078969167e+00
1.063955931607269090e+00
1.131890758652601692e+00
1.097421995736585831e+00
1.104300113150595397e+00
1.074708750536303992e+00
1.122330779153125180e+00
1.066149291031842639e+00
1.098807029468335417e+00
1.095799188176635575e+00
1.077171338232179032e+00
1.075551771581024996e+00
1.088347434273633896e+00
1.092316537472983073e+00
1.071542836410423583e+00
1.087494563877710263e+00
1.162291252535618158e+00
1.082184511431676377e+00
1.083141499147614040e+00
1.136193740912026184e+00
1.101820061594954714e+00
1.103717249337087036e+00
1.081068120826883083e+00
1.097063941459254233e+00
1.115013046873999381e+00
1.094147686622446880e+00
1.123258999078492471e+00
1.105995271140285174e+00
1.129244159285609728e+00
1.087612664805618579e+00
1.109255938783224371e+00
1.084625003746824135e+00
1.117711073549275458e+00
1.066076384651822639e+00
1.102491833648279185e+00
1.110224324906748716e+00
1.072344299455539218e+00
1.093810228225841286e+00
1.110008000460240174e+00
1.101404606798808583e+00
1.075866925234846949e+00
1.099365689642713084e+00
1.109104337073229196e+00
1.097986797650632784e+00
1.084686230251717953e+00
1.101911240600642161e+00
1.098180830228811189e+00
1.113619001891886340e+00
1.075029403516337911e+00
1.077163228046271737e+00
1.129925376355675359e+00
1.080222742446621309e+00
1.129625995921524240e+00
1.106856029516016138e+00
1.087379595043550307e+00
1.113582846554286077e+00
1.121173175739080152e+00
1.110281338488428249e+00
1.125070578513217345e+00
1.126638890471401755e+00
1.097025520468772442e+00
1.106047063037278955e+00
1.098954273567400275e+00
1.114191907848080421e+00
1.076759496393999926e+00
1.087371091381119204e+00
1.074486857493155867e+00
1.081437424528686186e+00
1.094116321953628290e+00
1.103217517900519917e+00
1.096881618698321903e+00
1.106943257941980452e+00
1.098118701086703952e+00
1.079550899878213954e+00
1.101603887879762267e+00
1.087115690935246848e+00
1.113402594349140351e+00
1.099782704289601343e+00
1.097153648752608346e+00
1.109888640484396616e+00
1.107405329277121098e+00
1.108093232891938840e+00
1.109925091873757541e+00
1.076991394290577553e+00
1.055210574965643300e+00
1.102474357375104796e+00
1.108034679136641332e+00
1.088952739818132676e+00
1.083401497649845169e+00
1.073573910030882539e+00
1.090841506255195714e+00
1.125317012323416410e+00
1.109697916006817220e+00
1.135900448439194133e+00
1.111296106006642415e+00
1.111741209760193749e+00
1.091601395901673488e+00
1.076751012391490514e+00
1.073763279918275471e+00
1.073600449228279352e+00
1.071320271090365983e+00
1.115044853677716885e+00
1.085173846844659229e+00
1.138029799832159350e+00
1.126354018472867979e+00
1.081998175412770324e+00
1.073491067242208441e+00
1.147625996584735519e+00
1.103062166397559496e+00
1.132141995686545721e+00
1.094891451873326815e+00
1.086236572223889141e+00
1.098110686195120644e+00
1.112675791376433798e+00
1.094058941200566126e+00
1.105953805004983970e+00
1.101020713124609252e+00
1.109167146917008573e+00
1.125822546415431002e+00
1.074557214823783413e+00
1.102435559852533276e+00
1.105325052773421968e+00
1.084149282960638727e+00
1.080284471259839174e+00
1.099218644710000747e+00
1.082840765202216282e+00
1.114708338051616066e+00
1.107749244486726736e+00
1.099050560042874158e+00
1.096829138368244916e+00
1.107856300394951088e+00
1.097889046524712420e+00
1.096151666795070811e+00
1.113732642036887377e+00
1.089196286586053608e+00
1.101638620528284429e+00
1.097970592923692035e+00
1.093740388611029735e+00
1.109653601126020517e+00
1.105731468917529714e+00
1.140798942308426600e+00
1.083758022627154816e+00
1.100913532359363733e+00
1.092316366019721929e+00
1.064979936836102814e+00
1.090060343420112376e+00
1.069825955164974696e+00
1.059829212185267044e+00
1.108524442883670691e+00
1.107030454407237352e+00
1.149994596363832056e+00
1.109134248146547597e+00
1.075419505862987624e+00
1.095344611061419116e+00
1.104307874525420452e+00
1.125714019756295592e+00
1.099386103426879480e+00
1.085171233366531762e+00
1.100600430398286811e+00
1.089914715043018845e+00
1.060827634782587792e+00
1.102380810259584454e+00
1.120724148848482704e+00
1.101648622538750955e+00
1.132039581681671958e+00
1.089507592573659256e+00
1.092140085073268763e+00
1.094929491878313899e+00
1.102642533416341442e+00
1.084251640150567741e+00
1.122235167942625012e+00
1.079126215671645017e+00
1.089083401242437299e+00
1.114259028204556135e+00
1.077975589291559677e+00
1.118842638884363971e+00
1.102196657915659461e+00
1.102367604298390091e+00
1.109516607046525216e+00
1.097598642151733861e+00
1.086715639415838597e+00
1.108546342036786481e+00
1.090652174201992564e+00
1.096399543022412715e+00
1.128547796698629702e+00
1.104647483163753607e+00
1.121477389030880012e+00
1.077142832863622779e+00
1.083993685150434150e+00
1.106664103231877361e+00
1.096965556311964463e+00
1.083068376778911990e+00
1.088438943674155723e+00
1.077918739955672001e+00
1.061860439865972561e+00
1.116924694631761916e+00
1.083549552926347914e+00
1.087355171942027576e+00
1.142313734570479467e+00
1.097642233726600525e+00
1.089778535014058969e+00
1.088593600784890647e+00
1.116623221651882769e+00
1.111815302053967391e+00
1.065390160598488123e+00
1.060496379450153182e+00
1.106481167685831490e+00
1.080486796479038114e+00
1.135697648735223719e+00
1.146608800361562874e+00
1.081942645334615927e+00
1.099292029614794997e+00
1.082608754009064089e+00
1.128196959410587619e+00
1.096259622088808783e+00
1.126746652921029712e+00
1.098683262795566273e+00
1.122793012271635416e+00
1.104565477602764689e+00
1.095601496833743083e+00
1.083672474457414214e+00
1.082224650985563974e+00
1.112418822538111751e+00
1.059902810484057323e+00
1.120552352789555561e+00
1.111048380496894694e+00
1.114500562908091519e+00
1.100030142781796227e+00
1.095439972855162480e+00
1.136141513696749650e+00
1.082817123862715780e+00
1.074773596130933706e+00
1.078390912139701285e+00
1.108527486842760590e+00
1.082741321381168964e+00
1.110912763206257425e+00
1.122000072866017772e+00
1.116486835081037965e+00
1.133135958785749020e+00
1.075019334773844593e+00
1.077241648155117026e+00
1.109529664408030358e+00
1.077738971490878717e+00
1.094997878555809212e+00
1.109181157245949345e+00
1.077052254261207764e+00
1.091172524510659825e+00
1.084593853401889074e+00
1.087560101020631498e+00
1.095714052922746262e+00
1.113723419149800220e+00
1.097001154047820615e+00
1.100296945404703353e+00
1.112524385591868503e+00
1.096689838886272472e+00
1.102882871223161754e+00
1.100061329178909197e+00
1.101085662004349874e+00
1.103553401967658498e+00
1.106560654762935192e+00
1.085546587091449133e+00
1.107117943546782390e+00
1.141949787889839252e+00
1.083086697282827027e+00
1.098195209831674957e+00
1.100165685007545635e+00
1.085208691175765239e+00
1.092292787098329665e+00
1.102492319579571722e+00
1.104476752059844857e+00
1.071956750031642258e+00
1.073129184787970036e+00
1.106542455927212343e+00
1.101557118536893087e+00
1.086670624355083881e+00
1.104309158065135410e+00
1.103488820864656050e+00
1.081176524696619623e+00
1.093652962055497335e+00
1.096061189681562631e+00
1.061086744640672874e+00
1.107477821098716841e+00
1.113103178131715554e+00
1.104275092071388409e+00
1.085703131856667225e+00
1.116395995716318756e+00
1.081798381889134353e+00
1.089645886928697571e+00
1.091446356224377023e+00
1.096208272551018492e+00
1.104335600291489916e+00
1.101231991571526736e+00
1.060869583798513371e+00
1.086080531829916485e+00
1.094589026240755381e+00
1.130393423109693485e+00
1.074346946579902040e+00
1.112092051036253748e+00
1.076887677666372056e+00
1.079701697957402340e+00
1.086177907095821071e+00
1.162197158986818080e+00
1.093373675709239379e+00
1.102266324685076126e+00
1.156650479645995766e+00
1.096402931059953234e+00
1.097745390854959924e+00
1.105529010200761109e+00
1.062464970081466564e+00
1.073789011078046585e+00
1.105613603496727215e+00
1.111152570058059341e+00
1.083509158551991813e+00
1.102614874296300007e+00
1.152883975098692337e+00
1.149836914246717523e+00
1.121010093336268776e+00
1.084549071089021099e+00
1.096596410886804485e+00
1.094440910994093796e+00
1.137592153397499528e+00
1.079588307895396948e+00
1.113902680255937971e+00
1.086667171044990665e+00
1.070268164122249344e+00
1.128098665958547686e+00
1.071252949388253217e+00
1.082232103580967886e+00
1.105778211348662721e+00
1.084039918906904543e+00
1.135433045944432173e+00
1.099504296625540389e+00
1.097220533370851125e+00
1.083154787795331142e+00
1.095920789859906153e+00
1.057524264242206025e+00
1.086786947782086399e+00
1.072341089263872949e+00
1.069073414508264763e+00
1.073110982070574648e+00
1.113612060490810629e+00
1.102343846633211388e+00
1.103995830710025716e+00
1.121936603215367034e+00
1.100935420129709907e+00
1.101248192849484830e+00
1.069042282926359277e+00
1.094169072452567670e+00
1.100898816090233989e+00
1.105003115197496388e+00
1.094702384572210141e+00
1.119801116521832229e+00
1.084530243175309661e+00
1.098786693181942331e+00
1.091136523265075819e+00
1.072849580885254062e+00
1.104208256344459960e+00
1.111888959152338430e+00
1.114174284821260796e+00
1.100635227689733764e+00
1.102156520426957220e+00
1.082842676863636111e+00
1.116962984060624997e+00
1.086424547215296910e+00
1.087421661439706755e+00
1.130269348372039406e+00
1.128286618472603031e+00
1.108620316424526298e+00
1.104640921753165639e+00
1.091142491128546110e+00
1.102887629467241837e+00
1.102938669493800372e+00
1.106586990985150676e+00
1.073277960469110726e+00
1.088730683767224594e+00
1.091787527447179107e+00
1.123398333698128804e+00
1.072438182209886737e+00
1.113487125616468010e+00
1.059969387681867214e+00
1.112831497000874581e+00
1.129578806046455108e+00
1.061716923996656181e+00
1.098397742234542562e+00
1.100734002408510381e+00
1.078843519625514835e+00
1.100778572900169561e+00
1.093211544219500064e+00
1.123989566217834746e+00
1.099318020752905412e+00
1.098800212349774652e+00
1.106608987752094153e+00
1.084373549321588692e+00
1.107570907227171109e+00
1.100004673531677302e+00
1.097903639440194645e+00
1.122850599464719323e+00
1.116540148446384606e+00
1.093791622679043840e+00
1.099088634591607772e+00
1.079100150846688866e+00
1.131609218621897783e+00
1.132529472998314635e+00
1.087329842694511939e+00
1.078197308446900982e+00
1.086671344692345054e+00
1.079115274464995444e+00
1.090557284827938789e+00
1.130587998367226898e+00
1.117623366481726999e+00
1.125557637365442121e+00
1.113974717031219308e+00
1.114723392177944472e+00
1.118247482118445157e+00
1.070419049012964363e+00
1.123340256826552030e+00
1.094303516402364229e+00
1.109543914430900502e+00
1.092205278808226598e+00
1.112190808389292851e+00
1.070712240689196237e+00
1.080095499641543277e+00
1.106353089486319385e+00
1.111460188697441787e+00
1.075890272290848326e+00
1.103687628488469796e+00
1.104862412754847201e+00
1.090358596700636618e+00
1.126702284904522067e+00
1.090273069865577149e+00
1.104917132426492810e+00
1.135672044690330340e+00
1.085479178384660015e+00
1.104587973995552197e+00
1.149746496563969433e+00
1.078343876402140245e+00
1.130697220951170978e+00
1.083139502359425244e+00
1.128705268796509564e+00
1.095984396071232547e+00
1.118448661353131035e+00
1.096444914526123471e+00
1.097782031890355059e+00
1.102532000233373610e+00
1.130008245379837017e+00
1.123829360306030090e+00
1.137231484405445858e+00
1.110271770653798340e+00
1.092863414777039077e+00
1.117967378809847201e+00
1.070622674946605901e+00
1.097617003803203373e+00
1.107090419901107792e+00
1.092357932289748756e+00
1.111177626254556294e+00
1.086355120665684959e+00
1.073533587006250345e+00
1.065024160214361082e+00
1.121313089284514897e+00
1.063034962222688673e+00
1.114198250585669792e+00
1.110629518048421138e+00
1.078114710219043149e+00
1.097217764323315858e+00
1.107193343613802172e+00
1.092740799839415855e+00
1.078667433827464217e+00
1.099411919572593987e+00
1.125939435413443768e+00
1.085787983333432294e+00
1.079083147899684958e+00
1.085630778652717066e+00
1.111901996292564032e+00
1.120883596601661258e+00
1.123839800630951791e+00
1.093158900251149035e+00
1.094558773357786174e+00
1.102700961996141649e+00
1.118222008627284270e+00
1.111408604794490884e+00
1.098934437264954100e+00
1.075561427344852161e+00
1.075693849183994244e+00
1.108234992609524294e+00
1.088048174072862917e+00
1.092357877413249856e+00
1.066833166404152378e+00
1.062943606404344488e+00
1.097269935423026199e+00
1.096751972283400267e+00
1.097775488241482744e+00
1.110067052753980432e+00
1.106584031073851060e+00
1.089808012000621495e+00
1.081349129264392639e+00
1.086070353359066765e+00
1.105299190389087860e+00
1.119012879783764403e+00
1.141055963791570926e+00
1.109392807586757623e+00
1.079045663949171230e+00
1.118905707909615188e+00
1.115206505367928758e+00
1.085284322327135342e+00
1.065915857679862855e+00
1.112036325779624191e+00
1.075519091651310433e+00
1.103035120548891967e+00
1.109777631988495550e+00
1.099507268209106936e+00
1.095428698415682689e+00
1.131286290184197352e+00
1.125903707544034127e+00
1.106310348086923190e+00
1.106803683129101268e+00
1.113509454079955274e+00
1.101227857378298536e+00
1.083179517574818007e+00
1.096390547211461008e+00
1.070319624467764630e+00
1.094455908953972267e+00
1.100449322921185358e+00
1.111660157690857131e+00
1.053138533657707709e+00
1.135015141008455908e+00
1.111947857117071115e+00
1.119070186376333265e+00
1.097755164838654096e+00
1.088865319798823394e+00
1.091390799847945070e+00
1.085509833898895549e+00
1.081314129855007966e+00
1.092088983505609789e+00
1.066906363725876217e+00
1.091719128474574863e+00
1.082080313027662166e+00
1.084894921496150078e+00
1.092248854117487067e+00
1.083884088738259255e+00
1.105677714862610239e+00
1.060163677782610891e+00
1.063748259732654633e+00
1.105234026368342226e+00
1.087034474711059628e+00
1.084771617585068793e+00
1.080340449142984660e+00
1.106661960526746702e+00
1.084945347227185497e+00
1.072995915029018033e+00
1.106927211270362088e+00
1.102884089466060313e+00
1.080380059937897208e+00
1.074198105887416821e+00
1.091921720019715547e+00
1.127222790201038327e+00
1.115623996974454357e+00
1.093734104771685978e+00
1.081746282690139394e+00
1.135129111132818114e+00
1.067994338820688061e+00
1.044872980462008050e+00
1.126878756644963397e+00
1.091003234324834592e+00
1.096897549138240446e+00
1.097896359864199978e+00
1.096562799004387134e+00
1.077201895214988658e+00
1.092737707450631923e+00
1.107180653351805821e+00
1.096518958964564083e+00
1.101444453583240390e+00
1.085318252566962238e+00
1.111449279266939705e+00
1.123741762858562199e+00
1.102357820898334007e+00
1.131576920848377243e+00
1.079913604162038299e+00
1.090115392142529505e+00
1.082139907051509198e+00
1.080733095169561730e+00
1.072033726164533185e+00
1.102425575459571760e+00
1.139543424181908460e+00
1.137877415846534346e+00
1.082774158564694833e+00
1.090935346036026043e+00
1.121610082004433684e+00
1.106382260376474136e+00
1.074202003046260456e+00
1.077199189339258067e+00
1.084005615450679860e+00
1.095245834141819197e+00
1.068420642606288995e+00
1.091226580527679069e+00
1.123361714202256723e+00
1.113085381225398240e+00
1.082080059949292350e+00
1.089868212901891731e+00
1.064334884031111983e+00
1.098282610335526321e+00
1.090962611836333584e+00
1.107093858290327137e+00
1.090891180904403290e+00
1.130020361710784682e+00
1.074384329619447520e+00
1.131014905468628040e+00
1.105673908883797685e+00
1.070396297912151073e+00
1.077442551377151503e+00
1.074966182558620531e+00
1.133510200148838409e+00
1.098636594126899624e+00
1.089701181767829929e+00
1.123355722184150141e+00
1.055084674450692761e+00
1.089463732753501279e+00
1.075379577932324970e+00
1.106576491477404778e+00
1.086372919071868948e+00
1.083668081583200493e+00
1.089959883311118816e+00
1.108416348089108938e+00
1.104454083328026970e+00
1.075089597086962501e+00
1.105226615610840346e+00
1.123234938980988806e+00
1.094217638806620929e+00
1.105979106810152324e+00
1.113579871117954534e+00
1.094816486432925062e+00
1.063149203692878686e+00
1.084233971518310025e+00
1.094959762561080741e+00
1.108219355358476710e+00
1.113080628919940862e+00
1.102923787022678459e+00
1.068799995207716069e+00
1.073521422926258406e+00
1.082233580311048105e+00
1.142309955643906694e+00
1.090449431646796530e+00
1.101933080544082344e+00
1.090672075757161963e+00
1.113108748354685318e+00
1.101323784551146989e+00
1.099556536679745289e+00
1.073891244981786786e+00
1.081173223681421325e+00
1.127438582595164940e+00
1.090919288910084717e+00
1.095060129746847855e+00
1.080916888835366629e+00
1.079231074042199756e+00
1.152519601052309772e+00
1.098700537604271998e+00
1.059274067710279876e+00
1.105973962994555082e+00
1.078570753142423788e+00
1.076041710301065768e+00
1.086553219315506302e+00
1.069213751868136830e+00
1.106709814315002260e+00
1.079837094437307909e+00
1.078753794216413597e+00
1.131431330556679660e+00
1.109541725033950099e+00
1.081956497762335934e+00
1.100001772864976690e+00
1.117263226297003476e+00
1.114006310034268976e+00
1.112899923011053227e+00
1.072336224107769631e+00
1.086709738201218745e+00
1.102643026536735515e+00
1.122401098560612320e+00
1.093726628648638233e+00
1.116732633437584665e+00
1.096830563087247246e+00
1.115528159354319149e+00
1.070124375718784160e+00
1.160300211525960190e+00
1.086075465599704692e+00
1.093824266995442107e+00
1.085335677803589638e+00
1.115962026990532374e+00
1.109100447804652445e+00
1.092427176987067483e+00
1.115445722470041146e+00
1.129259829782203628e+00
1.092999919200836612e+00
1.122064299718189995e+00
1.090427515828584326e+00
1.082768239608096650e+00
1.124719799689717359e+00
1.133137459450931361e+00
1.095614220969860497e+00
1.066217753689769010e+00
1.089368510689633585e+00
1.070779007357895107e+00
1.086956492947684705e+00
1.096116349062603579e+00
1.091453987765359512e+00
1.093628775590073987e+00
1.090260985325147702e+00
1.080186638452200532e+00
1.123698465942413183e+00
1.064993778336093433e+00
1.096327784447906462e+00
1.099065342437130610e+00
1.088883154725106106e+00
1.069076450024397218e+00
1.076029259079397393e+00
1.114280210517280878e+00
1.113043180783858999e+00
1.129621583418675357e+00
1.086592683799322723e+00
1.122424984231753964e+00
1.116977491144468759e+00
1.113368324072590676e+00
1.071548303684515702e+00
1.084451771037661993e+00
1.089963161317446305e+00
1.075872856898058672e+00
1.049513281792736619e+00
1.084386971197038640e+00
1.130901582902462676e+00
1.076492292051184130e+00
1.069808387336037558e+00
1.089039203209340556e+00
1.085420986322010339e+00
1.104965633668007596e+00
1.099304296771240752e+00
1.083660765802109349e+00
1.072482462064773712e+00
1.090352751486767691e+00
1.072073601780925367e+00
1.101823959203402037e+00
1.091651589165929748e+00
1.126551127002668018e+00
1.096796545125563682e+00
1.087038735781674426e+00
1.098188919327817814e+00
1.091016379891786459e+00
1.104633041460162390e+00
1.083147715485053508e+00
1.148828157355343382e+00
1.113511728761410025e+00
1.057988832818097746e+00
1.103724218676435997e+00
1.086687084074467347e+00
1.099240954265345627e+00
1.111178303786886534e+00
1.105284277921635194e+00
1.100502741396986783e+00
1.117192344867887321e+00
1.125527857139736909e+00
1.147926350714151722e+00
1.112262446128032156e+00
1.150153435179106065e+00
1.084666264316515472e+00
1.104380554030361505e+00
1.081758162068169549e+00
1.122770558331172897e+00
1.096292432535772132e+00
1.103286075297613689e+00
1.092206192728000458e+00
1.114429169964799682e+00
1.076979494312696461e+00
1.085524576199771385e+00
1.103144628697284135e+00
1.116687048873536980e+00
1.103574872063112000e+00
1.087960859413672043e+00
1.106233228151070058e+00
1.096355816036092889e+00
1.137921437111215850e+00
1.082865696185006277e+00
1.094805090429808558e+00
1.067263107237159003e+00
1.092445541545564280e+00
1.092537635803767504e+00
1.060149442289072486e+00
1.076092352030479704e+00
1.134004840283997950e+00
1.087943234555828420e+00
1.085917855222835460e+00
1.110213338345602763e+00
1.125537122957149139e+00
1.095591753550483993e+00
1.116253512222162625e+00
1.098900757835861608e+00
1.112956082303484084e+00
1.130774567968483968e+00
1.073977041771700280e+00
1.111990224086142343e+00
1.088288645440927738e+00
1.093605359519196352e+00
1.103650237980391635e+00
1.092001337290032570e+00
1.076143544422456744e+00
1.115029076858007340e+00
1.097773273201646749e+00
1.111822822440662328e+00
1.097062394512755112e+00
1.121110482843425071e+00
1.079412218845213323e+00
1.107553137303290081e+00
1.117024975209757187e+00
1.079155848153728892e+00
1.082277324080848979e+00
1.095807642569328166e+00
1.113011824853672893e+00
1.096988590535536323e+00
1.109554648258060716e+00
1.067806992520816456e+00
1.089492634401164839e+00
1.081834648431836632e+00
1.073771559762780381e+00
1.112108881035566377e+00
1.123995325458541084e+00
1.101494085971820303e+00
1.091571281745766564e+00
1.121916646210189050e+00
1.094556314221793780e+00
1.101344369718907812e+00
1.106573609196317198e+00
1.078749542402374084e+00
1.089209668376986739e+00
1.123296467888606598e+00
1.113158206638635184e+00
1.079140854748073419e+00
1.090958297390138831e+00
1.099254249240636971e+00
1.091592454674542134e+00
1.064589935256329500e+00
1.085679252507025128e+00
1.082018662651118568e+00
1.129748637475458395e+00
1.101103786155745778e+00
1.103301214170107736e+00
1.078127900155923191e+00
1.128619099988945607e+00
1.107696841468803095e+00
1.077712230108477609e+00
1.106881393983512929e+00
1.065617925750987238e+00
1.136597419749543425e+00
1.108317795692253194e+00
1.116134944719742395e+00
1.102803615836933870e+00
1.085015689503161962e+00
1.086144364393808459e+00
1.068321160867340636e+00
1.082055960409069595e+00
1.083298451890093883e+00
1.133479648998205080e+00
1.102896132562081410e+00
1.087077705826474894e+00
1.109404390816361552e+00
1.129905887375738160e+00
1.101665214991560449e+00
1.117947804340406304e+00
1.079025103336818558e+00
1.108923935859610133e+00
1.082147594179860617e+00
1.071197557191901018e+00
1.084791083978949411e+00
1.080280003687527746e+00
1.097228644612244786e+00
1.135801973842591295e+00
1.088460089007303955e+00
1.096834181806746633e+00
1.078625028259852847e+00
1.095012913574983315e+00
1.125315217007113455e+00
1.109529554141542418e+00
1.079035921863778613e+00
1.072946169807316830e+00
1.117643325706129565e+00
1.117913766722638425e+00
1.116911380633458517e+00
1.138134387426442906e+00
1.114594113554686405e+00
1.064664416095530974e+00
1.129337530995929040e+00
1.104772478590001938e+00
1.092780122024377354e+00
1.074504012791866803e+00
1.098206963940623337e+00
1.098762228051082923e+00
1.076666227842020040e+00
1.092265807078333761e+00
1.109567479795372735e+00
1.104560071514918640e+00
1.057880077546883513e+00
