2.764844808251910369e+00
2.755932132932223944e+00
2.748366969997379616e+00
2.745777942695399432e+00
2.727115858037928664e+00
2.708104144030645699e+00
2.781114623741522518e+00
2.742634233159497281e+00
2.761621839611866136e+00
2.749389181715448327e+00
2.750698584449619233e+00
2.723040013588591712e+00
2.738774596132875772e+00
2.756627953027850797e+00
2.749851047926708425e+00
2.707819471776459430e+00
2.728636242326134553e+00
2.731806712594202491e+00
2.710759353454019305e+00
2.697865756552624283e+00
2.741377370851107997e+00
2.746757563342502095e+00
2.744589183606282567e+00
2.748939811075871376e+00
2.716806584122314128e+00
2.728575518647656573e+00
2.750527207298868682e+00
2.738821351999913833e+00
2.722416747575234108e+00
2.806496393733002304e+00
2.758867116977976153e+00
2.730428636196141401e+00
2.759417199516218222e+00
2.748807726126877959e+00
2.693333596618214809e+00
2.717373868154974392e+00
2.722383740207936054e+00
2.739120158758427070e+00
2.732021121508124928e+00
2.720140976577543501e+00
2.719237391961213834e+00
2.748435747558154230e+00
2.708808700439186534e+00
2.721164668186622393e+00
2.768895055050676568e+00
2.729386447028755658e+00
2.714398666859167530e+00
2.775171264917508651e+00
2.717384957947245105e+00
2.729526620410802185e+00
2.760806715651548782e+00
2.745237719696618228e+00
2.765700229609684868e+00
2.728295298919787726e+00
2.764648030141817703e+00
2.734677316557092563e+00
2.725699551966563217e+00
2.715854664281522002e+00
2.742736019327028707e+00
2.740319230309939513e+00
2.718088929454215652e+00
2.735471662682770866e+00
2.741808142400588455e+00
2.771282997967481343e+00
2.750635326021470650e+00
2.726132069630718746e+00
2.747411801121947494e+00
2.735121271826028266e+00
2.753453787980128187e+00
2.733345302483912498e+00
2.722606280453376382e+00
2.703634761031345590e+00
2.730880312853515957e+00
2.723666353365392645e+00
2.750197748684836352e+00
2.762085855891399877e+00
2.749923512122363523e+00
2.735115834239021826e+00
2.731289542080475030e+00
2.767157389222079100e+00
2.717532595337986745e+00
2.754711390607766930e+00
2.750645600771053356e+00
2.701432776607621378e+00
2.765735856683537719e+00
2.723055690476811286e+00
2.747673757044496679e+00
2.726570278424712779e+00
2.734220339901520358e+00
2.753680078238005091e+00
2.753512627887095388e+00
2.742481019855586233e+00
2.755697798834264134e+00
2.721658383915868118e+00
2.733959123589820184e+00
2.742369409336866237e+00
2.739192067037260703e+00
2.742256149319372227e+00
2.761234825806901050e+00
2.732780281067428430e+00
2.720890583452435951e+00
2.715395130619126629e+00
2.746920078791629027e+00
2.742455292294730285e+00
2.742349267557293580e+00
2.709286511924983376e+00
2.719221451533945455e+00
2.745666521843999952e+00
2.720199581666855604e+00
2.749387795167669957e+00
2.723089309727044327e+00
2.741755463741123666e+00
2.753948427791978570e+00
2.749613568384923656e+00
2.720131981646683350e+00
2.746771142068651805e+00
2.731764188655535719e+00
2.728280045904909912e+00
2.749413947474789399e+00
2.778942062519829115e+00
2.785077604195962842e+00
2.739369776616996877e+00
2.761611401891692186e+00
2.736590938211264756e+00
2.753633942102712950e+00
2.719901491555960504e+00
2.714924363824819054e+00
2.718406310125266678e+00
2.739399573909078622e+00
2.705015137152767313e+00
2.741387136148716763e+00
2.752309295020435531e+00
2.720561458010446465e+00
2.715332090975595136e+00
2.702268985074693930e+00
2.745092170540348597e+00
2.742788801540032129e+00
2.708391755460564987e+00
2.727373432350567395e+00
2.742791509171193187e+00
2.756209611481217348e+00
2.727769512885603653e+00
2.768567505363682013e+00
2.744421951922126901e+00
2.775202380340321628e+00
2.730177354664471867e+00
2.720262345016117411e+00
2.737745409218288017e+00
2.724986567130492254e+00
2.741159872215209958e+00
2.742699622672673865e+00
2.709256444925758789e+00
2.763662721646333864e+00
2.743865483273189465e+00
2.755440798813912462e+00
2.735272760620119481e+00
2.734426468699659551e+00
2.713100937277902247e+00
2.708800388968318984e+00
2.779191756288718285e+00
2.711408052186128792e+00
2.745366345837740418e+00
2.739456218386295383e+00
2.748986893836254275e+00
2.759443405483732903e+00
2.779057927124209293e+00
2.775868407829439555e+00
2.721100152913520809e+00
2.727912728741133996e+00
2.747910621063098802e+00
2.754433097857395651e+00
2.754119425418215972e+00
2.731863184715955128e+00
2.734782803934926232e+00
2.745572161290115165e+00
2.744227305670010164e+00
2.732237928575580010e+00
2.765662547499463386e+00
2.705583133061399970e+00
2.715042719312141362e+00
2.733043346397794782e+00
2.750919450390126642e+00
2.751520301647064848e+00
2.747477160877918934e+00
2.721218303099332214e+00
2.717703374548372075e+00
2.744858017147367324e+00
2.749284834243765463e+00
2.736320837838550180e+00
2.758980364745114766e+00
2.745750305717072681e+00
2.737481252686508437e+00
2.715870200261852663e+00
2.737795581879265860e+00
2.719735361235406046e+00
2.741433878565099125e+00
2.753902069495940630e+00
2.741134818150909425e+00
2.739085303574105179e+00
2.765536840305833355e+00
2.718822669696215666e+00
2.691519593901638530e+00
2.712206426326940534e+00
2.720929877793431206e+00
2.750019378204683562e+00
2.743310026502552290e+00
2.769290992331794765e+00
2.742628144978872307e+00
2.749750159525451210e+00
2.736073321398218905e+00
2.720684994002940726e+00
2.728269207553548181e+00
2.738548885949813272e+00
2.755089472768053938e+00
2.730778908808280558e+00
2.695729577288936252e+00
2.726617970393487855e+00
2.751805655122900429e+00
2.721777481277271704e+00
2.745371247920979307e+00
2.742904405057689843e+00
2.738713138854506290e+00
2.760807446278549904e+00
2.738852174390679739e+00
2.732762950295581472e+00
2.732061159153658547e+00
2.755063032185459893e+00
2.757739915245571272e+00
2.751726662662235423e+00
2.743691094755652760e+00
2.751758573569884625e+00
2.729356579880811928e+00
2.727987384245521341e+00
2.749002310025868034e+00
2.722905062256039344e+00
2.740162249486053359e+00
2.742263698424726837e+00
2.728894875354213490e+00
2.701345766468143950e+00
2.740018878581029771e+00
2.690315292553390858e+00
2.703048010484201846e+00
2.738803224906737555e+00
2.725184469336197068e+00
2.726150882953712884e+00
2.747585398361115150e+00
2.778199527460518237e+00
2.724362082237166138e+00
2.747606257951554110e+00
2.726872777679566262e+00
2.755935592105630327e+00
2.754089101813372409e+00
2.729972818166858328e+00
2.752767423219775633e+00
2.745473134605800336e+00
2.735512224894858679e+00
2.739462049279943745e+00
2.739379899142998287e+00
2.741565915193494796e+00
2.744276031227407486e+00
2.730427493195965560e+00
2.760382564378827119e+00
2.769910564748814252e+00
2.727446294697828399e+00
2.728511577138238664e+00
2.736303111575566493e+00
2.736410696907556339e+00
2.725125336368187323e+00
2.749358048101612439e+00
2.757521396540403735e+00
2.721072970100773425e+00
2.734119374712480344e+00
2.759398256611775846e+00
2.738289262937344315e+00
2.709022387520994446e+00
2.741109695613114905e+00
2.734864948581320565e+00
2.718431957448612213e+00
2.740250134416539751e+00
2.729010679926079597e+00
2.743015178376530194e+00
2.736525927975780537e+00
2.767404449630060270e+00
2.745108382367484889e+00
2.753106685539988163e+00
2.726222565860248359e+00
2.743236850367133606e+00
2.760218690343072989e+00
2.754536929380330346e+00
2.751048574054634432e+00
2.744348774540924740e+00
2.734389582956239906e+00
2.736322439604949697e+00
2.730948839263129813e+00
2.743621614622902438e+00
2.745195662220423216e+00
2.734702130257608665e+00
2.731239730452748038e+00
2.747113110558351945e+00
2.741877645423956622e+00
2.717101395064901670e+00
2.767264854755504100e+00
2.717819978236942102e+00
2.748450112689784230e+00
2.747008527508040476e+00
2.731744739018475254e+00
2.752739291589644921e+00
2.737609485045824798e+00
2.700798656799594966e+00
2.744075239025498991e+00
2.759094533415763717e+00
2.746435955167727094e+00
2.732878889711926274e+00
2.728703946790516977e+00
2.775080100046555476e+00
2.707805309168044960e+00
2.771695620339940103e+00
2.749633984751117310e+00
2.751521894694977544e+00
2.710673526873373707e+00
2.714035587657339654e+00
2.738491492585164444e+00
2.735942781662834111e+00
2.754322623807222037e+00
2.734986888721191001e+00
2.708497774814094150e+00
2.749464883685148298e+00
2.738795611239982719e+00
2.719275505947887250e+00
2.753835724813050501e+00
2.742965517816690291e+00
2.758113965701290748e+00
2.755928370843817365e+00
2.733745090268635547e+00
2.710332879297829844e+00
2.722195077404736097e+00
2.799240489010521138e+00
2.729724641021337384e+00
2.750181006227778724e+00
2.742611360928457920e+00
2.744477011138003242e+00
2.732075471524124222e+00
2.695452501057060690e+00
2.715784666646402723e+00
2.728443644777964749e+00
2.761928412534193633e+00
2.705798446051179695e+00
2.719564727310784136e+00
2.730364805639866166e+00
2.717856628430582067e+00
2.717038162175100968e+00
2.745483654938860152e+00
2.740150464339494274e+00
2.749153055474340857e+00
2.730120288356288505e+00
2.748250081358166952e+00
2.722337331195951560e+00
2.723358298542613465e+00
2.744157690975375541e+00
2.724228413138287230e+00
2.757427946922820894e+00
2.720020922621072312e+00
2.756988758095269887e+00
2.745794288155184670e+00
2.727332843084752323e+00
2.743196709389874588e+00
2.732188718725552246e+00
2.751854857884278527e+00
2.728230312558929782e+00
2.755005534794527033e+00
2.722492152714755864e+00
2.702598468989124481e+00
2.745683362326314381e+00
2.712084232228556324e+00
2.763873529183829891e+00
2.741259853440830341e+00
2.762213780240165395e+00
2.742714575498412799e+00
2.731060070104198267e+00
2.727894055509664017e+00
2.756438910283023347e+00
2.721245665867254804e+00
2.765725934001797892e+00
2.775392228524586002e+00
2.757915523700436022e+00
2.748866440338181061e+00
2.733717761866819806e+00
2.718137408666648547e+00
2.739345517802926011e+00
2.730805127655899334e+00
2.751667675844897243e+00
2.761491324639155032e+00
2.750800676623691210e+00
2.762971769140401435e+00
2.751575798317742905e+00
2.739633985953547679e+00
2.752137154991284085e+00
2.747740026663738622e+00
2.735061441598630516e+00
2.743043208593492377e+00
2.738819692948986528e+00
2.744228350037099862e+00
2.733676705364488591e+00
2.721085902234844145e+00
2.711095101586497247e+00
2.766270433192943745e+00
2.759974619230573190e+00
2.719523513449796592e+00
2.728132598046885793e+00
2.718995576978998407e+00
2.738505977719713158e+00
2.762664677713739803e+00
2.715409735438229166e+00
2.714539339307838528e+00
2.723460822442790530e+00
2.754827217497986425e+00
2.742688848813963798e+00
2.740446406624276854e+00
2.737902229416104394e+00
2.778405649956359635e+00
2.734052070063132778e+00
2.735349855058877289e+00
2.766979783370926427e+00
2.742401452487745139e+00
2.725464388801436932e+00
2.738270942383791873e+00
2.681016409600155637e+00
2.731158959808204667e+00
2.710610942064119566e+00
2.746303148002897654e+00
2.711390660415481602e+00
2.716665120412466994e+00
2.742138878282373682e+00
2.741076875323493311e+00
2.749682992716864671e+00
2.767631597672894017e+00
2.758524644000120762e+00
2.719693703279988384e+00
2.737527809881460605e+00
2.736361931123643121e+00
2.750774400684146137e+00
2.737302692621033540e+00
2.750867818533912601e+00
2.718969928299807215e+00
2.736575550640151899e+00
2.761933662457469740e+00
2.737868178540303177e+00
2.762326238985088445e+00
2.741276617889329525e+00
2.761453298550381685e+00
2.727987062065111434e+00
2.755287211254968671e+00
2.748536894871213221e+00
2.731296658147511103e+00
2.766475002343322664e+00
2.747721051258487091e+00
2.716465736946652054e+00
2.705615591763579797e+00
2.737243587123543431e+00
2.731933310233241929e+00
2.718702815566619968e+00
2.740309452132499768e+00
2.759245891662837735e+00
2.753719620660432632e+00
2.729137333639585883e+00
2.744362702501422113e+00
2.750190170223275388e+00
2.747564467543575084e+00
2.768336253504622313e+00
2.741095896545645783e+00
2.704002562622779937e+00
2.761319705831664972e+00
2.735415029622223493e+00
2.757225343112866156e+00
2.734252354915273742e+00
2.770699937620407560e+00
2.709246415659103846e+00
2.779418736706299686e+00
2.733280735925815108e+00
2.732679924757942302e+00
2.751436436115954010e+00
2.731976676415255767e+00
2.736600057092289706e+00
2.731605987469293950e+00
2.733214101495029080e+00
2.738696575400034305e+00
2.695607901279438057e+00
2.729429682093440501e+00
2.774455610654452009e+00
2.726308234769058814e+00
2.746995114386151293e+00
2.765786227016266086e+00
2.752981584921372793e+00
2.732801000508290556e+00
2.758456112861402687e+00
2.730340617128980352e+00
2.730087098234187160e+00
2.727051239389886028e+00
2.705591916577732459e+00
2.693498099411668623e+00
2.747665292578361118e+00
2.748157798298811461e+00
2.732190077371411174e+00
2.730248337792734681e+00
2.746369020914503523e+00
2.763080490382509691e+00
2.712530542969434855e+00
2.759246892092183767e+00
2.719547399241071250e+00
2.757737051686756313e+00
2.764356134975759716e+00
2.732850992866096895e+00
2.721448478607157995e+00
2.720773202718605788e+00
2.719893796616158266e+00
2.755273986834199551e+00
2.721568006987497235e+00
2.742865489149138192e+00
2.748904596454407656e+00
2.724902065159529041e+00
2.710130364913841294e+00
2.744801359032454258e+00
2.727477642722340168e+00
2.723277343757038782e+00
2.756174057741395789e+00
2.731698996136195490e+00
2.715649735018472732e+00
2.781732889892014171e+00
2.726402004019070180e+00
2.774397993788165095e+00
2.745227757817982006e+00
2.715340531250611811e+00
2.706900024769329782e+00
2.784257279219763515e+00
2.746668831876943884e+00
2.784388593981875548e+00
2.754808514838845479e+00
2.733906735710330604e+00
2.723847317660483824e+00
2.757437442091116964e+00
2.765685071183506150e+00
2.751679196862458099e+00
2.727751820075133615e+00
2.722190611958843487e+00
2.745669946773832581e+00
2.744548950897011341e+00
2.768487955325882766e+00
2.758540407800581296e+00
2.746804935328178043e+00
2.712339177849426353e+00
2.761603477264088724e+00
2.759754759084401599e+00
2.740584752033946803e+00
2.722537420585377177e+00
2.737259795028997189e+00
2.732819666648230950e+00
2.720957135296628415e+00
2.785235916305198511e+00
2.727059907399823402e+00
2.730217638401484681e+00
2.741284844202605431e+00
2.739383853879246988e+00
2.744850177706181782e+00
2.716218648703770278e+00
2.744548392665281167e+00
2.758909556348885239e+00
2.744716181584517134e+00
2.733253632047793147e+00
2.765877828573579666e+00
2.734298438102348516e+00
2.748288506770783624e+00
2.730824837399883798e+00
2.749800450042731104e+00
2.726818388221039946e+00
2.728320013032099922e+00
2.763252627945409046e+00
2.717409803185881323e+00
2.737249693659231653e+00
2.727182969087604381e+00
2.741506647438309408e+00
2.719090481673499760e+00
2.739062890217326185e+00
2.752482581270168538e+00
2.738719192226889199e+00
2.723282114277811861e+00
2.762636737242607943e+00
2.767387382319450140e+00
2.767150490469199919e+00
2.706373559870322687e+00
2.757002022405696806e+00
2.726573593117735506e+00
2.788651230558159444e+00
2.765557540310768836e+00
2.761822331322156376e+00
2.750970932895164367e+00
2.761109691340607242e+00
2.736993282013536977e+00
2.758984310444793309e+00
2.741871989060872039e+00
2.720773533425453916e+00
2.749252514570773354e+00
2.744824358464744041e+00
2.744739203138756967e+00
2.706923345507930012e+00
2.751494800342703329e+00
2.732516431116261746e+00
2.748159738000160779e+00
2.748914426184070336e+00
2.748110126642257178e+00
2.755254139349431863e+00
2.766311184544651525e+00
2.772854754587373183e+00
2.721837758819382724e+00
2.744767118890956592e+00
2.770461698994880262e+00
2.743344582708431734e+00
2.766691996485175942e+00
2.730214882590216607e+00
2.763260827816053311e+00
2.732009145219586710e+00
2.741566266882738745e+00
2.723121017974069247e+00
2.755774986349964983e+00
2.722447146309273425e+00
2.732000866541334005e+00
2.733121484093941067e+00
2.731201846497171903e+00
2.752870985568116158e+00
2.764723688608206054e+00
2.761226530936181423e+00
2.743464029853634134e+00
2.719284550173795889e+00
2.731329142891268269e+00
2.745540023336813018e+00
2.728078042647849699e+00
2.727448957252600614e+00
2.727636506067351085e+00
2.753356746722046555e+00
2.738835153343521789e+00
2.768212342136587178e+00
2.798220253091357801e+00
2.772320871866902348e+00
2.729420412817158859e+00
2.757022208357524207e+00
2.732998471724661815e+00
2.756290508121350680e+00
2.719327493040686328e+00
2.725238233413472599e+00
2.740429380326245834e+00
2.749188758770646945e+00
2.720060662340330726e+00
2.735567981065749610e+00
2.747442893192360014e+00
2.753911457299215826e+00
2.757926503190520684e+00
2.715431705096292614e+00
2.753116828586301690e+00
2.749479404656502535e+00
2.726669742971785659e+00
2.716531587063852005e+00
2.729014757612336695e+00
2.744483741961265544e+00
2.739479572278123776e+00
2.756392193487383402e+00
2.736034950346532213e+00
2.752117628284687978e+00
2.725078819561087773e+00
2.789860239415371534e+00
2.774420638327675270e+00
2.722407022462729032e+00
2.750110344003032115e+00
2.725648965964361903e+00
2.707574223710892181e+00
2.724441812759167636e+00
2.731728429970969430e+00
2.767666438854716748e+00
2.726588521977023838e+00
2.751502192740151287e+00
2.744446718524864437e+00
2.741411199674923527e+00
2.746635596689192660e+00
2.752834878072456082e+00
2.730081468675614520e+00
2.726634800184789320e+00
2.747280632926567101e+00
2.725573723425513517e+00
2.729205103577784453e+00
2.751398249688324693e+00
2.756362418372078960e+00
2.717640581135078115e+00
2.736696731646070191e+00
2.774858630639257751e+00
2.747907422656422405e+00
2.733243565225178973e+00
2.738463531360902703e+00
2.720563170484184834e+00
2.734407316037333668e+00
2.702668842094484436e+00
2.724615881870528611e+00
2.738847811719390624e+00
2.787064186837135082e+00
2.734154366369231592e+00
2.743468466320268195e+00
2.747374155712221544e+00
2.720339781235366239e+00
2.754419794240910324e+00
2.725996912831717189e+00
2.724927851237669785e+00
2.757645194816985779e+00
2.719395087021651225e+00
2.729532329280302427e+00
2.723799341235576765e+00
2.756807794665816935e+00
2.746121268021729733e+00
2.735449410607192711e+00
2.765649347289608873e+00
2.749206673970901349e+00
2.724604953115684847e+00
2.734862669923674439e+00
2.741043335497597155e+00
2.753180192541377025e+00
2.713241252237562851e+00
2.725338864639480274e+00
2.732913321235844517e+00
2.749010474772266566e+00
2.738433210736352486e+00
2.758259945381369427e+00
2.727545192202057045e+00
2.737546527889657799e+00
2.773192783137135464e+00
2.731965247365114369e+00
2.725428541138561478e+00
2.729361120321109446e+00
2.779914775677637007e+00
2.722583609483514966e+00
2.763407570464176732e+00
2.744374269574385572e+00
2.720086039779449738e+00
2.738023785033164792e+00
2.733756715128931702e+00
2.750039353960705757e+00
2.757144768623497999e+00
2.706470072571261820e+00
2.765454116865882384e+00
2.697686170915052806e+00
2.723243305200214959e+00
2.768596500761660195e+00
2.742151278194344677e+00
2.739724098656503237e+00
2.751557439100541291e+00
2.774032601202907511e+00
2.742923334019987003e+00
2.713945949223231402e+00
2.731081219732621523e+00
2.752133038596698000e+00
2.745573165784759517e+00
2.751552119373861238e+00
2.758153690921548495e+00
2.741106779335432009e+00
2.721439655975733451e+00
2.764232921097717011e+00
2.723557626563538836e+00
2.738902486984521545e+00
2.759768974426346944e+00
2.741788871977407727e+00
2.762372435639267376e+00
2.737884007404701503e+00
2.750482565734581275e+00
2.734521271149680022e+00
2.733435698948128767e+00
2.721820031992928879e+00
2.764091645249649787e+00
2.723029231378054860e+00
2.761386533856608594e+00
2.704797230071193326e+00
2.718249761508696682e+00
2.735343005927695970e+00
2.753389571502427913e+00
2.767299861970745400e+00
2.750370144023674523e+00
2.740607935423146291e+00
2.773863168439663074e+00
2.718378063779138376e+00
2.743175594684972740e+00
2.743931064299443445e+00
2.780671531117655970e+00
2.729010568091237765e+00
2.710986718027310172e+00
2.720916043487999758e+00
2.758264613545993615e+00
2.745061043647520460e+00
2.740899260916341174e+00
2.723994424242922374e+00
2.752537053824556601e+00
2.758293357130475520e+00
2.723050378766232793e+00
2.735165352004364170e+00
2.718027994043326068e+00
2.735976943834271147e+00
2.730856180095826424e+00
2.755337729628223986e+00
2.714963226036872790e+00
2.714167511467757699e+00
2.769831183267422503e+00
2.725376052384213654e+00
2.741234374524549100e+00
2.735328692484169100e+00
2.761358992288175163e+00
2.749729855314529736e+00
2.731552079167634872e+00
2.734413063270904942e+00
2.692891121965475865e+00
2.723628777196148487e+00
2.712612219958649096e+00
2.744863524446137681e+00
2.751346082594468889e+00
2.706356664942899837e+00
2.763610898846878605e+00
2.732016279216948895e+00
2.709644480215037010e+00
2.746329974230604876e+00
2.755391634972871540e+00
2.723072268562161113e+00
2.762438500264915664e+00
2.720197626798410706e+00
2.729839934157612724e+00
2.720098522777814498e+00
2.756842397248358001e+00
2.747546258882997972e+00
2.742276501597759264e+00
2.725825951036697337e+00
2.754906640335192947e+00
2.727940889649024481e+00
2.736713352514709374e+00
2.702027446837651059e+00
2.734021268508139535e+00
2.728587915602497027e+00
2.712413446655951965e+00
2.711634687766641516e+00
2.733370472532703044e+00
2.748045160660496311e+00
2.732939651551865801e+00
2.773611903795738076e+00
2.746797703279848069e+00
2.731818352289717033e+00
2.741273942063129798e+00
2.744138000753889806e+00
2.751098652040968151e+00
2.736561216165167121e+00
2.731999482505496513e+00
2.734530460442043065e+00
2.778922740690378035e+00
2.705867567954202357e+00
2.723950867779237228e+00
2.734682613158506026e+00
2.729577874139346161e+00
2.715541500521309271e+00
2.735009555030890827e+00
2.753019591271305799e+00
2.720057826706117510e+00
2.749577774775897154e+00
2.738591048974363229e+00
2.722746559090270413e+00
2.735819769704901816e+00
2.745736643145629596e+00
2.720810851129602081e+00
2.758710485718236072e+00
2.739569822330998328e+00
2.742869355739467441e+00
2.731183231766792119e+00
2.736059155786217278e+00
2.720104343834853555e+00
2.734399873514120394e+00
2.751087439773607812e+00
2.736829523289652233e+00
2.724667726982546334e+00
2.730063974597557674e+00
2.717553451004417031e+00
2.761801366811634573e+00
2.748935843258675238e+00
2.743525753108617682e+00
2.781580665816061781e+00
2.725119793119581857e+00
2.749339416599525521e+00
2.729124726102131859e+00
2.747543048952451716e+00
2.726427102633061761e+00
2.730969132283358469e+00
2.729936562264361655e+00
2.748920681282672529e+00
2.730640939029575165e+00
2.694120081409697498e+00
2.745788892158690597e+00
2.737889880441894963e+00
2.729133544852429427e+00
2.722351417265890916e+00
2.727792735518681511e+00
2.740792238910844336e+00
2.746371051861858259e+00
2.751883676745265461e+00
2.705008903001769216e+00
2.725187330155025567e+00
2.732739911010759304e+00
2.735480248833281447e+00
2.746928460553917706e+00
2.724894536173833703e+00
2.712842502290695901e+00
2.784802634379125674e+00
2.750741641867223031e+00
2.736726886543576320e+00
2.711867506259991956e+00
2.746580465069977883e+00
2.734341920937256365e+00
2.726622553474572275e+00
2.731566294788819516e+00
2.726466759876124080e+00
2.769167725690437454e+00
2.739631677947651500e+00
2.735400116989817221e+00
2.723543387278401173e+00
2.722432852844895557e+00
2.749555821749590567e+00
2.747010092123499003e+00
2.754265961457547984e+00
2.720075474280913674e+00
2.741749534953182632e+00
2.733641477572065437e+00
2.719772293631107729e+00
2.734401456866602409e+00
2.733161748179142148e+00
2.725547691603512401e+00
2.754399502628125607e+00
2.746627924061863180e+00
2.732106111812812710e+00
2.736250983734516584e+00
2.710824368003525553e+00
2.723704451082368916e+00
2.747613514672957891e+00
2.749979251243570566e+00
2.727991183431464517e+00
2.745209714824455194e+00
2.738232767381743482e+00
2.759336846165827417e+00
2.758600274862948343e+00
2.704495793815389959e+00
2.711252106839904030e+00
2.726389387124156016e+00
2.766083104834629935e+00
2.756633109750545874e+00
2.722932760872664559e+00
2.729861925346271700e+00
2.756210198874654793e+00
2.713751404226308672e+00
2.718330980908559180e+00
2.720941609764560010e+00
2.733760284916976868e+00
2.699699482047070553e+00
2.753502258740286202e+00
2.753907192893519706e+00
2.742009213655162814e+00
2.735392919493375263e+00
2.735874188985270461e+00
2.731886933253530714e+00
2.759449896465981933e+00
2.706488893076634206e+00
2.712635789648694118e+00
2.716191832953652074e+00
2.720341073429545009e+00
2.726026913875907898e+00
2.764531784795669633e+00
2.724952505601023311e+00
2.763145265853563792e+00
2.741130209135229645e+00
2.713653188012902895e+00
2.737138300796515100e+00
2.733875844837454050e+00
2.744945145703192591e+00
2.758751727578772517e+00
2.726845171255146028e+00
2.755704988972181191e+00
2.752430565610489488e+00
2.739130801656156411e+00
2.759993417059374732e+00
2.702622783823213748e+00
2.713676646966720174e+00
2.729530621775905885e+00
2.737781068370974680e+00
2.738868858096499270e+00
2.755324974243705594e+00
2.745421193459946618e+00
2.749190399826053621e+00
2.735077793350258801e+00
2.717473153442829137e+00
2.759998425642454123e+00
2.714778528617025621e+00
2.753255922815323053e+00
2.742295295943411926e+00
2.740642560774038561e+00
2.743062537980088589e+00
2.719008861062386817e+00
