1.001104389938876071e+00
1.000937556910635351e+00
1.000631171474116732e+00
1.000522063966039710e+00
1.000651707106656074e+00
1.000741807907267411e+00
1.000650963715741693e+00
1.000476897194449100e+00
1.000764115897356366e+00
1.000489943756603051e+00
1.000547680150040364e+00
1.000721395046552109e+00
1.000618351349449764e+00
1.000376077161556854e+00
1.001051190864968632e+00
1.000313525272593651e+00
1.000525070538134997e+00
1.000777595312985158e+00
1.000831766665319034e+00
1.000974496607910380e+00
1.001177448822867078e+00
1.000676846841157319e+00
1.000484888165763531e+00
1.000953639511281024e+00
1.001034642802701935e+00
1.000651413187940264e+00
1.000661972576194048e+00
1.000982936195002004e+00
1.000843684902826825e+00
1.000555870011542892e+00
1.000448829779321480e+00
1.000549441728642242e+00
1.001177140083777228e+00
1.000983891376383106e+00
1.000549278193749503e+00
1.000564871594453065e+00
1.000893307352386463e+00
1.000443765087859260e+00
1.000379929556919567e+00
1.000621145591443550e+00
1.000534443744770963e+00
1.000924930865683571e+00
1.000992273579299319e+00
1.000919006733130612e+00
1.000662058002153687e+00
1.001252821553657135e+00
1.000602288383961813e+00
1.000708881063408384e+00
1.000500528002840062e+00
1.000595632167476934e+00
1.000498944787013178e+00
1.000861011966690084e+00
1.000497626567763421e+00
1.000941072676259536e+00
1.001567033569648713e+00
1.000434853628967780e+00
1.000600989212429681e+00
1.000660426061315444e+00
1.000860218168713844e+00
1.000416391982723363e+00
1.000601806222749746e+00
1.000853376668020100e+00
1.000967890615686029e+00
1.000478853383204969e+00
1.000727731875779458e+00
1.000519955692617424e+00
1.001262149751843467e+00
1.000643183631727107e+00
1.000933339742444694e+00
1.000474824326515577e+00
1.000815999010067348e+00
1.001102537599042774e+00
1.000379073753989712e+00
1.000750950394559524e+00
1.000426910047404805e+00
1.000930030169251861e+00
1.000668262382262252e+00
1.000450754128595632e+00
1.000584882268171105e+00
1.000843566950684105e+00
1.000959374117430523e+00
1.000792090644075705e+00
1.000709678812413017e+00
1.001532404540927956e+00
1.001137095453886516e+00
1.000505904835560234e+00
1.000415309103896089e+00
1.000790202588962563e+00
1.001019523547117762e+00
1.000741783307480537e+00
1.000220406251903338e+00
1.000859284100187763e+00
1.000279988851255242e+00
1.000866822157481240e+00
1.000534611105607263e+00
1.000975528658106128e+00
1.001468501405163192e+00
1.001613674364871365e+00
1.000965547545718426e+00
1.000815512742693869e+00
1.000896068138074302e+00
1.000523505079259357e+00
1.000936727927393077e+00
1.000680351914702504e+00
1.000721714758903147e+00
1.000907744471351224e+00
1.000764376455098414e+00
1.000876439892775638e+00
1.000713823242367351e+00
1.000577586740916125e+00
1.000265381823126631e+00
1.000815282598601641e+00
1.001074634374127692e+00
1.000835632821213794e+00
1.000455070287794124e+00
1.001504566533223617e+00
1.000840778866791903e+00
1.000441825925560968e+00
1.001126262802766842e+00
1.000584309470383682e+00
1.000449845573754937e+00
1.000528342812262439e+00
1.000710150919783326e+00
1.000845180273783885e+00
1.000699639305768551e+00
1.000854966065310769e+00
1.000639223752805229e+00
1.000811135898949766e+00
1.000859455949519194e+00
1.000482968905846093e+00
1.000560559543044237e+00
1.000684905793351120e+00
1.000711266119186371e+00
1.000549856437855434e+00
1.001031716452120968e+00
1.000598968371387176e+00
1.000261270101966860e+00
1.000503807524204314e+00
1.000536359747232096e+00
1.000806741097625130e+00
1.001070912109605082e+00
1.000569121231575931e+00
1.000744317993511601e+00
1.000633366088882426e+00
1.000847286162556360e+00
1.000739618255630958e+00
1.000538425121171970e+00
1.001942982207504995e+00
1.001068845981273769e+00
1.000668511735736788e+00
1.001182151301593493e+00
1.000502810613069560e+00
1.000975380099889067e+00
1.000302603861058959e+00
1.001055836798521614e+00
1.000668814307089871e+00
1.000574102949910893e+00
1.000663579707250062e+00
1.001195355135507281e+00
1.000594544706661537e+00
1.000915443649119441e+00
1.000919363506190152e+00
1.000812692621557032e+00
1.000692136567929769e+00
1.001395581152271674e+00
1.001572892105131229e+00
1.001039502285299587e+00
1.000690222253808548e+00
1.000728730250778353e+00
1.000843253920996379e+00
1.000383722755349813e+00
1.000781931074026243e+00
1.000658114506445262e+00
1.001420236928590723e+00
1.000513942487967434e+00
1.000676917043183956e+00
1.000414173085236058e+00
1.000686410053641673e+00
1.000608343405182676e+00
1.000870641720173371e+00
1.001021051070641654e+00
1.000811979763539084e+00
1.000607435435223902e+00
1.000594775603597109e+00
1.000592417141700663e+00
1.001306941153206065e+00
1.000750259291770528e+00
1.000875889439367672e+00
1.000659103642726588e+00
1.001474698759219351e+00
1.001043508775031343e+00
1.000463964981014975e+00
1.000533775781753620e+00
1.001154679413249315e+00
1.000592801609308857e+00
1.000443922372076466e+00
1.000852189345968313e+00
1.000394409181319277e+00
1.000654408607619894e+00
1.001119730921008255e+00
1.001081755750664604e+00
1.000630076496714205e+00
1.000421007094676185e+00
1.000773259466392284e+00
1.000382963934788982e+00
1.001629016115107795e+00
1.001060214820921779e+00
1.000431633133586518e+00
1.000519749768146394e+00
1.000294208552455322e+00
1.000797660193928573e+00
1.001262272392667407e+00
1.000633036749842830e+00
1.000531717806006693e+00
1.000841860760935509e+00
1.000592002588057472e+00
1.000569076223773779e+00
1.000687803636808093e+00
1.000685675559108034e+00
1.000629359728551604e+00
1.000379642802049052e+00
1.000457760783123540e+00
1.001001761105370980e+00
1.000807825383439154e+00
1.000306565394359026e+00
1.000592771358903565e+00
1.000589136631851783e+00
1.000471217858918793e+00
1.000756422100476106e+00
1.000715671304707399e+00
1.001266201607535544e+00
1.000916165933173119e+00
1.000692114187059722e+00
1.000661401251054627e+00
1.000842173710131622e+00
1.000687153561619525e+00
1.000994728320212968e+00
1.000439179896495778e+00
1.000495687080799057e+00
1.000970863370008512e+00
1.000545381709595727e+00
1.000791288246249744e+00
1.000656633496643133e+00
1.000930257173252347e+00
1.000648579778236291e+00
1.000494832336235707e+00
1.000596293999881148e+00
1.000645579779763983e+00
1.000805070990580914e+00
1.000570613873030812e+00
1.001113862177671843e+00
1.000584499906969960e+00
1.000801441117628254e+00
1.000306831461053703e+00
1.000603718416393839e+00
1.000616852928386535e+00
1.000586825822191495e+00
1.001007265115038347e+00
1.000988879414971722e+00
1.000639906732972761e+00
1.000453721894091652e+00
1.001066409965574389e+00
1.000861249292112731e+00
1.001354450613938241e+00
1.000470429035457354e+00
1.001272161753528733e+00
1.000822240509025018e+00
1.000393169065760812e+00
1.000863381738744673e+00
1.000878598779010087e+00
1.000635794623155661e+00
1.000699540414204947e+00
1.000563455345721220e+00
1.000827384963038247e+00
1.001053065832365085e+00
1.000461613703756525e+00
1.000504713037076554e+00
1.000686786151080199e+00
1.001126474798659904e+00
1.000650556005943992e+00
1.000701003265763944e+00
1.000814177695132479e+00
1.000822410658780859e+00
1.001894478474372630e+00
1.001539791394270074e+00
1.001627522078672117e+00
1.001399794639369345e+00
1.001010630806859814e+00
1.000432172695619348e+00
1.000411295641874698e+00
1.001112123877787363e+00
1.000616453257705096e+00
1.001166398102866895e+00
1.000745623092207159e+00
1.000376621910381791e+00
1.000616654944033401e+00
1.000675123943031375e+00
1.000587670590870726e+00
1.000726433443356767e+00
1.000837447651585554e+00
1.000470414240019812e+00
1.000756293689601950e+00
1.000537841486396351e+00
1.000562394977531300e+00
1.000445287730494570e+00
1.000603029377908237e+00
1.000999346935021572e+00
1.001123905757327792e+00
1.001074442704032563e+00
1.000655789430369147e+00
1.002096776496094410e+00
1.000419337206891468e+00
1.000791933952659196e+00
1.001177700642771340e+00
1.000708313023702001e+00
1.000505153714370543e+00
1.000807030012860643e+00
1.000621778611737067e+00
1.000748369893332601e+00
1.001589889144537393e+00
1.000638030088231600e+00
1.000796320312217880e+00
1.000504917689381656e+00
1.001104531701026534e+00
1.000522997911667877e+00
1.000245844614647384e+00
1.000631007300745168e+00
1.001123915162332123e+00
1.000677596641412981e+00
1.000593291518185657e+00
1.000506310418593392e+00
1.000984481902968515e+00
1.000358343984193432e+00
1.000714153548293961e+00
1.000570378821509010e+00
1.000545314068366887e+00
1.001751042927608637e+00
1.000878928046339711e+00
1.000624893216363276e+00
1.000653342109568689e+00
1.000795297050893096e+00
1.001116619441797084e+00
1.000716369145778328e+00
1.000612890785807174e+00
1.000828713796715341e+00
1.001402714864658261e+00
1.001883389143304548e+00
1.000437035871995395e+00
1.000501094370757516e+00
1.000825960696767103e+00
1.000782466152847494e+00
1.000424135776773138e+00
1.001185299161465592e+00
1.000515339327372022e+00
1.000844118141430483e+00
1.001393303940506296e+00
1.000882402934059945e+00
1.000560247417952020e+00
1.000595513177865881e+00
1.001619093726334953e+00
1.000519663372915424e+00
1.001377234325174781e+00
1.000719221424195116e+00
1.000967746023241123e+00
1.000669270980805381e+00
1.001232275904902380e+00
1.001241729546335835e+00
1.000496733314940379e+00
1.000453485491806793e+00
1.001184439635881773e+00
1.000999002772644531e+00
1.000743218974260662e+00
1.000535897209146263e+00
1.000875806547437685e+00
1.000371802811095501e+00
1.001553106194064791e+00
1.000436856690018583e+00
1.001053920139860276e+00
1.000468377149120736e+00
1.000470599401819927e+00
1.000677395892793253e+00
1.000871498639776425e+00
1.000599876382548770e+00
1.001182228670130403e+00
1.000572729146149697e+00
1.000671315653085980e+00
1.001198125357577240e+00
1.000683631206647828e+00
1.000810931265597725e+00
1.000590286308246757e+00
1.000331509788593198e+00
1.000537716494487972e+00
1.000883197925332757e+00
1.000478860398224867e+00
1.000904358193194899e+00
1.000660011068393862e+00
1.000341754722161358e+00
1.000784435205019474e+00
1.000727037711115486e+00
1.001380653200851123e+00
1.000736705287000650e+00
1.000703788094140512e+00
1.000433006279874304e+00
1.000622826836618851e+00
1.000645313530106995e+00
1.001701397786915138e+00
1.000612121159352386e+00
1.000573664329114543e+00
1.000855188170540533e+00
1.000692846601899388e+00
1.000461981501244768e+00
1.001120832384082115e+00
1.000582827899245242e+00
1.001033075685038520e+00
1.000652992740625802e+00
1.001392490553288717e+00
1.000514171300383559e+00
1.000569545275573624e+00
1.000623153413337629e+00
1.001284080627576234e+00
1.001007303113983671e+00
1.001149458560304684e+00
1.001299484035370391e+00
1.000970763407765807e+00
1.000509894870007521e+00
1.000412564395267934e+00
1.000471587253556116e+00
1.000735459875941480e+00
1.000546770903969707e+00
1.000396566353053407e+00
1.000814881700742731e+00
1.000343824736019904e+00
1.000316255687600853e+00
1.000300195316129459e+00
1.000832825881196708e+00
1.001164423395975112e+00
1.000943538615158834e+00
1.000513944613673045e+00
1.000159476649841395e+00
1.000365175904955883e+00
1.000880256868180940e+00
1.000509407479167834e+00
1.000639035288574341e+00
1.001103727655425546e+00
1.000594467948321853e+00
1.001076175108230881e+00
1.000657257960664959e+00
1.000954682018919462e+00
1.000864937152111223e+00
1.000516342057149899e+00
1.001439201060428275e+00
1.000751686133376284e+00
1.000927445068171995e+00
1.001081759099397894e+00
1.000437101045754673e+00
1.000705858058352771e+00
1.000984931504188991e+00
1.000326789206272604e+00
1.000925087397802171e+00
1.000350590382129923e+00
1.000520003351749398e+00
1.000552883750115196e+00
1.000563369105028189e+00
1.000548088473343311e+00
1.001050752516531972e+00
1.000731144468399059e+00
1.000616365273696573e+00
1.000676371451201252e+00
1.000536746159077728e+00
1.000877738657598437e+00
1.001145603029624853e+00
1.000431794257954587e+00
1.000579375083683109e+00
1.000708897123805841e+00
1.001006067189243787e+00
1.000548275539479448e+00
1.000704296884703970e+00
1.000767376194498182e+00
1.000944277114006020e+00
1.001075038561147101e+00
1.000362012612300067e+00
1.001018632781866424e+00
1.000519692684874062e+00
1.000880545642337083e+00
1.000865467741080206e+00
1.000522987770243066e+00
1.000490562629480884e+00
1.000933298028866103e+00
1.000365013151482962e+00
1.000604457258966296e+00
1.000636475637810330e+00
1.000524142063742961e+00
1.000587176185020022e+00
1.000863390550839505e+00
1.000904496492447393e+00
1.000329132711687441e+00
1.000671990045449045e+00
1.000530404475181712e+00
1.001021562168248336e+00
1.000382310763435090e+00
1.000386106971753897e+00
1.000707466548143243e+00
1.000410138356407463e+00
1.001010805993582498e+00
1.000428492986507933e+00
1.000354197088899166e+00
1.000420162791630929e+00
1.000742111240290111e+00
1.001054129306589768e+00
1.000867910793440174e+00
1.000792035753646392e+00
1.000514630193868992e+00
1.000684862264145103e+00
1.000718236970807196e+00
1.000675797850166138e+00
1.000820306399540227e+00
1.000913508765555626e+00
1.000757067767182429e+00
1.000744504637988586e+00
1.000900913965341088e+00
1.000535966674206856e+00
1.001108086630578820e+00
1.000769434498428589e+00
1.000979377602160048e+00
1.001428871135185750e+00
1.000519738212055643e+00
1.000449246480373144e+00
1.001063711523085376e+00
1.000694488746874278e+00
1.000468276013284585e+00
1.000370790110776120e+00
1.000710815863239844e+00
1.000555184416032750e+00
1.000481027751532137e+00
1.000349203363170458e+00
1.000518773584272658e+00
1.000818314912085505e+00
1.000484838697663470e+00
1.001039882385093005e+00
1.000738414645723884e+00
1.000829768980902257e+00
1.000717220873834634e+00
1.000694561747499600e+00
1.000623515044580580e+00
1.000559799595556187e+00
1.000596471594259240e+00
1.001180533807743744e+00
1.000786490969204356e+00
1.000418214382479354e+00
1.000385005889989465e+00
1.001051334749253119e+00
1.000600160226153612e+00
1.000781476130006231e+00
1.000605615475557597e+00
1.000604096449208669e+00
1.000889643751333047e+00
1.000755182159380308e+00
1.001263330155458764e+00
1.000464827992119554e+00
1.000539567906644667e+00
1.000636732025294018e+00
1.000640698659217342e+00
1.000626647018770576e+00
1.000670741824023713e+00
1.000966405040827567e+00
1.000412160309967824e+00
1.001150558253576905e+00
1.000630837258567052e+00
1.000792103852333081e+00
1.001126537449318121e+00
1.000842977719184734e+00
1.000819209474913984e+00
1.000397747403640958e+00
1.000640723426248213e+00
1.000785099241374931e+00
1.000414134475150485e+00
1.001135303216178052e+00
1.000935589661324565e+00
1.000250570621043611e+00
1.000549397894761716e+00
1.000660542771699468e+00
1.001096726179144136e+00
1.001213425930601586e+00
1.000822778391671886e+00
1.000405259648118106e+00
1.000441337915949358e+00
1.000567042207329616e+00
1.000498297536883019e+00
1.000788787153440218e+00
1.000465274131522531e+00
1.000533114817198754e+00
1.000682747607855694e+00
1.000808442022383282e+00
1.000862687286562913e+00
1.000549916316145538e+00
1.000316209981959137e+00
1.001057860262696275e+00
1.000433052925515431e+00
1.000549004645813644e+00
1.000704737799177124e+00
1.001036361755543336e+00
1.000680311944757150e+00
1.000604392532220110e+00
1.000909197466874678e+00
1.000588963742498505e+00
1.000720734888800534e+00
1.000769722503765502e+00
1.001151320443758763e+00
1.000255872119213185e+00
1.000665009651145354e+00
1.000881893512634013e+00
1.000630770216248688e+00
1.001378994806266132e+00
1.000855645440894559e+00
1.000741692770946933e+00
1.000568199378885526e+00
1.000519145087064077e+00
1.001010366143390673e+00
1.001265766116850031e+00
1.000525206146091639e+00
1.000590982771348392e+00
1.000892286999707670e+00
1.000839592415582846e+00
1.001567484867644353e+00
1.001045707572713273e+00
1.000593080270814728e+00
1.000700481741920944e+00
1.001244720182674630e+00
1.000573026782821229e+00
1.000949214697292922e+00
1.000497260067381378e+00
1.000671725433851966e+00
1.001071647752668214e+00
1.000965097574241014e+00
1.001545858156208890e+00
1.000642942015002035e+00
1.000521030974534487e+00
1.000314867419238363e+00
1.001379347634804295e+00
1.000469447930769418e+00
1.000777725521828643e+00
1.000751939580572625e+00
1.000964546942732625e+00
1.001512973617396662e+00
1.000484880547567013e+00
1.000298981785172403e+00
1.000459692064912254e+00
1.000490290058832832e+00
1.000347154352873691e+00
1.000606826377196112e+00
1.000774701988504267e+00
1.000542869171014093e+00
1.000598438198891049e+00
1.000638435828444139e+00
1.000887407250976135e+00
1.000563211237977201e+00
1.000701184124633381e+00
1.000722224678178396e+00
1.000798824996622871e+00
1.001062132853113296e+00
1.001087085520793396e+00
1.001146193107172566e+00
1.000589303707349442e+00
1.000536232187377195e+00
1.000494105282943913e+00
1.000789510692919215e+00
1.001015037031645738e+00
1.000859683286839052e+00
1.000487402487738819e+00
1.000385716975155992e+00
1.000616919910128466e+00
1.000343425222790072e+00
1.000813349985543832e+00
1.000321861730467665e+00
1.000844901021092692e+00
1.000709755614698881e+00
1.000866906213753849e+00
1.000686410188220909e+00
1.000481593942847081e+00
1.000998643687885270e+00
1.000757061368395595e+00
1.000403257658662337e+00
1.001612646668423201e+00
1.000617520484537781e+00
1.001032046753913773e+00
1.000947646687296855e+00
1.000598813658834185e+00
1.000684038365549533e+00
1.000795733482655603e+00
1.000831167853286852e+00
1.000325898171399830e+00
1.000551367515676970e+00
1.000917595740503652e+00
1.001152018605987681e+00
1.001340829569139945e+00
1.000794149947624945e+00
1.000325569413329951e+00
1.000460301937290408e+00
1.000530267673799933e+00
1.000729608786798952e+00
1.000800036144110949e+00
1.000989918888265606e+00
1.000665592572389739e+00
1.000503314117326514e+00
1.000894322065118969e+00
1.000610820661107514e+00
1.001105811895840692e+00
1.000359412473319942e+00
1.001131432431783264e+00
1.000621884073004342e+00
1.000814614274168513e+00
1.000868910913773613e+00
1.000851960709818744e+00
1.000940876024084547e+00
1.001077707566560893e+00
1.000700385371098289e+00
1.000818447336589756e+00
1.000715814363684952e+00
1.000966173792938063e+00
1.000641448925633670e+00
1.001208359567763218e+00
1.001235474527765845e+00
1.000765759282694178e+00
1.000876370936879978e+00
1.000760120610263426e+00
1.000731819317244309e+00
1.000451203941408185e+00
1.000515876529224579e+00
1.000498909293081384e+00
1.000649539174016889e+00
1.000604781115668196e+00
1.000924776280658346e+00
1.000741398542607019e+00
1.000552087774144949e+00
1.000545391642744475e+00
1.000483076682921801e+00
1.000912615070280731e+00
1.000505168356182528e+00
1.000715310525427171e+00
1.000942830127145022e+00
1.000645123718410190e+00
1.001531408034668225e+00
1.000640755458914066e+00
1.000564329420466470e+00
1.000662489831827040e+00
1.000597156877459426e+00
1.001432692676195391e+00
1.000475371747710840e+00
1.001062896262464141e+00
1.001226384851913176e+00
1.000347167272719995e+00
1.000792585109210098e+00
1.000436820825040707e+00
1.001100791806025070e+00
1.000432512043413436e+00
1.000482771339142651e+00
1.001050785841803403e+00
1.000671074018059992e+00
1.000611972532418958e+00
1.000643233837660961e+00
1.000658845021530352e+00
1.000889738060632972e+00
1.000729552523467403e+00
1.000549943333408631e+00
1.000845207901690737e+00
1.000867878566197300e+00
1.000703400801745024e+00
1.000424198482547045e+00
1.000557801364654109e+00
1.000859288833491068e+00
1.000557828592868237e+00
1.000468108233643960e+00
1.000850192906746150e+00
1.000619713099750285e+00
1.000506683773002781e+00
1.000852638136283890e+00
1.000467488737728061e+00
1.000579149250557798e+00
1.000746260901490770e+00
1.000675330890379078e+00
1.000646103729972758e+00
1.000499372119626917e+00
1.000795915282322923e+00
1.000962464888283554e+00
1.000391863095621892e+00
1.000662954686373451e+00
1.000512965781580776e+00
1.000580382020300085e+00
1.000430840868618887e+00
1.000703484248753217e+00
1.000505653487549607e+00
1.000227993415220729e+00
1.000458461234727148e+00
1.000367111380506380e+00
1.001196839235489744e+00
1.000633765649634022e+00
1.000612665863784834e+00
1.001007634998563711e+00
1.000363957388141989e+00
1.000668138469060553e+00
1.000912983042953730e+00
1.001101025016030155e+00
1.000546169771118654e+00
1.000511821124014711e+00
1.000837725765243214e+00
1.001094967291811022e+00
1.001020245582654455e+00
1.001035546042521984e+00
1.000755285851173904e+00
1.000702264114915696e+00
1.000445473796653495e+00
1.000757854871963781e+00
1.001207396580957365e+00
1.000561226876877319e+00
1.001131897073600951e+00
1.000949708430167284e+00
1.001329636807170687e+00
1.000839197574710182e+00
1.001334743602982025e+00
1.001694537737709112e+00
1.000747638319533728e+00
1.000518202336980078e+00
1.000526946975423437e+00
1.000415822282264111e+00
1.000505828572234135e+00
1.001122530303444336e+00
1.000308599888426686e+00
1.000974131028186553e+00
1.001062562058334882e+00
1.000720425957671633e+00
1.001067053224236281e+00
1.000633718805930217e+00
1.000992507568052137e+00
1.001416782085457369e+00
1.000761681788579605e+00
1.000805525359989456e+00
1.000848250875559620e+00
1.000687451434583597e+00
1.000810446255997466e+00
1.000909650305047860e+00
1.000908164760026642e+00
1.000893473479786522e+00
1.001268204308783716e+00
1.000663831767727663e+00
1.000529629403803522e+00
1.000683377489884007e+00
1.000674538144816550e+00
1.000851292291606853e+00
1.000488043714195197e+00
1.000958654005842163e+00
1.000455954347549969e+00
1.000625489480192476e+00
1.000582962035143852e+00
1.001028032846731142e+00
1.000713705883499394e+00
1.000697327315706264e+00
1.000557598844696416e+00
1.000399750259124643e+00
1.000697389664582992e+00
1.000543020078445089e+00
1.000799144417913622e+00
1.000882774196077074e+00
1.000836842730344900e+00
1.000717821981687905e+00
1.000527480041689010e+00
1.001118750795666257e+00
1.000765684169251601e+00
1.000698851490926966e+00
1.000797121747307949e+00
1.000490755424770839e+00
1.000707822378751555e+00
1.000712764823538770e+00
1.000994974982329477e+00
1.000398901615983105e+00
1.001265783046659807e+00
1.000758630023096618e+00
1.000395784248807152e+00
1.000885853699883477e+00
1.000602875837366179e+00
1.000675112565157177e+00
1.000909974237015998e+00
1.000736551143205144e+00
1.000599594269183656e+00
1.001008108669184438e+00
1.000779642198825981e+00
1.001306389582773626e+00
1.000550243179806342e+00
1.000368299932912874e+00
1.001264646302472139e+00
1.000509798735665923e+00
1.000461978112320960e+00
1.000545378858742396e+00
1.001023305163465826e+00
1.000220083360302548e+00
1.000448192318897922e+00
1.000625318584011048e+00
1.000667349843827658e+00
1.000787587606594586e+00
1.000896316107699358e+00
1.000980076123976215e+00
1.000487189222879492e+00
1.000737870768821924e+00
1.000770493392681315e+00
1.000348482448186749e+00
1.000465931439761258e+00
1.000445851787288509e+00
1.000772510147161842e+00
1.000668960802053142e+00
1.000801052467212626e+00
1.000419815498867937e+00
1.000642351933332952e+00
1.000919802498235978e+00
1.000522916084110925e+00
1.001290641138233406e+00
1.000494449035445266e+00
1.000703288919599698e+00
1.000712221799968438e+00
1.000733166564145016e+00
1.001071221319256077e+00
1.001152506802217790e+00
1.000440976854304997e+00
1.000838140810872190e+00
1.000926748407197087e+00
1.000326007548238527e+00
1.001117717894628889e+00
1.000702863009875099e+00
1.000772097062156085e+00
1.001547519321904334e+00
1.000367781288407754e+00
1.000525216859926791e+00
1.000661444017009183e+00
1.000543587517157329e+00
1.000904192671210335e+00
1.000414037027349545e+00
1.000426960922879305e+00
1.000774259416461032e+00
1.001206231054984075e+00
1.001024060819617922e+00
1.001109155482658553e+00
1.000590541360415031e+00
1.000403906682211685e+00
1.000518807933227006e+00
1.000776029456340810e+00
1.000902659087700597e+00
1.000437078238733957e+00
1.000734729970510939e+00
1.000381245117359930e+00
1.001823499193898348e+00
1.000972852085633802e+00
1.000400613631380775e+00
1.000859117074490490e+00
1.000610331131076114e+00
1.000718684635793609e+00
1.000887040435695541e+00
1.000544702094704919e+00
1.000333719048879466e+00
1.001553110633538024e+00
1.000541783689524733e+00
1.000975610059158027e+00
1.000654308530243730e+00
1.000790992142167157e+00
1.000690966190667996e+00
1.000661380895498720e+00
1.000453260874777817e+00
1.000736787509906689e+00
1.000463865721511247e+00
1.000915932112529161e+00
1.000760576532344626e+00
1.001178817766001261e+00
1.000973234226950837e+00
1.000924111293249874e+00
1.000852755793709914e+00
1.000975816846292998e+00
1.000437843386114078e+00
1.000574271038231267e+00
1.000715943994084034e+00
1.000485864081658294e+00
1.000957013348478641e+00
1.000770310543450448e+00
1.001278015576866132e+00
1.001058218638128938e+00
1.000507523812896871e+00
1.001058050214576944e+00
1.000695677423246277e+00
1.000820277953254012e+00
1.000443706577701874e+00
1.000873099238949626e+00
1.000520454194302689e+00
1.000855481653379453e+00
1.000828756270998987e+00
1.000571587480456381e+00
1.001154021094435409e+00
1.000553943011816882e+00
1.000747097574634203e+00
1.000400781078488288e+00
1.001012828132140209e+00
1.000693477714114765e+00
1.000642128269829234e+00
1.000912469729259291e+00
1.000891025680019419e+00
