1.000223358320211808e+00
1.000008581257305185e+00
1.000395461714479683e+00
1.000149524375698595e+00
1.000078906600912809e+00
1.000171362475144266e+00
1.000050555695063625e+00
1.000210191630799939e+00
1.000285134467432391e+00
1.000165985038752980e+00
1.000015708125145286e+00
1.000185378309375706e+00
1.000152578297510697e+00
1.000225679481566488e+00
1.000160919395102210e+00
1.000121239366367876e+00
1.000151048043048885e+00
1.000265071090040037e+00
1.000052342881268874e+00
1.000173930660555488e+00
1.000033607490158571e+00
1.000174224976502435e+00
1.000088074570982144e+00
1.000140528078623525e+00
1.000065578727088234e+00
1.000088587867517642e+00
1.000206418159051314e+00
1.000326960519014152e+00
1.000160660606397744e+00
1.000024505654092621e+00
1.000069706063528185e+00
1.000117406318862479e+00
1.000024699272602735e+00
1.000066273899285596e+00
1.000115012485642163e+00
1.000140239032274225e+00
1.000332674466650973e+00
1.000122176096114535e+00
1.000296769384284135e+00
1.000028549395720168e+00
1.000332646622424715e+00
1.000586798751400108e+00
1.000145803517908716e+00
1.000327102086264075e+00
1.000007444728104211e+00
1.000141319487001468e+00
1.000111935836206944e+00
1.000034756308858075e+00
1.000038663593252997e+00
1.000049816686198856e+00
1.000123500330446058e+00
1.000185982450212840e+00
1.000244781998944621e+00
1.000110272588733640e+00
1.000295818718750951e+00
1.000034626213311739e+00
1.000154301361495968e+00
1.000205076451884167e+00
1.000124559951006020e+00
1.000030341657823563e+00
1.000150956108792233e+00
1.000118109846795056e+00
1.000114451140506455e+00
1.000310487240567925e+00
1.000063370159533616e+00
1.000120452182702513e+00
1.000125811486227034e+00
1.000421543380405565e+00
1.000058199241833812e+00
1.000128653468354889e+00
1.000054613583720720e+00
1.000035236730830723e+00
1.000127348461321564e+00
1.000125762414417974e+00
1.000165539881744836e+00
1.000124598465365722e+00
1.000058863386555696e+00
1.000557542703064851e+00
1.000117823473467560e+00
1.000096234483248248e+00
1.000140810335710340e+00
1.000057571649170862e+00
1.000030320434002418e+00
1.000085688667312622e+00
1.000375794279512842e+00
1.000010190970519908e+00
1.000041180713224787e+00
1.000094586138091435e+00
1.000090002903289754e+00
1.000126315634931817e+00
1.000079944507490826e+00
1.000052032375933431e+00
1.000177455084918732e+00
1.000081315085460165e+00
1.000127402086991246e+00
1.000161007762037313e+00
1.000436991596119762e+00
1.000282846177893425e+00
1.000014388407563626e+00
1.000058588458980546e+00
1.000304333176857963e+00
1.000061481972593258e+00
1.000084984704880275e+00
1.000142630620981299e+00
1.000046916736874625e+00
1.000195939119246535e+00
1.000647225619379910e+00
1.000219834823951270e+00
1.000287272341368494e+00
1.000031777641151143e+00
1.000407244553482622e+00
1.000175315400575471e+00
1.000070438136132500e+00
1.000291974197729417e+00
1.000146557343206899e+00
1.000019076951591090e+00
1.000184295235077014e+00
1.000069214723980693e+00
1.000280586811326922e+00
1.000166441341705292e+00
1.000158958783212704e+00
1.000044992593270621e+00
1.000292227380451537e+00
1.000120482064006611e+00
1.000478420908404553e+00
1.000083215615535481e+00
1.000130636038734755e+00
1.000514872705349445e+00
1.000298557579240022e+00
1.000363233210223468e+00
1.000089436383021946e+00
1.000077167953494106e+00
1.000094419708353888e+00
1.000050541048097319e+00
1.000059006914648663e+00
1.000204718138847593e+00
1.000463699275500939e+00
1.000046406813788202e+00
1.000202332138320882e+00
1.000403402129276254e+00
1.000320420544796862e+00
1.000017399845588573e+00
1.000354227425350739e+00
1.000467173741406812e+00
1.000011059670528279e+00
1.000424097525693723e+00
1.000018298512070913e+00
1.000081279620482988e+00
1.000041490757635598e+00
1.000343567032301983e+00
1.000335777151708294e+00
1.000257175791892328e+00
1.000062371326272626e+00
1.000114436634504056e+00
1.000093011028921897e+00
1.000180772350506508e+00
1.000389928036589549e+00
1.000107682337504578e+00
1.000245783189037008e+00
1.000047006410125228e+00
1.000210189538121242e+00
1.000074547583436946e+00
1.000125626747143004e+00
1.000019106306726746e+00
1.000207931835944031e+00
1.000174940132499302e+00
1.000102641561539496e+00
1.000307282511842866e+00
1.000275786555944846e+00
1.000413706823062299e+00
1.000104670693166664e+00
1.000162979710620625e+00
1.000203485655908553e+00
1.000176107852441598e+00
1.000133216731932784e+00
1.000012089522179126e+00
1.000112622607199464e+00
1.000072200316525439e+00
1.000313055600521306e+00
1.000114085137631781e+00
1.000427245656715147e+00
1.000016448287198489e+00
1.000204084240222002e+00
1.000190067843628183e+00
1.000465600834204549e+00
1.000094398937913631e+00
1.000140847652083886e+00
1.000108995159215475e+00
1.000536516258573982e+00
1.000151637348016820e+00
1.000163485895327442e+00
1.000087520445428924e+00
1.000277741577771495e+00
1.000048742454149764e+00
1.000271459000004581e+00
1.000408609147229066e+00
1.000180810831024170e+00
1.000098457422454956e+00
1.000093054756151734e+00
1.000036891606884915e+00
1.000159941983428613e+00
1.000085819841174173e+00
1.000240172379205150e+00
1.000028422400447203e+00
1.000150247424636873e+00
1.000682818045885547e+00
1.000038152566961713e+00
1.000103171808393254e+00
1.000083183614778326e+00
1.000062364039149942e+00
1.000082236052120432e+00
1.000063804182728777e+00
1.000168649497113149e+00
1.000153454959540111e+00
1.000092592258118751e+00
1.000102813410704172e+00
1.000162018021615529e+00
1.000077550301313734e+00
1.000433856256361720e+00
1.000073995716005859e+00
1.000112066111039644e+00
1.000041247499234176e+00
1.000213131913499476e+00
1.000154423294992823e+00
1.000213854674049330e+00
1.000096992211586544e+00
1.000245661682962917e+00
1.000019161880183471e+00
1.000198328949851501e+00
1.000065784920762368e+00
1.000175042285887272e+00
1.000182745883872348e+00
1.000054311585536704e+00
1.000083944127511115e+00
1.000055944275184849e+00
1.000186630119492825e+00
1.000116400086725088e+00
1.000046128063213580e+00
1.000336895796108516e+00
1.000054472201056699e+00
1.000112626162341645e+00
1.000167605559089123e+00
1.000038223117789782e+00
1.000150735067571350e+00
1.000243500748798420e+00
1.000081536709484853e+00
1.000402068767404673e+00
1.000063044281800595e+00
1.000196010677739000e+00
1.000051936629062554e+00
1.001307670708248443e+00
1.000184186098523664e+00
1.000113613505494659e+00
1.000135982244054311e+00
1.000192258604344797e+00
1.000336505658437680e+00
1.000190243792386191e+00
1.000294355524408374e+00
1.000140552093000013e+00
1.000047224444967409e+00
1.000006596405687009e+00
1.000016518354233330e+00
1.000270576558955904e+00
1.000047021495213961e+00
1.000166484075060369e+00
1.000078948925916977e+00
1.000090044680438606e+00
1.000147968372124385e+00
1.000298286744842002e+00
1.000226073414208328e+00
1.000217732320769715e+00
1.000313307407326713e+00
1.000186297554035209e+00
1.000088033857265968e+00
1.000194442272393180e+00
1.000527367186189176e+00
1.000112191358906610e+00
1.000091949371091582e+00
1.000129743529075244e+00
1.000494984724585645e+00
1.000201681016505084e+00
1.000077515195760602e+00
1.000058446342971141e+00
1.000068836754460344e+00
1.000134474534849716e+00
1.000083612610642270e+00
1.000085635615020063e+00
1.000040346941972080e+00
1.000066079778813899e+00
1.000232478004726255e+00
1.000148569430616696e+00
1.000061838363094369e+00
1.000126305168292706e+00
1.000376086249395113e+00
1.000034719010010065e+00
1.000034973774285518e+00
1.000112278127049947e+00
1.000010903967900600e+00
1.000102674683079229e+00
1.000071205168088007e+00
1.000135069174395319e+00
1.000370499078689468e+00
1.000567946594454805e+00
1.000248432211204186e+00
1.000299429255841144e+00
1.000095733267398979e+00
1.000341598811330224e+00
1.000092191589748269e+00
1.000405671481259695e+00
1.000061979469910378e+00
1.000556045110005288e+00
1.000146296712450589e+00
1.000321890276150816e+00
1.000137686314309882e+00
1.000285324689417887e+00
1.000217011204002748e+00
1.000110777479535695e+00
1.000106804799523630e+00
1.000424152815274415e+00
1.000340590388990814e+00
1.000066060978239690e+00
1.000129011384205846e+00
1.000192325658663783e+00
1.000035096177662286e+00
1.000062691213788213e+00
1.000405355778852146e+00
1.000290673178903189e+00
1.000132076816518500e+00
1.000182304274495948e+00
1.000226937895599022e+00
1.000069611406285919e+00
1.000490709450009064e+00
1.000175929242154371e+00
1.000027220383999493e+00
1.000354822869365057e+00
1.000057371068863832e+00
1.000063108340266016e+00
1.000085437774412389e+00
1.000324322801104726e+00
1.000052756538191590e+00
1.000215019365860547e+00
1.000326609558322088e+00
1.000313081746232458e+00
1.000275238964182911e+00
1.000402152129559852e+00
1.000106939464242339e+00
1.000098297409102166e+00
1.000211989479085739e+00
1.000167046251756897e+00
1.000110580261220461e+00
1.000208720580497257e+00
1.000040873372752159e+00
1.000236346996242087e+00
1.000035013747373025e+00
1.000229637007921335e+00
1.000182602673432175e+00
1.000042885012096372e+00
1.000105485140964312e+00
1.000103094715578456e+00
1.000070946541740780e+00
1.000169720040501531e+00
1.000076760825312716e+00
1.000462726493801524e+00
1.000155756721442524e+00
1.000213876796035795e+00
1.000136477530382262e+00
1.000310521029386557e+00
1.000127149681906635e+00
1.000026788175470527e+00
1.000561798514890244e+00
1.000289176863431218e+00
1.000248568561952212e+00
1.000532272131302358e+00
1.000148199653903225e+00
1.000010922233998567e+00
1.000305300854114510e+00
1.000099685148402306e+00
1.000138217488491410e+00
1.000018585108710001e+00
1.000098763551796832e+00
1.000390290427437989e+00
1.000261275687393647e+00
1.000112722000629173e+00
1.000342044182731982e+00
1.000139780557069313e+00
1.000249269889806891e+00
1.000059545570533226e+00
1.000168617648495628e+00
1.000627643068859651e+00
1.000061497068388316e+00
1.000098288455828710e+00
1.000174781961585158e+00
1.000196149547106561e+00
1.000086782774376459e+00
1.000500077331751836e+00
1.000092270511187653e+00
1.000173522114416791e+00
1.000102009518296864e+00
1.000067640395083224e+00
1.000241174319828508e+00
1.000298372951702097e+00
1.000154249667797757e+00
1.000030178584230933e+00
1.000058117726603912e+00
1.000025725109185526e+00
1.000172214010838001e+00
1.000210502948872371e+00
1.000125692278436729e+00
1.000308955336042915e+00
1.000260713360405118e+00
1.000034430984156897e+00
1.000048294391016057e+00
1.000263728831611409e+00
1.000047573332233819e+00
1.000127421017927398e+00
1.000165243678043492e+00
1.000078807667312386e+00
1.000181917925900610e+00
1.000182519326493047e+00
1.000063260500096085e+00
1.000126165893269858e+00
1.000089451607107049e+00
1.000108511873665451e+00
1.000501435359132385e+00
1.000405967487354442e+00
1.000332754685679726e+00
1.000033946335159296e+00
1.000039189825798092e+00
1.000147719771590893e+00
1.000118753838728614e+00
1.000176284448875519e+00
1.000045197180726486e+00
1.000091540067033380e+00
1.000075204186056999e+00
1.000068722247470232e+00
1.000163706267186425e+00
1.000017345437548055e+00
1.000115683610584227e+00
1.000091570406353991e+00
1.000028066780321190e+00
1.000153854947062992e+00
1.000107658429916668e+00
1.000035522001161858e+00
1.000154605630683147e+00
1.000216625429760864e+00
1.000123207495967614e+00
1.000027263398442390e+00
1.000070204631316351e+00
1.000156967243666761e+00
1.000278115455804917e+00
1.000103912354660229e+00
1.000180383637442993e+00
1.000279897958824105e+00
1.000074360006740326e+00
1.000140106538122131e+00
1.000125901641344184e+00
1.000064815675914653e+00
1.000126690832246368e+00
1.000065570979357554e+00
1.000159359850505636e+00
1.000228024551505834e+00
1.000279071162927913e+00
1.000185027614215016e+00
1.000104304861602955e+00
1.000119352410422824e+00
1.000079141291162488e+00
1.000091825669404466e+00
1.000078013695333112e+00
1.000200739756118118e+00
1.000055130510907109e+00
1.000025221424578392e+00
1.000134557093451226e+00
1.000074689051429155e+00
1.000066365875116103e+00
1.000083007124443757e+00
1.000137947411200212e+00
1.000366013054904357e+00
1.000041547991843194e+00
1.000406664345517171e+00
1.000138003879131654e+00
1.000665180528491849e+00
1.000022739403626959e+00
1.000408438963622526e+00
1.000259266964344640e+00
1.000120249537441053e+00
1.000183248633028876e+00
1.000312784273106770e+00
1.000132000873688698e+00
1.000060767884795920e+00
1.000188129041488683e+00
1.000308584150000568e+00
1.000127771983134295e+00
1.000031585219753216e+00
1.000028132717964535e+00
1.000082060897094838e+00
1.000178743507399437e+00
1.000341464589951990e+00
1.000114783948351072e+00
1.000087151261824570e+00
1.000074799311947871e+00
1.000410704036697407e+00
1.000110351731996472e+00
1.000128400589654687e+00
1.000172014406575327e+00
1.000052113833472811e+00
1.000235888778508997e+00
1.000091880015618884e+00
1.000086339202125973e+00
1.000067212074389644e+00
1.000260377914014898e+00
1.000115385016268066e+00
1.000092718956279381e+00
1.000379995395525023e+00
1.000073614493604435e+00
1.000385853375185041e+00
1.000315614376801054e+00
1.000110217751162711e+00
1.000097491422040630e+00
1.000167384746485588e+00
1.000051490550624367e+00
1.000113778777325546e+00
1.000059864391559694e+00
1.000142251912650826e+00
1.000273644612743151e+00
1.000608851050232895e+00
1.000070215175004273e+00
1.000226098971837008e+00
1.000073209801998653e+00
1.000172401507165354e+00
1.000042312601360450e+00
1.000062228915994833e+00
1.000213815242828375e+00
1.000125588234220375e+00
1.000106523209813414e+00
1.000204426289101223e+00
1.000252731155475638e+00
1.000154107380658797e+00
1.000392199050824660e+00
1.000488622272221351e+00
1.000440024065314182e+00
1.000142632691257694e+00
1.000138659548727604e+00
1.000047656938792828e+00
1.000080188974708184e+00
1.000335180131595836e+00
1.000134943957065703e+00
1.000142381423235305e+00
1.000016317304702307e+00
1.000049339724347730e+00
1.000231456205281200e+00
1.000094396038788913e+00
1.000047156124195258e+00
1.000059850577294851e+00
1.000266448761614635e+00
1.000136780622654875e+00
1.000027560237393587e+00
1.000215179544078348e+00
1.000062216469024046e+00
1.000378129999445420e+00
1.000067911886834970e+00
1.000069939223840576e+00
1.000334301646928825e+00
1.000503196361378189e+00
1.000155047949948584e+00
1.000119106823262216e+00
1.000211541483454925e+00
1.000457747492069505e+00
1.000141356931860459e+00
1.000220238284314611e+00
1.000086705687130317e+00
1.000107314495473521e+00
1.000026723167766862e+00
1.000247897633597560e+00
1.000212633048655597e+00
1.000446852850729096e+00
1.000080402187591311e+00
1.000218845831439163e+00
1.000077415316398266e+00
1.000126796958749731e+00
1.000352295670148273e+00
1.000044549954211659e+00
1.000282477613830157e+00
1.000127811056614302e+00
1.000141756137540083e+00
1.000047927513149970e+00
1.000164936145204519e+00
1.000029710474084066e+00
1.000242894585167353e+00
1.000107610815828663e+00
1.000064636878889468e+00
1.000035021044276107e+00
1.000299180549527822e+00
1.000034224135542438e+00
1.000073786726751068e+00
1.000042651736452237e+00
1.000392241897713141e+00
1.000205171322523068e+00
1.000133808704891436e+00
1.000084484838400734e+00
1.000067896027265091e+00
1.000032230326238336e+00
1.000189863373646570e+00
1.000206971446063742e+00
1.000195817117894181e+00
1.000082177985903265e+00
1.000089857133312554e+00
1.000044176800332973e+00
1.000286601794927677e+00
1.000029696838918847e+00
1.000117869475671828e+00
1.000035506967263510e+00
1.000087638051723848e+00
1.000084591534415868e+00
1.000048576171019610e+00
1.000046018467899200e+00
1.000020740567016952e+00
1.000109556792231569e+00
1.000394726120472422e+00
1.000171503921928329e+00
1.000037963279855058e+00
1.000016771292645990e+00
1.000051980595322298e+00
1.000525252986981695e+00
1.000379677642052823e+00
1.000077618172430016e+00
1.000282334444028587e+00
1.000111395259100533e+00
1.000373942631728852e+00
1.000046521006611178e+00
1.000442196894368418e+00
1.000281976940573303e+00
1.000334860685530014e+00
1.000261040488468645e+00
1.000304043621812466e+00
1.000071867530416991e+00
1.000167541968400187e+00
1.000054245273173326e+00
1.000167559327691302e+00
1.000244391919630660e+00
1.000044362277528354e+00
1.000136818734809196e+00
1.000271113476268070e+00
1.000179624149998281e+00
1.000198607110898807e+00
1.000005297434995333e+00
1.000029583186795579e+00
1.000004100592868372e+00
1.000109938866809545e+00
1.000102457797082511e+00
1.000031363437955401e+00
1.000177951132914744e+00
1.000146617419207740e+00
1.000094529174135660e+00
1.000100878278951999e+00
1.000056621857241312e+00
1.000063195971273355e+00
1.000044874528888572e+00
1.000225291272712758e+00
1.000011608274076647e+00
1.000193946932853128e+00
1.000093178914382763e+00
1.000064224140396307e+00
1.000094033438155172e+00
1.000201772638876108e+00
1.000048185382454768e+00
1.000138649992613260e+00
1.000227500496371658e+00
1.000044164315136763e+00
1.000138501663742074e+00
1.000089440982239397e+00
1.000105250284395453e+00
1.000081926223609585e+00
1.000098413817053222e+00
1.000125468269826845e+00
1.000097283400399606e+00
1.000172912122959223e+00
1.000164604594085960e+00
1.000043997390127171e+00
1.000088809630651721e+00
1.000077188970660336e+00
1.000058736162788176e+00
1.000191377801914472e+00
1.000072300099753342e+00
1.000338138521871256e+00
1.000163869126769800e+00
1.000215445148518789e+00
1.000113796422135382e+00
1.000111668790872654e+00
1.000096559147608755e+00
1.000138010484289852e+00
1.000303686582011631e+00
1.000017341646765034e+00
1.000183154596855362e+00
1.000120452992252273e+00
1.000211236114153079e+00
1.000366784958581778e+00
1.000050726165905957e+00
1.000138282536405798e+00
1.000058963820003699e+00
1.000134741956684170e+00
1.000063027930708559e+00
1.000045550719593335e+00
1.000150757227895371e+00
1.000121125163902613e+00
1.000077273141130263e+00
1.000129689164747981e+00
1.000084612220900615e+00
1.000208948608920956e+00
1.000137532557789033e+00
1.000281648306816207e+00
1.000102590395776092e+00
1.000417771179683113e+00
1.000182058942981067e+00
1.000138184158803289e+00
1.000260585110322564e+00
1.000210826430055100e+00
1.000150743772525441e+00
1.000047832006654369e+00
1.000140143289089290e+00
1.000096838733790738e+00
1.000264249503598490e+00
1.000070301323025657e+00
1.000057952853830257e+00
1.000157597453234182e+00
1.000129855906954912e+00
1.000034942109084390e+00
1.000063971943528696e+00
1.000010055881159321e+00
1.000187782815708859e+00
1.000393014884778609e+00
1.000064637729696448e+00
1.000099433362652723e+00
1.000056459564026667e+00
1.000021259612711599e+00
1.000528585211859056e+00
1.000141541887129559e+00
1.000250649770142664e+00
1.000429730511900761e+00
1.000122721100447087e+00
1.000033550693869122e+00
1.000024797173671764e+00
1.000360703001372809e+00
1.000106480716278501e+00
1.000126794778712691e+00
1.000043289101280264e+00
1.000111222149284940e+00
1.000057859243581593e+00
1.000079212920754301e+00
1.000118762583486642e+00
1.000089447139556942e+00
1.000220893057194527e+00
1.000030455362537429e+00
1.000204590469245369e+00
1.000049939875947702e+00
1.000211129628773010e+00
1.000076181332550496e+00
1.000061800066381679e+00
1.000314304448188585e+00
1.000035363060829185e+00
1.000076611472217492e+00
1.000135450618304223e+00
1.000158821822370037e+00
1.000243120562764210e+00
1.000376972120228913e+00
1.000080678493949771e+00
1.000123068175645225e+00
1.000045155112897044e+00
1.000176864865992332e+00
1.000078294026126580e+00
1.000146861546138632e+00
1.000110468117181295e+00
1.000146451152678528e+00
1.000178025631841328e+00
1.000182510754394682e+00
1.000070366746288686e+00
1.000265656987277207e+00
1.000118274577057598e+00
1.000095901404885579e+00
1.000304522502057925e+00
1.000248995237325023e+00
1.000123403645780673e+00
1.000364667047758171e+00
1.000138238113137623e+00
1.000332887912322111e+00
1.000187195986994793e+00
1.000382119035840178e+00
1.000025784974666543e+00
1.000367782909570513e+00
1.000257595693272883e+00
1.000009618883650475e+00
1.000192618173797232e+00
1.000133041794171618e+00
1.000212231660690509e+00
1.000025819353183021e+00
1.000059429013437473e+00
1.000059142496915188e+00
1.000092384915404198e+00
1.000279337564452087e+00
1.000199606871235991e+00
1.000243701721164502e+00
1.000180391215427456e+00
1.000268953309942255e+00
1.000151124977144645e+00
1.000098670982486393e+00
1.000394684632790687e+00
1.000165519535985315e+00
1.000229471873706810e+00
1.000071007452452809e+00
1.000175490737731598e+00
1.000239583103589514e+00
1.000047981178431078e+00
1.000329646865789179e+00
1.000171426306667666e+00
1.000119143196686933e+00
1.000220491057434824e+00
1.000337194867706447e+00
1.000344284413729579e+00
1.000295719926711513e+00
1.000051170686542923e+00
1.000153442783181967e+00
1.000534213347635593e+00
1.000193020295113699e+00
1.000175924703318842e+00
1.000084882126733854e+00
1.000017725080955655e+00
1.000097476408701835e+00
1.000110460632710474e+00
1.000210856725434194e+00
1.000110024299744937e+00
1.000033674648077131e+00
1.000232810679509532e+00
1.000158948848303142e+00
1.000178914496289151e+00
1.000085852479591919e+00
1.000219365247227765e+00
1.000149005604415331e+00
1.000059393625255755e+00
1.000127767343986118e+00
1.000097100040223230e+00
1.000034727138321422e+00
1.000178593106006097e+00
1.000058431688703120e+00
1.000060791599262755e+00
1.000176035800694807e+00
1.000037475157583566e+00
1.000161343716081674e+00
1.000301380600232992e+00
1.000083637300805073e+00
1.000415591407178395e+00
1.000112788280161036e+00
1.000054455094659289e+00
1.000070534018504320e+00
1.000101987546966331e+00
1.000064446035718868e+00
1.000047517660429541e+00
1.000097045938425522e+00
1.000243664209210737e+00
1.000532459318650647e+00
1.000099803463292192e+00
1.000056060478536679e+00
1.000075929649118178e+00
1.000349882559665282e+00
1.000066136021918961e+00
1.000152832552223536e+00
1.000106355625122623e+00
1.000135192145121588e+00
1.000288122508715238e+00
1.000362043400983225e+00
1.000318552545031769e+00
1.000100003017386774e+00
1.000364990891201566e+00
1.000484406109237501e+00
1.000118346489394572e+00
1.000235776262385468e+00
1.000082038079268543e+00
1.000060278848767803e+00
1.000017075084817852e+00
1.000057136663196511e+00
1.000125457748511915e+00
1.000069778530188636e+00
1.000235609779892565e+00
1.000224333355901774e+00
1.000218483330624020e+00
1.000359390339616628e+00
1.000311040602722690e+00
1.000122774821219584e+00
1.000197318550053671e+00
1.000152448161515828e+00
1.000014290732973654e+00
1.000046381951494201e+00
1.000102082481277632e+00
1.000362717410226976e+00
1.000212521414975075e+00
1.000345572038075614e+00
1.000117236184290270e+00
1.000022486925056020e+00
1.000151305652828837e+00
1.000242752136637492e+00
1.000183784707238122e+00
1.000112034614520473e+00
1.000239947037276478e+00
1.000022197509170985e+00
1.000188183295161348e+00
1.000066627977470590e+00
1.000230927959325333e+00
1.000178153263439729e+00
1.000040502430033174e+00
1.000139146036285176e+00
1.000192404234269139e+00
1.000029962911460180e+00
1.000157808458437936e+00
1.000078758821560720e+00
1.000121687060692599e+00
1.000080643478705067e+00
1.000045316940641804e+00
1.000283353355116089e+00
1.000021873679150630e+00
1.000060723160741460e+00
1.000512115421195780e+00
1.000472833668913042e+00
1.000129693720802182e+00
1.000096104923061668e+00
1.000108875343012516e+00
1.000145275552380530e+00
1.000382250585905464e+00
1.000104898090075300e+00
1.000048284692148348e+00
1.000196472827913130e+00
1.000039395408317100e+00
1.000215473651842490e+00
1.000084987664913161e+00
1.000638732114986107e+00
1.000148625122361912e+00
1.000375815275445612e+00
1.000133583400128368e+00
1.000194940638657215e+00
1.000227287765185658e+00
1.000062788390955193e+00
1.000281473789756737e+00
1.000146291395192177e+00
1.000119451024256367e+00
1.000112746098171357e+00
1.000051265593889127e+00
1.000030859947368622e+00
1.000656863387435536e+00
1.000210352358872790e+00
1.000068648918179814e+00
1.000127557212377338e+00
1.000143220610835826e+00
1.000331845841839318e+00
1.000184659953381905e+00
1.000278003292780937e+00
1.000085373213799089e+00
1.000054586084102803e+00
1.000388257572010220e+00
1.000033749459891874e+00
1.000065312045238297e+00
1.000060345975792853e+00
1.000311693980294958e+00
1.000111728637432584e+00
1.000078597654739276e+00
1.000071376804065437e+00
1.000161424122892662e+00
1.000206191762192276e+00
1.000089449234772943e+00
1.000030157151239552e+00
1.000194585486193333e+00
1.000118714188935609e+00
1.000409822346602917e+00
1.000051175164872186e+00
1.000015819983991694e+00
1.000172614954747630e+00
1.000495451898388399e+00
1.000288027001966062e+00
1.000244274437887437e+00
1.000051468038701818e+00
1.000202833610136288e+00
1.000164205058666766e+00
1.000057910557405894e+00
1.000104702341580110e+00
1.000078575827350269e+00
1.000222415090146866e+00
1.000252442485483284e+00
1.000397003699277976e+00
1.000120409960954637e+00
1.000152080130029653e+00
1.000094900132781905e+00
1.000074955734525872e+00
1.000065702105350285e+00
1.000182666110558394e+00
1.000223782756463509e+00
1.000186664093544620e+00
1.000066658355753590e+00
1.000050884004815233e+00
1.000343548886764689e+00
1.000319777919353337e+00
1.000100103733067458e+00
1.000083028849918509e+00
1.000024004493757390e+00
1.000150600503583620e+00
