1.000456527866116829e+00
1.000282617176764921e+00
1.000324478992432820e+00
1.000396458761507512e+00
1.000651799429691291e+00
1.000511247887710065e+00
1.000521238360416065e+00
1.000282055867442788e+00
1.000423469560619560e+00
1.000542091962493441e+00
1.000308304286919414e+00
1.000318538774213062e+00
1.000307025009502304e+00
1.000599716304371833e+00
1.000311642089369180e+00
1.000259947851045439e+00
1.000327220280583740e+00
1.000437648210274588e+00
1.000368752955884011e+00
1.000447310207395191e+00
1.000439202386537829e+00
1.000235525534435510e+00
1.000350944189336788e+00
1.000232030663418481e+00
1.000351912266911114e+00
1.000533916912909493e+00
1.000260915424637798e+00
1.000346207917047092e+00
1.000378712676551540e+00
1.000372770401675604e+00
1.000254252683779210e+00
1.000342408150982854e+00
1.000344597388001189e+00
1.000646908236697108e+00
1.000246399945083020e+00
1.000214444878473108e+00
1.000475353259751454e+00
1.000465488248924562e+00
1.000204595000113494e+00
1.000468720771723774e+00
1.000357585643563363e+00
1.000372753899489098e+00
1.000398993638293765e+00
1.000277295131187572e+00
1.000434875421469583e+00
1.000269199791989250e+00
1.000217232543705537e+00
1.000318958653602541e+00
1.000244706359687541e+00
1.000673163930150711e+00
1.000321778995314714e+00
1.000211698823309625e+00
1.000408721179846694e+00
1.000654332684944414e+00
1.000345435363692470e+00
1.000475962366059735e+00
1.000234907650976668e+00
1.000366611580546516e+00
1.000115799551418938e+00
1.000515074706745056e+00
1.000384560683360791e+00
1.000395444383308963e+00
1.000402606635697467e+00
1.000321013299850570e+00
1.000233145395512668e+00
1.000502477557601688e+00
1.000302416781933657e+00
1.000211218655472356e+00
1.000326416126657403e+00
1.000512617569097262e+00
1.000719870204953343e+00
1.000507017713119673e+00
1.000380666475965796e+00
1.000492566141012452e+00
1.000267811697300946e+00
1.000494747581320620e+00
1.000576317988076225e+00
1.000492732850991606e+00
1.000245033860515775e+00
1.000271629583034061e+00
1.000196664882793351e+00
1.000688216901761241e+00
1.000781611927506587e+00
1.000226625756627907e+00
1.000371113641801424e+00
1.000315383699270422e+00
1.000483256656915954e+00
1.000243146229003566e+00
1.000183100688651905e+00
1.000330000884188886e+00
1.000412650669730175e+00
1.000137098132866331e+00
1.000451628162133622e+00
1.000421969260491428e+00
1.000368420693281246e+00
1.000405410908615789e+00
1.000239516407148699e+00
1.000386487579761896e+00
1.000163157368206601e+00
1.000999587478815789e+00
1.000359889112583778e+00
1.000248978193779781e+00
1.000257063198143337e+00
1.000419151937305129e+00
1.000810478943024329e+00
1.000357844949648189e+00
1.000356546569114435e+00
1.000245415135991189e+00
1.000778300024985024e+00
1.000575333662257371e+00
1.000386700967357934e+00
1.000292653925450415e+00
1.000234323599821451e+00
1.000188825406947091e+00
1.000273874720543077e+00
1.000370370184662461e+00
1.000450299425173162e+00
1.000368371572116333e+00
1.000164631095990853e+00
1.000371159204957783e+00
1.000337379312066677e+00
1.000403935585189918e+00
1.000178432448351806e+00
1.000473514298647615e+00
1.000286742047644672e+00
1.000314161563862880e+00
1.000428421565958681e+00
1.000397983768081867e+00
1.000358041628613970e+00
1.000545984504427999e+00
1.000438473640137271e+00
1.000410896745950629e+00
1.000514391919239410e+00
1.000301227143524763e+00
1.000716030139499058e+00
1.000374294745955073e+00
1.000246366399280440e+00
1.000275123853079817e+00
1.000167858790763198e+00
1.000215858085358622e+00
1.000239978053394596e+00
1.000287876014325672e+00
1.000262547067847230e+00
1.000267764249713753e+00
1.000657924195757165e+00
1.000224371045409955e+00
1.000429922652952053e+00
1.000259386557778241e+00
1.000398832186693010e+00
1.000312789945834613e+00
1.000309901504149446e+00
1.000493335856220467e+00
1.000484583364160907e+00
1.000725060419157542e+00
1.000181738694785549e+00
1.000807308829221531e+00
1.000260108031206130e+00
1.000616731189488462e+00
1.000531537876317101e+00
1.000513274419626120e+00
1.000599739184589776e+00
1.000299334766739934e+00
1.000306369742486545e+00
1.000387074727111969e+00
1.000409181992720331e+00
1.000343626252785834e+00
1.000690613079856517e+00
1.000731560873139969e+00
1.000394670780901940e+00
1.000330903242750313e+00
1.000265936516901766e+00
1.000361808542234110e+00
1.000218940041658566e+00
1.000192251194242044e+00
1.000490450164088330e+00
1.000277856835428025e+00
1.000235863505178902e+00
1.000467923484784860e+00
1.000546482644456336e+00
1.000328582331057481e+00
1.000434035710532354e+00
1.000307019404464759e+00
1.000408907574183104e+00
1.000365182663874197e+00
1.000462201929112060e+00
1.000400889345087307e+00
1.000321496070798233e+00
1.000074807778477126e+00
1.000422825517214731e+00
1.000357484921740481e+00
1.000290604438021980e+00
1.000327022427356827e+00
1.000412107066996681e+00
1.000451175468936471e+00
1.000214909130356711e+00
1.000347762574505861e+00
1.000811865243329990e+00
1.000333127010801348e+00
1.000259524834850033e+00
1.000389581721004673e+00
1.000617886297164416e+00
1.000392623584124063e+00
1.000190680458241221e+00
1.000403572311567624e+00
1.000418156263669145e+00
1.000272380697312613e+00
1.000560679839934686e+00
1.000395704364560157e+00
1.000774257478001639e+00
1.000516378747566826e+00
1.000607388927345021e+00
1.000605804591961689e+00
1.000193833554337441e+00
1.000412707260718070e+00
1.000261949898480607e+00
1.000490097048274629e+00
1.000771471343361085e+00
1.000850877574426478e+00
1.000573975074708466e+00
1.000382806041968831e+00
1.000478671301860967e+00
1.000456680437674217e+00
1.000389201327134492e+00
1.000227405070714948e+00
1.000693158443931363e+00
1.000228119921348968e+00
1.000381252089739048e+00
1.000263766639850394e+00
1.000597900942790774e+00
1.000313751653076899e+00
1.000379359425576098e+00
1.000636922172586596e+00
1.000251673935843355e+00
1.000449316355357832e+00
1.000220704506368019e+00
1.000432934011253661e+00
1.000338431708949205e+00
1.000312610879668496e+00
1.000307566886609933e+00
1.000358587022752710e+00
1.000486998117344095e+00
1.000214026633097442e+00
1.000550130199205245e+00
1.000332285591057691e+00
1.000248431915391034e+00
1.000271793582159674e+00
1.000407986686518313e+00
1.000540526411215048e+00
1.000242984012489122e+00
1.000241796201729372e+00
1.000318727732262714e+00
1.000569116081046372e+00
1.000232773419889920e+00
1.000360889681261467e+00
1.000248545734486738e+00
1.000447211996743357e+00
1.000428844083804059e+00
1.000456630120626134e+00
1.000304561018173999e+00
1.000302959425076521e+00
1.000363791550048953e+00
1.000580575184407905e+00
1.000377616362995159e+00
1.000384806115121705e+00
1.000454678274360409e+00
1.000510312076046349e+00
1.000569329362060778e+00
1.000491872949168970e+00
1.000210781319956110e+00
1.000313318850278188e+00
1.000160413990584862e+00
1.000578243086334806e+00
1.000293180507599855e+00
1.000367019290168802e+00
1.000376402280592991e+00
1.000601408686609739e+00
1.000303963357851655e+00
1.000930742013015351e+00
1.000336659708846998e+00
1.000547926411618604e+00
1.000380721544103846e+00
1.000739542049285058e+00
1.000452830339731536e+00
1.000484819844181139e+00
1.000364989159182594e+00
1.000435597049629033e+00
1.000286765536126721e+00
1.000346282023058864e+00
1.000235054920593392e+00
1.000245735628879640e+00
1.000256706525646910e+00
1.000102653869665126e+00
1.000462527920429556e+00
1.000363003611278945e+00
1.000483838221836397e+00
1.000379630986665047e+00
1.000221842073708123e+00
1.000318954009052463e+00
1.000503285297294820e+00
1.000252901309227838e+00
1.000546767089258937e+00
1.000545152405029281e+00
1.000479335849890239e+00
1.000233860810788578e+00
1.000362144572064960e+00
1.000262758264864438e+00
1.000292427017544838e+00
1.000742795359465642e+00
1.000227808425592002e+00
1.000221179142383843e+00
1.000248527174375734e+00
1.000421262104968845e+00
1.000449312093010690e+00
1.000949117086279871e+00
1.000541112060980398e+00
1.000201589804515345e+00
1.000197599964732120e+00
1.000518265611027191e+00
1.000365676268776705e+00
1.000278476015936002e+00
1.000427420568889669e+00
1.000317383624170775e+00
1.000308232758394311e+00
1.000358135155025474e+00
1.000277124775055482e+00
1.000282469748423164e+00
1.000227469659484614e+00
1.000482705383069604e+00
1.000426822797245929e+00
1.000674578649970003e+00
1.000229296346261565e+00
1.000323409683302023e+00
1.000416185084865184e+00
1.000215099706623256e+00
1.000386716932031961e+00
1.000187350020715460e+00
1.000421724928953759e+00
1.000366586875499175e+00
1.000274840847754421e+00
1.000570560107548079e+00
1.000289261090138382e+00
1.000277833622561952e+00
1.000524294987743090e+00
1.000274915556713440e+00
1.000403511697690373e+00
1.000495390430564679e+00
1.000615975108653632e+00
1.000635143412981209e+00
1.000318216143271766e+00
1.000491986973965686e+00
1.000549897343578243e+00
1.000474746672838533e+00
1.000234622436181997e+00
1.000236252423700734e+00
1.000436706595535741e+00
1.000267752277927524e+00
1.000325985126337525e+00
1.000402848357384133e+00
1.000264103560276396e+00
1.000564117966010969e+00
1.000493369501490371e+00
1.000469420129026732e+00
1.000282787222472214e+00
1.000471857014234578e+00
1.000287597896340808e+00
1.000361776998906826e+00
1.000240102591645197e+00
1.000340932174497821e+00
1.000356935640303258e+00
1.000436874037589519e+00
1.000456221575049209e+00
1.000196119660557770e+00
1.000365270181139188e+00
1.000427300094219429e+00
1.000353234957235715e+00
1.000390724243152007e+00
1.000176559700935774e+00
1.000460850107321997e+00
1.000335397355754719e+00
1.000229555493414635e+00
1.000405045092210177e+00
1.000433886112696902e+00
1.000201050774362610e+00
1.000432127068732191e+00
1.000262857432862251e+00
1.000353691388726096e+00
1.000406278393402015e+00
1.000205223750774364e+00
1.000210772446457508e+00
1.000334218134842912e+00
1.000152467410649892e+00
1.000177334138104834e+00
1.000770790540669308e+00
1.000245135395639862e+00
1.000514002783903456e+00
1.000202990320218532e+00
1.000451694384784318e+00
1.000249974052088708e+00
1.000240809152416421e+00
1.000236941682221437e+00
1.000588375825405940e+00
1.000335233052988881e+00
1.000355049073989644e+00
1.000361900138431626e+00
1.000368742863161353e+00
1.000347064373212413e+00
1.000241514245003849e+00
1.000648645612009169e+00
1.000339634746829853e+00
1.000266627585829182e+00
1.000317944058758401e+00
1.000609842606991151e+00
1.000646647415789570e+00
1.000288927290591046e+00
1.000239894262960894e+00
1.000305862094367670e+00
1.000341260480604344e+00
1.000447137569260292e+00
1.000185117305401272e+00
1.000530789663499620e+00
1.000321147121300935e+00
1.000348901905840693e+00
1.000399438609384850e+00
1.000224031605449815e+00
1.000460255673875531e+00
1.000447824771039551e+00
1.000476016442969351e+00
1.000211189918403187e+00
1.000292035415095926e+00
1.000294563329744868e+00
1.000343091097941173e+00
1.000287475060805731e+00
1.000197894584017977e+00
1.000508604196809648e+00
1.000290581927248290e+00
1.000450431901773518e+00
1.000252664783767731e+00
1.000547329469543056e+00
1.000432748470729383e+00
1.000510084658737586e+00
1.000386349583469059e+00
1.000253469113383309e+00
1.000354853533041544e+00
1.000423706035465932e+00
1.000492622110736418e+00
1.000814372623361592e+00
1.000563456332902446e+00
1.000532326866087951e+00
1.000298268969503246e+00
1.000268080630650980e+00
1.000490093260761659e+00
1.000327204720542706e+00
1.000505342988561308e+00
1.000395389996217466e+00
1.000305624471968136e+00
1.000506201312379995e+00
1.000445967812003012e+00
1.000380249603012972e+00
1.000229409088219779e+00
1.000241677186698208e+00
1.000271021158176232e+00
1.000492230772285884e+00
1.000399248778744754e+00
1.000280003896715453e+00
1.000394691174690598e+00
1.000424277140931073e+00
1.000495816112320302e+00
1.000517140663830240e+00
1.000526570135576554e+00
1.000400634788081167e+00
1.000253366359672214e+00
1.000407323793013115e+00
1.000311457288808326e+00
1.000213358625795523e+00
1.000371455277382138e+00
1.000234641712891115e+00
1.000367824239915437e+00
1.000324815172426884e+00
1.000485645339025620e+00
1.000459506331274007e+00
1.000153508890720522e+00
1.000304350989908997e+00
1.000378688871667476e+00
1.000349845682039218e+00
1.000434883021730892e+00
1.000372849751120174e+00
1.000495153706508766e+00
1.000354359045595887e+00
1.000322763093097089e+00
1.000274741841527204e+00
1.000251710653141446e+00
1.000204057173146754e+00
1.000663722442266312e+00
1.000224004394066002e+00
1.000315744951731478e+00
1.000276914235673997e+00
1.000346360602741180e+00
1.000253491415698415e+00
1.000395385830040951e+00
1.000333341127259468e+00
1.000256306634527137e+00
1.000355192054344977e+00
1.000389719690174539e+00
1.000515888059938518e+00
1.000456281565626160e+00
1.000265686746779847e+00
1.000589163461467646e+00
1.000334577775244593e+00
1.000252072339409048e+00
1.000184293631918742e+00
1.000243029964697383e+00
1.000428786649370627e+00
1.000179140530684352e+00
1.000459233123726532e+00
1.000253520203223667e+00
1.000498789071055272e+00
1.000301094202689756e+00
1.000477208475746949e+00
1.000540335193443875e+00
1.000326705495253155e+00
1.000333869600782633e+00
1.000465036397015339e+00
1.000318569560995074e+00
1.000294092721319750e+00
1.000447295648766888e+00
1.000395586888383814e+00
1.000166155005067559e+00
1.000239355005914765e+00
1.000394834841264124e+00
1.000559358449262026e+00
1.000369911402993583e+00
1.000335119221017033e+00
1.000233159048077747e+00
1.000342720978751654e+00
1.000466196983990308e+00
1.000600575944661230e+00
1.000453270091034019e+00
1.000531519530714286e+00
1.000216229207886220e+00
1.000389971509991760e+00
1.000247773288043263e+00
1.000765478996047619e+00
1.000242140638762933e+00
1.000606491729823189e+00
1.000729653659913287e+00
1.000398256298609345e+00
1.000416275519639742e+00
1.000808669846618093e+00
1.000415937216630136e+00
1.000685927559748611e+00
1.000347496462650199e+00
1.000442932757755976e+00
1.000416190419224582e+00
1.000406195482364868e+00
1.000377082512077687e+00
1.000433987034893502e+00
1.000252527419373205e+00
1.000367019616493325e+00
1.000458858457572209e+00
1.000474662486039223e+00
1.000355400320207089e+00
1.000596168393016239e+00
1.000168548537854640e+00
1.000364879708613763e+00
1.000276583431020105e+00
1.000430742505806325e+00
1.000310477706941814e+00
1.000368265228403608e+00
1.000308443193955510e+00
1.000285680635255137e+00
1.000182404245161472e+00
1.000422583821960254e+00
1.000464794462481155e+00
1.000618864122563290e+00
1.000393481132496154e+00
1.000427484582277815e+00
1.000498998331959877e+00
1.000141462580437901e+00
1.000282976128506585e+00
1.000445735367430755e+00
1.000356616251821151e+00
1.000215530076699944e+00
1.000379226845682146e+00
1.000433847314002422e+00
1.000499755798971213e+00
1.000233814472226479e+00
1.000456736592609808e+00
1.000542195727964545e+00
1.000221452661735011e+00
1.000498090774344373e+00
1.000322503307464750e+00
1.000486822635578088e+00
1.000332703644578602e+00
1.000192108205831376e+00
1.000323161634864899e+00
1.000639742717601921e+00
1.000311793080916001e+00
1.000235721347396911e+00
1.000230623346387127e+00
1.000315588486108576e+00
1.000397634213858300e+00
1.000315561476427639e+00
1.000170565280309010e+00
1.000319147528641262e+00
1.000409417315237581e+00
1.000375114024646406e+00
1.000506110936291604e+00
1.000506103235799804e+00
1.000528936968211546e+00
1.000260717183386827e+00
1.000732394096273348e+00
1.000342659366848741e+00
1.000606365871662184e+00
1.000246956538049403e+00
1.000365347330528731e+00
1.000504994559425098e+00
1.000220241744100180e+00
1.000384951315022031e+00
1.000191562495801989e+00
1.000738741776435736e+00
1.000454135824545343e+00
1.000339638612108839e+00
1.000424634853774641e+00
1.000552008498875933e+00
1.000422882086941190e+00
1.000332143723225098e+00
1.000405100236474887e+00
1.000365707294386786e+00
1.000443395030021110e+00
1.000603914713687814e+00
1.000320432384056879e+00
1.000342736657596765e+00
1.000286279636299680e+00
1.000348666210912008e+00
1.000496367493971084e+00
1.000298936618659429e+00
1.000300262580088972e+00
1.000220108955421683e+00
1.000450989578049343e+00
1.000257512824414885e+00
1.000500311933894215e+00
1.000343473848905873e+00
1.000305399471709711e+00
1.000263490119682297e+00
1.000387128783557733e+00
1.000536336038293506e+00
1.000265957950054574e+00
1.000356096835568698e+00
1.000262783825113910e+00
1.000510170513381203e+00
1.000567550656558335e+00
1.000275745613246725e+00
1.000235836467733064e+00
1.000264742547720020e+00
1.000194350365028573e+00
1.000245643288133701e+00
1.000209166724558063e+00
1.000417663169830940e+00
1.000634004252220599e+00
1.000275662100091001e+00
1.000329935828430994e+00
1.000290093317676154e+00
1.000342925849401432e+00
1.000309298957188675e+00
1.000601991532202861e+00
1.000464511099924181e+00
1.000295381032573871e+00
1.000324179661861379e+00
1.000519982742042346e+00
1.000379441855556273e+00
1.000304290536433660e+00
1.000342848383790617e+00
1.000240909669887435e+00
1.000479031886755799e+00
1.000418598120202951e+00
1.000335715557501892e+00
1.000536182411379649e+00
1.000555006594439744e+00
1.000269237686470358e+00
1.000366180242295178e+00
1.000291177882371763e+00
1.000541625630178011e+00
1.000472548865644740e+00
1.000505681086758303e+00
1.000727523240521721e+00
1.000796856123014722e+00
1.000302487795089013e+00
1.000550174211200849e+00
1.000395183576021862e+00
1.000170691531247824e+00
1.000491538812311232e+00
1.000282965906786670e+00
1.000306063631215991e+00
1.000556473561865056e+00
1.000217311806323783e+00
1.000256550076809248e+00
1.000213659033233560e+00
1.000330813492791737e+00
1.000699309537873560e+00
1.000359987069635803e+00
1.000668472778774909e+00
1.000285622532530283e+00
1.000429124122324653e+00
1.000297830016535272e+00
1.000487628205637414e+00
1.000337078159788895e+00
1.000317577487949805e+00
1.000555072923863253e+00
1.000197231553297650e+00
1.000602196277685429e+00
1.000327188294894087e+00
1.000417835389290078e+00
1.000540581702101139e+00
1.000460430216947083e+00
1.000200508659158549e+00
1.000374595761986951e+00
1.000295242692696984e+00
1.000254602358962241e+00
1.000523093481267001e+00
1.000639910481177841e+00
1.000435574613635747e+00
1.000202642894688410e+00
1.000616007641380589e+00
1.000396066990200117e+00
1.000422578967376408e+00
1.000481302682179940e+00
1.000387216804264012e+00
1.000419103098486806e+00
1.000592785202264023e+00
1.000364995458212780e+00
1.000437364161605780e+00
1.000585445869237589e+00
1.000480942529470285e+00
1.000401274295411813e+00
1.000172739045731785e+00
1.000354820593037486e+00
1.000319329696756743e+00
1.000579882767297812e+00
1.000341545221287598e+00
1.000379516778535871e+00
1.000293954365031546e+00
1.000304589430697888e+00
1.000563573504985371e+00
1.000527136294130814e+00
1.000332143987706424e+00
1.000269946438190116e+00
1.000245143260530822e+00
1.000521333571241955e+00
1.000600246380094926e+00
1.000356753566793655e+00
1.000320306316725860e+00
1.000604788364480857e+00
1.000472798550855691e+00
1.000474389069123005e+00
1.000421852500948505e+00
1.000300028709287137e+00
1.000227011955163281e+00
1.000540623637470761e+00
1.000168078469288790e+00
1.000335015381910386e+00
1.000136976571215364e+00
1.000207178566084654e+00
1.000357013256238048e+00
1.000570524304669418e+00
1.000169160034088511e+00
1.000480787365729540e+00
1.000395336628733256e+00
1.000563514249837027e+00
1.000481337808726723e+00
1.000247212898963012e+00
1.000442019958742934e+00
1.000294729502313906e+00
1.000139232509694054e+00
1.000747897225020777e+00
1.000338212445012198e+00
1.000171682003418105e+00
1.000498638569996102e+00
1.000240262176627093e+00
1.000324175339076138e+00
1.000368678972118452e+00
1.000248923345847585e+00
1.000347897814869658e+00
1.000264693264444338e+00
1.000185563814110390e+00
1.000261566159530657e+00
1.000450803983884640e+00
1.000638440730845069e+00
1.000505613424059304e+00
1.000469745931833687e+00
1.000329902122971903e+00
1.000552883621645073e+00
1.000370591139357668e+00
1.000355008970516879e+00
1.000419169030583477e+00
1.000644475975840830e+00
1.000187987878340401e+00
1.000340190395172524e+00
1.000585037454216453e+00
1.000291297782484712e+00
1.000539850776378747e+00
1.000345405442568003e+00
1.000502369486770959e+00
1.000626107303079104e+00
1.000190666764644964e+00
1.000469883195765686e+00
1.000295793724804039e+00
1.000418422809936647e+00
1.000299329366836298e+00
1.000406847292312662e+00
1.000148298100567823e+00
1.000264376603578809e+00
1.000489296276498186e+00
1.000297722963937375e+00
1.000294343632671001e+00
1.000444301506650202e+00
1.000552210565205380e+00
1.000480436433143439e+00
1.000209884020657691e+00
1.000276066785907414e+00
1.000507713982553337e+00
1.000279685756469528e+00
1.000255698705287299e+00
1.000647274540144682e+00
1.000290976399120568e+00
1.000191240092506151e+00
1.000350492912847944e+00
1.000892965878888319e+00
1.000542753483649516e+00
1.000808247945521590e+00
1.000440092605324516e+00
1.000371263895289520e+00
1.000330026620216417e+00
1.000208848416798357e+00
1.000414587061778882e+00
1.000279202153951497e+00
1.000418854937270563e+00
1.000173912514652264e+00
1.000551467739965394e+00
1.000506971379883758e+00
1.000146326651744966e+00
1.000161530969960300e+00
1.000225139611026437e+00
1.000438082704836251e+00
1.000171038032990456e+00
1.000327836482171717e+00
1.000359213715475759e+00
1.000423721324098736e+00
1.000449523910919680e+00
1.000228514072161623e+00
1.000274858544604184e+00
1.000407557606309394e+00
1.000513253424367699e+00
1.000225285998433078e+00
1.000543609997806005e+00
1.000243237281306818e+00
1.000257780548384545e+00
1.000180569707436185e+00
1.000309847149006615e+00
1.000566682451818901e+00
1.000356788025105415e+00
1.000516362139805882e+00
1.000491617099457553e+00
1.000296136565646865e+00
1.000485488618256147e+00
1.000246584077005618e+00
1.000734656659814759e+00
1.000336148698361738e+00
1.000480322248107568e+00
1.000329050656481034e+00
1.000198083320774867e+00
1.000452183184666444e+00
1.000290341704805019e+00
1.000521038292595755e+00
1.000298428059265499e+00
1.000199131661490881e+00
1.000380474645551576e+00
1.000558537942053183e+00
1.000402201670345104e+00
1.000210561063990200e+00
1.000283652567016235e+00
1.000546743368779135e+00
1.000489696764160108e+00
1.000359676913453510e+00
1.000262438827941081e+00
1.000382787849535049e+00
1.000411087433417334e+00
1.000494090138163816e+00
1.000238995169530298e+00
1.000437529859347752e+00
1.000375865636229156e+00
1.000298368754707345e+00
1.000186292474986915e+00
1.000373790547947728e+00
1.000480106870468067e+00
1.000264685756458771e+00
1.000364514311006259e+00
1.000187978791990284e+00
1.000482087140024623e+00
1.000485102988313946e+00
1.000213348668369084e+00
1.000275313224690654e+00
1.000354495668362542e+00
1.000307778091997113e+00
1.000367626891528028e+00
1.000629743246390202e+00
1.000529468639247188e+00
1.000470127332702797e+00
1.000308951395900037e+00
1.000267753340785992e+00
1.000226734163219167e+00
1.000480217131434202e+00
1.000188524769886955e+00
1.000561600621375113e+00
1.000281341764062581e+00
1.000541500732783362e+00
1.000269021916219137e+00
1.000425267151198616e+00
1.000589169364992648e+00
1.000673987601098380e+00
1.000505372267814996e+00
1.000235437220557744e+00
1.000465062203334199e+00
1.000472068628931899e+00
1.000447994765606419e+00
1.000366349198750893e+00
1.000212018510778345e+00
1.000449430131831630e+00
1.000310122183194039e+00
1.000419097835962168e+00
1.000354628365213161e+00
1.000292069532223271e+00
1.000292422404653658e+00
1.000255965967217442e+00
1.000196266017878255e+00
1.000357258324624521e+00
1.000816220527949385e+00
1.000479791764018689e+00
1.000239544652204327e+00
1.000336361854108569e+00
1.000209083891690831e+00
1.000328724582806084e+00
1.000411431263223738e+00
1.000100729905978314e+00
1.000220748344516464e+00
1.000215577846623516e+00
1.000306345617566484e+00
1.000454911030270511e+00
1.000449430962994324e+00
1.000282182849538737e+00
1.000383495486798946e+00
1.000205111042316464e+00
1.000460845442756819e+00
1.000276456042991313e+00
1.000465584451947443e+00
1.000505592881182126e+00
1.000242548067384885e+00
1.000317058503391587e+00
1.000334466115019527e+00
1.000236448233336795e+00
1.000420716262032883e+00
1.000190952221702290e+00
1.000201926193554858e+00
1.000528600785593136e+00
1.000515746029470021e+00
1.000397364398538436e+00
1.000280687617801645e+00
1.000388520087325039e+00
1.000262365438691958e+00
1.000547100941007850e+00
1.000440761111360377e+00
1.000265027158101283e+00
1.000264871336823624e+00
1.000405978982241484e+00
1.000371031818177103e+00
1.000257572604608347e+00
1.000260033229836143e+00
1.000270885158164091e+00
1.000327120993682151e+00
1.000415927438171870e+00
1.000388752265447101e+00
1.000239780544983637e+00
1.000482239587057842e+00
1.000629954121558862e+00
1.000488669231946792e+00
1.000339993935171812e+00
1.000340768667822955e+00
1.000314599786476855e+00
1.000329789246821033e+00
1.000276649100672044e+00
1.000157734050145963e+00
1.000242427321626826e+00
1.000361600151519204e+00
1.000342310281944647e+00
1.000649306492866319e+00
1.000329072071963088e+00
1.000220494172157970e+00
1.000390303505273470e+00
1.000337941605948577e+00
1.000209616098246990e+00
1.000229868051085935e+00
