1.003175117672103100e+00
1.004793476335979374e+00
1.003362521026075926e+00
1.003448320499522373e+00
1.002590757161313073e+00
1.003929677194484782e+00
1.004417872423178038e+00
1.003128311030175857e+00
1.005361127531873233e+00
1.004008680204574899e+00
1.002959354472590103e+00
1.002666737785865569e+00
1.004351009667898698e+00
1.003483280233224972e+00
1.003920017646573681e+00
1.003203085298787434e+00
1.003087074878694196e+00
1.004469920645231440e+00
1.003467203197179858e+00
1.002946309042456852e+00
1.002710974894081453e+00
1.004404469375951958e+00
1.003743187019120464e+00
1.003484785859986683e+00
1.002714115543067219e+00
1.003186294716516436e+00
1.004058134662808799e+00
1.003324983755401467e+00
1.004167500810877245e+00
1.003818735438408272e+00
1.003648912775240820e+00
1.003351845683468246e+00
1.003316540187299433e+00
1.003306819813795325e+00
1.003554246203899991e+00
1.003258998440521133e+00
1.003499383572040049e+00
1.001987907401185041e+00
1.003080689239943535e+00
1.003003148734076477e+00
1.002672388713815366e+00
1.003789940119090618e+00
1.003795335502616348e+00
1.002929169635386142e+00
1.003010173473630084e+00
1.004546572669536397e+00
1.002919348078622930e+00
1.002949126752611386e+00
1.004792597914593966e+00
1.002953048552268633e+00
1.005228737191599997e+00
1.003798130633118957e+00
1.003130545364621984e+00
1.003184443674094206e+00
1.004351435962041572e+00
1.003722294785069247e+00
1.002884361157218684e+00
1.002506063789288193e+00
1.003340382469868342e+00
1.004159356886779264e+00
1.002805289677429323e+00
1.004518634575199298e+00
1.003996583868463910e+00
1.004003460632921563e+00
1.003333672137125765e+00
1.002708986378737288e+00
1.002119541844686657e+00
1.002885228090742320e+00
1.002738644408102786e+00
1.001732998257464979e+00
1.003052138732851262e+00
1.003463436174498513e+00
1.003906594439722300e+00
1.004973843449291637e+00
1.003404850855625030e+00
1.003957436359110389e+00
1.002612868783182121e+00
1.004316198938950189e+00
1.003027334766339873e+00
1.003448048646331081e+00
1.002779678700190136e+00
1.003212567177560022e+00
1.003775629591888707e+00
1.004602920710291336e+00
1.003006311178276322e+00
1.004133061650525738e+00
1.003934336959329210e+00
1.003701477351078841e+00
1.003513190901510255e+00
1.003080786618690601e+00
1.002733689302830911e+00
1.002805935316032127e+00
1.002740796272681534e+00
1.003489294007832822e+00
1.004212390358388829e+00
1.002514935350493852e+00
1.004042255788292426e+00
1.003022072823686495e+00
1.003167223430898591e+00
1.003871286680215302e+00
1.004520893524011749e+00
1.004382549900097565e+00
1.002919251289548841e+00
1.005314659809837252e+00
1.003988428385252041e+00
1.003037444200988615e+00
1.002731778676317020e+00
1.005276037154318125e+00
1.003108742621907634e+00
1.003191546176772864e+00
1.004325076159329422e+00
1.004291742282060085e+00
1.003690080124828743e+00
1.004320340559570868e+00
1.004636721215116602e+00
1.003272493982087177e+00
1.003552437593579816e+00
1.003244819792674880e+00
1.003387565232102929e+00
1.002741243371618740e+00
1.002370658426845251e+00
1.002506538049929619e+00
1.003640648366689092e+00
1.003412746715113268e+00
1.002917231102402829e+00
1.003528472467807076e+00
1.003280436409573539e+00
1.003234607295913294e+00
1.002885000952506100e+00
1.004135825789990832e+00
1.002934844736752318e+00
1.002556038217668144e+00
1.003396667928608155e+00
1.003717054970857392e+00
1.003276717032759890e+00
1.003543847531609190e+00
1.003133609427073525e+00
1.003017838080373592e+00
1.002913830429202235e+00
1.003626798978639156e+00
1.003001454112107060e+00
1.003439833952173066e+00
1.002478377163589673e+00
1.004065026575391872e+00
1.004493014553285324e+00
1.003323139704518585e+00
1.004254464619289022e+00
1.002857630328251037e+00
1.003877873828895151e+00
1.004429745341039126e+00
1.002789575873917371e+00
1.003382582811220169e+00
1.004053794269760491e+00
1.002938077655965321e+00
1.002492344090778476e+00
1.003521271080673349e+00
1.002385141801348079e+00
1.003223439791069538e+00
1.001900219769740419e+00
1.003236482061205193e+00
1.002597040358408353e+00
1.002910203771937958e+00
1.002731322532373293e+00
1.003972202208794018e+00
1.003857930149441025e+00
1.003281665036370063e+00
1.003886182257880400e+00
1.004478331912858291e+00
1.002786228335060592e+00
1.003318484301024993e+00
1.003731059508139012e+00
1.002450568419750665e+00
1.002489669250153925e+00
1.003972949495645972e+00
1.003439259249389481e+00
1.004141261683726416e+00
1.003871079776410102e+00
1.003494437022007357e+00
1.004033181925413132e+00
1.004144341177932942e+00
1.003713739853104636e+00
1.003804360381821859e+00
1.003694280476145062e+00
1.003678095651893587e+00
1.003447175326999119e+00
1.002751900129124296e+00
1.002676720716937808e+00
1.003758204722154712e+00
1.003228496659668512e+00
1.003297928662640004e+00
1.003197280575725436e+00
1.003831532717574859e+00
1.003086452567084841e+00
1.003401422135482113e+00
1.003223481839881082e+00
1.003138067634392172e+00
1.004855558546384753e+00
1.004034904697188813e+00
1.003009944147432941e+00
1.003100531034462950e+00
1.002867365324861204e+00
1.003017044497971133e+00
1.003070427239143525e+00
1.005147782398013945e+00
1.004379623232842578e+00
1.003987134386536306e+00
1.004471922001815898e+00
1.003389567584616504e+00
1.005009182680280722e+00
1.002357653357898393e+00
1.004951273508414733e+00
1.002149539167081826e+00
1.003104737631585142e+00
1.004286246814276806e+00
1.004948626643292986e+00
1.003649001715887890e+00
1.003857894450443045e+00
1.003246310325290880e+00
1.003754247633167784e+00
1.003471038526415837e+00
1.002706850892314483e+00
1.004549980867701198e+00
1.004312476755414574e+00
1.003946049622918002e+00
1.004331535080893456e+00
1.004743438825108193e+00
1.002271792347730450e+00
1.003168619804263750e+00
1.003859463263098162e+00
1.003470052224986864e+00
1.003662809136821377e+00
1.003131597935867481e+00
1.004192724070967158e+00
1.003103418092077037e+00
1.002338210317244016e+00
1.003590719707442735e+00
1.004279553151329551e+00
1.004241173961211597e+00
1.002431983286574457e+00
1.004688622711643609e+00
1.003301202135473469e+00
1.002703933490092458e+00
1.004202111474210568e+00
1.003723953129629587e+00
1.003687751612852175e+00
1.003310395145735390e+00
1.003347315764766323e+00
1.002763045058319147e+00
1.002517329187897488e+00
1.003683246684247576e+00
1.003684428435834830e+00
1.003053909973994351e+00
1.003525805106142865e+00
1.003864681584684115e+00
1.002945998651072701e+00
1.003869290668460090e+00
1.003542600155529430e+00
1.004908731496195529e+00
1.004995029219787339e+00
1.003538481034383478e+00
1.003135721418567439e+00
1.002799208756972149e+00
1.003732830516046892e+00
1.004353905948471626e+00
1.002820654095877062e+00
1.003797824228102264e+00
1.004221075174742239e+00
1.002881245397391874e+00
1.002950414215186825e+00
1.004415082328719233e+00
1.004340352512803847e+00
1.002773443194207914e+00
1.004449158107243223e+00
1.003101671140542939e+00
1.002192372304721690e+00
1.002901610372831431e+00
1.002867837249844074e+00
1.002134264950714337e+00
1.003390145095200303e+00
1.004566012317189339e+00
1.002872600487460630e+00
1.002743649344672194e+00
1.003037521502067930e+00
1.003803390192462563e+00
1.003711381230851796e+00
1.003799129783199851e+00
1.003590132540668201e+00
1.003652363432961936e+00
1.003653833007830620e+00
1.003461224418969788e+00
1.003246708969319112e+00
1.004364177287992099e+00
1.004170363060097992e+00
1.003593767261162339e+00
1.003521427925122556e+00
1.003182274574619282e+00
1.003365172186842180e+00
1.004267999710780179e+00
1.003166071915330582e+00
1.003303339070498179e+00
1.003038580084592013e+00
1.003883013711429406e+00
1.004008048864277969e+00
1.003600073885368316e+00
1.004874078381514879e+00
1.003366094692188293e+00
1.003254335940285014e+00
1.003580419271214552e+00
1.003738802766368954e+00
1.003548494474680197e+00
1.003812314576199460e+00
1.003724434161093804e+00
1.003748427343185590e+00
1.004497212867507594e+00
1.002095601036675721e+00
1.003032075318670557e+00
1.003818543383470097e+00
1.003904803834497983e+00
1.004113471466437257e+00
1.004168469681649745e+00
1.002924741739479320e+00
1.003708261504433485e+00
1.003976385535833682e+00
1.003354737338728597e+00
1.003411235045757577e+00
1.003573165217187757e+00
1.004023031406994892e+00
1.003667901118285188e+00
1.003415865249977834e+00
1.003786578865982992e+00
1.004234877215948396e+00
1.004116304541529558e+00
1.003027628875845734e+00
1.003226457924042636e+00
1.003649426104329390e+00
1.003048418975768907e+00
1.003133937628415628e+00
1.003610220308910561e+00
1.003241438441776934e+00
1.002890089119219175e+00
1.004338622232095357e+00
1.003170818248842799e+00
1.002879150167171662e+00
1.003997261648772232e+00
1.003389720058328605e+00
1.003499736747754056e+00
1.003370724963203120e+00
1.002361577663634762e+00
1.002751288372329963e+00
1.003390231816380096e+00
1.003313547736620848e+00
1.002452837312703071e+00
1.004688562226862425e+00
1.003399800152669386e+00
1.003286473260008416e+00
1.003286408068954749e+00
1.002786768668173734e+00
1.002866694523870450e+00
1.004101668383794221e+00
1.003270014762642770e+00
1.003729880293843024e+00
1.003466947758063110e+00
1.003328627862960065e+00
1.003440255813719206e+00
1.003529853810481320e+00
1.004714730934329836e+00
1.003503398783021971e+00
1.003988850855821235e+00
1.003934613698058254e+00
1.004294853360145234e+00
1.002861842324288766e+00
1.002722853958647020e+00
1.003293327923829636e+00
1.005091750374264015e+00
1.003601339184476471e+00
1.002708091487985342e+00
1.003450539394128205e+00
1.003445603019074150e+00
1.003203523791975638e+00
1.003957408294240405e+00
1.004042563906494712e+00
1.002653639872138402e+00
1.003440417744088986e+00
1.002922903450273351e+00
1.003207762850494511e+00
1.003821998202558685e+00
1.002579938966771111e+00
1.003126024694610541e+00
1.003433708328597573e+00
1.002358957519582372e+00
1.003616682031760465e+00
1.003277154520528347e+00
1.002887069449464486e+00
1.003312328314196700e+00
1.003809772451841109e+00
1.003054055134367628e+00
1.004238681855161630e+00
1.002966893739378085e+00
1.002861554548357681e+00
1.003558645677994132e+00
1.003101922387066081e+00
1.002766915123238123e+00
1.003551330884224546e+00
1.002755879949023932e+00
1.004106273440131591e+00
1.003962092949764351e+00
1.003848192688147734e+00
1.005107179913526938e+00
1.002998304064169899e+00
1.003837714102679302e+00
1.003976068950932721e+00
1.004294656031160304e+00
1.004689878203728126e+00
1.004399221677641840e+00
1.003365093179149348e+00
1.004006518812968540e+00
1.002640782837430411e+00
1.004899957095293894e+00
1.004481187712395363e+00
1.003608320894359363e+00
1.004523822194650196e+00
1.002451091806453531e+00
1.003539504268205373e+00
1.003301035755205683e+00
1.003388321373467340e+00
1.003041113135840101e+00
1.003969418212568465e+00
1.003702732856727842e+00
1.004056462119525150e+00
1.003243525054314578e+00
1.003139414801485829e+00
1.004577097982421785e+00
1.003050849423491098e+00
1.003340249425032082e+00
1.003413769983612092e+00
1.003784579209358263e+00
1.004020000010940050e+00
1.003389423428830307e+00
1.003647725844329264e+00
1.004453496676262603e+00
1.003386721510306945e+00
1.004228773427440657e+00
1.003253055125755244e+00
1.002571677699046315e+00
1.002006647511875848e+00
1.002914261241526273e+00
1.004386622290635911e+00
1.003368936382021293e+00
1.003681531021989537e+00
1.002422656103225007e+00
1.003329361030692812e+00
1.003738786035575981e+00
1.004438450207737032e+00
1.003007046610216557e+00
1.003740585715265921e+00
1.003961076336827185e+00
1.003292775862075548e+00
1.004839455982935448e+00
1.003450518763818078e+00
1.003543704860463182e+00
1.003045392715847584e+00
1.003116631458039532e+00
1.003774653741114520e+00
1.003233884519709074e+00
1.003059323183400409e+00
1.003190084883257116e+00
1.003810445231433146e+00
1.004292198049481666e+00
1.003462789521707643e+00
1.003646928702726315e+00
1.003769762149437250e+00
1.005835070986875746e+00
1.003437237022082096e+00
1.004085244142461031e+00
1.003691415320505653e+00
1.002879201392795405e+00
1.003665537081515069e+00
1.002987188831702570e+00
1.004643938394566005e+00
1.003656400380072533e+00
1.003166759629532168e+00
1.003747782187456083e+00
1.002695715749088778e+00
1.003854439076262040e+00
1.002532932030108626e+00
1.003027527978799460e+00
1.002578195977102959e+00
1.003648399608954023e+00
1.003623065107995593e+00
1.005595936794659861e+00
1.002938127923409084e+00
1.004049012292889564e+00
1.004153358952633024e+00
1.003435702093519843e+00
1.003139069969495090e+00
1.003403303338575636e+00
1.003515558861738821e+00
1.003164248980012330e+00
1.003814828608264431e+00
1.003996575602939645e+00
1.003377037176484743e+00
1.004358910049460984e+00
1.003309319355371487e+00
1.003400027781050863e+00
1.002877624223742492e+00
1.004453234928568417e+00
1.002362984462205953e+00
1.003354122757030176e+00
1.002774488264354114e+00
1.003151236456172546e+00
1.003516946279328970e+00
1.003608273798096029e+00
1.002662536150846551e+00
1.003436296633531066e+00
1.004425668335358512e+00
1.004483758230925172e+00
1.004076554735716886e+00
1.003057498930992608e+00
1.003732696105975597e+00
1.003435946591866301e+00
1.004251214815116366e+00
1.003722835154160942e+00
1.005670458133253176e+00
1.003589228150806312e+00
1.003719934460558072e+00
1.002767843168732576e+00
1.002996528100832618e+00
1.003754059578316538e+00
1.003068362865514818e+00
1.003846283365106284e+00
1.001982053176717402e+00
1.003439100273565865e+00
1.005101323451855322e+00
1.003712848866492369e+00
1.003233125697192918e+00
1.003856714103048109e+00
1.004964950694464898e+00
1.002901307807035458e+00
1.003981328227093295e+00
1.002743821004542069e+00
1.003449913060339593e+00
1.005013541824185008e+00
1.003087143439408413e+00
1.004228577244150156e+00
1.002588873291247129e+00
1.003318773191513857e+00
1.003175538972491010e+00
1.004328421677068039e+00
1.003944613223578308e+00
1.002846375424551351e+00
1.003577177633195872e+00
1.002654462660696355e+00
1.003792852365448907e+00
1.003694129998310647e+00
1.003219315292599667e+00
1.003508372347524880e+00
1.002550879183291554e+00
1.003329806827530923e+00
1.003018159868512837e+00
1.003110652460864394e+00
1.002804489930761322e+00
1.003346345170422094e+00
1.003382782985227983e+00
1.004796562575078767e+00
1.004208634254493804e+00
1.003230867183391384e+00
1.003395659403333751e+00
1.002117655207971580e+00
1.003523390872509191e+00
1.003446374049475232e+00
1.003096840307935222e+00
1.003783736282783723e+00
1.003440747348021356e+00
1.003425681971083838e+00
1.004285582964092871e+00
1.002052771914032858e+00
1.002391528252030373e+00
1.003143407628699135e+00
1.003510096106278615e+00
1.002196179534899034e+00
1.003393174735957016e+00
1.004017527063853832e+00
1.004129459107740541e+00
1.003562321642283761e+00
1.003853132361012035e+00
1.003182298819922602e+00
1.004055488037990163e+00
1.003921038406524469e+00
1.004180061300082194e+00
1.004883268167460653e+00
1.003146358484855671e+00
1.003787971298021553e+00
1.004507458375958562e+00
1.005866095292718088e+00
1.003164624383756642e+00
1.003551073654375569e+00
1.003904577174979496e+00
1.003774918906466640e+00
1.002617671959417311e+00
1.004266662224811535e+00
1.002973991217470884e+00
1.003477486996432910e+00
1.002679882636145381e+00
1.003485083744455109e+00
1.003101333135496320e+00
1.002492943046498608e+00
1.003273659455185651e+00
1.004170478263070043e+00
1.005196189532219897e+00
1.002884419340589250e+00
1.003472844652419038e+00
1.003593320727093730e+00
1.003018879620233950e+00
1.002908574334613556e+00
1.002673233485672499e+00
1.002955319847918858e+00
1.003563874090937835e+00
1.004504388855638419e+00
1.004163642176852500e+00
1.003549678724996452e+00
1.002877951893607511e+00
1.004148947530581593e+00
1.002749129938162787e+00
1.002513499302698508e+00
1.004061027250800375e+00
1.003771105337125213e+00
1.003094810887536603e+00
1.002827886511148181e+00
1.002701510167723464e+00
1.003086756446662120e+00
1.002645059632231606e+00
1.002602032148136812e+00
1.003375552683943850e+00
1.004646819221153287e+00
1.003540338724681513e+00
1.003838513876731620e+00
1.003702567170798199e+00
1.003168006252188604e+00
1.002352148292716905e+00
1.003464095949251345e+00
1.003371224591240285e+00
1.003320152332823900e+00
1.003362149181763918e+00
1.003788828974706338e+00
1.004201813657422449e+00
1.003140071999317540e+00
1.004196525583425759e+00
1.003291065461292986e+00
1.004456768174141867e+00
1.003352842702229131e+00
1.003121537690523590e+00
1.002853376868201307e+00
1.004321585236021219e+00
1.003083869446303567e+00
1.003344551564470111e+00
1.003945807105071308e+00
1.004139481362503306e+00
1.003821772580507643e+00
1.003566501445645409e+00
1.003983220342654414e+00
1.002926480622480243e+00
1.003287914948650883e+00
1.003816473495131811e+00
1.003784699949626047e+00
1.003985977946566521e+00
1.004178782348274179e+00
1.004854719779717076e+00
1.002648706457473393e+00
1.003711123717431208e+00
1.003570649652743008e+00
1.002965537114025141e+00
1.003916233500354194e+00
1.003296719951365157e+00
1.002696512354840364e+00
1.003338175046588177e+00
1.003525576006444542e+00
1.003552882967907678e+00
1.002992765840016620e+00
1.002823402544083420e+00
1.003510415906915920e+00
1.003038188625791083e+00
1.004131663523815998e+00
1.004204553252173948e+00
1.003096652749021045e+00
1.003138044337110291e+00
1.003688558272300746e+00
1.004457524032810634e+00
1.002948523949126702e+00
1.002399346544329273e+00
1.002818634881329052e+00
1.002778503900019880e+00
1.003469415137352660e+00
1.003873488774903899e+00
1.002967428802959526e+00
1.003592255636896136e+00
1.003108043082304945e+00
1.002584696667030872e+00
1.003524830960561109e+00
1.003348401143483892e+00
1.003778659363564030e+00
1.003251512415583191e+00
1.003599628351632633e+00
1.003489991473434095e+00
1.004273595519987738e+00
1.004946729936003091e+00
1.002532632198799289e+00
1.004253110026854579e+00
1.003148285535589990e+00
1.003473702844532411e+00
1.003982261371402673e+00
1.003707945238641264e+00
1.002577120071810546e+00
1.003684455754619176e+00
1.004284899732922343e+00
1.001924317125950870e+00
1.004953917307274569e+00
1.002713974572430722e+00
1.003086652983027793e+00
1.003187574760631806e+00
1.002592043400218680e+00
1.003108623036148783e+00
1.004275691354156619e+00
1.002582045447241832e+00
1.003214855980200326e+00
1.003266090823437429e+00
1.002978896381497842e+00
1.003157053045961922e+00
1.003735134843635413e+00
1.003134103497316909e+00
1.003308163691284616e+00
1.003804711389570725e+00
1.002963245373122536e+00
1.003087918625819475e+00
1.002643931058281979e+00
1.003283219610935140e+00
1.003644166666724402e+00
1.004159347141605041e+00
1.002725547467991252e+00
1.003555862130576681e+00
1.003046940509993323e+00
1.004012871837638210e+00
1.002062942779033072e+00
1.004191725343271058e+00
1.003464211886372803e+00
1.003709723970645395e+00
1.004369223281203372e+00
1.002996465311634333e+00
1.003678549937997433e+00
1.003217077263085066e+00
1.003083532363465702e+00
1.003697586277906506e+00
1.003811737130380966e+00
1.003803841185916701e+00
1.003468974733989327e+00
1.003298093750005560e+00
1.003991557925541622e+00
1.003378012118888662e+00
1.002948518542147616e+00
1.003464349380928100e+00
1.002878205073060913e+00
1.003599800811367571e+00
1.004322019378904640e+00
1.003192551187410242e+00
1.003019295130748167e+00
1.004463769218622682e+00
1.002700999766823697e+00
1.001916711667547366e+00
1.003834141595380425e+00
1.003389318705154798e+00
1.003740253752905653e+00
1.002890156163793511e+00
1.002863380929582604e+00
1.002948896925773825e+00
1.002592701632302408e+00
1.003338678383702831e+00
1.003898331465988614e+00
1.002351580263230790e+00
1.003033821404722081e+00
1.003370039977744987e+00
1.004659557730417818e+00
1.003691177386629940e+00
1.004064031849345673e+00
1.004347926837967364e+00
1.002543477530886795e+00
1.003620970863270401e+00
1.002184836317134620e+00
1.003886239135641567e+00
1.003175954817140392e+00
1.003564070434525224e+00
1.004374313947913322e+00
1.004726074029999916e+00
1.003927552549562119e+00
1.004186744159721867e+00
1.003981937866754937e+00
1.003056645333504582e+00
1.003574316215642526e+00
1.003700835374334188e+00
1.003443339947082125e+00
1.003621369476360048e+00
1.003682202493841658e+00
1.003350232372579809e+00
1.003076988578273321e+00
1.004861000541800164e+00
1.003567243634368999e+00
1.002776412679158291e+00
1.003479201508603147e+00
1.003176110328129367e+00
1.003760550834626342e+00
1.004690485798728661e+00
1.005026530175089361e+00
1.002798041496834269e+00
1.002877281263633957e+00
1.002664951769349333e+00
1.003383404197010220e+00
1.003662799846595455e+00
1.002347649525022089e+00
1.004461880850873179e+00
1.003021832881932918e+00
1.002897130887792088e+00
1.003642006369857009e+00
1.003857185598231005e+00
1.003696966063852836e+00
1.002676718055721672e+00
1.003734256621789056e+00
1.003175979218394520e+00
1.004273459471680230e+00
1.003801470595376388e+00
1.003248093548621656e+00
1.003786869180737673e+00
1.004206603783672103e+00
1.002963564489970594e+00
1.003702983862192477e+00
1.002892798122501761e+00
1.003108951966651174e+00
1.003530095585514204e+00
1.003509323207806503e+00
1.003162321838657611e+00
1.002895723435556219e+00
1.004478946947585660e+00
1.003496379948622286e+00
1.003672368896447509e+00
1.003098037053837377e+00
1.004006499687690734e+00
1.003119839288211912e+00
1.003090184786930017e+00
1.003874679111395274e+00
1.004682415570624876e+00
1.003323090189171651e+00
1.004542218569456580e+00
1.003180302416930569e+00
1.002545328060650887e+00
1.003760227626166346e+00
1.002982236227722757e+00
1.003457522823448800e+00
1.003580506818572360e+00
1.004558528425668174e+00
1.003540914141446638e+00
1.003927633402233344e+00
1.003623752361038068e+00
1.004244423820893184e+00
1.002619146006585193e+00
1.003473880199508228e+00
1.002457075568632838e+00
1.004105587909887243e+00
1.003682003665811617e+00
1.003430594654793451e+00
1.002637938285800834e+00
1.003643483863375652e+00
1.004377123542399719e+00
1.003912947240267473e+00
1.004253089575538604e+00
1.002959458659109959e+00
1.002896055156089705e+00
1.003710845893059922e+00
1.002905955225121604e+00
1.004517688510286000e+00
1.002997859124290514e+00
1.002838109932490784e+00
1.003054898423377361e+00
1.003545454714649621e+00
1.003078956582981185e+00
1.004154084321956741e+00
1.002739801239415085e+00
1.004004785582076176e+00
1.003334083880793148e+00
1.004212982858588843e+00
1.002522638110075137e+00
1.003302336617529322e+00
1.003017955595030486e+00
1.003396800030090130e+00
1.003414190587964994e+00
1.002397517258701853e+00
1.004057549030556551e+00
1.002876045767699287e+00
1.003811540616900144e+00
1.002673660645658771e+00
1.003615761918345228e+00
1.003826733947429828e+00
1.003415761658807304e+00
1.003394533874565786e+00
1.004330233766483893e+00
1.003266722329519745e+00
1.002616692015062760e+00
1.003313449481258557e+00
1.003300910728303075e+00
1.003651643655999237e+00
1.003397097549322492e+00
1.003158109195668057e+00
1.004361822054588238e+00
1.002980265384904257e+00
1.003332897933100210e+00
1.002839178898043304e+00
1.004259734516993019e+00
1.004152684615539526e+00
1.003520452122028006e+00
1.002140089938834855e+00
1.003390224377896711e+00
1.003447631953320318e+00
1.002838937992535318e+00
1.003190671328235473e+00
1.004403857038804082e+00
1.002325182334248943e+00
1.003609459087623890e+00
1.003379173834158200e+00
1.004012230102964587e+00
1.002476598810655872e+00
1.003364683846029060e+00
1.003429809469497558e+00
1.005580882615611626e+00
1.002813275210591826e+00
1.002266156036286882e+00
1.002679985153508868e+00
1.002173095142405712e+00
1.002650736072425719e+00
1.004545862724618877e+00
1.003573111918392380e+00
1.003244547701240386e+00
1.003860654639549432e+00
1.003167099267955997e+00
1.003615907035798616e+00
1.003236478024923217e+00
1.003228783440265337e+00
1.002786069645295264e+00
1.002849608748174859e+00
1.003395512263525413e+00
1.003639610030067741e+00
1.003528722604942081e+00
1.004321530533115236e+00
1.004171701255059057e+00
1.004014338876289436e+00
1.003175588762238002e+00
1.003832728197046498e+00
1.004375576503722334e+00
1.004179115515210441e+00
1.003615165921528662e+00
1.002635616295693310e+00
1.004046810734098738e+00
1.002972723962803014e+00
1.004240233128091742e+00
1.004304440752886274e+00
1.004036866495073843e+00
1.002884518697638061e+00
1.004404466446424005e+00
1.002477362959933727e+00
1.003336549292828117e+00
1.003721019783063939e+00
1.004470761610292140e+00
1.002916778492104033e+00
1.004234833978679742e+00
1.003713263163040770e+00
1.004061990827191053e+00
1.003400186753651946e+00
1.002919236004960801e+00
1.003334912745379226e+00
1.003268278554094506e+00
1.003654043692754572e+00
1.003478034835716404e+00
1.002643571090632069e+00
1.005297271691279581e+00
1.004134080361397618e+00
1.003863019348560259e+00
1.003724531230816064e+00
1.004641666843333780e+00
1.004416122838010184e+00
1.004300324877259509e+00
1.003240070967827524e+00
1.003352842882200058e+00
1.003430806585958068e+00
1.003747954313951363e+00
1.002928160257945622e+00
1.004177090212369450e+00
1.003598549885739821e+00
1.003923027074623775e+00
1.004676662817799881e+00
1.002750510442242060e+00
