1.123615429532500487e+00
1.124229715609848412e+00
1.092282530821348630e+00
1.126618030092994882e+00
1.103466464688742210e+00
1.106673875253870287e+00
1.118329910921091797e+00
1.103132350541826012e+00
1.110553654281901670e+00
1.122673159158152023e+00
1.114975415688520766e+00
1.113482795414829640e+00
1.118428501154727250e+00
1.112052120239854780e+00
1.094066800646035675e+00
1.117726809462117776e+00
1.112717228788488999e+00
1.101528246001004963e+00
1.119696398839415519e+00
1.112884528638121484e+00
1.089805061537594710e+00
1.097276999265558217e+00
1.109981696610096380e+00
1.101517744688930600e+00
1.097210103097742362e+00
1.107176179557236129e+00
1.110212792933857218e+00
1.105656981682997086e+00
1.098495794562382555e+00
1.123411308266781372e+00
1.104500449486987890e+00
1.124071744532793904e+00
1.109142000495567437e+00
1.111685516033424470e+00
1.098503841660376956e+00
1.102961795859778160e+00
1.095936335018173224e+00
1.108603437591807683e+00
1.108184477360163900e+00
1.121635811870910215e+00
1.127422376815993443e+00
1.118824591903505139e+00
1.096952678637460155e+00
1.104584579114840315e+00
1.099173128771281371e+00
1.092889284700583774e+00
1.113644280569758394e+00
1.092759693673229116e+00
1.105126521157701269e+00
1.101685528337801978e+00
1.105442064717391704e+00
1.126558854817753641e+00
1.107597673834405105e+00
1.117364525864247726e+00
1.103299481089519807e+00
1.103917167790142040e+00
1.103821248335274507e+00
1.105288977509313098e+00
1.113485776760313906e+00
1.103763521898375899e+00
1.136399755824192059e+00
1.118685202655011590e+00
1.117530519852885318e+00
1.102962864095085260e+00
1.110723650377242633e+00
1.099513860245699082e+00
1.115285336224057344e+00
1.101838558123449552e+00
1.120423721876785406e+00
1.100715041367040348e+00
1.112161725968968895e+00
1.105826446896487569e+00
1.108790112167705733e+00
1.086918159210807255e+00
1.093762137208783569e+00
1.093676224244134909e+00
1.118807439930358250e+00
1.111107748452252908e+00
1.126676939570320446e+00
1.094352200711889767e+00
1.098523904175504606e+00
1.112155200989252801e+00
1.120682846244400288e+00
1.108304988534489777e+00
1.108585534142946250e+00
1.091316923775946135e+00
1.113498091162888226e+00
1.107887835027885348e+00
1.103031172767823032e+00
1.103144026020211443e+00
1.096903451666926488e+00
1.091093852007220200e+00
1.108592876385747106e+00
1.098336140291199081e+00
1.112195993534961458e+00
1.111256166153925529e+00
1.106859589478742523e+00
1.073607220003592655e+00
1.129761782468501563e+00
1.121802807569425520e+00
1.113964724884686897e+00
1.126338367821489772e+00
1.102422502369330592e+00
1.109981505393474954e+00
1.106375765031133440e+00
1.108142698809638560e+00
1.111016668570869559e+00
1.115821147746170361e+00
1.098544234531588337e+00
1.087829622237947325e+00
1.104482054289980253e+00
1.107052815873929674e+00
1.126814334888169622e+00
1.114458364161823090e+00
1.097377192954186675e+00
1.117369439615112592e+00
1.117283878085006066e+00
1.099552046597380484e+00
1.084942284176039884e+00
1.103376084914655664e+00
1.093574864402317548e+00
1.086875551752667812e+00
1.101616501622926014e+00
1.107768942078135366e+00
1.110884007336494284e+00
1.087741959419972870e+00
1.120635382472459307e+00
1.112379114579828965e+00
1.116322970324049368e+00
1.128578277698218058e+00
1.097968592375693664e+00
1.100091781224300513e+00
1.126859677926293601e+00
1.097273910138885533e+00
1.134200805026528869e+00
1.102959963960037371e+00
1.113098885665503746e+00
1.098080385918303925e+00
1.114032629431573662e+00
1.115240548926210495e+00
1.086806413246829583e+00
1.103374922639583700e+00
1.113173884917391998e+00
1.103045605596966627e+00
1.109651988880979268e+00
1.124704722567346771e+00
1.126044485793395333e+00
1.115808324716844213e+00
1.122709506633292387e+00
1.089344278969095026e+00
1.088708335416958439e+00
1.104328446708546130e+00
1.099685500483860379e+00
1.117045870489537185e+00
1.095808855941831306e+00
1.091154335643428341e+00
1.099684329059757548e+00
1.128464827118647262e+00
1.123423730911675467e+00
1.102126593477252392e+00
1.119692944435943360e+00
1.111605900144511994e+00
1.102450122603412686e+00
1.114217576163820889e+00
1.083377123956196453e+00
1.125577727239109427e+00
1.071173262956645944e+00
1.106786732077128965e+00
1.093916538485770529e+00
1.110586519783912651e+00
1.097922145631956559e+00
1.112457104667906149e+00
1.101329132332192096e+00
1.093524555085815253e+00
1.106834660479576682e+00
1.106071181642987566e+00
1.103880637433046097e+00
1.091017513314131326e+00
1.105786212072882746e+00
1.120521383358986656e+00
1.095936400526966059e+00
1.093625072330669079e+00
1.116581653792656059e+00
1.118915498563266997e+00
1.111280206940601145e+00
1.106253334491453355e+00
1.100463273367045192e+00
1.109694809879878674e+00
1.093269274852209039e+00
1.095874486292790939e+00
1.101362832576843198e+00
1.128287068167662888e+00
1.109173414380839828e+00
1.108250921286512369e+00
1.103371447567768504e+00
1.118610163094188259e+00
1.110332224848862070e+00
1.110688634399835673e+00
1.104527906751657795e+00
1.115303533998917684e+00
1.099459616178421362e+00
1.099479042432003117e+00
1.112142867424457560e+00
1.098699321210163893e+00
1.097253180128150207e+00
1.092502481153874827e+00
1.107867562461995359e+00
1.104393174509199271e+00
1.115177453777757455e+00
1.107934761813483160e+00
1.090937342848278480e+00
1.105304933588731497e+00
1.101325750198750120e+00
1.093679679207169242e+00
1.092125247763078066e+00
1.107188114659417133e+00
1.118896973031511921e+00
1.102894786265803395e+00
1.108532201954976149e+00
1.104409605647613368e+00
1.110249280259431259e+00
1.115072917044717560e+00
1.129724165508458666e+00
1.108517758415629606e+00
1.110907464049919025e+00
1.089472681559448874e+00
1.105082554839345255e+00
1.101011546218184423e+00
1.111820039330821519e+00
1.084905813257333929e+00
1.104001436782854118e+00
1.076415875853883541e+00
1.104225695446356514e+00
1.103097814903997609e+00
1.105350321142636094e+00
1.107198515319073540e+00
1.115613252331636218e+00
1.098570510092142127e+00
1.106718702825832512e+00
1.109244166099379703e+00
1.115998378892516074e+00
1.123771374780264454e+00
1.106470021186987340e+00
1.120479682090856022e+00
1.109908902707817724e+00
1.125635627153940499e+00
1.108836644785077929e+00
1.100625938075122656e+00
1.122541818075991182e+00
1.108887862877668828e+00
1.098470848542443035e+00
1.104068437379198464e+00
1.107462943121467758e+00
1.095579544426909413e+00
1.109888033732556512e+00
1.118298066301468330e+00
1.115422914421092315e+00
1.098832729812079689e+00
1.109464513026357624e+00
1.107971137270585382e+00
1.114317433342974395e+00
1.103875132741895859e+00
1.107710218382385703e+00
1.121705433958756881e+00
1.118935688544923313e+00
1.097733237456567146e+00
1.110706369327142395e+00
1.092724283189969725e+00
1.110399121087758401e+00
1.115727170607164531e+00
1.102845807475707929e+00
1.101884479661057847e+00
1.105387280047564591e+00
1.116152840013967085e+00
1.117021015765633285e+00
1.113288608918686196e+00
1.102556663756606881e+00
1.103467950455487179e+00
1.104516614106135775e+00
1.119594296447950166e+00
1.107114604545316183e+00
1.102209889513484642e+00
1.110542110629188173e+00
1.114709919228800361e+00
1.108772843192927793e+00
1.101389200780553024e+00
1.117814567428827344e+00
1.105881534585344106e+00
1.098281070960223316e+00
1.100881920223860666e+00
1.113784250336779857e+00
1.107763981239119788e+00
1.107225550922680934e+00
1.106921111369235211e+00
1.111211437315633876e+00
1.075025923870075006e+00
1.095067042183899275e+00
1.113269141350321734e+00
1.102185261926293958e+00
1.102588792359982861e+00
1.100178363995851560e+00
1.118798892177959692e+00
1.120159617503479144e+00
1.103562643562474577e+00
1.098647124309720446e+00
1.109495961838543376e+00
1.089008688068384911e+00
1.113111289891057565e+00
1.111739362701889000e+00
1.093999856453761188e+00
1.107934262663714309e+00
1.115044672893322986e+00
1.114863129105521544e+00
1.105333298692845689e+00
1.085226517723287376e+00
1.092085642069409834e+00
1.112828548506534787e+00
1.085731642110610684e+00
1.117477946359289431e+00
1.100877468983964880e+00
1.101001278932224103e+00
1.098354812845520945e+00
1.117172896944207183e+00
1.102567744053529308e+00
1.096569533676916786e+00
1.084611677754045544e+00
1.115104757689758364e+00
1.089384184427713453e+00
1.102367155396992482e+00
1.111604867919500306e+00
1.083883009368944883e+00
1.112929680050150028e+00
1.112725080712851922e+00
1.094994856731716038e+00
1.090862438733483097e+00
1.112287106523987879e+00
1.102349913252668179e+00
1.120148632890317186e+00
1.123435658411205962e+00
1.120632949049479299e+00
1.123690534833377663e+00
1.129980770220231800e+00
1.106166823296784951e+00
1.108314553600351582e+00
1.089633072547924630e+00
1.093496355716184754e+00
1.100316137588440490e+00
1.103534927710870583e+00
1.099104513541267591e+00
1.122820443391900680e+00
1.102334035378520927e+00
1.107748492647351757e+00
1.109227954157552709e+00
1.099275282429223788e+00
1.114704203616094791e+00
1.104548137963653254e+00
1.089918488169392630e+00
1.108687533086282873e+00
1.093094475049623204e+00
1.109362498285032084e+00
1.096520374296981348e+00
1.115043307589723698e+00
1.119265941112193685e+00
1.104918854283055474e+00
1.103317535626629375e+00
1.105439815187645669e+00
1.106479246978679942e+00
1.111570869042448617e+00
1.119009222054677233e+00
1.099682069881250168e+00
1.108206320969376879e+00
1.103188515569900163e+00
1.105053655124107026e+00
1.114498274176146442e+00
1.112968270208311239e+00
1.095018897231882615e+00
1.103601019396199368e+00
1.107336704233511160e+00
1.093009357799203496e+00
1.102916860703771373e+00
1.108678037321938481e+00
1.101284965021014806e+00
1.111478569892924151e+00
1.088184113699096400e+00
1.105034166841307286e+00
1.103476801434142285e+00
1.118078431563581665e+00
1.100287188641226432e+00
1.098494359347326421e+00
1.110834564878822261e+00
1.123783395210612879e+00
1.103394372115421129e+00
1.110101869056998813e+00
1.092276800339589515e+00
1.109946037720280332e+00
1.108793141753427358e+00
1.111696360184285748e+00
1.106996230241262147e+00
1.080514577895494543e+00
1.111833423988185299e+00
1.098161029334810745e+00
1.093328903372515315e+00
1.086322721273839775e+00
1.119367638387156028e+00
1.080548612210073811e+00
1.089666539504613452e+00
1.128220081211135817e+00
1.109871102857069802e+00
1.119689041641544813e+00
1.102812635596059243e+00
1.107856503340994392e+00
1.108612034396705415e+00
1.101020760956622713e+00
1.120121883695173182e+00
1.111856870431964905e+00
1.122355824856391848e+00
1.097907586733252838e+00
1.109664815614630484e+00
1.097498609448765094e+00
1.112568219896157506e+00
1.104915804235912402e+00
1.106808289423188096e+00
1.111867484149960950e+00
1.114403237358310372e+00
1.101210860932832158e+00
1.086810753283142361e+00
1.108455881435160606e+00
1.103563112279573932e+00
1.108828659816294637e+00
1.113902690540043317e+00
1.100675297148365095e+00
1.101730925508664471e+00
1.104337600086403803e+00
1.102420314757425857e+00
1.110838645994438822e+00
1.102638894476946074e+00
1.120364261278129714e+00
1.080559994144188352e+00
1.100785148234685096e+00
1.106631995743843966e+00
1.111060997506911452e+00
1.114895810533030218e+00
1.111805249252069583e+00
1.098826205627226216e+00
1.110346996727654245e+00
1.087966059629701387e+00
1.088792511172644639e+00
1.098297847599611909e+00
1.097896277641495111e+00
1.102674464426796730e+00
1.080814233146548675e+00
1.111323064084718926e+00
1.114331245408018978e+00
1.108209984349447286e+00
1.098876086702083255e+00
1.096722079170018294e+00
1.087952438118843457e+00
1.103881016015631822e+00
1.117029388302395843e+00
1.110023317683932254e+00
1.093457698511488996e+00
1.106705300213738141e+00
1.102868905041859415e+00
1.095904050230497306e+00
1.113329908368076993e+00
1.101899577586230805e+00
1.104359244261193362e+00
1.096400395351582846e+00
1.087191647521160265e+00
1.113628082873817426e+00
1.110072501921918864e+00
1.092036143499360623e+00
1.106950616319709368e+00
1.105241993027781922e+00
1.109425150786605085e+00
1.095136788638631842e+00
1.095900946366255013e+00
1.085127388447473029e+00
1.100081241480170835e+00
1.099570083936507237e+00
1.116222193430318033e+00
1.100279105680664227e+00
1.103454405094915547e+00
1.095472675224691050e+00
1.092709695632567035e+00
1.087629556668848085e+00
1.093414517397103713e+00
1.097671957414534827e+00
1.097532358301962274e+00
1.110641545280501408e+00
1.109232523257867031e+00
1.094355340749548544e+00
1.103031891524890007e+00
1.101771047372932522e+00
1.118363592934863204e+00
1.100637804872732772e+00
1.117048313585918606e+00
1.092086797506212292e+00
1.091189783789598966e+00
1.091744083400661314e+00
1.099647681334394500e+00
1.102489514982360808e+00
1.088373509224655811e+00
1.098008495664737350e+00
1.106096168553044157e+00
1.106639498633534169e+00
1.099285648323351516e+00
1.115095103577766311e+00
1.107662683137105031e+00
1.114439672003919357e+00
1.101653477956492821e+00
1.100600865628923009e+00
1.105844537942897610e+00
1.117188925846636094e+00
1.108479213230068261e+00
1.113894913514380081e+00
1.111915999890118689e+00
1.105489230911929077e+00
1.110122542941199830e+00
1.100153405725286193e+00
1.117775166546476129e+00
1.105538746693485397e+00
1.099956976368688721e+00
1.080310389041024166e+00
1.118438715441302467e+00
1.100264271940182059e+00
1.095865700968021939e+00
1.098915679384663280e+00
1.098488091296951685e+00
1.114903377968523790e+00
1.116705553661464956e+00
1.116213856150215955e+00
1.107977022177971227e+00
1.105159126556195748e+00
1.117250617978465810e+00
1.107611090994060188e+00
1.108958086703708545e+00
1.086344225704536370e+00
1.104406766861960820e+00
1.105595133408948216e+00
1.095795370651466261e+00
1.117137318190318584e+00
1.104257294139601164e+00
1.098521788510978592e+00
1.102603638693959942e+00
1.111858341912733250e+00
1.096356153959467505e+00
1.093580644189964479e+00
1.118896812395944629e+00
1.103245471808721900e+00
1.110274306645663511e+00
1.114422439384095131e+00
1.100815754674866254e+00
1.108296435823047599e+00
1.105236433020023057e+00
1.104220789219272136e+00
1.101591627987237088e+00
1.101291690244222687e+00
1.101692825773216811e+00
1.102955683410240750e+00
1.105302256237544301e+00
1.096337469597945091e+00
1.093421011379506869e+00
1.104843447533227385e+00
1.113991609319740839e+00
1.089675999257069927e+00
1.101252734726361204e+00
1.109127019009751969e+00
1.098115083262706015e+00
1.091469494218740177e+00
1.092942188242457258e+00
1.108992532785770591e+00
1.122476150009477980e+00
1.090033827687830525e+00
1.110050473721415409e+00
1.103841611190373273e+00
1.119337955888849878e+00
1.118216092000432260e+00
1.099301017321036689e+00
1.116126196087451339e+00
1.107525008686714996e+00
1.098069356194189439e+00
1.111740808759291488e+00
1.119660382832320389e+00
1.111169881139955296e+00
1.102820654895548147e+00
1.096696297053336044e+00
1.117675198533807590e+00
1.089960435147285134e+00
1.117586338171870475e+00
1.124383804903284823e+00
1.110642011774450877e+00
1.113035068921166326e+00
1.098299075046312412e+00
1.136702158003352059e+00
1.115467259953404788e+00
1.094218329918017707e+00
1.118599842217049778e+00
1.100195119894196827e+00
1.101294032856910743e+00
1.106310226549116704e+00
1.105594545415666374e+00
1.107468007675754817e+00
1.103039060464263921e+00
1.134500572576706112e+00
1.101309730487148197e+00
1.103946749091814894e+00
1.108496244174487444e+00
1.097667709758523458e+00
1.092194203885534787e+00
1.099334715738505386e+00
1.096495819863805732e+00
1.099803097449598033e+00
1.102112004150638924e+00
1.108752340001036396e+00
1.089583062770846933e+00
1.111645867166466406e+00
1.102246293504219876e+00
1.112472132593167018e+00
1.106298741057413437e+00
1.113622254412567347e+00
1.101213555675099043e+00
1.091154865926047046e+00
1.107376813018127626e+00
1.079844937613009703e+00
1.101148474456355775e+00
1.098136242822912223e+00
1.094528456431985486e+00
1.098502539076178008e+00
1.094840384941025535e+00
1.100425530173027022e+00
1.102475080417726350e+00
1.093324446202416533e+00
1.087693449727569206e+00
1.125023929384884269e+00
1.114484062604690795e+00
1.087467756728986545e+00
1.125155886006873107e+00
1.102292608027954479e+00
1.110481122222917394e+00
1.091533642646125735e+00
1.102744985694562141e+00
1.123182929030128507e+00
1.096588716148385378e+00
1.117385966300474154e+00
1.112639678453230196e+00
1.099048203651172173e+00
1.125778402096286879e+00
1.099855270216724357e+00
1.112982455061923615e+00
1.104480801896885023e+00
1.108351495906736206e+00
1.097203384711509910e+00
1.098427070479909062e+00
1.101328392598132533e+00
1.099044503098785874e+00
1.121548321527775949e+00
1.099283759342149391e+00
1.110262582003567866e+00
1.110046453031861224e+00
1.107728410060648594e+00
1.102869216432610600e+00
1.107270213261998704e+00
1.129198351389250066e+00
1.098274236551086247e+00
1.104014641927572482e+00
1.105073384939222025e+00
1.110212778511777909e+00
1.098623779497564401e+00
1.091126822321715206e+00
1.096918476003291953e+00
1.109647614581197095e+00
1.099172937794576921e+00
1.095706312974876750e+00
1.080547307053016270e+00
1.108835864165094609e+00
1.128219076174674651e+00
1.109743036998566357e+00
1.112887752390762319e+00
1.086704907594774783e+00
1.092983230804024375e+00
1.091193009800276004e+00
1.109606101810348688e+00
1.121097637151901028e+00
1.105929974203837762e+00
1.094492242045000507e+00
1.102754101659656705e+00
1.095121483714533550e+00
1.111214322708242719e+00
1.105531260859763609e+00
1.111979714194147428e+00
1.099331152100184061e+00
1.099161968825048685e+00
1.120890957497463480e+00
1.091586435586334725e+00
1.130031532020255414e+00
1.114751344956036005e+00
1.107129483871917675e+00
1.109949479066156153e+00
1.107901748728506108e+00
1.104637875479837605e+00
1.104408434805687067e+00
1.111498048915418924e+00
1.135705629633308789e+00
1.090911516284462035e+00
1.110590363472850672e+00
1.093985355989028463e+00
1.107382223452438641e+00
1.098182856654712491e+00
1.094022272482216618e+00
1.108441826600527369e+00
1.108156664530129287e+00
1.095959218797422752e+00
1.117200753943942360e+00
1.111507241234857890e+00
1.092105314329117949e+00
1.103216384538770578e+00
1.117443547143097460e+00
1.105733735292154574e+00
1.107464926180841136e+00
1.104293060697330020e+00
1.088944754162456174e+00
1.104907000208033452e+00
1.118090921652485248e+00
1.093736347694145739e+00
1.117870187571455398e+00
1.124286552763140712e+00
1.096226135862394813e+00
1.101462571104278032e+00
1.108776607949711446e+00
1.111906931421321021e+00
1.093911313560477661e+00
1.104811358747894268e+00
1.097765558510985118e+00
1.102232042883543039e+00
1.112736373722147398e+00
1.104601618616718017e+00
1.101489632382641970e+00
1.103877057184800003e+00
1.093434659045390278e+00
1.093496957519706658e+00
1.097788698936191576e+00
1.093745547682731800e+00
1.111710351942963859e+00
1.111249070815331308e+00
1.097153097664464561e+00
1.096152555324588551e+00
1.106695680153931827e+00
1.096722731793163153e+00
1.109768770635401580e+00
1.070512249883106559e+00
1.108344084567707277e+00
1.112062398973478805e+00
1.099311540523801867e+00
1.106362105853843314e+00
1.099518738217280633e+00
1.093508995143970930e+00
1.112876537789207809e+00
1.101490112664802901e+00
1.104198457538318801e+00
1.099356470714540901e+00
1.092100773764649091e+00
1.106523091364177258e+00
1.111853690191900723e+00
1.111871856551071236e+00
1.110660522179108600e+00
1.102715610740133689e+00
1.102958095563657759e+00
1.096778847583826488e+00
1.112756304255760220e+00
1.122730169255183208e+00
1.116002223217400946e+00
1.094549641110223126e+00
1.117284825713991125e+00
1.109294931101566739e+00
1.084600994545149577e+00
1.098529637698306471e+00
1.114962653989029162e+00
1.115811508240345917e+00
1.101844319846680298e+00
1.101396885386711322e+00
1.109992986306937546e+00
1.103966064741463082e+00
1.109196395530643420e+00
1.103246408117199318e+00
1.110509330357351665e+00
1.109391116631027074e+00
1.104442752757299528e+00
1.124713754924255626e+00
1.095661486867625101e+00
1.105600180133681221e+00
1.118003344669491916e+00
1.108959400118651795e+00
1.106019099255475924e+00
1.103556120139637109e+00
1.121485839475918844e+00
1.097707432463089994e+00
1.108736638416279563e+00
1.110875503569765721e+00
1.114379983529318885e+00
1.117802947298827787e+00
1.112956320391680354e+00
1.105329483570129945e+00
1.113318421890976406e+00
1.111629409106087873e+00
1.102615982720518417e+00
1.109082267897228524e+00
1.109288781119147416e+00
1.102967648012079138e+00
1.099761833908261544e+00
1.099993921514187178e+00
1.096151679183063443e+00
1.108131044353329875e+00
1.106242553407345452e+00
1.099689986014821708e+00
1.114399094669573875e+00
1.087837110768525406e+00
1.097978507058410491e+00
1.090506231874563969e+00
1.123600753514008455e+00
1.117694164232585496e+00
1.099817537561035286e+00
1.109102885922000015e+00
1.118125015772996056e+00
1.137736340723862094e+00
1.110616884226826029e+00
1.104012915618351354e+00
1.111375068990458681e+00
1.108825539805818439e+00
1.103464788097000548e+00
1.109040666018743959e+00
1.097187634114190402e+00
1.086946718313089866e+00
1.103060191980921756e+00
1.092850063501218161e+00
1.115551718861587771e+00
1.111768864265817669e+00
1.101914576291957548e+00
1.093868072004900771e+00
1.097787792346982094e+00
1.096221187104716943e+00
1.113973162360716751e+00
1.098174112569658911e+00
1.131812472852372853e+00
1.130522665679540850e+00
1.097166217155704615e+00
1.104714196035823104e+00
1.115683818979400277e+00
1.116793167293024691e+00
1.111242439469190879e+00
1.102410324122942153e+00
1.108153533584526285e+00
1.082754539126611570e+00
1.121075867807196369e+00
1.080150563377860751e+00
1.115247069713987127e+00
1.099444992262117671e+00
1.097727571365201493e+00
1.104002309759786415e+00
1.105405016228667714e+00
1.100573918539801355e+00
1.108073033349805003e+00
1.101987465555340551e+00
1.107304439814459807e+00
1.099658931074668944e+00
1.128005699314119203e+00
1.095759002856725672e+00
1.103099038758346806e+00
1.092104861212473077e+00
1.102034429944877214e+00
1.108929683251546061e+00
1.093408548926883661e+00
1.105995769989371214e+00
1.101489780018011677e+00
1.106073486904329828e+00
1.103865380765366222e+00
1.106636732177614268e+00
1.085491460725773516e+00
1.116198198238042671e+00
1.090023525532845650e+00
1.095494521565045343e+00
1.104296212714566128e+00
1.095421388448003075e+00
1.111643917899991063e+00
1.093046307298090936e+00
1.117504007209474848e+00
1.115511119967957487e+00
1.124794243115574632e+00
1.097270210477953256e+00
1.092638467751447795e+00
1.107654730990495162e+00
1.100426062362744428e+00
1.099639948525144906e+00
1.096563640544260254e+00
1.103641996529510783e+00
1.094011299420296401e+00
1.119673291881717603e+00
1.109286994299944817e+00
1.096724930619882077e+00
1.095990458025224212e+00
1.117792906788366736e+00
1.096411691350763329e+00
1.108234422604440939e+00
1.109050858847837606e+00
1.111333485263642951e+00
1.097442307957906538e+00
1.095134650186768921e+00
1.092017533967641896e+00
1.123666952782495176e+00
1.114871802172159310e+00
1.129951813571945740e+00
1.115547013470551407e+00
1.108934017050496657e+00
1.103041095344653666e+00
1.113540325350504734e+00
1.081382127699071383e+00
1.102140307178606005e+00
1.118119718052527523e+00
1.091306819718433463e+00
1.110865444916018907e+00
1.104063910176320329e+00
1.083403500892172744e+00
1.115179643950565236e+00
1.100973926072745135e+00
1.108219769550306433e+00
1.102615851254581836e+00
1.109763888469555759e+00
1.090821112056616915e+00
1.103223805863124074e+00
1.109288699293563996e+00
1.119394538788452076e+00
1.100899475620296109e+00
1.103857827789662238e+00
1.088660172187253083e+00
1.099749515736776928e+00
1.092207185241340639e+00
1.088114539514329904e+00
1.093616770396671711e+00
1.108241705394504839e+00
1.104536301815090660e+00
1.103251325411537476e+00
1.106832984857417879e+00
1.119824653079299237e+00
1.109432321884813444e+00
1.099234720374182572e+00
1.094517754678038912e+00
1.104150942756520593e+00
1.111969820960429844e+00
1.100362139550502549e+00
1.090265009326010004e+00
1.089514073614642475e+00
1.137893846499907102e+00
1.132477449713066520e+00
1.083913296128079073e+00
1.099836304296962775e+00
1.111554644587973817e+00
1.112505466149755540e+00
1.110110562114230204e+00
1.109488654167109400e+00
1.104170282268273962e+00
1.104090895944703776e+00
1.100524350599659806e+00
1.087606657357322204e+00
1.101488899872650640e+00
1.113060695276886447e+00
1.105122711318372586e+00
1.096450791273099856e+00
1.119204132205932067e+00
1.088271679057832175e+00
1.104816571086769450e+00
1.097543129492277725e+00
1.128155299865827521e+00
1.103083446797857192e+00
1.092074125789076700e+00
1.098531070906011431e+00
1.086240759690483282e+00
1.114164043257911407e+00
1.106018326667687068e+00
1.112961698181011538e+00
1.108554070759392607e+00
1.101112875250971790e+00
1.119961139701273423e+00
1.116169509293167605e+00
1.092225320175000736e+00
1.089500854371606042e+00
1.102834119850114147e+00
1.101065058751765413e+00
1.108111888289689206e+00
1.103709613693607094e+00
1.109339955629020880e+00
1.122044702876680455e+00
1.117601456321815734e+00
1.106400811889370006e+00
1.116211353837933462e+00
1.103529705184003840e+00
