1.003680715046616490e+00
1.003263316375274439e+00
1.003136907373125775e+00
1.002203044671570398e+00
1.002228358918867412e+00
1.003018579668007337e+00
1.001712423168117372e+00
1.002385477868853458e+00
1.002391809533091260e+00
1.003192752205730454e+00
1.002520628658005064e+00
1.004079863439945264e+00
1.002470986603062553e+00
1.003657293400960659e+00
1.002515964915609015e+00
1.002233564179124015e+00
1.002407890822042846e+00
1.002555971549496050e+00
1.002787585490810152e+00
1.003154050893075411e+00
1.002095395903350061e+00
1.002559690082399424e+00
1.002271784367619434e+00
1.002353324891764874e+00
1.002722457558030245e+00
1.003132271053969848e+00
1.002497986098546345e+00
1.002573956060764937e+00
1.002153474427079249e+00
1.003537516657986517e+00
1.002163032699374456e+00
1.001812362437141779e+00
1.001589371331091050e+00
1.002106190712324540e+00
1.002396273154652073e+00
1.001937382067511706e+00
1.001877193936012489e+00
1.001235516000937631e+00
1.002283894259813124e+00
1.002662453630108086e+00
1.001780155721813781e+00
1.002736658839640915e+00
1.001989197599595594e+00
1.003138906169530831e+00
1.002988141999059835e+00
1.002498138869988953e+00
1.002296079043860866e+00
1.002764571225203349e+00
1.001885111956773988e+00
1.003524281902885118e+00
1.002226435551197170e+00
1.002270237861603519e+00
1.003283640797184795e+00
1.004048693758180510e+00
1.001517141476947259e+00
1.002392322099212807e+00
1.002085463457379033e+00
1.001607720963341830e+00
1.003681829139693393e+00
1.002454738532904344e+00
1.002212241169535334e+00
1.002785853519691850e+00
1.001764036373052225e+00
1.002219135599389910e+00
1.004950440044502180e+00
1.002634989764922713e+00
1.002689492900760149e+00
1.002393558444801380e+00
1.001250234312111687e+00
1.003257618861058686e+00
1.001781751237746265e+00
1.002010653983179456e+00
1.003169939463946614e+00
1.002144069708134966e+00
1.003364712040687445e+00
1.002065035360675704e+00
1.001832032103623593e+00
1.001468022143263470e+00
1.002327221538569457e+00
1.004463508985951048e+00
1.003180371716973385e+00
1.001753923929160850e+00
1.002744763123790017e+00
1.001382827949574450e+00
1.002398490787302476e+00
1.002473172263787404e+00
1.003526459379090241e+00
1.001865873340209490e+00
1.003194009539478460e+00
1.002538218567805783e+00
1.001819821838279889e+00
1.002190699954350617e+00
1.002950982163974603e+00
1.002763628957272557e+00
1.001705348457716305e+00
1.001598490546027787e+00
1.003539276929607871e+00
1.002006611105966671e+00
1.001766135154429582e+00
1.002000117926374667e+00
1.003117966819559559e+00
1.001502934825977187e+00
1.002251232872110931e+00
1.002163456072671543e+00
1.003080066856692376e+00
1.003119067074888182e+00
1.002381944844590755e+00
1.002285985361234699e+00
1.001953428297855275e+00
1.005185494308115102e+00
1.002412377999737148e+00
1.002685306475536109e+00
1.002816431365556316e+00
1.002161476139827645e+00
1.002909454601614181e+00
1.003158736114109439e+00
1.002912253118444674e+00
1.002247926431192315e+00
1.003837787029798090e+00
1.003098708135113037e+00
1.001455405096040696e+00
1.002521335072054987e+00
1.003790290105459171e+00
1.002301109763797937e+00
1.002939003574821353e+00
1.002050775066274380e+00
1.002368523114322896e+00
1.002536817029259231e+00
1.001823114143671090e+00
1.002440263058284264e+00
1.002938284800956037e+00
1.002027785596390830e+00
1.002234355776880692e+00
1.001794286133049772e+00
1.001691121615475133e+00
1.002162550821519282e+00
1.002047824765304407e+00
1.002921784603442834e+00
1.003173641343027445e+00
1.003207858200088065e+00
1.003392348334184003e+00
1.003442623161290292e+00
1.003347146600139794e+00
1.001570218471733886e+00
1.002106567842344642e+00
1.001508666385392488e+00
1.002723352867567419e+00
1.002444447029479768e+00
1.001966085537298490e+00
1.001941396335496837e+00
1.002820436966497475e+00
1.002789706241577150e+00
1.001957130783442729e+00
1.002921547437481520e+00
1.004466224275885944e+00
1.002474676190018732e+00
1.002431591469161276e+00
1.001826685291258512e+00
1.002036041279701806e+00
1.002270268899858596e+00
1.004433064206185611e+00
1.005264538472062652e+00
1.001969594846155998e+00
1.002297155398140793e+00
1.002825648977112571e+00
1.002676884910055799e+00
1.002006530156790642e+00
1.002045861351364087e+00
1.003426668499637131e+00
1.003596197291955816e+00
1.001805040383628498e+00
1.002657398209053641e+00
1.002438350052935911e+00
1.003289725663352394e+00
1.002184043549451564e+00
1.003005459898332674e+00
1.002733792416894865e+00
1.001737952234330820e+00
1.002372381507445898e+00
1.003121007173132684e+00
1.001940886992435997e+00
1.002210887784713123e+00
1.001990482500439539e+00
1.002423159967527067e+00
1.002929611188069448e+00
1.001647242351549005e+00
1.002841572387401570e+00
1.002790828676803470e+00
1.002799589375991784e+00
1.002766519884281005e+00
1.002169755923381533e+00
1.002360920004317091e+00
1.002769212348112671e+00
1.002603864920253551e+00
1.000954763702911476e+00
1.002724288770735939e+00
1.004558195703250112e+00
1.001907355797485799e+00
1.003023892111204018e+00
1.002939751423544523e+00
1.003977380466226421e+00
1.003056157866486719e+00
1.003146699553075782e+00
1.002381888248489616e+00
1.002439268365156400e+00
1.002863314511440729e+00
1.001957620194223963e+00
1.001463165904395325e+00
1.003405432286453181e+00
1.001934985320295901e+00
1.003948427285949352e+00
1.003731637866827509e+00
1.002263796785677119e+00
1.001669373996982415e+00
1.002316160149093083e+00
1.001935428026369701e+00
1.002191719832488781e+00
1.002902951968191791e+00
1.002587882081232173e+00
1.001182211161421920e+00
1.002254051591512818e+00
1.003042036844541851e+00
1.002008122293574610e+00
1.001970847933525866e+00
1.001731598562188630e+00
1.002113649990476807e+00
1.002094912415944838e+00
1.003360335150216276e+00
1.003496031745787942e+00
1.002772480927046628e+00
1.002441204228147864e+00
1.003903989749439285e+00
1.002681011947684775e+00
1.002614081416171699e+00
1.001702615016859532e+00
1.002875025876854398e+00
1.002145348619220222e+00
1.004494611487505074e+00
1.002626561636590141e+00
1.003000012866931634e+00
1.003238651530195868e+00
1.002369821472517408e+00
1.002445127019322868e+00
1.003528307978443168e+00
1.004049285479863940e+00
1.002737041661726947e+00
1.002709444968497454e+00
1.002407320660314127e+00
1.002293775523136254e+00
1.002651320512562227e+00
1.002641321928937623e+00
1.002303569711882281e+00
1.001737647077636684e+00
1.001777163841897744e+00
1.003288456809901641e+00
1.002231952461478004e+00
1.001725657492454680e+00
1.001368929143059638e+00
1.002798721729642573e+00
1.001895814524428774e+00
1.002827719344276725e+00
1.001854966018328463e+00
1.001670303583415578e+00
1.004014768495008481e+00
1.001489187199310127e+00
1.002463089302494836e+00
1.001499615366412854e+00
1.003108875338130312e+00
1.002310721411799443e+00
1.001827657168947061e+00
1.003151724451044391e+00
1.004054841351197602e+00
1.002574679583137396e+00
1.002335323761281760e+00
1.003320553080251809e+00
1.002168177836897600e+00
1.002133710524897525e+00
1.001963961701132444e+00
1.001907319549898867e+00
1.004334986545463604e+00
1.003275741751462613e+00
1.001936018174367948e+00
1.003573950985273688e+00
1.002947315869550993e+00
1.001667249374091684e+00
1.002448743215834215e+00
1.001872845743763119e+00
1.003882027724489090e+00
1.002777557668368180e+00
1.002702646624141769e+00
1.001774475428139466e+00
1.002442159393842847e+00
1.003301782712192836e+00
1.002231107418059430e+00
1.002854419664410246e+00
1.002310999676429226e+00
1.002463805685084974e+00
1.004653979239365391e+00
1.003221996034041386e+00
1.002389657266217426e+00
1.001788384542146471e+00
1.001742587108128912e+00
1.003556713772311815e+00
1.003394786157788987e+00
1.002793759380770977e+00
1.002163206550409136e+00
1.004042878405156269e+00
1.001942789964842762e+00
1.002801472012956996e+00
1.001620528751107742e+00
1.003349792110083571e+00
1.001591957690451951e+00
1.002944642864441516e+00
1.002028871961797130e+00
1.002390732953394537e+00
1.002908262268856099e+00
1.002876323278492077e+00
1.001716871376753915e+00
1.003358075645515157e+00
1.002276489723717745e+00
1.002505276559261471e+00
1.004755606101549237e+00
1.001929302190820437e+00
1.003575233248794385e+00
1.003019943916508172e+00
1.002703819321747236e+00
1.002322787395249382e+00
1.002141572652295087e+00
1.002499435419744733e+00
1.004054615487461444e+00
1.002878716767279466e+00
1.002937991152515806e+00
1.001051563158061875e+00
1.003324694683793927e+00
1.003382591783982702e+00
1.002373485536558695e+00
1.001533016664890141e+00
1.003289946806206201e+00
1.004091420464607198e+00
1.003779659251190504e+00
1.003354724640318496e+00
1.003892598146274073e+00
1.003489625121541273e+00
1.001936203459971475e+00
1.002528788329735354e+00
1.002587636642683355e+00
1.004607434732875504e+00
1.002068937655829384e+00
1.003213046359556770e+00
1.002094588588564372e+00
1.002852987663415796e+00
1.003709604858174398e+00
1.003468457404092851e+00
1.002771870817045663e+00
1.002434543982777981e+00
1.002559674591378736e+00
1.002881311651326213e+00
1.002941079083302656e+00
1.002652091542818757e+00
1.002383468161508917e+00
1.002432290338009624e+00
1.001860034954133782e+00
1.003574990556267199e+00
1.004048554701246987e+00
1.002399821495017829e+00
1.002285737675314037e+00
1.001007688712392651e+00
1.003433984508490306e+00
1.002424033493935385e+00
1.002693030901718130e+00
1.003277997287377987e+00
1.002862062690328848e+00
1.004258350401433963e+00
1.002827766900620921e+00
1.003642217164671724e+00
1.003509999283862530e+00
1.002494846698833264e+00
1.001868074322364244e+00
1.001903042668491173e+00
1.003006057994342504e+00
1.002575566894763126e+00
1.001930134661259020e+00
1.003969438011883097e+00
1.002879343662586686e+00
1.003077013010854390e+00
1.003778321970041576e+00
1.002225355095166526e+00
1.002168867166314925e+00
1.004328081895468738e+00
1.002072400375360495e+00
1.003241679818853038e+00
1.003038884840427247e+00
1.001553643248047853e+00
1.002363639062235690e+00
1.002228299500286468e+00
1.002067511832823943e+00
1.002349466524895760e+00
1.001717811477411457e+00
1.003737034195370414e+00
1.001804252827272368e+00
1.002677900984096482e+00
1.001750012929305100e+00
1.002218271942106442e+00
1.001665545326883455e+00
1.003030759605309852e+00
1.002159384087512262e+00
1.002829707552118421e+00
1.002280915741073253e+00
1.002401711091943870e+00
1.004347881008828214e+00
1.002473146961082806e+00
1.001935702448056187e+00
1.001731592661756709e+00
1.001623193594514349e+00
1.003870416460420412e+00
1.002331615210067417e+00
1.003275613933402921e+00
1.002725373753356353e+00
1.003521418985344971e+00
1.001812904073138499e+00
1.003104596012288852e+00
1.002344664214103398e+00
1.002177262414853054e+00
1.003968733529385426e+00
1.002814148299998376e+00
1.002441181879665688e+00
1.004916920694579829e+00
1.001398095329755433e+00
1.001998193594131781e+00
1.003733251666251602e+00
1.001884112158775597e+00
1.001437898939779636e+00
1.002710339654982352e+00
1.002473253427199396e+00
1.003661093993978515e+00
1.002258663617769718e+00
1.003407960965870593e+00
1.002356167981000912e+00
1.003422894837801893e+00
1.001738210863928780e+00
1.001863146845038521e+00
1.003520735855599089e+00
1.002734321198687661e+00
1.002881371726382920e+00
1.002684589131552340e+00
1.002601343559440084e+00
1.002534552167470672e+00
1.001981583882405547e+00
1.003135224157628347e+00
1.003866416982843957e+00
1.003115362180049264e+00
1.004373879538717595e+00
1.004328180544192817e+00
1.003368241247712955e+00
1.001420933150866110e+00
1.003024993026066181e+00
1.002224452720649639e+00
1.003410831945632520e+00
1.002310963942859567e+00
1.002860691430706108e+00
1.003640337819411865e+00
1.002439912037901948e+00
1.003477913424077217e+00
1.003919015688866878e+00
1.002574896984757435e+00
1.002686052468617861e+00
1.002741498696530620e+00
1.002652778520598531e+00
1.001603349415419952e+00
1.001796783133291679e+00
1.002022257393802462e+00
1.003475786244264922e+00
1.001299749104610948e+00
1.002653661867732415e+00
1.004814923241384328e+00
1.002221458857697201e+00
1.002989701954462243e+00
1.002591701284405890e+00
1.002511749698551391e+00
1.002154601061801875e+00
1.004189778957556456e+00
1.003303329922924814e+00
1.003133425046154104e+00
1.002061656450774274e+00
1.004635360328268723e+00
1.003720933461156095e+00
1.002169636026328581e+00
1.002512466462601060e+00
1.002637783178970787e+00
1.001859592841599644e+00
1.003194529367482213e+00
1.002543710656585541e+00
1.002876013246748466e+00
1.002916183613901335e+00
1.002298662959504094e+00
1.003008989303792786e+00
1.001815846705945923e+00
1.002468575715045773e+00
1.003258715484879549e+00
1.004061356014540829e+00
1.001901667278988439e+00
1.002486571055956288e+00
1.001350060796677210e+00
1.001217454209099467e+00
1.003229667387113500e+00
1.002190197342543776e+00
1.002256013322716299e+00
1.002497170905430890e+00
1.003768466694606065e+00
1.001538519394820081e+00
1.003138294978765943e+00
1.001315489528737057e+00
1.003045524468755723e+00
1.002622699818825014e+00
1.002705706208920855e+00
1.001974986905022069e+00
1.001843135783223815e+00
1.002974848201733327e+00
1.003132766691760880e+00
1.001145423400305656e+00
1.004276908060794726e+00
1.003509429051513413e+00
1.003178683267870630e+00
1.002015023542199179e+00
1.002740998415171392e+00
1.003015052377388416e+00
1.003064028851370137e+00
1.002547972688828670e+00
1.001823076778436628e+00
1.002658486826734086e+00
1.001768707472594722e+00
1.002065326586108140e+00
1.001791732034434945e+00
1.001897956751164775e+00
1.002717977045786801e+00
1.003462058573241444e+00
1.003964646739307964e+00
1.001121433898049418e+00
1.004290135076695512e+00
1.002344165003063781e+00
1.002629830008417322e+00
1.002390451090557688e+00
1.003437833901036358e+00
1.001809367094337322e+00
1.003731294618993575e+00
1.002137537459216965e+00
1.001929020645948798e+00
1.003692296031192255e+00
1.001865283941364870e+00
1.001844959444201599e+00
1.001681559613606165e+00
1.001724338902563627e+00
1.001989797075770072e+00
1.002551363076431112e+00
1.003565974464225796e+00
1.002740725424242640e+00
1.001769642007439121e+00
1.004425068901424689e+00
1.003330580578159381e+00
1.003585718209196287e+00
1.003032776008685012e+00
1.001813779044296693e+00
1.004396834643985548e+00
1.001929100537678252e+00
1.002788813084167341e+00
1.003208109538789250e+00
1.003157161359811367e+00
1.003654820822567295e+00
1.003527793917484257e+00
1.002360731543988859e+00
1.002307241961112982e+00
1.001374689119167050e+00
1.002887464957745944e+00
1.001502992554828664e+00
1.001659534035885590e+00
1.002224226631093007e+00
1.003064388887758840e+00
1.004782911623272268e+00
1.002426242435920045e+00
1.003499434424869552e+00
1.001697940817465771e+00
1.002251055209355091e+00
1.002114326612350670e+00
1.001789171328792083e+00
1.001816488209337885e+00
1.001864830424855635e+00
1.003169079725713342e+00
1.003285591014510869e+00
1.002912213593261770e+00
1.002692771042541064e+00
1.004444466387973911e+00
1.002567091022120493e+00
1.003131622802861056e+00
1.001861326361160875e+00
1.003674504140764201e+00
1.004294140811401448e+00
1.001732232609187312e+00
1.003595174169352511e+00
1.001842155096566600e+00
1.002795264016308696e+00
1.001527882351177734e+00
1.003390293239106557e+00
1.002060490690596550e+00
1.003615036449687192e+00
1.002442745132904989e+00
1.002805708988838695e+00
1.001975676349204036e+00
1.001894746813206227e+00
1.003115216234497842e+00
1.001476426905582251e+00
1.002678179867438013e+00
1.002278703553135308e+00
1.002644690369085323e+00
1.002882890952606632e+00
1.002706777502230473e+00
1.003744158560550659e+00
1.001713666582094264e+00
1.003060967754215493e+00
1.003477361892948450e+00
1.001651177631519118e+00
1.001459129156837990e+00
1.002551906675026139e+00
1.002680752949293375e+00
1.002584523032221897e+00
1.001607521867292405e+00
1.002940004245864936e+00
1.003909807268459353e+00
1.002744995710690423e+00
1.002790649383748622e+00
1.002893925554444676e+00
1.002273010115869001e+00
1.002636738122776316e+00
1.002835724693634800e+00
1.002341220842106084e+00
1.002322584609186995e+00
1.003022316850386897e+00
1.002184854020057969e+00
1.003374276155305056e+00
1.003274062266745092e+00
1.003333155410951472e+00
1.003388367460597452e+00
1.001367547380442868e+00
1.001510269009288079e+00
1.002231826300966855e+00
1.003094819619124056e+00
1.002865742782274028e+00
1.001751642490032568e+00
1.002867964033055115e+00
1.002220020363256747e+00
1.003164216800353836e+00
1.001567313762437239e+00
1.002363519568635786e+00
1.002848283718000832e+00
1.003605962426860732e+00
1.002797529221715944e+00
1.002570347398258122e+00
1.002401995563476422e+00
1.002785168093634827e+00
1.002606796096739084e+00
1.002307317171522882e+00
1.002569869669997171e+00
1.002214502943431507e+00
1.001627156277732356e+00
1.003497249963392512e+00
1.002910335166720124e+00
1.003067083263268433e+00
1.001550340591061961e+00
1.002984715057898546e+00
1.003368710661752816e+00
1.001871912163896594e+00
1.001735528295074840e+00
1.002848060754266912e+00
1.002504931307821145e+00
1.001900959026513105e+00
1.001447140546922299e+00
1.002057386695381025e+00
1.001860266694786894e+00
1.001926219238964633e+00
1.003328858638526944e+00
1.002671341254832704e+00
1.002469545446985189e+00
1.003133920099781973e+00
1.003334732877962265e+00
1.000928176020901228e+00
1.002183682317258739e+00
1.003226860253189745e+00
1.002821739144698965e+00
1.002696853154930956e+00
1.003442776272467141e+00
1.003755237412127910e+00
1.002621002439835207e+00
1.003155007949951827e+00
1.002562654661914632e+00
1.003213026264662133e+00
1.002164706117120163e+00
1.001362089090427565e+00
1.003386168413978874e+00
1.002548269633044775e+00
1.001979433754515592e+00
1.002827424056235150e+00
1.002917502750996226e+00
1.001849810960497855e+00
1.001814950647697655e+00
1.001293952042206392e+00
1.003189522796568145e+00
1.002071150334530536e+00
1.003061288206362089e+00
1.003326600588998696e+00
1.002270165036422078e+00
1.003264317682694751e+00
1.002035920870892660e+00
1.004023876710941510e+00
1.002140144987607284e+00
1.002540522692016323e+00
1.004411313122842486e+00
1.002409996026106809e+00
1.001755988187473356e+00
1.002376721032208318e+00
1.003317048301626269e+00
1.002597645513373381e+00
1.003080644235498919e+00
1.002247733156042875e+00
1.003169568945802226e+00
1.001585367636435020e+00
1.002083106729520168e+00
1.003643457237647141e+00
1.002501861289154084e+00
1.002502240553097002e+00
1.002001736226555639e+00
1.002426846355420231e+00
1.001917331102080366e+00
1.003320898814318962e+00
1.002494979870325098e+00
1.002105433048382954e+00
1.001999150792733495e+00
1.003366863013372079e+00
1.002071144478815734e+00
1.003042662707881227e+00
1.002920217240122369e+00
1.002160944450270375e+00
1.003408159820904144e+00
1.002573934164736835e+00
1.001258516787535635e+00
1.004666291024590929e+00
1.002465506665882300e+00
1.002819152897574062e+00
1.003066794412512897e+00
1.003005996501128205e+00
1.002483535392193037e+00
1.001717169842826882e+00
1.003201448979647026e+00
1.001878757719766089e+00
1.001967414511366172e+00
1.002012652168440487e+00
1.002895834767751015e+00
1.003424790972291536e+00
1.004366582059127655e+00
1.001879744045358844e+00
1.002413906729274773e+00
1.002057940939240055e+00
1.003651667734563935e+00
1.002426545624665710e+00
1.001936245109764201e+00
1.002852504474935014e+00
1.003356650933063809e+00
1.002170930698357276e+00
1.001621528318073828e+00
1.002420043408172701e+00
1.004809038373101648e+00
1.002219298687122784e+00
1.003444637752364255e+00
1.003171233830542741e+00
1.003126044067965461e+00
1.003012667490598808e+00
1.003202584574458101e+00
1.002090305376116763e+00
1.002546367723253784e+00
1.002940029505185571e+00
1.004898238077705175e+00
1.002982343398493459e+00
1.002450117316045164e+00
1.001996021039348150e+00
1.001206858851215076e+00
1.002830242510963865e+00
1.002354908791399879e+00
1.003188697547293007e+00
1.003559736210774211e+00
1.002897195871893299e+00
1.001922935982819896e+00
1.002305171647667636e+00
1.002378998167198665e+00
1.002392936961399084e+00
1.002499995042163139e+00
1.002897341215705840e+00
1.002571737152317954e+00
1.002607707071913268e+00
1.003572365801178812e+00
1.001983333807169751e+00
1.003921491990589665e+00
1.002326957049183731e+00
1.003268293712841874e+00
1.002543023221829310e+00
1.002888250002846426e+00
1.003691673355484371e+00
1.003107889808644959e+00
1.003908967923748952e+00
1.002383578582517254e+00
1.003347677877613364e+00
1.002433159408476770e+00
1.002474686996265518e+00
1.001498198717828414e+00
1.003469574871325820e+00
1.003121491494742834e+00
1.002773412480598481e+00
1.002813507544217941e+00
1.002984717082552102e+00
1.001685561784757983e+00
1.004154071584102859e+00
1.003234484812474125e+00
1.002102759217531780e+00
1.003556901665916712e+00
1.001834644299707699e+00
1.001714370324377379e+00
1.001418409106185958e+00
1.002500482990146713e+00
1.002120743225143995e+00
1.004366535496179935e+00
1.002341195908543092e+00
1.004049238723809578e+00
1.002155209180847661e+00
1.002483168476334230e+00
1.004208727987730976e+00
1.002915934603179959e+00
1.003012328956860433e+00
1.002086596215213232e+00
1.002807443914138341e+00
1.003782833387641737e+00
1.002073090737893635e+00
1.002789763602843998e+00
1.001846423511570716e+00
1.003085433076104538e+00
1.002845225797199591e+00
1.003353244756473917e+00
1.003187340004895622e+00
1.003183142597519284e+00
1.002582366736415320e+00
1.003211736862087644e+00
1.002259612747873563e+00
1.001256677779038373e+00
1.001672525382076406e+00
1.002722509133016970e+00
1.002745406167640629e+00
1.003567758023159007e+00
1.001837510488899019e+00
1.003255257532267519e+00
1.002484269619170254e+00
1.001516822702098519e+00
1.001668847617393832e+00
1.003121798009256826e+00
1.002917436797932993e+00
1.002178514860853742e+00
1.003186008889327185e+00
1.002272889646191878e+00
1.003073336342208632e+00
1.002122240411739140e+00
1.003465801409658242e+00
1.002194836015405155e+00
1.002796629424469677e+00
1.002500550127478629e+00
1.002251139626303855e+00
1.002225663906996633e+00
1.003137656076549034e+00
1.002324429357878133e+00
1.001735912581882770e+00
1.002861748948854270e+00
1.002205627834054313e+00
1.002592037269103509e+00
1.002306108785084415e+00
1.001375692737508594e+00
1.001219425231863136e+00
1.002786257574963091e+00
1.002257192445734191e+00
1.002234877428908044e+00
1.003505846443547345e+00
1.003026493239255634e+00
1.002246237323163092e+00
1.002895097367372923e+00
1.003591522616765319e+00
1.001923210257229302e+00
1.001665153452521162e+00
1.001591568201356530e+00
1.002638185332137999e+00
1.001921923999962827e+00
1.003424421849252957e+00
1.002683740783334443e+00
1.003749860338633670e+00
1.001698359328336618e+00
1.002997755567325955e+00
1.002565963185496178e+00
1.002961242290474342e+00
1.003311645711491451e+00
1.002373773155580405e+00
1.003056115024491435e+00
1.002068300046538241e+00
1.003056356906091073e+00
1.002975822640062686e+00
1.002907673998276961e+00
1.003463310455952051e+00
1.003724356477247559e+00
1.004663157612874613e+00
1.002169281013824964e+00
1.001442595394518298e+00
1.001674018360010354e+00
1.004044683701160956e+00
1.003800599084966994e+00
1.001264159732736969e+00
1.003401864975397517e+00
1.001695865545414899e+00
1.002454335844556566e+00
1.003076687121865040e+00
1.001906152210672474e+00
1.003580262797439282e+00
1.003729304059554073e+00
1.001921911949163135e+00
1.001666700498484941e+00
1.003547964254210445e+00
1.002480296387641134e+00
1.001994184684183775e+00
1.002444532843628222e+00
1.002364901674950515e+00
1.003211764723085819e+00
1.003976939454761519e+00
1.001894158840074045e+00
1.002778034690579023e+00
1.003553122460590030e+00
1.002321481776639711e+00
1.002963244388186625e+00
1.003235362049256674e+00
1.002649337725541434e+00
1.003491175156687509e+00
1.002620317852344511e+00
1.002687630076652958e+00
1.004397018964122479e+00
1.002667758834627776e+00
1.002896417324122602e+00
1.001949006135870679e+00
1.002032431084118658e+00
1.003970986192354919e+00
1.002615553768803514e+00
1.002650362401602324e+00
1.003014390807007050e+00
1.002656384969288883e+00
1.002536137290908735e+00
1.002299392073464857e+00
1.004500984956554488e+00
1.002715733507024920e+00
1.003268304412807677e+00
1.003648793417178275e+00
1.001716251344540565e+00
1.003289155567281821e+00
1.003271151570812370e+00
1.003087282187696827e+00
1.004132880052621246e+00
1.002230144248558608e+00
1.003189275823436422e+00
1.004309287285528374e+00
1.002655384811504291e+00
1.003403413666342114e+00
1.003288493314648644e+00
1.002675490522944468e+00
1.001942331254608964e+00
1.003769383187974151e+00
1.001678755899933826e+00
1.000960520339394533e+00
1.001882097100778912e+00
1.003540154362153825e+00
1.002889008670225346e+00
1.003530688064014242e+00
1.001951015350800001e+00
1.001455660992345953e+00
1.003276375974689882e+00
1.002948655162731129e+00
1.002616352823833878e+00
1.001287074401769006e+00
1.002800536681713872e+00
1.002576060121783019e+00
1.002742616696419065e+00
1.002828525581461294e+00
1.001642695599858746e+00
1.001692028963142800e+00
1.002623588348144912e+00
1.001743148336162736e+00
1.002547820513286059e+00
1.002277768101684119e+00
1.002705353176938541e+00
1.002343419015749193e+00
1.002145399206876064e+00
1.001185164660878035e+00
1.001856006823050649e+00
1.003028618619971279e+00
