1.086535424091461088e+00
1.054187845831584758e+00
1.098415300365950920e+00
1.110296611678917245e+00
1.061837075288676768e+00
1.090374346820272899e+00
1.063661108553107582e+00
1.104052482428832027e+00
1.082940265387850598e+00
1.146834659577851578e+00
1.056483138650323284e+00
1.103290901315406414e+00
1.099920046302588439e+00
1.104451798929088957e+00
1.109963286290705398e+00
1.109714246362126566e+00
1.088429993416046404e+00
1.092861462393849958e+00
1.075302035351313634e+00
1.070283803050300575e+00
1.089960621366962812e+00
1.086213596166060835e+00
1.077938390248507128e+00
1.064064442597540294e+00
1.087351018517836776e+00
1.056972812619293212e+00
1.089185583866483453e+00
1.105941289096560309e+00
1.077595616229158670e+00
1.056703363969080600e+00
1.064601853589329794e+00
1.066684718351174732e+00
1.041082805799122601e+00
1.069627712393449448e+00
1.085299519966501647e+00
1.097425097824780371e+00
1.086853234066953666e+00
1.064440136302278850e+00
1.067505603825288807e+00
1.061546973411618744e+00
1.096729336596652393e+00
1.121774872213927132e+00
1.070559979315081289e+00
1.086820195662802080e+00
1.065741955220314674e+00
1.079690821351970698e+00
1.133540989216021311e+00
1.056923666831670161e+00
1.060912538323010246e+00
1.045750205256525067e+00
1.056418315823160148e+00
1.079089272864628191e+00
1.111761561918714225e+00
1.073267429721882049e+00
1.081779667463149908e+00
1.044543990521495713e+00
1.062876357879561251e+00
1.106576730282612164e+00
1.081804939451890935e+00
1.071791101292740800e+00
1.087961159301993108e+00
1.078037539100533238e+00
1.070431536620237489e+00
1.093907186257360831e+00
1.092109470326874776e+00
1.090593145688675492e+00
1.088480093712254737e+00
1.117821153631440412e+00
1.073652861721377860e+00
1.083993248737069814e+00
1.104163106649946435e+00
1.067406625301414280e+00
1.080963482483234817e+00
1.071849738167466981e+00
1.079411360055344327e+00
1.063139343034479545e+00
1.082446617906814623e+00
1.102592069800764740e+00
1.070179909825742293e+00
1.062187050301853120e+00
1.071172087024846009e+00
1.079919724622989907e+00
1.072607724456238865e+00
1.058923556169898195e+00
1.101933164822807010e+00
1.020959194845266982e+00
1.080725404491191144e+00
1.064821914353579979e+00
1.062800015426164313e+00
1.084968626874497355e+00
1.064230975216290620e+00
1.054249245900093612e+00
1.080866267763199495e+00
1.069690074118537115e+00
1.063194910972254270e+00
1.086481721194222150e+00
1.161911454559396040e+00
1.107259077144938653e+00
1.077829084736883658e+00
1.091943190325393331e+00
1.079696400238401965e+00
1.055632361724921475e+00
1.079011641512866548e+00
1.068320705264746540e+00
1.081920616773928145e+00
1.069529693547483618e+00
1.155577146569418900e+00
1.087693943730178914e+00
1.107823857826913505e+00
1.052844240108766094e+00
1.106639356695425791e+00
1.083727682880336607e+00
1.077150583395301009e+00
1.095025641883046630e+00
1.058445547629331296e+00
1.078262587441964682e+00
1.082627944493408156e+00
1.084901266000114495e+00
1.114083662966211863e+00
1.113398337701781315e+00
1.089081538745584998e+00
1.057547763812535901e+00
1.076349412105334968e+00
1.066132203720237426e+00
1.133099185622466365e+00
1.107692481201207890e+00
1.100920022148776267e+00
1.147172091727540977e+00
1.088906587623539091e+00
1.079983625668277325e+00
1.065205691058953130e+00
1.047555980217313776e+00
1.062042433296761290e+00
1.078068390603412530e+00
1.088747705656797127e+00
1.088077473522115479e+00
1.112331617007474849e+00
1.076992421445297055e+00
1.076222783650088166e+00
1.090899943901273206e+00
1.088271195517963141e+00
1.080288904824482588e+00
1.108547222601493409e+00
1.105141423380614718e+00
1.046588353137505756e+00
1.097840755272735391e+00
1.045227279450118285e+00
1.054625624338910939e+00
1.049300999880138363e+00
1.107037017826053349e+00
1.102057005925235256e+00
1.106513674740855047e+00
1.058884411928626701e+00
1.094751518943744228e+00
1.075451023518924965e+00
1.083607199282157652e+00
1.100794834499629671e+00
1.073905370730168451e+00
1.114233382617594303e+00
1.074559982502526934e+00
1.098415846786130023e+00
1.090231102849358091e+00
1.082566593557795942e+00
1.047190853698056534e+00
1.067783515392142668e+00
1.101898826261870967e+00
1.083493510028413986e+00
1.099465709536475488e+00
1.084609908601262385e+00
1.114254314776683241e+00
1.087737439430336295e+00
1.085261976702890596e+00
1.080811262018490648e+00
1.081810068629358135e+00
1.072833325943180816e+00
1.085898708863285655e+00
1.065298705802127488e+00
1.050763135883112875e+00
1.105374538698758347e+00
1.078438454423176429e+00
1.109774325563621433e+00
1.041460352255810573e+00
1.077135165296956298e+00
1.092639194568419292e+00
1.139956693951681865e+00
1.042465072644193302e+00
1.074484140035212754e+00
1.076200215970794849e+00
1.119542415023313087e+00
1.080212577511072025e+00
1.098558913779781987e+00
1.117715314944819127e+00
1.097133131106243775e+00
1.055033244763967648e+00
1.081104909843628281e+00
1.105974284897868865e+00
1.077405146832012495e+00
1.060472977783523341e+00
1.079131218100417788e+00
1.057421544280103376e+00
1.090761872452902015e+00
1.079981194586576931e+00
1.076282887378756437e+00
1.063875573220610438e+00
1.082040411903924415e+00
1.110135678107604829e+00
1.081280652441214407e+00
1.081034113016808185e+00
1.068202699798942001e+00
1.050476543313634714e+00
1.096536355409161612e+00
1.057717537823025022e+00
1.068653842990567648e+00
1.094738177143130375e+00
1.067509438516287101e+00
1.056803472775302843e+00
1.084266106920858785e+00
1.073780578868319902e+00
1.099596642626997411e+00
1.062269257783174492e+00
1.104300619078477874e+00
1.066328585938417728e+00
1.093161024393933589e+00
1.085828544194234135e+00
1.100799501676127390e+00
1.078658448262101333e+00
1.121642576537286828e+00
1.079694470414674923e+00
1.105369155268636883e+00
1.068261870153774939e+00
1.093546326677543146e+00
1.097776323007707333e+00
1.087578890894330907e+00
1.084537395734592513e+00
1.062722696451700033e+00
1.074597177919154101e+00
1.077041625362523680e+00
1.061015265559231535e+00
1.090786308996704257e+00
1.074381376208613181e+00
1.109596491576345878e+00
1.109080303075633100e+00
1.053905705268660231e+00
1.090151628807230377e+00
1.100047366241132085e+00
1.056580890281035634e+00
1.093891822213112208e+00
1.063188347492639796e+00
1.083387162688668637e+00
1.055116292714949999e+00
1.147861315888220712e+00
1.075100704409932106e+00
1.077359454286784146e+00
1.091562941363839689e+00
1.072770857108930498e+00
1.081252707570317773e+00
1.080715587774442987e+00
1.101184136264911739e+00
1.065931121901626311e+00
1.082757054635886673e+00
1.078932929258461737e+00
1.058996559960478034e+00
1.103389622494302946e+00
1.100454750378062396e+00
1.076710152734391635e+00
1.084951673445169185e+00
1.084933076236103133e+00
1.057765289009607867e+00
1.083516658870138594e+00
1.091631585573477725e+00
1.116020935592873409e+00
1.089209582666241349e+00
1.073721696015998983e+00
1.054939049679919139e+00
1.079176469867302535e+00
1.134777346694788136e+00
1.077692217545389797e+00
1.082215932771622091e+00
1.075548098744531389e+00
1.113667198063575503e+00
1.103834046427825122e+00
1.061422937544088896e+00
1.055608266409544971e+00
1.083968595086123088e+00
1.077592948414880070e+00
1.062751233664553485e+00
1.064161495823460646e+00
1.058935826298175620e+00
1.069616136245290949e+00
1.094814992742829673e+00
1.077362268773959908e+00
1.066982132445969178e+00
1.071423553058068245e+00
1.098430404525166493e+00
1.070103979630494306e+00
1.057149504720587663e+00
1.078632091742818711e+00
1.075049568946303324e+00
1.096241287253226560e+00
1.066783675812047472e+00
1.075922129473196653e+00
1.116897043202855988e+00
1.110033821243914254e+00
1.080216108807171560e+00
1.093901567178931167e+00
1.086801355138549807e+00
1.104381980711651723e+00
1.072827488131441909e+00
1.106893694448960463e+00
1.073722744889774816e+00
1.126179833705962752e+00
1.097030932363067368e+00
1.088108507980143580e+00
1.062124614647220744e+00
1.103685457122361768e+00
1.096862857891852894e+00
1.101784409721463520e+00
1.063120010016024297e+00
1.098761459719294065e+00
1.096250397229102669e+00
1.113781201414804078e+00
1.068766225544522719e+00
1.070286240211918427e+00
1.047261252916229068e+00
1.068742397428797286e+00
1.116625197228743538e+00
1.093168518390217114e+00
1.083437232275371809e+00
1.075024972306646065e+00
1.085550227396622214e+00
1.069447421298490131e+00
1.123949817500965453e+00
1.082759567499040010e+00
1.060939529499664191e+00
1.107657459641478992e+00
1.077463654281540117e+00
1.049223357810457502e+00
1.067208030733083568e+00
1.103552200660201876e+00
1.053125906291133118e+00
1.075724600096602979e+00
1.102948346662631085e+00
1.073910845945050596e+00
1.089451675179268442e+00
1.112012998311790124e+00
1.069934968374317563e+00
1.078412741729186441e+00
1.086832407649685361e+00
1.072398384088617540e+00
1.080788133338824064e+00
1.095702947750617939e+00
1.059130017645584454e+00
1.099824587940839038e+00
1.080273605510233104e+00
1.125574140010725088e+00
1.101125948530054632e+00
1.071100820311762458e+00
1.081638155024852832e+00
1.092575151187702653e+00
1.067912130462690401e+00
1.059644717572384209e+00
1.062498673007253647e+00
1.111656427556991122e+00
1.091119195714525647e+00
1.085580046301850565e+00
1.059195805966260506e+00
1.080961306828537305e+00
1.074317764599387104e+00
1.089721586843932721e+00
1.158631204837747619e+00
1.102026135712586452e+00
1.088275712136586471e+00
1.104056593889711113e+00
1.120754293931106371e+00
1.039512491927916837e+00
1.125633406899932520e+00
1.070186856662652009e+00
1.071105359008424740e+00
1.046882354278527716e+00
1.059122008441930829e+00
1.104767484631140606e+00
1.087301855886638746e+00
1.062193376097196884e+00
1.114522567848472256e+00
1.108401252662417846e+00
1.080186462717783069e+00
1.083751918864340524e+00
1.080786529312410149e+00
1.116088744827056445e+00
1.067423833766026675e+00
1.077993324105844364e+00
1.071064273951513934e+00
1.080991678312945403e+00
1.085989029610602952e+00
1.088544586259252878e+00
1.059563942502726341e+00
1.083670173613348497e+00
1.079531799884019705e+00
1.078074102308024695e+00
1.083399898874064959e+00
1.078395045903401073e+00
1.079827694585888231e+00
1.064646118280629494e+00
1.079849751370582034e+00
1.068477570646230834e+00
1.083214846442269952e+00
1.073220319782403065e+00
1.078082243378381433e+00
1.126325475922088870e+00
1.095376128402622440e+00
1.064166775060455317e+00
1.053264126505965237e+00
1.114801835902599070e+00
1.073588575538547252e+00
1.110964822124826723e+00
1.084484173622538572e+00
1.068344649413011771e+00
1.057211505918727923e+00
1.090047769914010312e+00
1.072594647470129114e+00
1.080303136921177742e+00
1.082672952667900423e+00
1.085432122160114421e+00
1.123212682409747920e+00
1.121701081149613977e+00
1.135846517497820951e+00
1.093281685652822688e+00
1.086051453242167453e+00
1.074131508442608851e+00
1.080812824297268326e+00
1.086822552113394957e+00
1.074690674683098202e+00
1.071143062624719811e+00
1.073029150548172383e+00
1.081800650237781047e+00
1.079088854994060709e+00
1.048552077509533387e+00
1.045791141872296492e+00
1.077762551328741880e+00
1.088521493640932647e+00
1.082525085211747840e+00
1.077132468130801213e+00
1.056232648146185671e+00
1.088449199541627443e+00
1.111706596024103932e+00
1.081154049588444188e+00
1.068161411652212678e+00
1.069724489395682543e+00
1.074909332511938320e+00
1.074046545575253031e+00
1.070509890719763435e+00
1.107066619704511812e+00
1.096042941395118486e+00
1.066948273683596904e+00
1.079792711136694949e+00
1.063908572287120435e+00
1.063674925469624943e+00
1.078595052304590185e+00
1.077241694326385835e+00
1.098867497110751934e+00
1.074295509643846902e+00
1.098094252728026632e+00
1.108776975065602244e+00
1.066326757278227122e+00
1.084611189630932948e+00
1.082175215195219975e+00
1.074879839779135482e+00
1.072230580911807118e+00
1.071284539745203324e+00
1.070965776842521588e+00
1.058925338369424152e+00
1.074144249728388179e+00
1.065634050165392477e+00
1.066419303328896895e+00
1.072412030822520679e+00
1.067333916506477243e+00
1.108134624401246882e+00
1.064599960092382780e+00
1.102325707131197374e+00
1.055620139418541159e+00
1.123923601774440950e+00
1.049107397915333584e+00
1.087882092523977828e+00
1.076815428856486623e+00
1.092025404549988865e+00
1.076188018825921411e+00
1.143960584634726718e+00
1.079829511919201623e+00
1.047917800625914220e+00
1.091431269889189926e+00
1.085318874487743779e+00
1.071004086358589236e+00
1.066780141315023744e+00
1.081676091882748825e+00
1.083014754483437425e+00
1.095432520441976143e+00
1.091907539516530079e+00
1.077391255499688061e+00
1.057793508867517440e+00
1.068667693001541519e+00
1.128207449636299486e+00
1.089398240379799931e+00
1.084479613130655329e+00
1.089669584343727626e+00
1.077273034123785500e+00
1.074048042989746543e+00
1.054273540795828135e+00
1.069712164154976497e+00
1.058064311318076767e+00
1.111523151203906323e+00
1.065695367130905069e+00
1.065634215172606591e+00
1.129566862386837345e+00
1.101088768168927867e+00
1.122479040145790030e+00
1.096114538681402850e+00
1.113545108428760866e+00
1.078937364893907347e+00
1.069110436672241038e+00
1.074223939709353148e+00
1.072419209872111701e+00
1.049059446671421370e+00
1.085012445221952060e+00
1.086406410095876796e+00
1.126075320737280894e+00
1.065500617927648941e+00
1.075587113442780129e+00
1.061562768930632172e+00
1.088261983904146302e+00
1.063414492770513808e+00
1.058918483344554407e+00
1.070187361558268879e+00
1.085464380902381176e+00
1.068992873689863954e+00
1.156674766349322869e+00
1.112956291540789566e+00
1.111173171286861772e+00
1.109033470600115479e+00
1.110735940235020536e+00
1.111868826861140302e+00
1.107937021500916552e+00
1.070496809937196536e+00
1.045576814974898294e+00
1.081204601085733685e+00
1.106702436172171566e+00
1.086404480126607064e+00
1.078644340804782553e+00
1.057138905758465475e+00
1.059512706478994204e+00
1.091544660096602781e+00
1.093503483729119541e+00
1.064133221754279823e+00
1.067215622760981697e+00
1.103759197949524040e+00
1.083320483133321854e+00
1.058261815078083590e+00
1.107443375057785451e+00
1.061401530300900786e+00
1.093943717749536138e+00
1.049050517348711242e+00
1.068907543756081102e+00
1.093060992960090072e+00
1.135510732675931500e+00
1.069303406061793194e+00
1.079362360133287790e+00
1.099899239376658011e+00
1.091708156466458135e+00
1.063757338780336958e+00
1.089547102759826469e+00
1.066752135184896311e+00
1.068372951615292443e+00
1.054324728763939456e+00
1.083489885053964041e+00
1.084258376205806673e+00
1.112526384558460313e+00
1.056905747150620023e+00
1.081226884620513973e+00
1.062596547391296609e+00
1.070807984780904221e+00
1.109761743164450198e+00
1.062992574420007053e+00
1.071605198629862921e+00
1.092078296541353577e+00
1.082915329440429675e+00
1.066879462513839583e+00
1.085470178827146581e+00
1.046935213278148868e+00
1.118668098627614738e+00
1.071724519462985636e+00
1.117144010038523039e+00
1.064917406852806669e+00
1.092838411451186209e+00
1.069942963465559504e+00
1.049985019753925553e+00
1.061299441584089065e+00
1.083064203725304653e+00
1.112790460905996426e+00
1.098779116458183713e+00
1.067187994648783000e+00
1.057741372198041985e+00
1.100159029627174823e+00
1.072472588734451282e+00
1.077110653878517121e+00
1.101471117170046865e+00
1.072078786309006437e+00
1.059342720260417758e+00
1.087842231143495653e+00
1.086099964225830217e+00
1.047979192856111075e+00
1.092306821416232587e+00
1.062016702025105896e+00
1.104280760741420675e+00
1.104274941756278050e+00
1.056950669385828601e+00
1.097892274741933960e+00
1.051723714581590752e+00
1.074162000414279783e+00
1.088859188322022220e+00
1.083361467842397730e+00
1.109153679013174632e+00
1.057314953577211725e+00
1.071351319950314185e+00
1.082313447010510910e+00
1.100116901319174278e+00
1.064656341042533150e+00
1.076848922463558011e+00
1.053589006982843079e+00
1.095657791884940835e+00
1.057336014141501357e+00
1.123362841634014009e+00
1.078461311602276984e+00
1.117610046516862354e+00
1.100313403249599142e+00
1.085100509682232595e+00
1.096868727245386754e+00
1.113937960428972085e+00
1.055063469075110616e+00
1.065540985210518876e+00
1.076323011005046570e+00
1.059874742742137110e+00
1.065675174630653199e+00
1.083217138983628480e+00
1.078741600427557845e+00
1.069735603643317212e+00
1.050267048922728153e+00
1.070253176179012167e+00
1.063501337601254981e+00
1.077322147140882036e+00
1.079271225396967626e+00
1.074333612056238119e+00
1.100907360087823195e+00
1.092626394802006295e+00
1.065210976421854694e+00
1.092528050742848533e+00
1.049947845632645205e+00
1.078973858851103307e+00
1.047796483900402142e+00
1.066808359850431875e+00
1.063146862540945925e+00
1.092533322815635088e+00
1.065265374324740444e+00
1.080051650261648843e+00
1.061425650609883364e+00
1.105066545352039187e+00
1.053250513988478243e+00
1.099015381921790047e+00
1.096160159992547456e+00
1.065291522290152892e+00
1.075656438906535506e+00
1.070925820357288449e+00
1.071423571268393715e+00
1.074841923859352733e+00
1.058519412752382260e+00
1.078342000457015892e+00
1.083131869448404005e+00
1.107376727838186747e+00
1.108809355348872927e+00
1.064897663647764059e+00
1.081927285374193692e+00
1.069395385006314703e+00
1.063189176404055081e+00
1.079737377205604032e+00
1.073293180629903754e+00
1.103958881503066758e+00
1.080129701698373523e+00
1.091277758735004433e+00
1.078978324489724860e+00
1.073198139087911729e+00
1.074511521302581540e+00
1.098770121129380550e+00
1.086626132512342968e+00
1.035747013318625731e+00
1.075673827516525849e+00
1.072953569421357667e+00
1.085489663044565400e+00
1.128621923566965002e+00
1.070221516396980821e+00
1.118895037522432023e+00
1.069670106344855931e+00
1.091594517249469209e+00
1.073250894359640606e+00
1.062007380290892922e+00
1.092582355274159811e+00
1.067834356186036837e+00
1.066279806681555309e+00
1.086679138168440195e+00
1.074451596070487458e+00
1.103255845564751425e+00
1.067416605257165196e+00
1.104605123733162886e+00
1.075247927165693840e+00
1.097844456455844497e+00
1.092249854193064973e+00
1.076025366448065457e+00
1.093011127720731501e+00
1.089340699388686495e+00
1.102792226764195638e+00
1.082596851069759003e+00
1.087055842679913731e+00
1.090429472122053101e+00
1.089729663672740489e+00
1.094213956887187811e+00
1.060370826339183781e+00
1.103282911601052518e+00
1.087408423289790260e+00
1.082745817878471906e+00
1.083765325247492584e+00
1.045275098543739789e+00
1.075518403420186120e+00
1.107711130829627466e+00
1.083154978226047893e+00
1.086155791989888764e+00
1.069038289497767025e+00
1.054891290164033046e+00
1.088405082576002547e+00
1.059812934564491993e+00
1.087922303294532878e+00
1.105905714113558203e+00
1.098797630306213247e+00
1.069884723747809518e+00
1.055885860157114164e+00
1.110974421797810585e+00
1.087491770932694779e+00
1.078365366165318529e+00
1.058524381985110008e+00
1.061166995562640158e+00
1.093266173547146725e+00
1.062368912653860686e+00
1.072058730627781564e+00
1.078801901382085759e+00
1.081898873786174997e+00
1.044109231470128130e+00
1.093748405315771555e+00
1.067198967095738693e+00
1.101153997984406274e+00
1.080241483004438230e+00
1.061050864946277983e+00
1.093373346966479698e+00
1.061945809646844818e+00
1.069399710186151653e+00
1.065192739633259222e+00
1.082608885197714921e+00
1.077457940469040087e+00
1.107135972337593088e+00
1.069429757414432247e+00
1.067731913352228945e+00
1.068592306950613136e+00
1.076739431340909769e+00
1.057537844451934328e+00
1.084877970930935076e+00
1.059373369535362874e+00
1.078619507422369228e+00
1.078474952051278635e+00
1.077441429217723456e+00
1.096370577017505399e+00
1.110365712950654560e+00
1.061374376975047884e+00
1.070097479478738567e+00
1.097845040344953782e+00
1.111161310912224698e+00
1.086261256154798627e+00
1.119410696761173218e+00
1.074335685487707082e+00
1.110818539066196653e+00
1.056048032592727504e+00
1.110257579344462453e+00
1.056832084731265331e+00
1.117583517005629412e+00
1.093481626738308288e+00
1.053762605270797792e+00
1.097274953858248692e+00
1.096534517008343146e+00
1.096386025441075995e+00
1.058124343130128597e+00
1.067354478969640530e+00
1.059726826965833091e+00
1.069255426408956655e+00
1.088444853982356131e+00
1.096228384423427960e+00
1.088461234195682303e+00
1.072872879581861394e+00
1.078273080715413057e+00
1.088214702721056693e+00
1.090890614401757164e+00
1.124930695385639501e+00
1.066699784414027352e+00
1.079051466812316340e+00
1.081533821940099838e+00
1.079419711725163600e+00
1.093415113755487500e+00
1.062640290644707441e+00
1.097573266611079124e+00
1.087348280753693386e+00
1.067280668073869343e+00
1.121752237788475881e+00
1.099658047871198141e+00
1.108786418760544068e+00
1.115784242299926010e+00
1.099666890483016912e+00
1.071983512806990335e+00
1.121585891707642890e+00
1.072709110503403451e+00
1.071830992293531626e+00
1.044738874755693381e+00
1.034277637513912884e+00
1.073295634402920973e+00
1.102240481436020492e+00
1.077641456049419855e+00
1.079666877612622811e+00
1.055862665180810511e+00
1.120373041439394868e+00
1.100665710666708152e+00
1.088472137449350452e+00
1.055385524779609563e+00
1.106904179341831274e+00
1.075464682241086267e+00
1.040015650629323440e+00
1.072908984093910556e+00
1.102729296859228825e+00
1.070365005402819980e+00
1.081158086641213156e+00
1.060303075203777201e+00
1.111990574836142054e+00
1.078623739620740096e+00
1.081758611383888624e+00
1.070538652747579977e+00
1.106881985787697475e+00
1.071375227030964883e+00
1.145821396735809961e+00
1.082780023408700165e+00
1.074407403396787197e+00
1.090706076233065147e+00
1.063817256796715904e+00
1.057283250439090327e+00
1.070877260478979798e+00
1.066413442280457868e+00
1.096137938855072713e+00
1.101803457536728370e+00
1.072596254695593165e+00
1.085275501687996247e+00
1.054756102290209219e+00
1.097984132211874186e+00
1.061150161813066317e+00
1.086710217258150868e+00
1.045982616789411734e+00
1.072596550569672846e+00
1.083625636691771588e+00
1.092690142483753846e+00
1.125971164229476518e+00
1.072372966396709426e+00
1.121376608602573821e+00
1.129524620416305858e+00
1.105624753448574360e+00
1.111476996872500012e+00
1.094445017093264694e+00
1.053151084024139150e+00
1.063987501778744793e+00
1.074958429696651230e+00
1.077642812304162812e+00
1.063176986084874986e+00
1.114679871175087378e+00
1.116502130239784174e+00
1.095739398620985572e+00
1.097836110006033428e+00
1.082408118309353462e+00
1.085206988131271810e+00
1.097974903305990235e+00
1.105163722539577620e+00
1.045894347731227247e+00
1.075855088574763085e+00
1.079812582615208738e+00
1.125275393339569385e+00
1.085725427982006774e+00
1.108835794246799233e+00
1.068278766769241495e+00
1.047628662773979702e+00
1.063862032737410424e+00
1.092211240480335244e+00
1.077134227886377804e+00
1.065161533715146103e+00
1.081051925897233756e+00
1.073623295187694060e+00
1.083695783758672704e+00
1.054685008944280744e+00
1.082121239851860039e+00
1.084088692305370749e+00
1.085143175020189865e+00
1.054950580250554326e+00
1.111472886133122673e+00
1.074339469146141646e+00
1.087127787987825611e+00
1.092961940865868842e+00
1.065002618752564523e+00
1.127578509031529785e+00
1.077948109918292152e+00
1.105313680010363564e+00
1.046376365510637063e+00
1.062501557592455903e+00
1.108422120537784883e+00
1.120093254366507640e+00
1.057507549338372543e+00
1.068059548368023970e+00
1.076874651823918949e+00
1.093449416468565527e+00
1.099782465000995302e+00
1.076267630768748873e+00
1.116118681149316005e+00
1.084940729772828405e+00
1.077700378474214515e+00
1.085881981509650096e+00
1.074881688027426119e+00
1.090971916108742112e+00
1.068753952141777708e+00
1.133560835897575503e+00
1.092149928323186581e+00
1.071945930456183804e+00
1.103719357899410669e+00
1.055778053629627289e+00
1.096839741353526687e+00
1.060425445897477781e+00
1.079137234707998383e+00
1.069162030046420853e+00
1.084500274522816055e+00
1.041887771225062931e+00
1.138554757381855520e+00
1.096689505353260818e+00
1.094366921024241268e+00
1.079535410417675978e+00
1.095400296816389618e+00
1.118148704119668047e+00
1.073472863472753502e+00
1.099741934690707357e+00
1.091027837301110637e+00
1.062998741897343447e+00
1.119476853975213793e+00
1.056090343399951115e+00
1.070400033552901586e+00
1.081069119302509041e+00
1.131568324942608283e+00
1.067038426281897046e+00
1.059986473574423327e+00
1.074646211400285489e+00
1.078901728851641373e+00
1.097920548871987201e+00
1.074496799073247466e+00
1.061345249366708599e+00
1.084132851015026322e+00
1.076538860095952899e+00
1.115903096341859690e+00
1.063144322948504028e+00
1.052828879899234016e+00
1.086813035091936053e+00
1.120066329045852571e+00
1.096050136623286653e+00
1.107322312610672377e+00
1.077582060254855811e+00
1.088293449597187434e+00
1.130164196748291383e+00
1.087426219015259043e+00
1.085170452761005322e+00
1.061377073974423713e+00
1.088190196570890445e+00
1.120056540047140281e+00
1.118955631308570453e+00
1.138830171978847616e+00
1.070717825314372540e+00
1.063127817736325476e+00
1.083949540351372143e+00
1.067074311827342248e+00
1.106228546877982888e+00
1.083140563355193153e+00
1.087374578858391949e+00
1.053523734524744127e+00
1.079524812122473865e+00
1.103168000009812744e+00
1.117805559719158737e+00
1.092859287780056476e+00
1.069845087174591036e+00
1.097875896912349880e+00
1.084485401341519495e+00
