1.999392292561925910e-01
1.996712825237394739e-01
2.000297389956890159e-01
2.018877506919470877e-01
2.003728599935746812e-01
1.997991658483529998e-01
1.992893253427520939e-01
2.001967775063561439e-01
2.007685573184949390e-01
1.994239717467644335e-01
2.015169101053064515e-01
1.987305020731688909e-01
2.006434150129819682e-01
2.010528160694307898e-01
1.993783002775411373e-01
1.999627794292741512e-01
2.001499242278544644e-01
1.986844296086050232e-01
2.007254308457192826e-01
2.018454924991427146e-01
1.985215141955964935e-01
1.995662003353466385e-01
2.003173297283570853e-01
1.984822632763024175e-01
2.000283869341715759e-01
1.986088279560714598e-01
1.991186558918024707e-01
2.024831642320902292e-01
2.017179284706335785e-01
1.995565738191442395e-01
2.002748398730518353e-01
1.988461307106599574e-01
2.002041331918452405e-01
1.998416969820621947e-01
2.011167529306659985e-01
1.996067640668819920e-01
2.019989836341844758e-01
2.010456534304761733e-01
2.011696257321402559e-01
2.000705890365249984e-01
1.994361801640035792e-01
1.999651845288078211e-01
1.987567105891342167e-01
1.997332828935684257e-01
2.001065566956444775e-01
2.013170203260548075e-01
1.997901194998106811e-01
2.001164512056819444e-01
2.003016323022629164e-01
1.979200866095472688e-01
2.001049511184326279e-01
2.008714542902564626e-01
2.026574610744373284e-01
2.007754258271580716e-01
2.018455428598871781e-01
1.997181077239605917e-01
1.996835257135613495e-01
1.998876147480447008e-01
2.016417992040512308e-01
1.975825372185988638e-01
2.003518914432711462e-01
1.983846950968978506e-01
2.009369831872017398e-01
1.987963801765178784e-01
2.002880074164027913e-01
1.997693324896330225e-01
2.006191983141754898e-01
1.996839088695028797e-01
2.021089804730857309e-01
2.002441918146450894e-01
1.986500703034974613e-01
1.989965485663051648e-01
2.001999211496708897e-01
2.006094862552830205e-01
1.997402885815143248e-01
1.976780937966856888e-01
2.004866109468727842e-01
1.999104324350260697e-01
1.998953699535935269e-01
1.996449499687777962e-01
2.003870633732180995e-01
2.005173683379052052e-01
2.017904454474878373e-01
2.002637399206724511e-01
2.010717648330618557e-01
2.001984837839616005e-01
1.997714966625543931e-01
2.000422585118752650e-01
1.987723169650344734e-01
2.014666473929246637e-01
2.004038781919818546e-01
2.001641900467117097e-01
2.000465043464762505e-01
1.984201434938111519e-01
1.976441297265922326e-01
1.993846493735885739e-01
1.994358046985174882e-01
1.979840435630739748e-01
1.998385714025202042e-01
2.002924567615822216e-01
2.003950023954683690e-01
2.000377941860649045e-01
2.014816749292621945e-01
1.987832876375813795e-01
1.995784789187436403e-01
2.003189895388435282e-01
1.989845374587954907e-01
2.006151535808948227e-01
1.993524894078977650e-01
2.005075674050273982e-01
2.019805437869641174e-01
1.980058183749949519e-01
1.978384687047072821e-01
1.984495949576511875e-01
1.994771473664445072e-01
1.998287938602331948e-01
1.998412415127555630e-01
1.981704935068206164e-01
2.007893708310763692e-01
2.011272247751180187e-01
1.990309603111114767e-01
2.005208860570289742e-01
2.012375035343773322e-01
1.984003473962927810e-01
1.976600997790265990e-01
2.009019084410177403e-01
2.010704425418909091e-01
1.993705047760261362e-01
1.999858117338000896e-01
2.013555828273173309e-01
1.999167050704417081e-01
2.005733683382699695e-01
2.007151267155947993e-01
1.994204135905757180e-01
2.007219198217089218e-01
2.013239001642473658e-01
1.999377636098190747e-01
1.987054915286737555e-01
2.019379111141326733e-01
2.005053707361911797e-01
2.008468792590017427e-01
2.005753628038893510e-01
1.982392234110378071e-01
2.009939485775663615e-01
2.002301849616801577e-01
2.003361998785012366e-01
1.994448861186564892e-01
2.011459461671777638e-01
1.995139473617411618e-01
2.007526560959726480e-01
2.008600197887576155e-01
1.995634676855895240e-01
1.990891706717992093e-01
1.982769109088114434e-01
2.005526624445682360e-01
1.994057480327433296e-01
1.995758240694538999e-01
1.999571513915851251e-01
2.009296982392284325e-01
1.987104099651167410e-01
1.994229420998093194e-01
2.008850398438080109e-01
2.003487947770357658e-01
2.004412381226198803e-01
1.988716407810570685e-01
2.004589960587767061e-01
1.994305166523241968e-01
2.019307050098639866e-01
2.011622703168104154e-01
2.001496124327212800e-01
2.000948824207735566e-01
1.996558557012215740e-01
1.993093676717818119e-01
1.997000346141139526e-01
2.010645491733110968e-01
1.997536512291175070e-01
1.986922863736148570e-01
2.016883849098027037e-01
1.993923009588793316e-01
1.998370113655015545e-01
2.004914154639150792e-01
1.993540101622753580e-01
2.006286022396941704e-01
2.005534199432342513e-01
2.006618539798144529e-01
1.993648900149930236e-01
1.989629444039199280e-01
2.001268515386103175e-01
2.000745518923332522e-01
2.006141950116168970e-01
2.015712269093860032e-01
1.979027040341298782e-01
2.012992580487117378e-01
1.990345616628840797e-01
2.012477623521453929e-01
2.009121812820496289e-01
2.004991449407624027e-01
1.988682137868382493e-01
2.010767196248788025e-01
2.000008013384673711e-01
2.004962028339216940e-01
2.009600206807391765e-01
2.002656077537096069e-01
2.018263120573711433e-01
1.997725750871557071e-01
2.001106720513967374e-01
1.984934261028028502e-01
2.004004484215834159e-01
2.017845071140347835e-01
2.013913635611676856e-01
2.007075980661553460e-01
2.012386730545555891e-01
1.998829174889123761e-01
1.987928787629034966e-01
1.987772972560268303e-01
1.998663191714417642e-01
2.013734083084457172e-01
2.009579967507551246e-01
2.004108637433941742e-01
2.006102169663036283e-01
1.990868819314011440e-01
2.006717178217974629e-01
1.986906212534680083e-01
2.013541381706641098e-01
2.020576030716733362e-01
1.988101447733497396e-01
1.983686435982850993e-01
2.006513664979602540e-01
2.008905178733678965e-01
2.015852745477487717e-01
2.007208761447578094e-01
2.028224479853785456e-01
2.008181711327335917e-01
1.995007505513248791e-01
2.006825912714879645e-01
2.006128147262659644e-01
1.984170047651708790e-01
2.001315107572941010e-01
1.997844279153095370e-01
2.005429206702098732e-01
2.016833019212576628e-01
1.998443037789320031e-01
1.992203972723072258e-01
1.991751341209306025e-01
2.003601295217418976e-01
1.999594382866012043e-01
1.997951698722173486e-01
2.003228750798176916e-01
1.996830132776916122e-01
2.016589788833740293e-01
1.992941500661288279e-01
2.001017586308956597e-01
2.014573773224976050e-01
2.007871276221866730e-01
1.990600244260653517e-01
2.005469723536088822e-01
1.990584655915327572e-01
1.996841827345710030e-01
1.975610974089112015e-01
1.988966855032096026e-01
2.015827042583370199e-01
2.002899043129758860e-01
1.984946111971417348e-01
1.999168227927869690e-01
1.987374029066332481e-01
1.984754239116904573e-01
2.001306767259712627e-01
2.001149662775175420e-01
2.003539912489123165e-01
2.009698926567795307e-01
1.995564429081116975e-01
1.989627121782110986e-01
2.005343931725495910e-01
1.991445266462129882e-01
1.997614024250124465e-01
1.988846321687232355e-01
2.008943579637236798e-01
1.998289014202932201e-01
2.002440007792520849e-01
1.997251231028840668e-01
1.992335947355942383e-01
2.010676342564299002e-01
2.011268740137185651e-01
1.994204604522682167e-01
1.996125969519225163e-01
2.031355550744222971e-01
2.014949365213982713e-01
2.008294399436512112e-01
1.996193911195400239e-01
2.004643120333077511e-01
2.005789803740120336e-01
2.000525776029485336e-01
2.010303325958094356e-01
1.998361421837502594e-01
2.017220558284490983e-01
2.009079496886605753e-01
2.004411621228790463e-01
2.008512948619851912e-01
1.980964695788873242e-01
2.007899295035408815e-01
2.000125160552564674e-01
2.006559127766372186e-01
1.999332415772991645e-01
2.007347229811451139e-01
1.996048034993679610e-01
2.007206265823244518e-01
2.002805829170982155e-01
1.999702233525572359e-01
1.990217348684002463e-01
1.986562155302511179e-01
2.014662373803254580e-01
1.997742372250233545e-01
2.008807884464141880e-01
1.993682219302801983e-01
1.994920930527625813e-01
1.993869596507903963e-01
2.003823118012858506e-01
1.995393650274991104e-01
1.994833664960012354e-01
2.011855177243815074e-01
2.014666949035855970e-01
1.995459762042943175e-01
2.000915751348552596e-01
1.997310501427100871e-01
1.987544867564224327e-01
2.006367373641332053e-01
2.002170715562498204e-01
1.980155780800253729e-01
1.991259746273058573e-01
2.020773716650641760e-01
1.988961458747052491e-01
2.016517226180154221e-01
1.986766419566874942e-01
2.000290442197125707e-01
1.996939401824014693e-01
2.007450858779655234e-01
1.992165176718165842e-01
1.984611444268533365e-01
2.008280730746213605e-01
1.995320508586172492e-01
2.010286246890259365e-01
2.011837850732171307e-01
2.023830133373331064e-01
1.995772185520605091e-01
2.006883054479134398e-01
2.015310272633186461e-01
2.011454170054454427e-01
2.008205170615066371e-01
1.989546253687759225e-01
1.989143378901134518e-01
2.000446856324641642e-01
1.998820903591405629e-01
1.999780310669932448e-01
2.010317478647622724e-01
2.005025520726587684e-01
2.014222351072594008e-01
1.998434586923594491e-01
1.991928418239602983e-01
1.996796896382191100e-01
1.992306053992068393e-01
2.011978609880733238e-01
1.973764942138640233e-01
2.000678662177112765e-01
2.006166272771360004e-01
1.994629924691401213e-01
2.006474875200361663e-01
2.007265356982751714e-01
1.997148454753253921e-01
1.995359590537102712e-01
1.999649434914324286e-01
1.991653727500576898e-01
1.984950510559605474e-01
2.000486096392508628e-01
2.022361243796430563e-01
1.997140796835392418e-01
2.007839817604907262e-01
2.015094677394854983e-01
1.974853546742219579e-01
2.009817904445681536e-01
2.015451472517330311e-01
2.002730392269647108e-01
2.007119476315892270e-01
2.018206801447451626e-01
1.993648362145385711e-01
1.993711358166216363e-01
1.993901968330110130e-01
2.007151716925144602e-01
1.990824413431812046e-01
2.009016600490393378e-01
2.004528021905401247e-01
1.997805438940186418e-01
2.020979868845150795e-01
1.985417782704007872e-01
2.010231950167534476e-01
1.992734074835002533e-01
1.998522923858182254e-01
1.992051074832557056e-01
2.020100091965050804e-01
1.990384559233527861e-01
1.994231830619863088e-01
2.001627839120093677e-01
1.999050028542337654e-01
1.978451630639243009e-01
2.016188679064071787e-01
1.996893465853326333e-01
1.985113749916830594e-01
2.001176890230078886e-01
1.986000564179381811e-01
1.992407936721061479e-01
1.990876354371748369e-01
1.994149238163567817e-01
2.015292198180524963e-01
1.988916503998204299e-01
2.014800864579583684e-01
1.988705501853920976e-01
1.999985703043456187e-01
1.990050588138714549e-01
1.990801406759471204e-01
1.994545981861458595e-01
2.024953561783285616e-01
2.003898156206664893e-01
2.026006863252244605e-01
2.000180402339708230e-01
2.001764170480498095e-01
2.015433806442520903e-01
2.012226054361740402e-01
2.002914720022919148e-01
1.996372419743123738e-01
2.011872615029281774e-01
1.981107863894503995e-01
2.011035593954031975e-01
1.990243301350188843e-01
1.997703034731423133e-01
2.004244185956420010e-01
2.007439241096574400e-01
2.003999143095618884e-01
2.001895069713907349e-01
2.004995222590972015e-01
1.986516490563669801e-01
2.011062344202028673e-01
1.983561902020034573e-01
2.022328448805818524e-01
2.000115859905429727e-01
2.006838623612416661e-01
2.020205220195571139e-01
2.014177296357393399e-01
1.988980552195023788e-01
2.005548224719015948e-01
2.007896111045116561e-01
2.006345466903932118e-01
1.989098678720643554e-01
2.010672270274877771e-01
2.006270584659494982e-01
1.998480334128287794e-01
2.001472234104886283e-01
2.002519571012132404e-01
2.017706333195951884e-01
2.000764121331778389e-01
1.993182142757729258e-01
2.014949394271783045e-01
2.004908715510181905e-01
1.998551511540738734e-01
1.999371164897559006e-01
2.000461861750869319e-01
2.004056530256819735e-01
1.991064986815556381e-01
2.012338401530928689e-01
2.007725375220675845e-01
1.997281193659908860e-01
2.019618356441946205e-01
1.992317062722545051e-01
2.009475924771636501e-01
1.995934027654466814e-01
2.016919389132978691e-01
2.016748587753137978e-01
2.004746645274617933e-01
2.000276111727613271e-01
2.007031315583679976e-01
1.992551096706954850e-01
1.989708090327713674e-01
1.992239016081693570e-01
1.992390911915516427e-01
2.000422641041319782e-01
2.000135127290373072e-01
1.999414786789518728e-01
2.003156837947527857e-01
2.022299789670432002e-01
2.004529143088238652e-01
1.999908725991327851e-01
1.989678641582717511e-01
2.002769975659643431e-01
1.973661868696569843e-01
1.986956914068045976e-01
1.984013020332146826e-01
2.001560792450550463e-01
1.992914015879544976e-01
2.002811497351070780e-01
2.016093536007400877e-01
1.989786014816949389e-01
2.006916405615851162e-01
2.007673233880892527e-01
2.009206939076273735e-01
1.996937941985831022e-01
1.999780949567455390e-01
1.985977851199157984e-01
2.002051169063664426e-01
1.988942972645554308e-01
1.991653123585510610e-01
1.995036354906145892e-01
2.011949077620263926e-01
2.012863697571770916e-01
2.014439131862146570e-01
1.986139732089121368e-01
2.016642483888121118e-01
2.023926828104992415e-01
1.992553771262059459e-01
1.989215343912822676e-01
2.002574235918929413e-01
2.011380817897426287e-01
1.986903044253240658e-01
2.003778271026468161e-01
1.983920234900917179e-01
2.022734091223225006e-01
1.994129810972064543e-01
1.988178318447647863e-01
1.986446513799845770e-01
2.000203979128796772e-01
1.978171014932898764e-01
2.001261095618890595e-01
2.006781703977446596e-01
2.009241248546388969e-01
2.015029656044518280e-01
1.986366877586221713e-01
2.011948262711068802e-01
2.011466273707933072e-01
1.986154790058895503e-01
1.991455422053076962e-01
1.994186730724294421e-01
2.016539993532240893e-01
1.990383057918580778e-01
2.018179025739280374e-01
2.002320470637871941e-01
1.986469234150173568e-01
2.004707906374356419e-01
2.003558018104372729e-01
2.004524331635399448e-01
1.992044695253673281e-01
1.990114370909124297e-01
1.996961586509393149e-01
1.983296231398160303e-01
1.990179905640180047e-01
2.020812840350142414e-01
2.011006905931785604e-01
2.030555612506002305e-01
2.005851968182869038e-01
2.002293745055657714e-01
1.998091608338933012e-01
2.011530677848147597e-01
1.985333185010817736e-01
2.007356145367270028e-01
2.002421736160795718e-01
1.999769227326973209e-01
2.004096745272535007e-01
2.003404946784517748e-01
2.006304706969642693e-01
2.007160914494238446e-01
1.999754998773236314e-01
2.001921519903187840e-01
1.979381874115281603e-01
2.008844842552275911e-01
2.004372650189052973e-01
1.995343679439608997e-01
2.003073201996887487e-01
2.010215319952943780e-01
2.014561742471336347e-01
2.007667655867010348e-01
2.004737744227871599e-01
2.000590931007914242e-01
2.005726823080339616e-01
2.006692586502273334e-01
2.012670881732904204e-01
1.993395079614009580e-01
2.008763177862130100e-01
2.004076344106376084e-01
2.002591502330502149e-01
2.003331806080712596e-01
2.014650769085557236e-01
2.001730898921741109e-01
1.993898026573930060e-01
1.999031799651332653e-01
2.019688661637081828e-01
1.994850979820775028e-01
1.993982199893889751e-01
2.036225582894196362e-01
1.997254889046593263e-01
2.003973229299304548e-01
1.995127660977820405e-01
2.002163462335650457e-01
2.019791471303475361e-01
2.009761260121089577e-01
2.003921533785577302e-01
2.008421893694739557e-01
2.007498173532223373e-01
2.006706201639416043e-01
1.990961587699001389e-01
2.008110822609191493e-01
2.013166951266977533e-01
2.010539774323683304e-01
1.988057706507524447e-01
2.005301762372925511e-01
2.005929375353030231e-01
1.985783538117667224e-01
1.987272461751980468e-01
2.000599066922394420e-01
2.008097283156012602e-01
2.001451497796051249e-01
2.013952659140914037e-01
2.009674068711285455e-01
2.000794975926982744e-01
2.015797624354319362e-01
1.998597462206944675e-01
1.994894530010669909e-01
2.011476581486029980e-01
2.022778227776108328e-01
2.003720445791702942e-01
2.011069619941062425e-01
2.003060400540941088e-01
2.007311634520873023e-01
2.020566226731337067e-01
2.006521605607820280e-01
1.990453815381293956e-01
1.996470600049193578e-01
1.999802832597098456e-01
1.992652564135790616e-01
1.997667330779565042e-01
1.996278139715437216e-01
2.004092868276925732e-01
1.994289861718849255e-01
1.987755987728741514e-01
2.009063894309239262e-01
1.995870209884506030e-01
1.998707615420698136e-01
1.981462165603338765e-01
2.003375978556446446e-01
2.010817953716843298e-01
1.987454038768907694e-01
2.002893493811851444e-01
2.004360454783706280e-01
2.018883164404995656e-01
2.006992233010041204e-01
2.006327222792404497e-01
2.001439061430484723e-01
2.004728691079904757e-01
2.006331308906589561e-01
2.003423367525443699e-01
2.014344355716064794e-01
2.002640849713752946e-01
1.971041995331484775e-01
2.004698806455879612e-01
2.014034503475332916e-01
1.988509420277221607e-01
1.987188731318808299e-01
2.002746608838494036e-01
1.999954207282576002e-01
2.015552410029892716e-01
2.007007151536224221e-01
2.001383726729158985e-01
2.000427271632221615e-01
1.988543960070888739e-01
1.997615608356056727e-01
2.002401231930352465e-01
2.010595538890600498e-01
2.010846750411030281e-01
2.010791081827831284e-01
2.001387607661523349e-01
1.989407188132676918e-01
1.978109552883717814e-01
2.016827028616735018e-01
2.012709630411032846e-01
2.014022688188985832e-01
2.013575233305023582e-01
1.978911336264774223e-01
2.001849960194000133e-01
1.994004459985146138e-01
1.996956678620843695e-01
1.989665665441097686e-01
1.985535182744764537e-01
1.993564079299118552e-01
1.978053219823473208e-01
2.006252574759089247e-01
2.003507451802978567e-01
2.014066065751559664e-01
1.993218956617701376e-01
1.993365494697711404e-01
1.992368659826226907e-01
1.996119351123853414e-01
2.005644844783251723e-01
2.006024467067809014e-01
1.991180135694871067e-01
2.009339753136285545e-01
1.989680714681656137e-01
1.986778936218353830e-01
2.003603391892727070e-01
2.010196335748984930e-01
1.993162209721743294e-01
1.992472319055771934e-01
1.987577508699294171e-01
2.013629958386254915e-01
2.004428247209752989e-01
1.996558294536084355e-01
2.007066782554748352e-01
1.986153020775900391e-01
1.996888334406960730e-01
2.008897133509481014e-01
2.000055758944430939e-01
2.002062384041440601e-01
1.998602875749043994e-01
1.990581784614909311e-01
1.981871765359664306e-01
2.011694591064073778e-01
2.001938583810912442e-01
1.989637172247789576e-01
2.001947583596115909e-01
2.004798808401689059e-01
1.980251089334842673e-01
1.985880241830245974e-01
2.025590454950106922e-01
1.987350154865917817e-01
2.016924439627529875e-01
1.998110802501295580e-01
1.976668169547342868e-01
1.997678590781246100e-01
1.998799541908551358e-01
1.992272793762795979e-01
2.016888349623325860e-01
2.002763828255756662e-01
2.012813575936938104e-01
2.010942824465397072e-01
2.009692174936264508e-01
1.987141058657475312e-01
2.036000459591334744e-01
2.016399555440006597e-01
2.005076978925439124e-01
2.000949527745427281e-01
1.989001097581368505e-01
1.969481220141151290e-01
2.004746898300934499e-01
1.996097986761438958e-01
1.997899459062590644e-01
1.991911086106159523e-01
2.016375373680203698e-01
1.991627620207806482e-01
2.001148754426060883e-01
2.003097007549574093e-01
2.015423465959212679e-01
2.001243382019984307e-01
1.996576708104825515e-01
2.015119806818781167e-01
2.010240718434574414e-01
2.007057043151315168e-01
1.989232354444809836e-01
2.000717690480923461e-01
1.976150885900849752e-01
2.005338102184439364e-01
2.002315405515447955e-01
1.978238166590995939e-01
2.000160942389825891e-01
2.026935899672111796e-01
2.003492869186519199e-01
1.989702833238903568e-01
2.022157118986509516e-01
1.993521599135795463e-01
1.990542683018659553e-01
1.984124676271201426e-01
2.011092138079626224e-01
2.000459710236990873e-01
2.013369995790174338e-01
2.003189770482435850e-01
1.984322369334301228e-01
2.019350276703749669e-01
1.985427463195930942e-01
1.993672000115114251e-01
2.002630672158787761e-01
1.995824101707076581e-01
2.009603935443507461e-01
1.999287973735936752e-01
2.006259856482519033e-01
1.982795770555011161e-01
2.002799410507832556e-01
2.011038615849739808e-01
1.989345966767541163e-01
2.000967968396602237e-01
2.017455385965521986e-01
2.008584287812432978e-01
2.008932256426790575e-01
2.003821593077714236e-01
2.016225754298307804e-01
2.006874360092605614e-01
2.021025140510085416e-01
2.013867897409076790e-01
1.982935456914457217e-01
1.981166348725219017e-01
2.007682551827464634e-01
2.004733179700787238e-01
1.994234082287868748e-01
2.008913964529164264e-01
1.989197540103177786e-01
2.014353618514653776e-01
1.991861274868041154e-01
2.005895106439123388e-01
1.995330128373564993e-01
1.995391730338959557e-01
1.994938861028882904e-01
1.987700581215975371e-01
2.010983285285675715e-01
1.997333133824680529e-01
1.999780911032399688e-01
2.005446165330812269e-01
1.998718199031566667e-01
2.000897566244816406e-01
1.985095031377403230e-01
1.989695286607927605e-01
2.005787968828064705e-01
2.000781925494440616e-01
1.984976614362185254e-01
1.984005868794752603e-01
2.011347732664152954e-01
2.015092381919278419e-01
2.001807184583489774e-01
1.996008572420560068e-01
2.006352029518969904e-01
2.000669127805632108e-01
2.004118290312552619e-01
1.998427790422748762e-01
1.996632968701601840e-01
1.999556834566496577e-01
1.998614119227462294e-01
2.008284149040454325e-01
2.002901851223596874e-01
2.005305148998003661e-01
1.993127603564224248e-01
1.996774163671946600e-01
2.016409560626939712e-01
2.001843423492332963e-01
2.006913828883498674e-01
2.005365963723400313e-01
2.001261917154753545e-01
1.996720745815872278e-01
1.983766332935500143e-01
1.994777240125186202e-01
2.006048981868955861e-01
2.008796005419802300e-01
2.008932372989144233e-01
1.991351853220597323e-01
1.993598469659031702e-01
2.010383979937695187e-01
1.991742290373610946e-01
2.000275819895854512e-01
2.012894900502278650e-01
2.000845797584891173e-01
2.028900064404384751e-01
1.971378118194088980e-01
1.991266290732944255e-01
2.016438909552877856e-01
2.000830616513890325e-01
2.008933872010893462e-01
1.996176721834784507e-01
1.993985157295165844e-01
2.009593681000891585e-01
2.004614746625125177e-01
2.026586422762549911e-01
2.004408427513204582e-01
2.002001307878865377e-01
2.009766668946916246e-01
2.004654023559022114e-01
2.008392205468738922e-01
2.006284729553569623e-01
2.003562372128180613e-01
2.005355576556074881e-01
2.005553543811933181e-01
1.977534120193311373e-01
1.997304121123934517e-01
1.985979390227688157e-01
1.987909097764075372e-01
2.005995028271210234e-01
2.009694730137467633e-01
2.004988149555939625e-01
2.002580656463422426e-01
1.993904868570879896e-01
2.011402270868011266e-01
1.989606972318290756e-01
2.004260883187851949e-01
1.993932401579165126e-01
1.994100936697348891e-01
2.000342349565933930e-01
1.987822781844432729e-01
1.996416019465562519e-01
1.986607143589684266e-01
1.988583736702679572e-01
1.981725421470262871e-01
2.008874924568544440e-01
1.980777009807105915e-01
2.009089441451147040e-01
1.995177819614485371e-01
2.012052569524799828e-01
1.992305693294892099e-01
1.990354899802886934e-01
2.018276900055072931e-01
1.997442015171008445e-01
2.015951580626695605e-01
1.992851537605547785e-01
1.990531317962858093e-01
1.987449239006131574e-01
1.991147769124316513e-01
2.009185714716533178e-01
1.983311267064245542e-01
1.997056416947130819e-01
1.984905776205983241e-01
2.019248217089633923e-01
1.991692005167053914e-01
2.004604049289679946e-01
1.982529736475351079e-01
1.994569147965577494e-01
2.002356678075211949e-01
2.001549281628964561e-01
2.008631771866598026e-01
1.998671830570174501e-01
1.996345614116581124e-01
2.004148177340836223e-01
1.997131299888506573e-01
2.013692138351526328e-01
1.994207992819151953e-01
1.998734524685335801e-01
1.999642279718900073e-01
2.011139209524753502e-01
1.998138893256041770e-01
1.997777853949275484e-01
1.993962334367444245e-01
2.011551452992684785e-01
1.983360376304972861e-01
1.996500152805737449e-01
2.008501230220154921e-01
2.014309457235044232e-01
1.991942676570485904e-01
2.002919253895532326e-01
1.995466070426565874e-01
2.005519898897955844e-01
2.001846109551581043e-01
2.008451004886648572e-01
2.001588349912299947e-01
1.988335910411387353e-01
2.004827878043554668e-01
1.990748503939569480e-01
1.988373292668814407e-01
1.989665956898319099e-01
1.997620159828055741e-01
1.999450674518307436e-01
2.021865386737664305e-01
1.993412896743423091e-01
2.001870124533873530e-01
2.006594620596937328e-01
1.991392692671672959e-01
2.001552731147101805e-01
1.997643898044217936e-01
2.017433718922689856e-01
2.006314207815758643e-01
2.002437161802662902e-01
2.013984596835055041e-01
2.009033674978939477e-01
2.017279419265963769e-01
1.986227944067915085e-01
2.000323168590553147e-01
2.012907792395821627e-01
1.984460410669922070e-01
2.002635123310486931e-01
1.996632896979691763e-01
1.995130060807752403e-01
1.999234273680617069e-01
1.986740252301517073e-01
1.978337983902378472e-01
1.985443428866450477e-01
1.993194375945518682e-01
1.998048235907126102e-01
1.996440147741748439e-01
1.999372377816840407e-01
2.001754697131067351e-01
2.010350969602923976e-01
2.010742256296309538e-01
1.995003968414717499e-01
2.029940745436207283e-01
1.995517988810244225e-01
1.994155008289112130e-01
1.993377958809978701e-01
1.990271229774087935e-01
1.996514725586458205e-01
