1.004316212048963042e+00
1.003952083366627779e+00
1.004673125779802056e+00
1.004640133445785732e+00
1.005651027679579812e+00
1.004367227146943486e+00
1.003861390333883774e+00
1.004115281584374131e+00
1.005016643663735554e+00
1.004627097975182126e+00
1.004735321158688910e+00
1.003802531298115586e+00
1.004257265146540679e+00
1.004228830694231966e+00
1.003687057385004522e+00
1.004764259594609355e+00
1.003422537394085712e+00
1.004293086278245983e+00
1.003947858480736643e+00
1.005056430592812688e+00
1.004173097548803462e+00
1.004644672018933260e+00
1.004260504463444281e+00
1.003116625537769258e+00
1.003572290845792470e+00
1.003777634064758617e+00
1.003439541412109115e+00
1.004168913515783634e+00
1.003799855881604142e+00
1.004092961782418580e+00
1.003713625459204950e+00
1.004642665088214759e+00
1.002682057870100563e+00
1.004385784937952275e+00
1.004165468282072426e+00
1.003759089826173012e+00
1.004348082091977012e+00
1.003773908088096967e+00
1.004197399263846879e+00
1.003578453884144572e+00
1.004554061628186501e+00
1.004588950793751101e+00
1.004930501755001426e+00
1.003861931685887221e+00
1.004739804340058829e+00
1.004500631254450882e+00
1.003845851612239937e+00
1.004661453940707938e+00
1.004655810724340181e+00
1.005481721217118984e+00
1.002687527171100657e+00
1.004188499796540901e+00
1.005118440368082622e+00
1.004036616065071552e+00
1.003686989685631303e+00
1.004221534654692771e+00
1.004971723804637840e+00
1.003040616451029043e+00
1.003341498631409534e+00
1.004694114111615466e+00
1.004304245868145262e+00
1.003379007348168761e+00
1.004503649052382652e+00
1.004178809693132335e+00
1.004309769336970248e+00
1.003739460838203978e+00
1.005471215880169078e+00
1.004367738806073662e+00
1.004120245239481735e+00
1.004094264683027093e+00
1.004487060686360289e+00
1.005765884235322760e+00
1.003707649545046099e+00
1.004622123232469688e+00
1.003625529131574989e+00
1.004391184992811770e+00
1.004252580195899025e+00
1.004585517020964547e+00
1.003994667549421349e+00
1.004908388296861466e+00
1.004281685437144578e+00
1.004644543682043478e+00
1.004635859026023814e+00
1.004943780446998725e+00
1.004873886845200737e+00
1.005249551926050477e+00
1.004803139195633355e+00
1.004186818002260173e+00
1.005067802164759660e+00
1.004951308448059466e+00
1.004056582417658383e+00
1.003745255166109906e+00
1.004294340135959640e+00
1.004208174415180288e+00
1.005460925088013546e+00
1.004407984633365558e+00
1.003983872122653720e+00
1.005257558941808460e+00
1.006407576027050332e+00
1.004652122015877280e+00
1.004645466595568193e+00
1.004700878335087255e+00
1.004380433889855651e+00
1.005022047883372460e+00
1.004346953944042165e+00
1.003079612640070728e+00
1.004069627836799761e+00
1.004538819444962927e+00
1.004473977039822996e+00
1.004109158574993499e+00
1.005971353793866818e+00
1.003398930611855366e+00
1.004620325151933224e+00
1.002868823410550503e+00
1.004265851272427401e+00
1.004767461049686839e+00
1.005031964178347392e+00
1.003926635219958285e+00
1.003941201572855713e+00
1.004598200044017009e+00
1.003886672483254472e+00
1.005630873478244647e+00
1.004504193714886640e+00
1.003732900582963383e+00
1.003884264743901022e+00
1.004491186253574586e+00
1.002811459488171186e+00
1.004479709389456410e+00
1.003823721279130776e+00
1.004541045327252968e+00
1.003638249753769029e+00
1.003807524287216868e+00
1.005321769223330719e+00
1.004097406903448286e+00
1.004426501548313366e+00
1.004380704629671772e+00
1.004505810214900929e+00
1.003562785430561322e+00
1.004303228402926740e+00
1.004493875323104524e+00
1.004390432924903376e+00
1.003331315710336513e+00
1.005237213544127650e+00
1.004387056550171797e+00
1.003480785994193658e+00
1.004031776897625905e+00
1.003163379310359371e+00
1.004316490093226211e+00
1.003576900807660932e+00
1.003425295910487902e+00
1.005409911927795941e+00
1.003706441764369517e+00
1.005376663869486764e+00
1.003380219348501523e+00
1.004495782346848998e+00
1.004655969759591372e+00
1.005115608132728156e+00
1.004259368115925977e+00
1.004450901127417861e+00
1.003527212141027913e+00
1.005916796879551045e+00
1.003207864649442227e+00
1.004276270968522677e+00
1.003603110146639388e+00
1.002912292038676823e+00
1.004422804798815738e+00
1.003843363322564519e+00
1.004262903987972244e+00
1.003958702704762507e+00
1.004186179971960025e+00
1.004708630198420494e+00
1.004499626057310468e+00
1.004224797680868475e+00
1.004950384899491844e+00
1.004358243442561083e+00
1.004536042348856961e+00
1.003477036548185097e+00
1.003945439892200309e+00
1.004636870367157098e+00
1.003181676304492065e+00
1.002653564966390354e+00
1.005903818153501161e+00
1.006306402808022415e+00
1.004046761979876745e+00
1.005455058480162256e+00
1.005397129315477533e+00
1.004225695690915465e+00
1.004580527701867343e+00
1.003746830722672678e+00
1.003331334944154607e+00
1.003990244518280450e+00
1.005097874911222711e+00
1.004320982790311900e+00
1.002845302546196304e+00
1.004622450494555563e+00
1.003985248074807268e+00
1.004752899578467806e+00
1.003746836302371825e+00
1.003884033004464937e+00
1.004793022956218529e+00
1.003403080921147605e+00
1.004855957554552370e+00
1.004884660385154005e+00
1.005932754382057759e+00
1.004598730701013132e+00
1.004395724453059024e+00
1.003387421301187077e+00
1.004193296635650601e+00
1.004300229635725072e+00
1.003143828410625105e+00
1.004597773882447420e+00
1.004326982844777616e+00
1.004714738695203113e+00
1.004963889634812757e+00
1.003813996234961703e+00
1.004401609019312414e+00
1.003790366047982330e+00
1.003590322616396691e+00
1.004022461493393914e+00
1.003960802403537800e+00
1.005001633562950136e+00
1.004339506781303015e+00
1.005364266582592814e+00
1.004075626904464169e+00
1.004433404908644967e+00
1.004060144937491961e+00
1.003539329003642067e+00
1.004107580520133824e+00
1.004382967153372386e+00
1.003176463051945522e+00
1.004151995256744367e+00
1.003478310143945729e+00
1.005256447486218896e+00
1.004591760015754121e+00
1.004148194428133856e+00
1.003446511772586147e+00
1.003927311938356048e+00
1.004692930310540744e+00
1.004029959463365040e+00
1.004565286049774686e+00
1.003964528409786450e+00
1.004616858101672339e+00
1.003396910270956344e+00
1.005637393666984458e+00
1.004591858598060217e+00
1.004831891821745815e+00
1.003576365407908844e+00
1.002512214403045832e+00
1.004173758474168121e+00
1.004384019305891718e+00
1.005344459107416100e+00
1.004419456653215414e+00
1.004268336123789407e+00
1.005066214905825372e+00
1.004312461970509052e+00
1.004938244070230136e+00
1.005001566440581362e+00
1.005442903557127288e+00
1.004630980892718073e+00
1.004462667811899523e+00
1.003888145350851246e+00
1.003773686364707540e+00
1.004716426275133578e+00
1.003479439888235847e+00
1.004329112161684856e+00
1.003885486844205976e+00
1.004722795740522701e+00
1.004459671028974377e+00
1.005051237479264614e+00
1.004113045081673761e+00
1.004149058612551437e+00
1.004344818385323190e+00
1.002644303165948436e+00
1.003797971571707581e+00
1.004722657428319232e+00
1.004474415632328421e+00
1.004844392952191301e+00
1.003397035853083041e+00
1.004097033401531336e+00
1.004131388066982211e+00
1.003851977796435868e+00
1.004059289127205767e+00
1.004902864372772431e+00
1.005291906406887037e+00
1.003330487530208481e+00
1.005136049583161162e+00
1.003830510183350011e+00
1.003579328270097770e+00
1.004669395021164480e+00
1.004590032102354202e+00
1.003341054774497865e+00
1.004512471799744677e+00
1.004680150207377221e+00
1.003905895785992985e+00
1.003982953971672032e+00
1.004579027107954214e+00
1.005699876544170035e+00
1.003539875644619661e+00
1.004055044165215627e+00
1.003520259161527317e+00
1.003063460055856115e+00
1.004598135672524428e+00
1.005240427662032587e+00
1.002905393237091491e+00
1.004315067461835076e+00
1.004654646313118072e+00
1.004237226807935812e+00
1.005745998310412226e+00
1.003762202117309155e+00
1.003374264387957515e+00
1.004003044984050241e+00
1.003980953668795362e+00
1.004469227701220824e+00
1.004709424746261126e+00
1.004027594422943759e+00
1.003967409430843949e+00
1.005306492247170613e+00
1.003613885443743081e+00
1.004459172839056835e+00
1.003866967931236642e+00
1.004100508330004748e+00
1.004864151208506806e+00
1.004000110008704594e+00
1.002962870562779774e+00
1.003596291025328435e+00
1.004610454698633637e+00
1.004656777560458236e+00
1.004206115448701642e+00
1.004561251169741265e+00
1.004808250965514960e+00
1.005343676775989126e+00
1.004701248156127713e+00
1.003777507721195450e+00
1.006036315096602296e+00
1.004065595862591032e+00
1.005118128278175815e+00
1.004187189943150926e+00
1.003901201560938095e+00
1.002744239316877950e+00
1.004225865455803168e+00
1.003658110145649429e+00
1.004040054502054913e+00
1.002470927787095789e+00
1.006078488357810219e+00
1.004103996450683711e+00
1.004359359368786730e+00
1.003519455077725331e+00
1.004574713943506614e+00
1.004699741447020678e+00
1.004088511188189203e+00
1.005702227949423211e+00
1.003591001105885727e+00
1.004997143253441250e+00
1.004501164458927454e+00
1.003736530231891466e+00
1.003631124522706752e+00
1.004870314227000794e+00
1.003944875198736986e+00
1.004043228988147129e+00
1.005068722771180534e+00
1.003756047147109864e+00
1.004535817616849513e+00
1.005165578776795687e+00
1.004101318981688529e+00
1.005482238243225801e+00
1.003973403209122539e+00
1.004799070307229591e+00
1.004446750402184785e+00
1.004501477438354939e+00
1.003672479230584669e+00
1.005708452478672132e+00
1.005009689952924834e+00
1.003483539277837844e+00
1.005097246824141477e+00
1.005251117219597701e+00
1.005288200825336542e+00
1.003844420980822827e+00
1.003197976895041421e+00
1.004759819844512903e+00
1.005629651906411626e+00
1.003331958375219157e+00
1.005627948769670432e+00
1.004004642050115859e+00
1.003414015344876065e+00
1.004511988152151369e+00
1.004798300586066784e+00
1.004795402347861133e+00
1.004523457711925083e+00
1.004728944455754336e+00
1.003404204773832742e+00
1.003926239059189873e+00
1.002855682653791325e+00
1.004864282331127345e+00
1.003929542041527734e+00
1.003565356319257473e+00
1.004557734353461518e+00
1.004770992142787422e+00
1.005381154314717085e+00
1.004894449787471444e+00
1.003132178625446347e+00
1.004758390200817475e+00
1.003379287583785029e+00
1.003944505587702318e+00
1.003507549211116956e+00
1.006195239782018414e+00
1.003670492374662437e+00
1.003908334728763174e+00
1.003892077074994615e+00
1.004576070829865886e+00
1.003594242480485565e+00
1.004237515394073466e+00
1.004600824306356666e+00
1.003577172412221552e+00
1.005096766770537275e+00
1.003911145942532057e+00
1.004320736039375106e+00
1.003625330593080012e+00
1.004189714609992734e+00
1.004149306121730589e+00
1.005317768843470239e+00
1.004174232378134857e+00
1.005092872979497232e+00
1.003577273320984231e+00
1.004872752679266679e+00
1.003186546648204613e+00
1.004653168279425968e+00
1.003473201370222334e+00
1.004577561750381820e+00
1.004240220060047095e+00
1.005498858300771126e+00
1.003454420642162948e+00
1.003005114914660600e+00
1.004165687935510975e+00
1.004319784970759244e+00
1.004018353344511949e+00
1.003557356196475014e+00
1.004961740867552633e+00
1.004700458328368962e+00
1.004968460723826507e+00
1.004626880537681455e+00
1.003823214291813981e+00
1.003936565991873975e+00
1.003037215497501800e+00
1.004024395004594616e+00
1.004337795313752668e+00
1.004148953088304985e+00
1.004035351316190372e+00
1.003256968881129696e+00
1.005476414120174411e+00
1.004499569230912659e+00
1.004262190633528506e+00
1.006204231516373948e+00
1.004134975235557947e+00
1.004197261474181868e+00
1.005381300501187125e+00
1.004069335325174173e+00
1.003756187443079373e+00
1.004724369344253354e+00
1.003064806394769359e+00
1.004999543054579725e+00
1.004450355335953615e+00
1.003925551654305082e+00
1.003708448626340566e+00
1.003747392265571081e+00
1.004126773631842218e+00
1.004401820003141932e+00
1.004389844324608871e+00
1.004985088271118432e+00
1.004559616438644332e+00
1.003530537870426453e+00
1.004418552814876575e+00
1.005078448388921242e+00
1.004691143333270142e+00
1.005265366163667462e+00
1.004353727325279610e+00
1.004153034116475718e+00
1.005160868758727899e+00
1.005095240358169661e+00
1.003304303191627556e+00
1.004788269107164123e+00
1.003035486442550139e+00
1.004113696634743036e+00
1.004963841276544700e+00
1.005196185022318778e+00
1.003980580352789920e+00
1.003718737016425111e+00
1.004578217752008618e+00
1.005076617002601980e+00
1.005366416012603237e+00
1.005681263736344588e+00
1.004109522051581216e+00
1.005070085032903293e+00
1.004318615971525608e+00
1.003789624648884438e+00
1.004362162163797034e+00
1.004213282994799394e+00
1.004798723852674991e+00
1.004457964698054262e+00
1.005743413900450411e+00
1.004111653859174780e+00
1.004723143391110129e+00
1.004357419732120782e+00
1.004975101297972628e+00
1.005301230933985268e+00
1.003673096074673365e+00
1.003133624268596424e+00
1.002847447226469679e+00
1.005314818507493602e+00
1.003655068861144084e+00
1.005548177451582648e+00
1.003729289017518012e+00
1.003844600795378739e+00
1.004226436764496411e+00
1.004219474502866305e+00
1.004987545719725262e+00
1.004413525963018916e+00
1.004459865335923796e+00
1.004335895104928378e+00
1.004482774872226036e+00
1.003491726740386669e+00
1.004802781559989810e+00
1.004628281331903406e+00
1.003407642125892396e+00
1.005234365447914779e+00
1.003651429814647500e+00
1.004813828347105309e+00
1.004155313044558406e+00
1.004096664361793012e+00
1.003516187165048423e+00
1.003616778034359447e+00
1.004489336565288049e+00
1.003599626904699171e+00
1.003190769892967182e+00
1.003783492465445848e+00
1.006203235651951244e+00
1.004185686603588756e+00
1.004718445248406145e+00
1.003225971527760052e+00
1.004353854220434661e+00
1.002585622832450341e+00
1.004829543037486950e+00
1.003877026970721342e+00
1.004370813789821959e+00
1.004859972231007648e+00
1.003526508521219718e+00
1.004783924684453211e+00
1.003870056979099923e+00
1.004342785283097506e+00
1.004048531198888483e+00
1.005189283183688387e+00
1.004566840219609958e+00
1.004120338205328533e+00
1.004890989507259969e+00
1.004841614482293810e+00
1.004295026553903236e+00
1.004266551044591838e+00
1.004057659622183296e+00
1.003487608886390214e+00
1.005631475334152425e+00
1.005221809320105297e+00
1.003729190233993096e+00
1.004383008865199933e+00
1.005757322418188160e+00
1.005641018020803523e+00
1.003871795186415117e+00
1.005343817720903754e+00
1.004277479035875720e+00
1.004236586918774821e+00
1.003971642649100993e+00
1.002536998508823274e+00
1.004881898360967529e+00
1.005945190318950910e+00
1.004579774265597969e+00
1.003491048394215435e+00
1.004058690616606020e+00
1.004144952025441739e+00
1.002939872449227998e+00
1.005061309799837543e+00
1.004680109447099845e+00
1.005356264959244239e+00
1.004802510452976749e+00
1.003589220955243055e+00
1.004821145655550474e+00
1.003931685771493720e+00
1.003812086166260054e+00
1.004465218984669672e+00
1.004118290292154381e+00
1.004196449804710456e+00
1.005319753386684889e+00
1.004959230483724930e+00
1.004159406931129928e+00
1.004362531273498949e+00
1.003982297660056089e+00
1.003832713816348532e+00
1.003012285063549669e+00
1.003841544380083661e+00
1.003740057070268588e+00
1.004276338206553154e+00
1.003395914511634901e+00
1.003843838004785161e+00
1.003937454585870803e+00
1.003503467434007312e+00
1.004781729353438013e+00
1.004736037568051188e+00
1.004327858472006119e+00
1.003932256312063398e+00
1.003540928115316033e+00
1.004780776670091136e+00
1.004637542024985786e+00
1.004018645081554695e+00
1.003622847046440780e+00
1.004905436321053891e+00
1.003868042653372594e+00
1.004020382142172929e+00
1.005476665030893724e+00
1.004012143915459898e+00
1.004560072470476406e+00
1.003575557052667655e+00
1.003859718237955834e+00
1.003846247522446333e+00
1.003871602288207932e+00
1.004998855653440160e+00
1.002734879841470805e+00
1.003934970414675609e+00
1.003436190142946494e+00
1.005137015880669171e+00
1.003762735266845896e+00
1.003865226686239120e+00
1.002982834513965971e+00
1.005007223708477282e+00
1.004673174060511931e+00
1.003942987406676091e+00
1.005582847958307990e+00
1.003998521109519260e+00
1.004220716983873274e+00
1.004177217900893648e+00
1.004990441450148708e+00
1.004531773371019732e+00
1.003333400981740064e+00
1.004324874943315793e+00
1.005205069392385742e+00
1.004750986305982474e+00
1.004840172612588844e+00
1.004057287446169289e+00
1.005355103801277572e+00
1.003216256413141050e+00
1.004879282769349791e+00
1.003475735368487110e+00
1.004182820142927257e+00
1.003799913901340046e+00
1.004986178569624355e+00
1.003974690365278866e+00
1.004711573008167047e+00
1.003803249099902262e+00
1.005072971708062868e+00
1.003320322949513566e+00
1.004048250034571987e+00
1.005331913535614463e+00
1.004618306622120816e+00
1.004481761289880648e+00
1.004516366748293255e+00
1.004362832671215955e+00
1.003184213353538468e+00
1.004204404513564963e+00
1.004936742111085524e+00
1.003997133454826773e+00
1.003443845100403076e+00
1.005130560823992436e+00
1.004525938613803238e+00
1.004387214787590077e+00
1.003474891775888223e+00
1.005845997851167795e+00
1.003639681923824023e+00
1.004480872937707714e+00
1.003686610793805611e+00
1.004716915010579914e+00
1.003080441839739212e+00
1.004168061532086487e+00
1.003165496245092880e+00
1.002974745480528451e+00
1.003927664476928383e+00
1.004990352745549709e+00
1.004220100676136651e+00
1.003608222611334977e+00
1.003469310297242956e+00
1.003959501970688839e+00
1.003930170700704672e+00
1.005472438338676167e+00
1.003320177900699717e+00
1.004164585498669160e+00
1.004059803031500442e+00
1.004424493454259881e+00
1.004415399949660559e+00
1.004362591642036895e+00
1.004451011907649072e+00
1.004636649812772786e+00
1.003430587930312923e+00
1.006021657641224198e+00
1.005007193541875399e+00
1.004882935602202876e+00
1.004363172403854421e+00
1.003736400494252834e+00
1.005115058232606717e+00
1.003854650974610019e+00
1.003876202180770116e+00
1.005197306691913761e+00
1.004137247344060402e+00
1.004493307541177716e+00
1.005304267596782486e+00
1.004667618888463121e+00
1.003977391885038317e+00
1.004391460323812213e+00
1.003600160368252947e+00
1.003833232556211374e+00
1.004187053979949118e+00
1.004425149978830589e+00
1.002833878093973174e+00
1.003453693887949028e+00
1.003969417904225336e+00
1.004178249844471127e+00
1.004253730431993397e+00
1.003340043106504709e+00
1.004309175111530728e+00
1.002562953125311074e+00
1.003693387039082952e+00
1.005146727744546054e+00
1.002887441264157742e+00
1.004618723209414366e+00
1.003604431921222728e+00
1.005144947022810653e+00
1.004266281500713953e+00
1.004365105575216965e+00
1.003630477759623885e+00
1.004372091630341579e+00
1.003899606336605244e+00
1.003269794548055094e+00
1.004979867101040591e+00
1.004126499047338195e+00
1.004703903862878889e+00
1.005156409827993924e+00
1.004571943329590766e+00
1.003959383273475225e+00
1.003193545634994521e+00
1.004481218211471738e+00
1.004254468197756101e+00
1.003786129482419520e+00
1.004286257327547727e+00
1.003657781495724155e+00
1.003148559205621737e+00
1.004974948485717778e+00
1.003791607422477306e+00
1.004195961224698452e+00
1.004657353720397106e+00
1.004012669030475369e+00
1.004220902716738362e+00
1.004101990048627657e+00
1.004785053754614355e+00
1.004093758434535522e+00
1.004824380551046614e+00
1.004828676274313493e+00
1.004780905970718452e+00
1.004110410213158167e+00
1.004695067587060286e+00
1.005161805524644736e+00
1.004436597430008460e+00
1.003473039860182103e+00
1.005405186862607048e+00
1.005483118730610581e+00
1.005150011593862747e+00
1.002299389311600564e+00
1.002887004828254103e+00
1.003645724875480205e+00
1.003781076290142460e+00
1.003485417949934844e+00
1.005909250115253561e+00
1.003938809198813731e+00
1.004015498250452998e+00
1.004547917792222078e+00
1.003650267172529365e+00
1.004080733126940128e+00
1.004656706303406866e+00
1.003632985575463543e+00
1.003534336875651745e+00
1.004207090539785074e+00
1.003142811882763663e+00
1.005075633511374189e+00
1.005764398988400199e+00
1.005038788390985705e+00
1.004879980408639240e+00
1.003850161181151446e+00
1.004492620765695898e+00
1.003726595101860575e+00
1.004961829651471072e+00
1.004479085061197097e+00
1.003494113241139241e+00
1.003797533265877284e+00
1.004106337332240972e+00
1.003248167165985860e+00
1.003486147893535962e+00
1.004018582576011065e+00
1.005056674620064427e+00
1.003896879577682144e+00
1.004459535511554868e+00
1.004794588698262991e+00
1.004935717783192795e+00
1.004397469559897171e+00
1.005333701011904557e+00
1.005075605591363441e+00
1.004284153843110428e+00
1.003954432905988181e+00
1.003486918686041118e+00
1.004146718132864269e+00
1.004819474946614166e+00
1.004399482090874152e+00
1.002869232548532663e+00
1.004505791213606170e+00
1.003527495459584529e+00
1.004029633650068476e+00
1.004523960510912417e+00
1.005849266126094710e+00
1.004188848880315454e+00
1.004003815664286314e+00
1.004463574161651440e+00
1.006144813213093903e+00
1.003120544790825797e+00
1.003776234712953963e+00
1.003813284674242912e+00
1.004438473938137344e+00
1.004036620037429328e+00
1.004424394778148155e+00
1.005200224958095356e+00
1.004058040081384329e+00
1.003754527746191449e+00
1.006292333382481363e+00
1.004315868853080440e+00
1.004204308542165913e+00
1.004291555910060696e+00
1.003056535131507498e+00
1.003747601154448388e+00
1.003946606728163049e+00
1.003303344168767097e+00
1.004788138470725345e+00
1.004561913342799429e+00
1.004803249589096392e+00
1.005325163127794630e+00
1.003720083443264466e+00
1.005026341667667467e+00
1.003443992477754509e+00
1.004455760138401654e+00
1.003662514602665201e+00
1.004987249223551204e+00
1.003394205554405394e+00
1.004438483232906298e+00
1.003602517155967933e+00
1.004075529191332361e+00
1.004500941264122371e+00
1.005168839523679969e+00
1.004583658396369872e+00
1.005212271569119853e+00
1.003504163814467498e+00
1.004904905587657993e+00
1.003849715290094702e+00
1.005025708980781252e+00
1.002626398537352914e+00
1.004526693984822971e+00
1.003754750188810441e+00
1.004105184012405783e+00
1.003673107226467076e+00
1.004228579285180611e+00
1.004286264444318899e+00
1.005694518738334375e+00
1.003434377837332026e+00
1.003309538733708095e+00
1.003818698626907535e+00
1.003286224729962317e+00
1.003381952909012664e+00
1.004837950984993622e+00
1.004033993534225289e+00
1.004601640229243253e+00
1.003548736111128603e+00
1.004022462764576851e+00
1.005041895258005136e+00
1.003266037858865367e+00
1.003853336278400121e+00
1.004449494320124758e+00
1.003281544160482763e+00
1.003253557248278582e+00
1.004094734962117430e+00
1.004314235575702874e+00
1.004547080862675967e+00
1.004183914662730936e+00
1.005009938549441317e+00
1.003969206631288191e+00
1.003287916952575243e+00
1.004130978455345380e+00
1.004060572609267732e+00
1.003907925746961194e+00
1.004315073748580200e+00
1.003690608630743997e+00
1.003659804907491626e+00
1.003924007780802929e+00
1.003177317195124374e+00
1.005640468919180242e+00
1.003753546165659483e+00
1.003719412783242282e+00
1.004359738120556456e+00
1.004573192428351192e+00
1.004830870439977764e+00
1.004595641171183162e+00
1.004415556661301778e+00
1.005292006806754346e+00
1.002677840903270168e+00
1.003860184529420385e+00
1.004695616600790986e+00
1.004574020534747314e+00
1.004526600116083523e+00
1.004545496016730155e+00
1.003878598040454762e+00
1.003981538537037199e+00
1.004379640488311631e+00
1.005268129083511930e+00
1.003791071366515686e+00
1.004858762041114684e+00
1.004210105359460981e+00
1.004240276826162237e+00
1.004059318186262706e+00
1.003463697895171203e+00
1.003508124706527616e+00
1.004508794700674112e+00
1.004323991454478815e+00
1.003861265122560686e+00
1.004946599477714697e+00
1.005510794259028673e+00
1.005102959472665924e+00
1.003428576266147232e+00
1.004958619465250003e+00
1.004917584762596627e+00
1.004325481779311025e+00
1.002993392087830449e+00
1.004440228750773434e+00
1.004130916595767475e+00
1.004253289359543277e+00
1.004808919616680285e+00
1.006979415300236935e+00
1.005881504007860139e+00
1.005181835811143731e+00
1.003779860903254662e+00
1.003223079425330733e+00
1.003505188102228551e+00
1.004524381293455004e+00
1.003604068082609935e+00
1.004990840511728933e+00
1.003930720727056469e+00
1.003841118185490933e+00
1.003358170533597216e+00
1.004544892348858687e+00
1.004873290553654597e+00
1.004578935041618548e+00
1.004839681584147826e+00
1.004282904270258792e+00
1.004441025177133184e+00
1.005028765419639258e+00
1.005028356038359272e+00
1.004546933503929207e+00
1.004773621459620569e+00
1.004620043892345160e+00
1.004804541246560490e+00
1.004691160397876981e+00
1.003875433055886779e+00
1.004475745375003504e+00
1.003571235809820106e+00
1.003885930944396820e+00
1.004855400335113336e+00
1.004893133285696294e+00
1.004816903848091192e+00
1.003883554652752919e+00
1.004476099202801009e+00
1.004847183538014832e+00
1.003639170425168148e+00
1.003039110780259424e+00
1.004071848573115489e+00
1.004654206706007136e+00
1.003756000775055890e+00
1.003980210955746744e+00
1.003963807569343114e+00
1.004906722361887272e+00
1.004512176677090807e+00
1.002925800003177104e+00
1.004922133297968978e+00
1.004199531159283953e+00
1.003368673333427497e+00
1.004549300826083069e+00
1.004651672675356266e+00
1.004785907311595006e+00
1.004469845224060132e+00
