1.026716578344134989e+00
1.021542928161569996e+00
1.018208216025841883e+00
1.027416619336250614e+00
1.032828095413781178e+00
1.020780221268734023e+00
1.039744764541369770e+00
1.019341420629824579e+00
1.018740921427266910e+00
1.022683164856259541e+00
1.014014897176264141e+00
1.026544767282971726e+00
1.025905623023964486e+00
1.015149083890569015e+00
1.021716463857472945e+00
1.022688683969996015e+00
1.025147848292795594e+00
1.014075401586090441e+00
1.024971710890616672e+00
1.024115340573809263e+00
1.028418402110939711e+00
1.015492953971006695e+00
1.018224279286742195e+00
1.023655094729690296e+00
1.021559167532812840e+00
1.018728181655591314e+00
1.020689670962439566e+00
1.018210451175282971e+00
1.010697966847739160e+00
1.032294635966842788e+00
1.016778990466396193e+00
1.027428182702097459e+00
1.022011079920108090e+00
1.028185460290261366e+00
1.027281684951691920e+00
1.019394136648889893e+00
1.020725979299693664e+00
1.013944661945743064e+00
1.011712772672985317e+00
1.015621338253501094e+00
1.024117786974760858e+00
1.014919262926165855e+00
1.022262137111298541e+00
1.017617034574111790e+00
1.013674953705733905e+00
1.033323215283988850e+00
1.018320409449865904e+00
1.020926217553172810e+00
1.023236194493326812e+00
1.022990875435604075e+00
1.022094202660847273e+00
1.035448113461605812e+00
1.021400720668907525e+00
1.013917698452771798e+00
1.019641079201638600e+00
1.019306138032297637e+00
1.017241051951502717e+00
1.013519847817680342e+00
1.020581569639541053e+00
1.028418630259281263e+00
1.027082470031731587e+00
1.020494345016313531e+00
1.017041219195853330e+00
1.018774449321965037e+00
1.012812919422721114e+00
1.020279192752448827e+00
1.016192634669453421e+00
1.012346308894122249e+00
1.011929650224026700e+00
1.026348539063349996e+00
1.038358387623660173e+00
1.023460676197338381e+00
1.024142308830419346e+00
1.033733180619390568e+00
1.032769540024104815e+00
1.010741059208706272e+00
1.018057526250081946e+00
1.019088344553272574e+00
1.020163871520268328e+00
1.014726275133818190e+00
1.029900025714273415e+00
1.012544959117877674e+00
1.028403185839871448e+00
1.012108240705898332e+00
1.019629468542938344e+00
1.019479915479824861e+00
1.020588082737831526e+00
1.022666860772915021e+00
1.025062280964584849e+00
1.014064021377649061e+00
1.025593726361151203e+00
1.023672929262589459e+00
1.009946396933946611e+00
1.012738294189205135e+00
1.024576914272244066e+00
1.025174493547451382e+00
1.034163057129408481e+00
1.026030920065881036e+00
1.029051096898107698e+00
1.023393500123486621e+00
1.021188522915270847e+00
1.013546679809719242e+00
1.024564326130975367e+00
1.017136715306651285e+00
1.015105521925571352e+00
1.010158613477501355e+00
1.014797969335612171e+00
1.037603661549568512e+00
1.035406719825032518e+00
1.025319724159405865e+00
1.025001533096054684e+00
1.022643211319375522e+00
1.028360844434409005e+00
1.027054741761475709e+00
1.026966689840103086e+00
1.032934100757958440e+00
1.036832530716964351e+00
1.023216291218871365e+00
1.020973938816878812e+00
1.015157904906168085e+00
1.022360962949206309e+00
1.025414780823079575e+00
1.015085476105491269e+00
1.019672835023334834e+00
1.017606745568807369e+00
1.038346508167993676e+00
1.026383656371642639e+00
1.026634393717012594e+00
1.019516465112363379e+00
1.020288478544719046e+00
1.025605978414274810e+00
1.026794946212596482e+00
1.023074854893859076e+00
1.034307719892923361e+00
1.019284179222943010e+00
1.020624968275758659e+00
1.026216411184484700e+00
1.030071175530302696e+00
1.015564820387939493e+00
1.037900940795115190e+00
1.020994694952880311e+00
1.028798292832671324e+00
1.016334633484485162e+00
1.014077495142583496e+00
1.023268592535550026e+00
1.021227081145886340e+00
1.021316119721340065e+00
1.034698786699344453e+00
1.035063571829005324e+00
1.019524507977343619e+00
1.022041772053171815e+00
1.018615360184914831e+00
1.024938066429287309e+00
1.027356259912952430e+00
1.029117107861808877e+00
1.022946342599116765e+00
1.014634006482570960e+00
1.030622378638081704e+00
1.021328664793932584e+00
1.031273295253486433e+00
1.013740053348223258e+00
1.026276673642576576e+00
1.015334734784560267e+00
1.011182452537778609e+00
1.026119563926320088e+00
1.020071269542099701e+00
1.016680718299974862e+00
1.019036615841259152e+00
1.033389492242649643e+00
1.026514562967291821e+00
1.008008807375354143e+00
1.030737120663683282e+00
1.025263306363219051e+00
1.011405422091595785e+00
1.032016303112904598e+00
1.018723340229637397e+00
1.033854418014686471e+00
1.025066843855860332e+00
1.029612120266919062e+00
1.021775526958138558e+00
1.010410172137149454e+00
1.019846997702420044e+00
1.015179503602184008e+00
1.017191427644460244e+00
1.027540932043544020e+00
1.015807416031722754e+00
1.023102866562889623e+00
1.024111996660634905e+00
1.036919531663225591e+00
1.029348777410258098e+00
1.010661372079384668e+00
1.034155088877568796e+00
1.016695905735438998e+00
1.026958826449642315e+00
1.016506098545202130e+00
1.017823907006375928e+00
1.020143911854180185e+00
1.021252717654421049e+00
1.019044061211382690e+00
1.011195757689999919e+00
1.030114212127591911e+00
1.017120157370771549e+00
1.029015517077034980e+00
1.024307312152630045e+00
1.020302539907084860e+00
1.025840780819574416e+00
1.027347315712743292e+00
1.013555598944312131e+00
1.016014559480049817e+00
1.025925393332281166e+00
1.024192299659469452e+00
1.023597507486101232e+00
1.022591336624217639e+00
1.012985741651701188e+00
1.021980277718424812e+00
1.023663744968446032e+00
1.027466087166970521e+00
1.017886237123147408e+00
1.015455991394729196e+00
1.018175679319362148e+00
1.015610068410330191e+00
1.036832672382444365e+00
1.027412362654115840e+00
1.010223495974089891e+00
1.020373814198153095e+00
1.022302352850401164e+00
1.028366540052741973e+00
1.025698461930279137e+00
1.020435665683802062e+00
1.019731266722867513e+00
1.022837869531472821e+00
1.018966201391914073e+00
1.033127304253729672e+00
1.025166603924953179e+00
1.027449776746424792e+00
1.023825112919219071e+00
1.016845947882565104e+00
1.032241907909267953e+00
1.024016024597109054e+00
1.018616850762579906e+00
1.040130878971991635e+00
1.033979477254348467e+00
1.014193312278765635e+00
1.016287596045011066e+00
1.019698141796839819e+00
1.016431724216542820e+00
1.018325757729541037e+00
1.019025362006168223e+00
1.030098004952203272e+00
1.008800036573658909e+00
1.027874036249034839e+00
1.026984760378505834e+00
1.021331438758624754e+00
1.014376061442864518e+00
1.019540274319640893e+00
1.026219754866898759e+00
1.020935563493895915e+00
1.023430196400416659e+00
1.028317924931808625e+00
1.018740593034248798e+00
1.029162972478979921e+00
1.013515874358258628e+00
1.017069949083733604e+00
1.015710392662982020e+00
1.022491909251924680e+00
1.032508748257834785e+00
1.032517069884877792e+00
1.019044578168079251e+00
1.020420989625493435e+00
1.021869776603148150e+00
1.037278185398482933e+00
1.018049490140197078e+00
1.020130998757051266e+00
1.019197878830429449e+00
1.014050017413115290e+00
1.031452643573958161e+00
1.030769916090044314e+00
1.019226060545048496e+00
1.020749399848622785e+00
1.009712242272518434e+00
1.013805340420459888e+00
1.013690364171071057e+00
1.019930020838421658e+00
1.019675879198470803e+00
1.020923605373218468e+00
1.032564991322421966e+00
1.014766772276294970e+00
1.016734073807350036e+00
1.023729357237349147e+00
1.013999911891185768e+00
1.022009016305229112e+00
1.025579454471146734e+00
1.025109438552656682e+00
1.025315043289318995e+00
1.024678853596049377e+00
1.019775842935689791e+00
1.021202259503204646e+00
1.019526417896675863e+00
1.018541014011837387e+00
1.024188554127865469e+00
1.036744424205409132e+00
1.013691052651055413e+00
1.022381660580113261e+00
1.021240647091969045e+00
1.021008716531169425e+00
1.022468045663559977e+00
1.021894806778901321e+00
1.026606254067190971e+00
1.020021432909406389e+00
1.022072407553795026e+00
1.027894786983049702e+00
1.031663075301263888e+00
1.016288480598286581e+00
1.013425049092459673e+00
1.021603822003030571e+00
1.030559242186581237e+00
1.020525340822354021e+00
1.021844530174195631e+00
1.023106470089829134e+00
1.015966896587316759e+00
1.021561026897098490e+00
1.023967009451306698e+00
1.022000388037045182e+00
1.023384263286436946e+00
1.026173912196278959e+00
1.017767258350978254e+00
1.019445442600807050e+00
1.019425115625224754e+00
1.027493577693069149e+00
1.019958080791736554e+00
1.015089499371625958e+00
1.013936460516998483e+00
1.024972218095225651e+00
1.020206055215874930e+00
1.029124916678006318e+00
1.024405492183452671e+00
1.025200556004490782e+00
1.025239951187212339e+00
1.032663986230932585e+00
1.015279245462694435e+00
1.021261729668598850e+00
1.019090753135426741e+00
1.033268374085207109e+00
1.024580613565307052e+00
1.015820749217521302e+00
1.011977924018789610e+00
1.026245820910065332e+00
1.037693429857696303e+00
1.033717166636481277e+00
1.024540598912662581e+00
1.030091351563562574e+00
1.031957617098265167e+00
1.020511788422697075e+00
1.025048000802177839e+00
1.042290959937462569e+00
1.013274401513015288e+00
1.021853069433961148e+00
1.019815628368198723e+00
1.020384932217305529e+00
1.017113050159133447e+00
1.034721907937862007e+00
1.030383428523428346e+00
1.027621963469666833e+00
1.021072019030009548e+00
1.036276298704696064e+00
1.031827723101935490e+00
1.031722364833634442e+00
1.021695957020802625e+00
1.034764511517173524e+00
1.023905828078079061e+00
1.037523605947962890e+00
1.024275565912408759e+00
1.030510786035660598e+00
1.017221186395051769e+00
1.025722440710714389e+00
1.022307333644294047e+00
1.008744146237551265e+00
1.020797442868818017e+00
1.014972539426021836e+00
1.027786658323649904e+00
1.034447348942115985e+00
1.016753936518669965e+00
1.028512635620270732e+00
1.025864259496265474e+00
1.015384488899731208e+00
1.021147740159757733e+00
1.030244608681663898e+00
1.031964747120037496e+00
1.025299910840386408e+00
1.023298392690074721e+00
1.022061965022554197e+00
1.011763319974180009e+00
1.020128013434214331e+00
1.031004536403620442e+00
1.019971553729363212e+00
1.021284024500234811e+00
1.020212759473641206e+00
1.027533104956457999e+00
1.013369171228007515e+00
1.015564639157646498e+00
1.014301895918301000e+00
1.028329702361038045e+00
1.025965012192773029e+00
1.025501267340683587e+00
1.021191072476272055e+00
1.019610643119455817e+00
1.023031635751451729e+00
1.023224333631652661e+00
1.029675343148116484e+00
1.013528226666046139e+00
1.019105856434449731e+00
1.026459937768085418e+00
1.016816515737875459e+00
1.018534880538958687e+00
1.022952711376995838e+00
1.017730778041366690e+00
1.017257451484581576e+00
1.011479939265044203e+00
1.020968738052609126e+00
1.022369950117230308e+00
1.018468401031278336e+00
1.026692953198553360e+00
1.013432484463391736e+00
1.019426885120698678e+00
1.022114668747931887e+00
1.020494078427397699e+00
1.022808365131787189e+00
1.017860270595482897e+00
1.019479198857615732e+00
1.022548302029470557e+00
1.026787881477574604e+00
1.015911056724469130e+00
1.021408314189000688e+00
1.020863748700587825e+00
1.027204300570066176e+00
1.010427782644842898e+00
1.025826939378683189e+00
1.016938214701469390e+00
1.020711799302487455e+00
1.020654633516581145e+00
1.024232216962049247e+00
1.022154619741133974e+00
1.013489302859342578e+00
1.020352227611474927e+00
1.015425629637512372e+00
1.025809387799685446e+00
1.024876227362582881e+00
1.025633204992136616e+00
1.031317345520355033e+00
1.031507220958146620e+00
1.030293467773121030e+00
1.017636019444543960e+00
1.011456806942975906e+00
1.031984043721057009e+00
1.025112213072733480e+00
1.031012528266609385e+00
1.028275390993278471e+00
1.012247052366032740e+00
1.019698295080182504e+00
1.021661299478730855e+00
1.023339717987158171e+00
1.015077898670674994e+00
1.022295184069729634e+00
1.020997285020296852e+00
1.026984861972007002e+00
1.020246965125552352e+00
1.013909621943938966e+00
1.018016881696457210e+00
1.020294255117239812e+00
1.022218972391180980e+00
1.028977967338954080e+00
1.024623275637405850e+00
1.024602840385270275e+00
1.013414206713067367e+00
1.016782413265861162e+00
1.012903163494138115e+00
1.022128804191559270e+00
1.013724004799805734e+00
1.019852498845986721e+00
1.022524850514862083e+00
1.019270983849756007e+00
1.019926885638221314e+00
1.020513472713739711e+00
1.024174302674208059e+00
1.028844344964536361e+00
1.025436976599882977e+00
1.018124328651119903e+00
1.032133634293656677e+00
1.015610055738867645e+00
1.020526735886889025e+00
1.017298636142458745e+00
1.020270377739143308e+00
1.031350187086906178e+00
1.017674612471245466e+00
1.016176054323760569e+00
1.019809204279046977e+00
1.020969490956702863e+00
1.018819965236567704e+00
1.031936614465273738e+00
1.011354649879633527e+00
1.012367939983690679e+00
1.015421608856600821e+00
1.029154674453998553e+00
1.024699869649625672e+00
1.021676201788926042e+00
1.024494988190376876e+00
1.029620454482254477e+00
1.016402357930652478e+00
1.021061411384089901e+00
1.013647944601683504e+00
1.028880735282926340e+00
1.028330663000621703e+00
1.017588587028672054e+00
1.020300478668762167e+00
1.031896020835387784e+00
1.018259503780295949e+00
1.034863631102918902e+00
1.021892168853922422e+00
1.029750382060179215e+00
1.027968242148540545e+00
1.024710335856765742e+00
1.039607824474670483e+00
1.015136729451121544e+00
1.017223472301317155e+00
1.028714273042673044e+00
1.025260289696399374e+00
1.030660995624494536e+00
1.022633797433213809e+00
1.023092524070692066e+00
1.030586262750785798e+00
1.012257342815943151e+00
1.028301938944625071e+00
1.027521467337546346e+00
1.025637353258394890e+00
1.022199672258989445e+00
1.022128886386998392e+00
1.019587196962687958e+00
1.021355293651025731e+00
1.023657278495321732e+00
1.024013066839186692e+00
1.026043355502388899e+00
1.016376706000184704e+00
1.018068557633280635e+00
1.022858419229686788e+00
1.022014878043235653e+00
1.027940379092942447e+00
1.026019485010074339e+00
1.021925915775892424e+00
1.024179114555622938e+00
1.027383490679851130e+00
1.028569533760802956e+00
1.017473956535823731e+00
1.030247682683659072e+00
1.020324714574911917e+00
1.042114106605508406e+00
1.020104423531135618e+00
1.031315271336157524e+00
1.016826145062671882e+00
1.019492500649444411e+00
1.019539170836499586e+00
1.025296392578328053e+00
1.022009277231087143e+00
1.014066954875798343e+00
1.031170109281216662e+00
1.020728811131649039e+00
1.012846806848364034e+00
1.028939631807744837e+00
1.020443765630101973e+00
1.018262924241599920e+00
1.031317391509682713e+00
1.026744608787218072e+00
1.022896429760544734e+00
1.018856939644583903e+00
1.013642748915027036e+00
1.037828675704314030e+00
1.013312375279364019e+00
1.031582222800321524e+00
1.021002609598850475e+00
1.029792571025806236e+00
1.016975855249100169e+00
1.025619657991921230e+00
1.010966872476847911e+00
1.036840304662146384e+00
1.021105963974014763e+00
1.018543904602104311e+00
1.029812154364634136e+00
1.033822860671824051e+00
1.022400336393878062e+00
1.024693604295229044e+00
1.018546592629195224e+00
1.020882044830722091e+00
1.028546868508478651e+00
1.019172248211205112e+00
1.031923514152780275e+00
1.026500287513455456e+00
1.026945311043490738e+00
1.021924223072641302e+00
1.018617682158091009e+00
1.030960574753180925e+00
1.019991297599940339e+00
1.024855255939904897e+00
1.018507191120783695e+00
1.021389583228131448e+00
1.016008763339573351e+00
1.019412091859616787e+00
1.012099230569361685e+00
1.019770888753301907e+00
1.029301077731587855e+00
1.020911320020964741e+00
1.018658486643210237e+00
1.030334152777783174e+00
1.020003557207031619e+00
1.016593428001004717e+00
1.015865587236739254e+00
1.023556272073282258e+00
1.029889585339773816e+00
1.018946518043443383e+00
1.026417256246689558e+00
1.021971937117983398e+00
1.029924899493056989e+00
1.029163373881787136e+00
1.020661854692809234e+00
1.030687184816083679e+00
1.029904804396503781e+00
1.011584684631161135e+00
1.021514566148537861e+00
1.022180373585407809e+00
1.013437309830192090e+00
1.025870554522881006e+00
1.022994718332763675e+00
1.023342345064778280e+00
1.019251300681673023e+00
1.021546010969036633e+00
1.015771809466733844e+00
1.021891159261117954e+00
1.036091268875081850e+00
1.036426726871872761e+00
1.024223785751600779e+00
1.032917477912487003e+00
1.013568968733340458e+00
1.027208769775174169e+00
1.020190895339119885e+00
1.023746990715218574e+00
1.016391434782393244e+00
1.022669544166850519e+00
1.023170605710537640e+00
1.037292781590829049e+00
1.018043094412216520e+00
1.020419147317887187e+00
1.029004777638255153e+00
1.027372876302891758e+00
1.032270539588518110e+00
1.018949835498810241e+00
1.015820066268646737e+00
1.020637024785463920e+00
1.020309960898448942e+00
1.023573873972884352e+00
1.036893813809664389e+00
1.041492882240115492e+00
1.022058373727802172e+00
1.023160209217999217e+00
1.020964150242642310e+00
1.020539368109279366e+00
1.015751973964698518e+00
1.018415143101599085e+00
1.028004911628115803e+00
1.015807944748230884e+00
1.019883329334006383e+00
1.028034692917864312e+00
1.015549112067497539e+00
1.020405801916009159e+00
1.013252345282976696e+00
1.023425653357906029e+00
1.026874939425745481e+00
1.017649202238138484e+00
1.024064335983556839e+00
1.015049558884381087e+00
1.017132135218571598e+00
1.029405844376592771e+00
1.020879594605898166e+00
1.031104897062010695e+00
1.016841939003710227e+00
1.015996553940500258e+00
1.021554017265245751e+00
1.028631632158518050e+00
1.021436436411230719e+00
1.023929820129351187e+00
1.025951952921955845e+00
1.023873446296810652e+00
1.032573441868709363e+00
1.026343975093331862e+00
1.016934839991662454e+00
1.021314165194006085e+00
1.022038934861067450e+00
1.030957959713920236e+00
1.016530727002020962e+00
1.026073838249325298e+00
1.022814975251240543e+00
1.006858389488276551e+00
1.017516547335625576e+00
1.019172932504369244e+00
1.030275472227061950e+00
1.014007837010888702e+00
1.029222900499487059e+00
1.020802500754766973e+00
1.022017417235830283e+00
1.018114245417749197e+00
1.026913889363980203e+00
1.023557163639743806e+00
1.026065298602157672e+00
1.026023562885552964e+00
1.028516116884718778e+00
1.016773540637407214e+00
1.010380751868744431e+00
1.026148970439631380e+00
1.015566773421805458e+00
1.030332801541931076e+00
1.025165883224650187e+00
1.011627061694167162e+00
1.031862306380465277e+00
1.015565804261851168e+00
1.025818165912750324e+00
1.024538589140090217e+00
1.030874063998846735e+00
1.021908570827535501e+00
1.022352802154753659e+00
1.020572399705633515e+00
1.018616429488087505e+00
1.028439851631883784e+00
1.014424793133925196e+00
1.034047793824708572e+00
1.027089481983627595e+00
1.023555577079741541e+00
1.025229602301076737e+00
1.025340745543514398e+00
1.028587624430815195e+00
1.017201831538316892e+00
1.027784104343963056e+00
1.016226692717674851e+00
1.016613335304208388e+00
1.019888909461401649e+00
1.031912828065815191e+00
1.011234130224127004e+00
1.030519543871475596e+00
1.018694575666613700e+00
1.022221528059574558e+00
1.023372116943097376e+00
1.022017825506334798e+00
1.026223502045746416e+00
1.028708942507307045e+00
1.020470588063620898e+00
1.030693351192684126e+00
1.025669615331021856e+00
1.010897305954932213e+00
1.028750731187729750e+00
1.021317744286169171e+00
1.030465106629896654e+00
1.023538736635072555e+00
1.020538656613212414e+00
1.019927419762935994e+00
1.017921294010771360e+00
1.024655479321381346e+00
1.035615271788957736e+00
1.016817033770807788e+00
1.015400902410555029e+00
1.021683015639422099e+00
1.019215767015368090e+00
1.022304777157589939e+00
1.018546770125492662e+00
1.016423637231819166e+00
1.016853311102961621e+00
1.029930288227349777e+00
1.023407559427396363e+00
1.021568360806282882e+00
1.019300403384356679e+00
1.016915727089604093e+00
1.023795715150032759e+00
1.023668731471578663e+00
1.022800500613467056e+00
1.016343253299193394e+00
1.017440606639331335e+00
1.033520429286605147e+00
1.016190924594133183e+00
1.025061386768801652e+00
1.012343548857548958e+00
1.026743005483553572e+00
1.023242526778467942e+00
1.016930004669102328e+00
1.034545191020173283e+00
1.037592741435634291e+00
1.013229220764226834e+00
1.024127969565036711e+00
1.020475254832630574e+00
1.020709685415235324e+00
1.032677859586263569e+00
1.026339598720773960e+00
1.019562549272350127e+00
1.028915210527495683e+00
1.024000178021672314e+00
1.027772323236886720e+00
1.023448148790700785e+00
1.029427785486697777e+00
1.019740855537335067e+00
1.032462619527390268e+00
1.025334220227704485e+00
1.020146305414595611e+00
1.025288761829920459e+00
1.018798280065972950e+00
1.023307269620462145e+00
1.020798983113207381e+00
1.025662902467237680e+00
1.012786708499216815e+00
1.025274087823144109e+00
1.013839339975334930e+00
1.020583174427810436e+00
1.013252717619141707e+00
1.026315732914691026e+00
1.025416188271045748e+00
1.027661047513735992e+00
1.022538263426371774e+00
1.023334566573440796e+00
1.030173714553219044e+00
1.021367669200229145e+00
1.014525194017853904e+00
1.014376943286770860e+00
1.018318411709202342e+00
1.029378986524258854e+00
1.025214641435520102e+00
1.035661819637508474e+00
1.032725844194773313e+00
1.019261393245868730e+00
1.015397653928368671e+00
1.021832012884573482e+00
1.015605634446074657e+00
1.019796629735456373e+00
1.030127208716427489e+00
1.022230511628393179e+00
1.023551917564830216e+00
1.024807649062871917e+00
1.023910941321485968e+00
1.015708365655250134e+00
1.020648270564477933e+00
1.028685958188477301e+00
1.018135869853163511e+00
1.027066177035211636e+00
1.027236926620014978e+00
1.015383744821568124e+00
1.017674443260129236e+00
1.030878544742916514e+00
1.018326343143779233e+00
1.015410340000750811e+00
1.023404400476378706e+00
1.045411330379129256e+00
1.025653481102186459e+00
1.024653043841037947e+00
1.020484066613845942e+00
1.023683340642576267e+00
1.029956859556961701e+00
1.013880004118066891e+00
1.030898779721474812e+00
1.019875262077523548e+00
1.026746387806771965e+00
1.025406660538721093e+00
1.031612576832099171e+00
1.016981930632748332e+00
1.011856913806096214e+00
1.025384539381254401e+00
1.031634666105996301e+00
1.007395928787784500e+00
1.016260702459410137e+00
1.024683641182190463e+00
1.027122057141049982e+00
1.033138599582749562e+00
1.016489357110291314e+00
1.027755151424929236e+00
1.031529056994583637e+00
1.028285633957334966e+00
1.023242134274056525e+00
1.020751484062005998e+00
1.021853544946411674e+00
1.027082814812295242e+00
1.020298023849508517e+00
1.019841847546635094e+00
1.016840641761647346e+00
1.023712943399982089e+00
1.027381086480571026e+00
1.022425212100379399e+00
1.015477457658002125e+00
1.029937080734901533e+00
1.015068506999934783e+00
1.028013978932796446e+00
1.015632320848837367e+00
1.026605769727646500e+00
1.025112313667275732e+00
1.013781156479279133e+00
1.023833348066886861e+00
1.017276271189473391e+00
1.019549640068634133e+00
1.029757078846185170e+00
1.014551465827688848e+00
1.027822050791481256e+00
1.020886004740090058e+00
1.019469472753410377e+00
1.020954212076848666e+00
1.032977325106178013e+00
1.023405230831579305e+00
1.023714381307786692e+00
1.012935052245415246e+00
1.017933590740699223e+00
1.026827761164827546e+00
1.013655080704312539e+00
1.023519075953475799e+00
1.027275335568822223e+00
1.028449695373035766e+00
1.028050448906206560e+00
1.014839239849536057e+00
1.012438013230041012e+00
1.015952670348390763e+00
1.023900036567127358e+00
1.023227601648787788e+00
1.018459123809126510e+00
1.014085325313372810e+00
1.022231321177101027e+00
1.016361684036415358e+00
1.027108008262457295e+00
1.016396240392108297e+00
1.019845681924713476e+00
1.026981121947330822e+00
1.016459657513048009e+00
1.023331789116399104e+00
1.005440469814528281e+00
1.020678237406819289e+00
1.041651396252680106e+00
1.023275691474076377e+00
1.022389334361120561e+00
1.020398294389859517e+00
1.019162149379284399e+00
1.022248653673079266e+00
1.016061768939209742e+00
1.022747833892845293e+00
1.023469112792614322e+00
1.027807194958338721e+00
1.029396196416097808e+00
1.041246909994275383e+00
1.019369475371266098e+00
1.014684807047689707e+00
1.020168104246960361e+00
1.023966350899577771e+00
1.023728490022825843e+00
1.019612847276136325e+00
1.012835285721806589e+00
1.039645898335246788e+00
1.036570194392954170e+00
1.010974088235006674e+00
1.018106696900441976e+00
1.029125822340856145e+00
1.013393423064384624e+00
1.010388936864436316e+00
1.023557624834382507e+00
1.025076542667606505e+00
1.027214191653157638e+00
1.017107288207262039e+00
1.019008433705911543e+00
1.014603535150168767e+00
1.020192001657120429e+00
1.023569597809703247e+00
1.035319355942303066e+00
1.019543957195843786e+00
1.029013387693234582e+00
1.018464889420485298e+00
1.032953478377821366e+00
1.023234833214140993e+00
1.021826014507142943e+00
1.018122539722793984e+00
1.019954163778624467e+00
1.017436874935446323e+00
1.028120901634460571e+00
1.021729075851737001e+00
1.019534767051196278e+00
1.028229063056304904e+00
1.016710798661922599e+00
1.018528835470327909e+00
1.017282666667269408e+00
1.020207351082303093e+00
1.033557706631010653e+00
1.028738554518074055e+00
1.015087844095115432e+00
1.031543417707880161e+00
1.019485707740101610e+00
1.028795018405077366e+00
1.036850002869802445e+00
1.022684734943763774e+00
1.028796793356311579e+00
1.016237335652476315e+00
1.032446698328189028e+00
1.011292797310275882e+00
1.027377098602270777e+00
1.029751775351364085e+00
1.022907268205398124e+00
1.018032879084695086e+00
