1.097704148210483788e-01
1.163165209711699982e-01
1.218043935844160264e-01
1.121657281768842912e-01
1.125131030370181834e-01
1.087485921953393053e-01
1.305012202113716435e-01
1.101407897259717439e-01
1.063005819113790051e-01
1.152231679849710921e-01
1.246806211014644256e-01
1.245771177649695749e-01
1.012332913887089431e-01
1.113475795851068956e-01
1.150461770854276505e-01
1.179083421810338261e-01
1.146177444599357220e-01
1.111525212005418095e-01
1.192432517653279622e-01
1.249405632150147744e-01
1.120309194917760987e-01
1.107907063655480112e-01
1.132218336121054297e-01
1.194234101886752497e-01
1.028015260597311131e-01
1.138476384792108109e-01
1.170869446670556868e-01
1.132440818722810216e-01
1.128765028097201278e-01
1.186953466783240846e-01
1.212770349057572111e-01
1.048217961808867033e-01
1.094158796207638229e-01
1.234035273316144155e-01
1.202478466570144483e-01
1.249534573869055948e-01
1.180034433598921434e-01
1.162437547204157456e-01
1.119571627074421594e-01
1.102957772069283610e-01
1.218844526813620682e-01
1.208660182499572966e-01
1.057578239305351914e-01
1.099269218472038873e-01
1.241777377952446165e-01
1.261355854595172521e-01
1.142010910759493347e-01
1.167648682992734332e-01
1.119690332915384140e-01
1.214495318528229229e-01
1.132208285418273425e-01
1.142093978696025608e-01
1.130371218361473640e-01
1.159739944959925911e-01
1.244367406333753839e-01
1.158122935713791213e-01
1.089513493075211503e-01
1.145840174683822182e-01
1.114878256132518924e-01
1.156923582793778216e-01
1.148960780081985794e-01
1.236246175244955503e-01
1.164716157238318978e-01
1.161150397236941773e-01
1.159737551894799573e-01
1.108622484614732867e-01
1.137933672940425883e-01
1.124831106249654517e-01
1.186610713206151108e-01
1.048268328853975973e-01
1.272037875588008238e-01
1.206491441567731498e-01
1.186104455533995850e-01
1.107326432409462547e-01
1.019657413590333017e-01
1.086316018611683670e-01
1.133425442007042205e-01
1.185808470494892491e-01
1.170424491455553800e-01
1.088914172045373358e-01
1.165431524178812128e-01
1.133623554460036764e-01
1.029496205261963976e-01
1.134465010865041007e-01
1.206246972296876330e-01
1.114580496208875393e-01
1.038488623276845324e-01
1.229869450253468083e-01
1.122790782635786355e-01
1.131250333774620476e-01
1.180597523556932843e-01
1.196341070146254432e-01
1.147774649666054858e-01
1.157260496524858129e-01
1.139543744000366954e-01
1.136124862399085778e-01
1.217975960789667855e-01
1.202567672267258331e-01
1.143804772044787338e-01
1.134245866319220503e-01
1.053365803208602680e-01
1.023863115860732809e-01
1.030187939816463866e-01
1.079732270325820531e-01
1.100869769106869317e-01
1.248135686650299753e-01
1.130356391803331306e-01
1.169202067999185746e-01
1.236590789130218165e-01
1.095904150606484134e-01
1.086639118713771668e-01
1.235011599622292955e-01
1.130681687390151374e-01
1.099911422010004386e-01
1.207823659480386225e-01
1.090721906973482203e-01
1.090441330657094671e-01
1.124907708951210644e-01
1.170937418397842017e-01
1.142155038196442929e-01
1.103644528406762804e-01
1.251969078593969387e-01
1.124337356232225221e-01
1.193137852883258271e-01
1.147442624232051511e-01
1.057239458694142209e-01
1.091307448975933209e-01
1.092486388057742203e-01
1.112701884898545934e-01
1.103270880319348335e-01
1.268643532578182520e-01
1.252517244828805498e-01
1.132396030195184228e-01
1.098758840141422638e-01
1.158465956697324883e-01
1.125216293254710093e-01
1.215535814414242660e-01
1.221832173795166787e-01
1.182072097850767334e-01
1.216803351205499040e-01
1.160822352516858169e-01
1.075201051276348657e-01
1.086658684647283241e-01
1.141519617477838311e-01
1.188374148704059441e-01
1.152491951489258842e-01
1.204507633265905486e-01
1.104956275250807973e-01
1.139527757627738641e-01
1.168819265332679963e-01
1.180527719732031855e-01
1.060354820203096016e-01
1.197352068284027182e-01
1.166702739338929401e-01
1.219321967187565331e-01
1.114877005304659718e-01
9.927769928079012429e-02
1.068994768202894824e-01
1.016211243391200864e-01
1.066990153362951804e-01
1.105803756164472490e-01
1.109739704302250135e-01
1.157359671281018715e-01
1.171608450753268832e-01
1.001195548559528359e-01
1.144944279136600740e-01
1.035039478242246735e-01
1.110160398099247353e-01
1.125634721837595748e-01
1.058603320850134283e-01
1.195215236593141911e-01
1.175982458352490545e-01
1.139225957087295071e-01
1.176225387611023604e-01
1.122582417583524450e-01
1.160163140560051820e-01
1.182574658111667926e-01
1.205364087014996061e-01
1.150960984558865446e-01
1.169936696293138456e-01
1.097504035768083197e-01
1.174975669274355289e-01
1.155626998836066233e-01
1.056899614479533261e-01
1.207267034839547698e-01
1.175478137516013655e-01
1.185336168099560272e-01
1.051771635044735087e-01
1.063760795297079287e-01
1.026037979075921092e-01
1.215057092149133128e-01
1.113388744156745130e-01
1.179245418007443258e-01
1.236794546309019083e-01
1.143601447706227847e-01
1.241360045281550001e-01
1.039405262088328313e-01
1.074540304963633591e-01
1.163566347820594177e-01
1.057016588610245472e-01
1.058257808452573445e-01
1.136034092424816899e-01
1.175403462593614112e-01
1.174544172938423170e-01
1.129213365604969932e-01
1.156799613771088558e-01
1.183251377672668025e-01
1.119026484664744220e-01
1.106593188676187750e-01
1.176216517660679250e-01
1.148541273257447787e-01
1.175336112616400669e-01
1.051279851406359822e-01
1.175933253688030422e-01
1.170102813508891310e-01
1.204286060679453374e-01
1.122760062541421633e-01
1.125579521526539895e-01
1.170306474846654621e-01
1.009542723187720620e-01
1.117711207626086584e-01
1.091549358897036665e-01
1.116282264352137787e-01
1.175215520531626978e-01
1.096912483347996792e-01
1.091663149361021684e-01
1.104066285693018207e-01
1.136647528911791105e-01
1.179419766350319060e-01
1.163090658134108557e-01
1.077301267148403907e-01
1.118227767834183567e-01
1.236897335979038060e-01
1.064757535139211758e-01
1.107158189952192617e-01
1.095292019284450913e-01
1.155955679983456663e-01
1.097437089858699366e-01
1.115096034568043709e-01
1.158911259165049806e-01
1.221880846578832641e-01
1.129624183847918462e-01
1.204352848249487934e-01
1.124533130581458901e-01
1.122023970634405399e-01
1.069240401448562361e-01
1.245641543633014409e-01
1.009037463614658181e-01
9.755088193619737558e-02
1.052884133316267234e-01
1.078001993420126536e-01
1.114097256557151083e-01
1.248878836589053798e-01
1.131020906076965760e-01
1.089557859918400679e-01
1.059964289328162168e-01
1.245118241234642181e-01
1.145153781583629349e-01
1.208031077958311161e-01
1.171054510487693628e-01
1.185645856183980273e-01
1.117362754349656290e-01
1.244283625302962382e-01
1.056260378344296008e-01
1.189832420526755197e-01
1.126227536493339398e-01
1.172422030617776556e-01
1.055228800297244862e-01
1.216836321038031743e-01
1.091757227748299253e-01
1.289689374165823299e-01
1.184823108593060087e-01
1.138297013091587456e-01
1.145611604486292817e-01
1.109743032475831725e-01
1.088433386456763990e-01
1.131691897889916393e-01
1.153422400637655332e-01
1.162398519463017227e-01
1.164080878544255654e-01
1.103703914747424381e-01
1.130088909610774128e-01
1.077538940926487249e-01
1.262901274781946526e-01
1.150307629242654228e-01
1.150888305456391897e-01
1.178146571248075841e-01
1.153849985189109584e-01
1.067396451982569050e-01
1.153740298491859051e-01
1.175393793905551570e-01
1.149891106781832512e-01
1.177833680179779796e-01
1.099644914168905474e-01
1.127589823965045313e-01
1.171027725423220700e-01
1.172524329412233945e-01
1.131273188432320026e-01
1.161426207254149107e-01
1.212247865791413609e-01
1.058850360317210026e-01
1.113801069981982944e-01
1.109731405263007786e-01
1.135511517970491380e-01
1.202322980933903801e-01
1.245285127161268324e-01
1.183755771750000796e-01
1.131951424954961288e-01
1.222953082070864089e-01
1.208989252889269422e-01
1.138022640705903116e-01
1.204753237572482316e-01
1.164150806106981212e-01
1.189836843974054065e-01
1.205808345978598012e-01
1.052582110768355561e-01
1.119501366657586067e-01
1.126957224490885701e-01
1.080118400338575257e-01
1.074546646016411866e-01
1.179461583896235927e-01
1.132656412354870051e-01
1.172985272719981181e-01
1.068754290054056144e-01
1.116721490676873818e-01
1.322885934783885331e-01
1.177014949036746250e-01
1.276798733285832987e-01
1.119146283485316362e-01
1.147542308600685984e-01
1.228300259594196225e-01
1.161595422166702835e-01
1.024743731515262712e-01
1.123642558963423299e-01
1.196609539601452554e-01
1.164618865094707439e-01
1.184609046690501266e-01
1.038457129749664892e-01
1.247993125528317065e-01
1.134173962656393059e-01
1.187762628617442390e-01
1.233347903515956412e-01
1.261459033194795298e-01
1.099146578411234199e-01
1.198497982835350362e-01
1.164081959804928734e-01
1.182733402679409934e-01
1.205994822830693397e-01
1.075509293771183261e-01
1.132783416105067886e-01
1.121405827869040445e-01
1.058743342747004434e-01
1.250172205135526571e-01
1.089610069469136300e-01
1.130507977858841717e-01
1.128667245719798401e-01
1.189196137749812671e-01
1.074507337523279704e-01
1.109081890594492414e-01
1.137069293014437710e-01
1.098923985838906325e-01
1.087637485993023373e-01
1.204118829836433729e-01
1.128772071135846489e-01
1.154259557101455225e-01
1.130790816000226823e-01
1.144588235178439078e-01
1.136118491644425854e-01
1.138430010100711931e-01
1.200268714543368392e-01
1.116275231177931981e-01
1.213890617131169192e-01
1.099209219832790324e-01
1.057061762250830900e-01
1.067399273836245749e-01
1.141369900802462201e-01
1.211154627708777853e-01
1.185327991611364040e-01
1.146985239854841215e-01
1.132068946370182877e-01
1.104944300725386186e-01
1.125547027233673447e-01
1.186257508517871845e-01
1.188375258946424845e-01
1.107455538422138508e-01
1.195672661958619570e-01
1.116546619684452984e-01
1.168842022499621686e-01
1.100165548010894750e-01
1.060509478644753034e-01
1.100618376512260826e-01
1.175995358906510302e-01
1.131412872519442780e-01
1.098729093059149509e-01
1.075348742924858852e-01
1.130664019087742611e-01
1.148932265098026734e-01
1.123250930849021001e-01
1.170676478867049702e-01
1.141447692886966708e-01
1.172999126017117283e-01
1.133563060820038659e-01
1.199856820958899589e-01
1.219924015085822461e-01
1.094552936573668783e-01
1.173803824878285607e-01
1.056354418899289466e-01
1.188383108229173479e-01
1.292784956458521428e-01
1.265097158462255011e-01
1.267795477554959638e-01
1.126617762556747226e-01
1.147470161671381994e-01
1.086846945398924069e-01
9.781100658997862740e-02
1.072089206696059255e-01
1.144618610321655044e-01
1.122034938911645185e-01
1.108909311472220383e-01
1.094723987072097893e-01
1.200883858947820737e-01
1.343179710368285207e-01
1.123733856020998900e-01
1.066461918679924015e-01
1.144255779928442379e-01
1.125755864188945632e-01
1.154504658487620072e-01
1.175373919794610172e-01
1.156860139306214869e-01
1.125761575202906678e-01
1.156318346621561244e-01
1.107716356374407879e-01
1.046563059588295763e-01
1.265933357240383028e-01
1.113489216760037148e-01
1.148951231467806450e-01
1.152378134186593239e-01
9.772243963670682043e-02
1.164391318069415704e-01
1.143727129616241428e-01
1.184664922839995527e-01
1.181463687394143508e-01
1.172389518473113679e-01
1.094614058055378147e-01
1.095897965433914184e-01
1.146801235637391336e-01
1.204558498596326188e-01
1.156694687194625426e-01
1.148124436231961060e-01
1.124813346341512754e-01
1.134851438758035513e-01
1.199926874465306464e-01
1.227978901618585611e-01
1.130794528510153524e-01
1.150383147553691171e-01
1.266673349875848675e-01
1.114090079499017866e-01
1.145675731875344661e-01
1.232693143709373274e-01
1.073711222870970539e-01
1.100567717183382754e-01
1.056406728239998316e-01
1.082820319327268549e-01
1.192375885694983706e-01
1.126262757872936726e-01
1.211323258863359481e-01
1.154747317630084036e-01
1.021448359500642805e-01
1.106352201266294633e-01
1.177248950981637787e-01
1.097972028169211800e-01
1.235012420864952942e-01
1.157657803855625944e-01
1.147323515624779772e-01
1.157042848488894493e-01
1.151081050194366767e-01
1.123202276193367988e-01
1.066914906408434199e-01
1.232001069016169098e-01
1.152699105802477419e-01
1.153769061890403680e-01
1.025005497681971689e-01
1.166559258990495784e-01
1.174504997049390653e-01
1.176274137676750348e-01
1.125742822348691774e-01
1.176753998754608843e-01
1.134431606005487786e-01
1.264217032583326572e-01
1.251507034558616560e-01
1.101007178217887211e-01
1.114617663067858921e-01
1.119673009513870304e-01
1.249128359496762680e-01
1.171405633146054004e-01
1.152124193036137140e-01
1.182064856345086401e-01
1.040143535719235818e-01
1.148666635531223890e-01
1.119952154718829723e-01
1.139573478427784170e-01
1.168920038221245294e-01
1.253886302850784062e-01
1.233206525842412693e-01
1.152397040954786928e-01
1.164393924888923043e-01
1.128269388884221985e-01
1.109688219969857809e-01
1.104615415102797732e-01
1.097957708409226796e-01
1.160485869709356188e-01
1.119701610216019133e-01
1.086068814917074549e-01
1.178272077911258903e-01
1.180669795711788428e-01
1.094626050173964082e-01
1.106808995424101716e-01
1.160690114577708071e-01
1.145353094339717909e-01
1.048226071327728326e-01
1.075906961625478220e-01
1.184779813662414638e-01
1.099741860267667015e-01
1.078324733469237795e-01
1.236396601645976812e-01
1.184836647730564962e-01
1.207205414167192153e-01
1.224705014400346570e-01
1.239452292244646869e-01
1.224375440169123974e-01
1.112204702263472067e-01
1.150654611079953982e-01
1.282473717821120129e-01
1.229885339185167736e-01
1.122177074579698980e-01
1.248201063472307026e-01
1.237668304598934371e-01
1.145831972189407105e-01
1.097935858406615534e-01
1.116496921147455829e-01
1.100490070186861402e-01
1.182089391279321500e-01
1.165321598530401209e-01
1.139309693191979250e-01
1.132416890455254649e-01
1.260701811562295882e-01
1.159369021391922355e-01
1.206622824958956536e-01
1.145624097176120709e-01
1.166741568093232762e-01
1.041413664695443608e-01
1.151383174063893844e-01
1.165816581048816081e-01
1.226716599956414466e-01
1.219888702932235419e-01
1.161563544032753331e-01
9.731384351380274744e-02
1.220520694339339851e-01
1.120342170507527685e-01
1.127313395931480444e-01
1.206296142604250943e-01
1.125034339543821982e-01
1.096523019425159617e-01
1.169183082626294168e-01
1.116111070147846190e-01
1.149752784442297643e-01
1.257457452830849087e-01
1.073619994420232926e-01
1.079724978691935650e-01
1.140242116920208298e-01
1.215830338177609493e-01
1.116438683958568545e-01
1.132986035265643732e-01
1.113689809721902929e-01
1.110967639147981967e-01
1.120997123406370782e-01
1.130946590989213019e-01
1.157241836384181044e-01
1.139941002958782396e-01
1.179890066425443862e-01
1.097756787377511534e-01
1.116850700060567081e-01
1.265287883524257584e-01
1.153567269790206490e-01
1.157660577981929062e-01
1.153556643767964240e-01
1.272572152498885334e-01
1.142055602075954801e-01
1.226626439292490961e-01
1.178451283184417803e-01
1.127829711376229088e-01
1.066259013356460200e-01
1.157548065341921784e-01
1.096557841767260011e-01
1.223199192115949491e-01
1.150155061261709660e-01
1.058696456005470549e-01
1.152908515781608106e-01
1.148360101279127937e-01
1.084039435229143672e-01
1.089035943042799687e-01
1.165015460178390611e-01
1.171124144091186398e-01
1.147845707532518383e-01
1.099353812717183687e-01
1.171113468001593050e-01
1.178122424824351450e-01
1.086119525097150873e-01
1.029857522530257946e-01
1.131122797538352542e-01
1.159819965111008183e-01
1.149197788028981509e-01
1.170371331815322491e-01
1.134127392183467697e-01
1.192089523351375635e-01
1.222719763705526069e-01
1.104920672531852777e-01
1.167270277329920530e-01
1.111235625875532512e-01
1.154685579178833521e-01
1.181645229531306657e-01
1.059065553522459263e-01
1.203129157976450814e-01
1.147693265162532672e-01
1.058586942749032006e-01
1.195152655021549243e-01
1.237687302112024379e-01
1.241058131976864320e-01
1.054328902608608759e-01
1.215613524476124169e-01
1.095176938763665481e-01
1.185635896925038152e-01
1.059059726103720178e-01
1.129413002005111299e-01
1.110555987255541222e-01
1.155284527964373364e-01
1.126493315714408305e-01
1.211397472223822297e-01
1.058451738962187250e-01
1.265617243292856686e-01
1.206687762322052465e-01
1.070138430841606481e-01
1.062170464680423643e-01
1.084385264389073483e-01
1.184359492978572237e-01
1.113795608206284288e-01
1.085131641459231022e-01
1.136549802194618680e-01
1.138988512184316154e-01
1.078654720537668976e-01
1.076270767144715396e-01
1.228707892957193737e-01
1.130613351882839290e-01
1.155709233608242098e-01
1.143900016505488698e-01
1.200082030659241350e-01
1.214340885027513639e-01
1.097558988366074129e-01
1.154948644953948528e-01
1.179220176383572738e-01
1.069269454595213192e-01
1.072757650807542179e-01
1.176236125601506088e-01
1.084473133417933333e-01
1.210557417845223305e-01
1.103636285058685051e-01
1.114593861355184651e-01
1.050281999656019066e-01
1.131537868644163780e-01
1.083799865670079382e-01
1.203772359185296681e-01
1.220212551392851758e-01
1.191093595209239825e-01
1.269828120447059616e-01
1.201484966534273058e-01
1.158910287394863264e-01
1.059391608383035283e-01
1.287268135234129474e-01
1.209685807375925348e-01
1.043107569115421934e-01
1.112497089712246590e-01
1.098857861449500511e-01
1.138072874066114182e-01
1.236135875249072674e-01
1.123737750580635353e-01
1.154962122477262432e-01
1.225045595103049362e-01
1.095568680281616691e-01
1.217514740220082825e-01
1.167131029356078958e-01
1.061120794107249105e-01
1.162680963128275291e-01
1.258788923419432992e-01
1.063325133990012522e-01
1.165388547483096338e-01
1.127134637801966432e-01
1.160811352943591362e-01
1.247166539392233070e-01
1.215724902781320227e-01
1.105409829546125100e-01
1.114503919997742731e-01
1.047310703397316134e-01
1.119823956170736684e-01
1.227845622791186031e-01
1.094365466073172199e-01
1.112422493911491422e-01
1.095251494573675349e-01
1.126679756640038138e-01
1.152513370347494348e-01
1.171541549599930676e-01
1.149872166357157749e-01
1.121918659562702314e-01
1.148083741678935649e-01
1.044139567917884426e-01
1.137086663784470236e-01
1.108393418396877855e-01
1.117703044548092051e-01
1.207340693526148118e-01
1.064323193286270813e-01
1.178503461753550169e-01
1.070879504567888302e-01
1.063371327261476706e-01
1.177518981816394056e-01
1.190583587881567651e-01
1.128827370662267293e-01
1.129105488421515840e-01
1.129422327565975104e-01
1.168171894535518923e-01
1.219811068833589890e-01
1.142939927220921748e-01
1.091842264725392947e-01
1.164322691862896830e-01
1.217366893841348302e-01
1.100029293530083024e-01
1.154410490017864360e-01
1.043607154572687989e-01
1.185125264986210958e-01
1.169106051581839667e-01
1.073793820333202864e-01
1.145884681095233060e-01
1.181947056455716072e-01
1.151896977504378167e-01
1.062439255290301282e-01
1.118430599050781182e-01
1.086567061700974557e-01
1.107580670398279205e-01
1.220605457581616232e-01
1.159231203164726443e-01
1.035567507610111460e-01
1.249250266241467011e-01
1.170700600904409777e-01
1.156103784958846387e-01
1.179681778834481692e-01
1.102665809441024936e-01
1.038172443086425728e-01
1.220989973326759848e-01
1.213534171667562112e-01
1.186859122842280484e-01
1.195700295568637439e-01
1.281316376569526239e-01
1.146693038964050060e-01
1.186042523920576158e-01
1.194146976056778137e-01
1.076320579675690281e-01
1.103779002560576206e-01
1.182508746185154253e-01
1.179748021596369739e-01
1.036326445503651938e-01
1.172708193213125721e-01
1.180528299778676876e-01
1.040748696694608622e-01
1.075046236001641897e-01
1.112118672690303178e-01
1.150912943351769108e-01
1.206018674900475735e-01
1.151828545348736882e-01
1.120673520998181905e-01
1.143982964162051780e-01
1.151247734940296918e-01
1.086542010057068713e-01
1.029809163866081678e-01
1.064661818335118637e-01
1.170886795540325154e-01
1.265738191543984703e-01
1.114717868675786927e-01
1.167568644723487037e-01
1.131592320247393063e-01
1.158980245815791899e-01
1.215498171116762699e-01
1.236159168155444299e-01
1.206536589630145262e-01
1.198213114278140479e-01
1.276128256531106064e-01
1.089268145664343823e-01
1.112691617087217116e-01
1.154939939696236068e-01
1.131889441316932393e-01
1.103573701762362580e-01
1.176452295596958908e-01
1.231420761325543595e-01
1.165794258536896888e-01
1.149377154488949587e-01
1.070922896961307019e-01
1.127428238951822675e-01
1.285922325484050721e-01
1.089388737699460430e-01
1.149188459184805333e-01
1.163308906422633182e-01
1.227939819283449946e-01
1.140101341943126345e-01
1.210031950015504898e-01
1.125403493387329701e-01
1.113588929323783699e-01
1.107270465073456195e-01
1.118769113603245990e-01
1.195944611590175899e-01
1.202004290841389017e-01
1.126835166813386080e-01
1.085883567211625572e-01
1.127732081141499809e-01
1.045354177311853677e-01
1.112599939005767952e-01
1.260999944900384195e-01
1.096870228793640906e-01
1.163098457993317486e-01
1.120199816808260390e-01
1.186364053039332123e-01
1.167483698118083474e-01
1.095148771262757087e-01
1.174726267278453501e-01
1.065354677804350447e-01
1.166233852944062177e-01
1.131607535294767153e-01
1.100332135561222086e-01
1.228283100619964874e-01
1.154774209506549409e-01
1.069562743180100806e-01
1.103866162875609958e-01
1.168556998859544560e-01
1.094421405720366891e-01
1.187800700375500063e-01
1.104721914978012004e-01
1.207318545736714155e-01
1.117153568074016334e-01
1.233055871550194221e-01
1.195127163646649560e-01
1.109981904032279754e-01
1.206576013625017957e-01
1.251350632998955714e-01
1.103209252810908175e-01
1.117338017703239234e-01
1.223917178478041573e-01
1.175671974034655509e-01
1.255530080207530597e-01
1.238060503004720092e-01
1.198162197829294451e-01
1.204632830747046773e-01
1.019175496280579907e-01
1.112926008893237312e-01
1.230961994294895862e-01
1.224959858554165171e-01
1.144997114478412958e-01
1.148455699854929180e-01
1.057529027672252098e-01
1.027157929925139185e-01
1.178991119713285740e-01
1.185778327469112076e-01
1.154300728190972708e-01
1.234313127453076087e-01
1.297431184678775884e-01
1.147254876601400270e-01
1.182882950560531082e-01
1.192986720443971610e-01
1.098666613193936825e-01
1.083777938178225875e-01
1.056065200753062566e-01
1.182339189536426444e-01
1.157692591147357342e-01
1.121184505461850361e-01
1.166925495831143550e-01
1.202200026490198859e-01
1.195181391376763519e-01
1.211672188934953681e-01
1.173820505987796248e-01
1.021431021605757189e-01
1.135358466752275919e-01
1.112122773780583468e-01
1.157545900778835929e-01
1.110109516357231374e-01
1.239857802790425428e-01
1.139258088180113843e-01
1.187050129665892378e-01
1.046511977417376865e-01
1.089606764519073789e-01
1.087591500285348817e-01
1.109520687360388003e-01
1.232002674596042041e-01
1.083429878388542517e-01
1.138134198003364073e-01
1.160696491197328595e-01
1.259123583624905118e-01
1.181257694233129596e-01
1.124047640595886854e-01
1.216995011728924242e-01
1.155130948352442594e-01
1.141776840306266139e-01
1.159918357664737748e-01
1.097797456935136889e-01
1.270946704719508602e-01
1.191322479614675550e-01
1.063048065165507899e-01
1.040683824248403999e-01
1.193069686104377275e-01
1.039130914612084455e-01
1.253563811716570664e-01
1.120354172884922006e-01
1.158498985599787368e-01
1.092786640783906665e-01
1.110111781549657645e-01
1.189623346858146163e-01
1.133314476065347270e-01
1.234979210568797475e-01
1.149880629858623937e-01
1.131194565146633191e-01
1.266953060710862555e-01
1.096266641192717300e-01
1.164633319957541074e-01
1.151007350720458372e-01
1.099382805584719763e-01
1.159006419844589297e-01
1.159434687063766456e-01
1.258088183724976605e-01
1.149638137579728492e-01
1.162572918007587497e-01
1.183890634391837338e-01
1.211470212553733272e-01
1.227340774433144654e-01
1.047409699772783032e-01
1.131563045549424107e-01
1.212016239374943960e-01
1.089496100432660597e-01
1.169462114615801157e-01
1.093355519468856563e-01
1.106314201723451046e-01
1.178879974551991089e-01
1.229080575388209057e-01
1.055036668438967123e-01
1.154538248411546147e-01
1.116212986362645904e-01
1.209530686063388927e-01
1.172262868554497933e-01
1.152985344125972283e-01
1.098311406125593720e-01
1.145218033386499190e-01
1.087175707001335062e-01
1.116569411130936551e-01
1.102597563703651973e-01
1.142837215978326770e-01
1.077311511742146538e-01
1.131502835017895725e-01
1.073730682350456933e-01
1.263172924149553733e-01
1.144671966820928755e-01
1.165760590941375130e-01
1.109876220466877034e-01
1.137244691627307402e-01
1.107365140054584890e-01
1.151796709980806854e-01
1.136307668680105881e-01
1.167317653195658333e-01
1.178697661475687636e-01
1.176879779562428480e-01
1.182934997250759124e-01
1.177599730946683465e-01
1.220523939447355211e-01
1.180023052172253506e-01
1.138046631430652961e-01
1.144275981442932216e-01
1.142138615301930421e-01
1.115225707456109910e-01
1.130098850294406487e-01
1.231925779050827702e-01
1.163164617960068259e-01
1.201492037665783247e-01
1.164368509730901585e-01
1.136820884958729405e-01
1.063218569918962103e-01
1.104266461479638251e-01
1.272017528297669509e-01
1.178943761467884099e-01
1.175067904083216264e-01
1.125404964337553271e-01
1.123444118941163278e-01
1.144115001858044545e-01
1.200359124487747065e-01
1.169358088966946235e-01
1.142675146912988798e-01
1.182445802780837107e-01
1.176650771727995731e-01
1.164139494702316757e-01
