1.054859316145553727e+00
1.042485005959407962e+00
1.039602496542890719e+00
1.062806319280799272e+00
1.043167881217544668e+00
1.058402001316217200e+00
1.042884716314583127e+00
1.062969963347841773e+00
1.062336473171678231e+00
1.066821894319355035e+00
1.054398595672528804e+00
1.048878322253702366e+00
1.054511008712629483e+00
1.056755511105091028e+00
1.047659225191216681e+00
1.051779415516408411e+00
1.041870568580209433e+00
1.056396413948389013e+00
1.046604955240713286e+00
1.032143593881152732e+00
1.060575920123809635e+00
1.066387046575227204e+00
1.035004738076693576e+00
1.055885603528428751e+00
1.061517941318988800e+00
1.048030334584298506e+00
1.053254461837634270e+00
1.041547023783807147e+00
1.032591103592963799e+00
1.063348858497020322e+00
1.045005555716050027e+00
1.042088988522875015e+00
1.043670926183727810e+00
1.057148422047632375e+00
1.052918517409885402e+00
1.039453585042615202e+00
1.030214713391572667e+00
1.031599403581976881e+00
1.041983431016949346e+00
1.041869259033210371e+00
1.054093716640320366e+00
1.050906481596393105e+00
1.049253430851570190e+00
1.036974550763380742e+00
1.056192568675798471e+00
1.053098316947585600e+00
1.071899252401156577e+00
1.045646837034183374e+00
1.053405044446940497e+00
1.058148613005256644e+00
1.034627857114289062e+00
1.046475582141522809e+00
1.062880611063311553e+00
1.053244813807885150e+00
1.038508841311850617e+00
1.047987931652296645e+00
1.035763342391565756e+00
1.058378575229389273e+00
1.050209019464547922e+00
1.049752427790617393e+00
1.049764798955063361e+00
1.047353573460916509e+00
1.075066937677968237e+00
1.052235888176481726e+00
1.047349284091234400e+00
1.036528027204224323e+00
1.053519792791977716e+00
1.040047354486017372e+00
1.044183824999252552e+00
1.048223958709426418e+00
1.044316953194946329e+00
1.050554068127143470e+00
1.041815634200414120e+00
1.060041291302044497e+00
1.059003683863076750e+00
1.050858610379852287e+00
1.044464660804803158e+00
1.038478580042117239e+00
1.062001855416719875e+00
1.042183494929193710e+00
1.049805635461916964e+00
1.063592427225283243e+00
1.035561761313349871e+00
1.054802115711054977e+00
1.036028982674212839e+00
1.051567443050517303e+00
1.048199570070017073e+00
1.046190248334158301e+00
1.058933605257790678e+00
1.033348616916162754e+00
1.055188645833831984e+00
1.040841328054363135e+00
1.044407747149430410e+00
1.051484104888159576e+00
1.058856126155668820e+00
1.053314424928289306e+00
1.041535776730899920e+00
1.054814973721635685e+00
1.056085209967537741e+00
1.032384194187102366e+00
1.048620364092365698e+00
1.036592261461159792e+00
1.053302428021247739e+00
1.059660471483348188e+00
1.049970515064058141e+00
1.047080379499032654e+00
1.057678407563826140e+00
1.054997258266391125e+00
1.042473394169147083e+00
1.052107650503488534e+00
1.065619116635563302e+00
1.050656375903453510e+00
1.051849125098456517e+00
1.046342664947665924e+00
1.039316219946479158e+00
1.054454659595683630e+00
1.032711972675826262e+00
1.063778206158597639e+00
1.049133727642826530e+00
1.067321971920044410e+00
1.051049265904395957e+00
1.049427465918491675e+00
1.034385297480890253e+00
1.051335453220478167e+00
1.040677985748316603e+00
1.046608088287005023e+00
1.045113144046953657e+00
1.047697390771665571e+00
1.041503234933716771e+00
1.045606015161253621e+00
1.053036778351864378e+00
1.037194117220847200e+00
1.044483330829458767e+00
1.042866220003478617e+00
1.063230896698830641e+00
1.047029788513252901e+00
1.034771287575504628e+00
1.056517597055043778e+00
1.049471475075427040e+00
1.070095414357704611e+00
1.059648649195864767e+00
1.046011274860050300e+00
1.044808872074079797e+00
1.040751134292125846e+00
1.058699964051341702e+00
1.041454728692463583e+00
1.040640545599943678e+00
1.061777947706331382e+00
1.050222759293702346e+00
1.058347481283394398e+00
1.052519933727316559e+00
1.037777285771911640e+00
1.058457479894456155e+00
1.046593174936353732e+00
1.049791984721035076e+00
1.060278692258689093e+00
1.056383487814537059e+00
1.052488214229835517e+00
1.041672868062307300e+00
1.041724479721439556e+00
1.034265422539179191e+00
1.050386587133384841e+00
1.055826749611713966e+00
1.057442964610249225e+00
1.035333871737613487e+00
1.051643713626152055e+00
1.043626311383750727e+00
1.054369480508465573e+00
1.051180804350746678e+00
1.053402037830725835e+00
1.053955812191973429e+00
1.044844340384444736e+00
1.044130079726853566e+00
1.062025601913326955e+00
1.049531110823494817e+00
1.058407978099236146e+00
1.056906112324569547e+00
1.069005968512391380e+00
1.053435127754127842e+00
1.039861529673646201e+00
1.062416373267893288e+00
1.026788497351104334e+00
1.054165241510239159e+00
1.058971639595523540e+00
1.043194688744961907e+00
1.036159421260076652e+00
1.056090883977977457e+00
1.044249061164098435e+00
1.037968290943996674e+00
1.077308521882218706e+00
1.047658109927745329e+00
1.034674022244801650e+00
1.059696708788397279e+00
1.039738980079444097e+00
1.039080851248889825e+00
1.056847942167314258e+00
1.036571466305953315e+00
1.037806250855149104e+00
1.044807399938532555e+00
1.039825821686614971e+00
1.060048592368046272e+00
1.043531478526391387e+00
1.044225100983572130e+00
1.060009698129765310e+00
1.043431855430329680e+00
1.044173726764900278e+00
1.067552508681566259e+00
1.053154974660940324e+00
1.062535873350782589e+00
1.062502704321714342e+00
1.053700022663552893e+00
1.043902083425281679e+00
1.041152911907558876e+00
1.042828656293099954e+00
1.041438324115454561e+00
1.042676472541444799e+00
1.051441327654678126e+00
1.048437903726132658e+00
1.034039396511665432e+00
1.042618979284849479e+00
1.041818904638742493e+00
1.038256557296246996e+00
1.071024486590578473e+00
1.056702157142253462e+00
1.037071574078251235e+00
1.066241367713597787e+00
1.060166442401500264e+00
1.042433119586948065e+00
1.078883620767718599e+00
1.047107155934222211e+00
1.057816104328508144e+00
1.032616121052848834e+00
1.056510908609364696e+00
1.046684341917762051e+00
1.053113997837174409e+00
1.050868057364759522e+00
1.043284934795419838e+00
1.061340343763009564e+00
1.048650385007674046e+00
1.050381228881605011e+00
1.062741919854971906e+00
1.037766988049936723e+00
1.053203113866493013e+00
1.045294907446509436e+00
1.042617127621872974e+00
1.046635265047605401e+00
1.048946890685905409e+00
1.041790491901856353e+00
1.050219691693247581e+00
1.050912309690784641e+00
1.058499256569782387e+00
1.048226497369447063e+00
1.059538054199561152e+00
1.051948651217086583e+00
1.039728666139102309e+00
1.039121048602118735e+00
1.045975495212910555e+00
1.046322601245208705e+00
1.041023257305207395e+00
1.041220870220753492e+00
1.050033837543251192e+00
1.040845636517215400e+00
1.032687347910140829e+00
1.051837068113024243e+00
1.078823841751505253e+00
1.053066843976889322e+00
1.037019915355725797e+00
1.044643793278190680e+00
1.044782198062631062e+00
1.055770431506473539e+00
1.061195036081430398e+00
1.052168839943063094e+00
1.047769939593408361e+00
1.067956778145074948e+00
1.038416871377319195e+00
1.033914004045368484e+00
1.038024315263983421e+00
1.044706250180202245e+00
1.048832271022068330e+00
1.046077238746405680e+00
1.057665522828121096e+00
1.064566258634265683e+00
1.047596616568159167e+00
1.048596118152201662e+00
1.054163985280872406e+00
1.050967510361442203e+00
1.031704556767565562e+00
1.059962774205418956e+00
1.073274457197816112e+00
1.035744008879647904e+00
1.052673719400390784e+00
1.027386689285421539e+00
1.044637863048730964e+00
1.040522900028340469e+00
1.040448187446822326e+00
1.054228847363372523e+00
1.050780153536205574e+00
1.059263081859396882e+00
1.051099836277415323e+00
1.053294010350177778e+00
1.045083316711199029e+00
1.041815500089201540e+00
1.029487561710238364e+00
1.042447430701155753e+00
1.058538080141524951e+00
1.068449232649033132e+00
1.037920162228059384e+00
1.044864262230279506e+00
1.072134800333639726e+00
1.048995261125836853e+00
1.062554884792924925e+00
1.063177004186389052e+00
1.064030021235814916e+00
1.045798761933310228e+00
1.033268113914129538e+00
1.048476193863327133e+00
1.046833820642897317e+00
1.045580520034027128e+00
1.055554163692435932e+00
1.039881657511685598e+00
1.058977740608700868e+00
1.049810252441003788e+00
1.043522888391603232e+00
1.046724891594369211e+00
1.038095912257065878e+00
1.068802698075884905e+00
1.068344078332178038e+00
1.042288498520036022e+00
1.051044306224297786e+00
1.042131985620689205e+00
1.059626966389724867e+00
1.057658326609731025e+00
1.075786426033391585e+00
1.050464559380043905e+00
1.047768183479840687e+00
1.058154215076668958e+00
1.056838063718237963e+00
1.046827898504498977e+00
1.058118880186857735e+00
1.064182179322620048e+00
1.043259695382865004e+00
1.042863961328654332e+00
1.052241745607344292e+00
1.049114527049770595e+00
1.037510078448990569e+00
1.059365507064463419e+00
1.062242031661497554e+00
1.057319559070848181e+00
1.039788531744697098e+00
1.057994613284265029e+00
1.060980878914946191e+00
1.045993278854868924e+00
1.058775086033798996e+00
1.037459842124957010e+00
1.054917321577185652e+00
1.055124861414967086e+00
1.045422462251937912e+00
1.042183129324600888e+00
1.074208417665177384e+00
1.046955766128911502e+00
1.042468800166766352e+00
1.042501817771638528e+00
1.055925942697302444e+00
1.047330213505359930e+00
1.046236353399555563e+00
1.052322962448646315e+00
1.036966013182336832e+00
1.061346842201585705e+00
1.059479220444664360e+00
1.040837463086027759e+00
1.050284890104667745e+00
1.040023484476833460e+00
1.045068635903863230e+00
1.035731246177902465e+00
1.054022273572722934e+00
1.046364509505650631e+00
1.057662545682648503e+00
1.051029803144170049e+00
1.043239141837461137e+00
1.055378795859521546e+00
1.044065095467028303e+00
1.048381252247403861e+00
1.045364545808139090e+00
1.054789881687162589e+00
1.051522932830195378e+00
1.050034272390800938e+00
1.056145707216603391e+00
1.044424689777565529e+00
1.051404618014861514e+00
1.056184076353308576e+00
1.056879932995602900e+00
1.043228149387505299e+00
1.040101371273442599e+00
1.050314458661431027e+00
1.049436059470539639e+00
1.055034933915615092e+00
1.051339678574887637e+00
1.040639744874333417e+00
1.050983917735920814e+00
1.042105578136970134e+00
1.038206907137395607e+00
1.045952619847270837e+00
1.055541729346885615e+00
1.043218865230789660e+00
1.038123870030534412e+00
1.041216938500931777e+00
1.054349750630465987e+00
1.039784100310299220e+00
1.056489894159016840e+00
1.039177529379860632e+00
1.046508221112480319e+00
1.037163148300311422e+00
1.048668171832128237e+00
1.039966502750175659e+00
1.067760017990432519e+00
1.045310722282109639e+00
1.030286959865916785e+00
1.064133793158676733e+00
1.063613608887401529e+00
1.047078960537457082e+00
1.058758698814709076e+00
1.048430739016720237e+00
1.040729163355319953e+00
1.050682430623941732e+00
1.037543407069995816e+00
1.057832526279078866e+00
1.065200811362136069e+00
1.035694270570134634e+00
1.040619890189732555e+00
1.040624444341219812e+00
1.039495482779615454e+00
1.042311773257469598e+00
1.033009018709058147e+00
1.054753428588441233e+00
1.041758188724683398e+00
1.047236885830838737e+00
1.046932552951098438e+00
1.036839657162728967e+00
1.046467852707504642e+00
1.061363585633976037e+00
1.051571933195437403e+00
1.046106613272906438e+00
1.041653639660966801e+00
1.038659058734894280e+00
1.034396911179690681e+00
1.047351026324924606e+00
1.034096021647137764e+00
1.037086396561101465e+00
1.044897943936558660e+00
1.047390998192319067e+00
1.047103979272711483e+00
1.048545825051642177e+00
1.046539981887808057e+00
1.037683943071940007e+00
1.050226248627972980e+00
1.046299435937686040e+00
1.040236999356514369e+00
1.050241876470645819e+00
1.048928419027534531e+00
1.052191997829792447e+00
1.042104028945852967e+00
1.047308851732803969e+00
1.056046898609237727e+00
1.039015719576203978e+00
1.046705077730328393e+00
1.058384964529520245e+00
1.064103172631054139e+00
1.041526273826950844e+00
1.045484119306735682e+00
1.043792447900932174e+00
1.046802942407153214e+00
1.055399998199912925e+00
1.042591611242661642e+00
1.051940472488138933e+00
1.054791174740538962e+00
1.046042955557995757e+00
1.044107462454852975e+00
1.054422262249782749e+00
1.043238491781343757e+00
1.022960304577074986e+00
1.041475766994724994e+00
1.049368928460964190e+00
1.050685256884446250e+00
1.039307601195655906e+00
1.038524950111574974e+00
1.049917372095076962e+00
1.036692021536250730e+00
1.046496213930293795e+00
1.063750554251345015e+00
1.046181939195865551e+00
1.043416769973896319e+00
1.048174463001478429e+00
1.048777670842408583e+00
1.059967387815902606e+00
1.050924198332422677e+00
1.055098057047784366e+00
1.052098667838717416e+00
1.045455304071500224e+00
1.049169709193649158e+00
1.058184008774344820e+00
1.050929624797338091e+00
1.049024002201412786e+00
1.036324836208324163e+00
1.046166869988743864e+00
1.036644083584451703e+00
1.043463769523091500e+00
1.051489292945389176e+00
1.047723431590302345e+00
1.040149851452459417e+00
1.037894905170539728e+00
1.043642651897100704e+00
1.054862576073709590e+00
1.039044416711544461e+00
1.056064076373280480e+00
1.047453355433540789e+00
1.033794753321699345e+00
1.041587113095037376e+00
1.030882999738244044e+00
1.048668002444216318e+00
1.028507837362880650e+00
1.029344375366502584e+00
1.045578616453078924e+00
1.049320735236316526e+00
1.054898360585040606e+00
1.041777775880463830e+00
1.061374950275842499e+00
1.045300748427737236e+00
1.042902249710006446e+00
1.050079545873830122e+00
1.051319725053823984e+00
1.034444407060518101e+00
1.055043809058193061e+00
1.032506589045972145e+00
1.049859299996740658e+00
1.049705774103266931e+00
1.054566504847187725e+00
1.031902234771999716e+00
1.036331787855179210e+00
1.037258366524282716e+00
1.036152914158474880e+00
1.045567567373451912e+00
1.059806326796698839e+00
1.039393220947281149e+00
1.042890018097008875e+00
1.034541230374150800e+00
1.045776887590864623e+00
1.047216667094008402e+00
1.039399210791535300e+00
1.063793091855015582e+00
1.051081921235929251e+00
1.061899150221398136e+00
1.052220937111180810e+00
1.043940020322680295e+00
1.052207102478874168e+00
1.045379359310788736e+00
1.063463718775610634e+00
1.045677011574228432e+00
1.051411029205118197e+00
1.049448860316758214e+00
1.046598265827404228e+00
1.039220230423227198e+00
1.039944099577688519e+00
1.039431373198437036e+00
1.045283429787100093e+00
1.043828869932506009e+00
1.044184474903578908e+00
1.049206167578542459e+00
1.046220541658213099e+00
1.047500861178824128e+00
1.053454763639967817e+00
1.063244062243676957e+00
1.047061283739228132e+00
1.044010564154282505e+00
1.051047213210156483e+00
1.038834384431792657e+00
1.043726111421755309e+00
1.057317323358711869e+00
1.047468005207423891e+00
1.043347163926880761e+00
1.050151052213893932e+00
1.061318072217373176e+00
1.051891436510369537e+00
1.040623200971956264e+00
1.049012025284548288e+00
1.055066443827478606e+00
1.035993679417246405e+00
1.039537375582748613e+00
1.058178537041211120e+00
1.038524624805180929e+00
1.052587052689498259e+00
1.046568584515325195e+00
1.058249423378428311e+00
1.024927924102643662e+00
1.057225658839431093e+00
1.041281099093267271e+00
1.049742735580543318e+00
1.060278438170423332e+00
1.044821152375645879e+00
1.044816560943409689e+00
1.039541361692140287e+00
1.054459164489558676e+00
1.052282427120183383e+00
1.045899871054496888e+00
1.041500770756844441e+00
1.057152392867358959e+00
1.056007270646817986e+00
1.033600073686195220e+00
1.055084395959209775e+00
1.057125484335396104e+00
1.050946688468384904e+00
1.036242926246705887e+00
1.035766859721090061e+00
1.052066961656203281e+00
1.045202169541384896e+00
1.043067983407013566e+00
1.044639966046223778e+00
1.042500911601448976e+00
1.033845908454942508e+00
1.046109908691895019e+00
1.035567026960874992e+00
1.053398013291684476e+00
1.038101432572425376e+00
1.045852951023245270e+00
1.044425162699715193e+00
1.050391947338405130e+00
1.034344929900778087e+00
1.045560782086122575e+00
1.050588471714205996e+00
1.050930874201473353e+00
1.033440620479714189e+00
1.030608435966924086e+00
1.052222829771061408e+00
1.061823160243711150e+00
1.045829018302272928e+00
1.045709749504697639e+00
1.042987468186563627e+00
1.043728159566750469e+00
1.038878160087873370e+00
1.057114719521301316e+00
1.052186450884517566e+00
1.041561357192013038e+00
1.042960353752020008e+00
1.058199419325754898e+00
1.057355378162522674e+00
1.054103262383132122e+00
1.057577084418088731e+00
1.039370551642868845e+00
1.044991497825499271e+00
1.061396869185443403e+00
1.050531167143251121e+00
1.060249204145927049e+00
1.060069348609206985e+00
1.038908452699063512e+00
1.050702243804887859e+00
1.031474766174079516e+00
1.029545886135652788e+00
1.031332940421123778e+00
1.046293013456227605e+00
1.039929955049837984e+00
1.041450372950404768e+00
1.048810507795364222e+00
1.046632790383543066e+00
1.044265628285546921e+00
1.048203835544225582e+00
1.050736822110150959e+00
1.048253134085154414e+00
1.057791636773917077e+00
1.049631372764126214e+00
1.033416332995623632e+00
1.044925575233855541e+00
1.041493751232623222e+00
1.042830436540928885e+00
1.034973609536345096e+00
1.052333773621475288e+00
1.051497642425903489e+00
1.061623108777780322e+00
1.049752727883912495e+00
1.048410403934375790e+00
1.039782143588931840e+00
1.051367140124121358e+00
1.044871836141923138e+00
1.044916710321995845e+00
1.055936483207054133e+00
1.059581393504033908e+00
1.043155668779429224e+00
1.040741449098060656e+00
1.051223777457298780e+00
1.054289907178826313e+00
1.036255275757449024e+00
1.044112718157971686e+00
1.057779703711734687e+00
1.040937762023628421e+00
1.054776934021139478e+00
1.038443095457502352e+00
1.060941410003540142e+00
1.050154733077455882e+00
1.029765417672710681e+00
1.050314603861967067e+00
1.031156739096448671e+00
1.043641607749991707e+00
1.035495423883122434e+00
1.050548917385129455e+00
1.050537040221170448e+00
1.032820390541931310e+00
1.046124789059024396e+00
1.051123341861625482e+00
1.056228577465660567e+00
1.048964473645016771e+00
1.046435894656308818e+00
1.035762735017095482e+00
1.056767427054751129e+00
1.043978598757022924e+00
1.058510215953388123e+00
1.043616386956473407e+00
1.057859731948626258e+00
1.042150559712362590e+00
1.044479781278430996e+00
1.037432758066761274e+00
1.053279574562200338e+00
1.070418681359979196e+00
1.026223453035476796e+00
1.051187106846901864e+00
1.053999289047556909e+00
1.037023076785492659e+00
1.046463188746425521e+00
1.058732559793329697e+00
1.053230018148566094e+00
1.064000654592851980e+00
1.041924095616737933e+00
1.043630409953683502e+00
1.039776982816958961e+00
1.054067338188319880e+00
1.039212370576533706e+00
1.036961383107898760e+00
1.058755644555088082e+00
1.045576091785494377e+00
1.043583276208916777e+00
1.064387702895766008e+00
1.046374937190619914e+00
1.038354939504353425e+00
1.049394381355282402e+00
1.045787026337314796e+00
1.094418603032853321e+00
1.050608122451338167e+00
1.052119465387928221e+00
1.058896189400824417e+00
1.033758359925386783e+00
1.041908296140070744e+00
1.033967438469128863e+00
1.041984979828063818e+00
1.050881769718798653e+00
1.059076669265515802e+00
1.058681093794760164e+00
1.055058067923738907e+00
1.056373653898011744e+00
1.050401376669330089e+00
1.047184573502515592e+00
1.053328199596000436e+00
1.048966153546107227e+00
1.028563583276032478e+00
1.053071402045916205e+00
1.057285299609758589e+00
1.051593567210409308e+00
1.048322218435347342e+00
1.057621911091344957e+00
1.048352117621849100e+00
1.049675602871835700e+00
1.036748871857691601e+00
1.042632026754235053e+00
1.037779817270199301e+00
1.042678302155884973e+00
1.035637299300965486e+00
1.040301754912032139e+00
1.042134767022794284e+00
1.041294274408467002e+00
1.040320360932650345e+00
1.040673616801811363e+00
1.050952579604069737e+00
1.055524823626114106e+00
1.054266849963592101e+00
1.058665527728484879e+00
1.047008538754828688e+00
1.071521672235920652e+00
1.063270328765777872e+00
1.051890144704880736e+00
1.047726355523530106e+00
1.048247536743110109e+00
1.042028378540213795e+00
1.051871509244840741e+00
1.072104729289316438e+00
1.058051971479083253e+00
1.049707420335163954e+00
1.054867175355951758e+00
1.045001913157671547e+00
1.054024170145163142e+00
1.037219242720615275e+00
1.049935436807549083e+00
1.052317605757676855e+00
1.047430018022182274e+00
1.046968763262161595e+00
1.048111200731322246e+00
1.057646700715132004e+00
1.056454167693585244e+00
1.036476760252276419e+00
1.051081851630057962e+00
1.043586572156411485e+00
1.057927871400206943e+00
1.039801565333779543e+00
1.060439889423778315e+00
1.049698806240743965e+00
1.028990423659177367e+00
1.052898013501460062e+00
1.034333319543068397e+00
1.060631058476671607e+00
1.047557373414301329e+00
1.048359720706376397e+00
1.034679846595607522e+00
1.054594226988597505e+00
1.055800590770375580e+00
1.039992956703516880e+00
1.049056035579547963e+00
1.043982976722957368e+00
1.057593213879772787e+00
1.046884509385209716e+00
1.047526251637142636e+00
1.060982293696876466e+00
1.050519251686554245e+00
1.054591782401522293e+00
1.041092410378203104e+00
1.047906900535281904e+00
1.043836420377006302e+00
1.047919506779253718e+00
1.064102615096216509e+00
1.051112500634584057e+00
1.053102276411974847e+00
1.045688451849555722e+00
1.037702809671698923e+00
1.055759663874432430e+00
1.049718497291767472e+00
1.067184753977030498e+00
1.052597532765590982e+00
1.058884144206503786e+00
1.042299756230655294e+00
1.058925386837051175e+00
1.039404317464661665e+00
1.033900500129947497e+00
1.023411699729364521e+00
1.058194724645915352e+00
1.054579818276401459e+00
1.058735136125275478e+00
1.034221940569661768e+00
1.054568764151069482e+00
1.043600391366902969e+00
1.047803573713418812e+00
1.052214564573264788e+00
1.044816694375354516e+00
1.033247821900878716e+00
1.070750920750850765e+00
1.046836896685910068e+00
1.038110866168903357e+00
1.045390138848663719e+00
1.044369782016971282e+00
1.041302864646216131e+00
1.056358289879673951e+00
1.050693059977666710e+00
1.047131569584740074e+00
1.057343403848394203e+00
1.040185147420594536e+00
1.043653099871932222e+00
1.045590003994278261e+00
1.047919078356532196e+00
1.051846811793403225e+00
1.045108119046366468e+00
1.067690057128312553e+00
1.061051881584143208e+00
1.041076058360613565e+00
1.040293003151551154e+00
1.058804589362125181e+00
1.049743546451767040e+00
1.038778145811279696e+00
1.040900524016562967e+00
1.042893322336735817e+00
1.035687568434639161e+00
1.033650805680514040e+00
1.069391569033949718e+00
1.058154852383009326e+00
1.042666082567993202e+00
1.049758290981933628e+00
1.038435273880955689e+00
1.046201196771819220e+00
1.053036681173546540e+00
1.036056592475303795e+00
1.044410756569347010e+00
1.053129802057282349e+00
1.051792147717691694e+00
1.044126247450255285e+00
1.030565643591356162e+00
1.046901557908601177e+00
1.041195592279801518e+00
1.053678507405682030e+00
1.039410563522257691e+00
1.060814378835345906e+00
1.050560256188455277e+00
1.039535664121407743e+00
1.046487303947439607e+00
1.039286784672907915e+00
1.053587312350074745e+00
1.055076250398506277e+00
1.050516290366997341e+00
1.064045908933635598e+00
1.043706592224769691e+00
1.046713360420708838e+00
1.049627154282462227e+00
1.052218122768663555e+00
1.064956131783722615e+00
1.047180188783232380e+00
1.039480417495792564e+00
1.045069787478349665e+00
1.041068413974511220e+00
1.048080775334195858e+00
1.054631479255760063e+00
1.053739877919948942e+00
1.037330425501473696e+00
1.059699131770711622e+00
1.047315640273946524e+00
1.049552299201147232e+00
1.079708568586936090e+00
1.044962484017801119e+00
1.041731331428233709e+00
1.036006993978017432e+00
1.031856147090985498e+00
1.064133724728685726e+00
1.029318502696414228e+00
1.058897080272690028e+00
1.052169582887418686e+00
1.046306444147900416e+00
1.048158586120531144e+00
1.050690500581651143e+00
1.038683724636287664e+00
1.042542745773544999e+00
1.036827996968401777e+00
1.041215271230536255e+00
1.041976849709754571e+00
1.050680783590280054e+00
1.036539836762577993e+00
1.045803943012844295e+00
1.053976807394154891e+00
1.027899461924049573e+00
1.058560420421874371e+00
1.045420893215985414e+00
1.043205890226117205e+00
1.052211228771446239e+00
1.055514054743087682e+00
1.037594843810911938e+00
1.062011774723037094e+00
1.055175777448085439e+00
1.054896070871774949e+00
1.056956145550950854e+00
1.047765509908524129e+00
1.049682792218931571e+00
1.051060196770585042e+00
1.061342576379696645e+00
1.060892763860434851e+00
1.067624736165666999e+00
1.053280414025228318e+00
1.048846608425000770e+00
1.060811877432772388e+00
1.053274275982521768e+00
1.048183219599416072e+00
1.042486916071686087e+00
1.048706810343090323e+00
1.044986851199000588e+00
1.059142569980207504e+00
1.063576418986449390e+00
1.040997105595074634e+00
1.046644571619500752e+00
1.055547891302036412e+00
1.036121348377471385e+00
1.048321465957619436e+00
1.041858927972650228e+00
1.056946899030139386e+00
1.037680025740119749e+00
1.042471310603562129e+00
1.046705481573600549e+00
1.044170161730906710e+00
1.045524600566011708e+00
1.046019442315560433e+00
1.047114124891005194e+00
1.050469151430488468e+00
1.056321714993027960e+00
1.051489209756685916e+00
1.037615849785610944e+00
1.056027637699225918e+00
1.041188164492805379e+00
1.043072321503384803e+00
1.042376930345682240e+00
1.035974017886613252e+00
1.051794427682622546e+00
1.039094002878406586e+00
1.059130217580428690e+00
