1.000279858011135170e+00
1.000412352005253247e+00
1.000151222408315110e+00
1.000147703249032682e+00
1.000121036032554311e+00
1.000153298580437111e+00
1.000118842588201717e+00
1.000112230245221889e+00
1.000058520562767672e+00
1.000037687070030934e+00
1.000186971269078073e+00
1.000341697627305404e+00
1.000151038629164324e+00
1.000235012500763077e+00
1.000071265088953831e+00
1.000064813748837489e+00
1.000189635231847562e+00
1.000181098405762414e+00
1.000059582148754345e+00
1.000115264104411761e+00
1.000195936436031108e+00
1.000093164903312459e+00
1.000014714822855977e+00
1.000049933157793447e+00
1.000024088678133749e+00
1.000098735297832331e+00
1.000092164137122763e+00
1.000326216633388832e+00
1.000045632066206780e+00
1.000047948126912889e+00
1.000232764414149988e+00
1.000075418036059594e+00
1.000045820439368960e+00
1.000065329128932090e+00
1.000188413773648977e+00
1.000065701945574759e+00
1.000075280242653575e+00
1.000177486146094141e+00
1.000112701082061184e+00
1.000451714510046664e+00
1.000445027223204608e+00
1.000081785482109575e+00
1.000038931807763376e+00
1.000228416958960587e+00
1.000127228429601223e+00
1.000097517903209887e+00
1.000327240687421071e+00
1.000173046868896742e+00
1.000134475343498641e+00
1.000310274599090832e+00
1.000089559532667316e+00
1.000117285272812850e+00
1.000105725557909331e+00
1.000207770335736601e+00
1.000035939178936628e+00
1.000186005683071366e+00
1.000093888581951918e+00
1.000154689646006068e+00
1.000155600309211357e+00
1.000259661002054212e+00
1.000067915841190702e+00
1.000374059871863341e+00
1.000377708751516437e+00
1.000518252492166749e+00
1.000077628674259200e+00
1.000067604561967638e+00
1.000036968336558640e+00
1.000098887841676554e+00
1.000103810166076412e+00
1.000046433663060119e+00
1.000077246733268144e+00
1.000092256993233120e+00
1.000099706310732417e+00
1.000184144763420990e+00
1.000105998220208958e+00
1.000126134104827758e+00
1.000009590996137954e+00
1.000046144321596664e+00
1.000104363677882580e+00
1.000111467203251392e+00
1.000078934713608980e+00
1.000128201680992701e+00
1.000049315218211721e+00
1.000381542396300949e+00
1.000169619043043800e+00
1.000237370337957898e+00
1.000075311394916566e+00
1.000150751496941437e+00
1.000136820293098916e+00
1.000100691543410303e+00
1.000192790662266518e+00
1.000123528823856134e+00
1.000266362083786165e+00
1.000111693798521939e+00
1.000029201224495123e+00
1.000505083694866348e+00
1.000064259450398785e+00
1.000315213437099837e+00
1.000177936464053952e+00
1.000056714870799057e+00
1.000166749464482363e+00
1.000177580951415512e+00
1.000021199593859267e+00
1.000421833182607578e+00
1.000155889162678502e+00
1.000506586532639020e+00
1.000119810995947489e+00
1.000137683186574700e+00
1.000047427837196912e+00
1.000041414664878614e+00
1.000106218323905782e+00
1.000053410673156895e+00
1.000316136811957080e+00
1.000031671278905687e+00
1.000040437481769739e+00
1.000046363676839967e+00
1.000047118071043073e+00
1.000161728756001400e+00
1.000102732024342966e+00
1.000262795385418846e+00
1.000233824572131613e+00
1.000125399823710515e+00
1.000537523280352392e+00
1.000088369799502663e+00
1.000063656959640390e+00
1.000208486995810331e+00
1.000017372352370870e+00
1.000108030938264392e+00
1.000202907083141080e+00
1.000336135438809393e+00
1.000080143412229949e+00
1.000085730010960017e+00
1.000026927984871028e+00
1.000181816534385648e+00
1.000093349534789677e+00
1.000068150830776714e+00
1.000182741067176417e+00
1.000103860889749452e+00
1.000078391940501632e+00
1.000264283452839020e+00
1.000631976757828223e+00
1.000107728733334200e+00
1.000031609064655491e+00
1.000026904231631875e+00
1.000037129469632413e+00
1.000176875690251377e+00
1.000120824732299019e+00
1.000119917124824731e+00
1.000098148969223555e+00
1.000155595395789465e+00
1.000058322972465552e+00
1.000020252542302535e+00
1.000024955912209634e+00
1.000026043187066005e+00
1.000075982428974886e+00
1.000202029693588068e+00
1.000214718886666354e+00
1.000359950099463102e+00
1.000048961797501024e+00
1.000005272275986457e+00
1.000209525360505003e+00
1.000116182955908650e+00
1.000209061621714079e+00
1.000118531643177988e+00
1.000220813883560211e+00
1.000245351176806352e+00
1.000167623113125126e+00
1.000023658541131510e+00
1.000195468161848789e+00
1.000011183098596934e+00
1.000573063700736842e+00
1.000119503571672563e+00
1.000044348300946018e+00
1.000185956965291112e+00
1.000155258258444313e+00
1.000085522646899872e+00
1.000210709830957390e+00
1.000119194347136808e+00
1.000102806180448001e+00
1.000042078007900015e+00
1.000244036707222062e+00
1.000042869325829420e+00
1.000077644159480306e+00
1.000055700638055933e+00
1.000123672155710297e+00
1.000123833594590783e+00
1.000175925529885879e+00
1.000114790587705027e+00
1.000387340240660894e+00
1.000105831463842909e+00
1.000190201242675769e+00
1.000052898881069297e+00
1.000288261963531378e+00
1.000133159525649740e+00
1.000811357066696106e+00
1.000323537292387543e+00
1.000176128351208726e+00
1.000157600228570809e+00
1.000030174457742449e+00
1.000222004403644060e+00
1.000133272613402902e+00
1.000156047803901327e+00
1.000053118950958941e+00
1.000130040575939017e+00
1.000219293223829187e+00
1.000191932685422946e+00
1.000084114473225538e+00
1.000251208082628906e+00
1.000098891823034908e+00
1.000129846393380317e+00
1.000049388841910636e+00
1.000681596561261877e+00
1.000144872934804141e+00
1.000125498053354267e+00
1.000187799525015242e+00
1.000060348470501959e+00
1.000423111777975604e+00
1.000153137229677691e+00
1.000065834395660769e+00
1.000113750310814620e+00
1.000033073413927553e+00
1.000067382771304469e+00
1.000054392101702216e+00
1.000031459752048546e+00
1.000354865247107261e+00
1.000339565015577747e+00
1.000124025073806600e+00
1.000235136842920758e+00
1.000245839409357185e+00
1.000081425979059357e+00
1.000157213682555613e+00
1.000205229577008081e+00
1.000097314223371781e+00
1.000220921638874438e+00
1.000243431068194022e+00
1.000103591497154998e+00
1.000128277843844726e+00
1.000115198234216463e+00
1.000226280545599256e+00
1.000015712336066231e+00
1.000264717407927773e+00
1.000287980404902743e+00
1.000329176649490837e+00
1.000115693424714625e+00
1.000090514791778240e+00
1.000010032836767815e+00
1.000138506113158909e+00
1.000171594917674378e+00
1.000260429060027212e+00
1.000127195704458183e+00
1.000106289013027672e+00
1.000165541742102260e+00
1.000060690811329422e+00
1.000077421926365284e+00
1.000114306024150856e+00
1.000039066996292414e+00
1.000188601370815444e+00
1.000564357130222071e+00
1.000081474722237962e+00
1.000158587074229555e+00
1.000243588959087493e+00
1.000043081960716451e+00
1.000198010221843514e+00
1.000174424898425452e+00
1.000166091055522344e+00
1.000094973379243246e+00
1.000205968878226770e+00
1.000177067445443990e+00
1.000149477368694528e+00
1.000262479856631304e+00
1.000131008273035915e+00
1.000034530459871007e+00
1.000343278490349874e+00
1.000194071230242621e+00
1.000290283825356674e+00
1.000122251239093707e+00
1.000189196102122313e+00
1.000141294225784128e+00
1.000026783175612888e+00
1.000094815116790548e+00
1.000097038101338542e+00
1.000068884331224650e+00
1.000121163248061773e+00
1.000013261125236808e+00
1.000042601116952534e+00
1.000066396608340291e+00
1.000088171851172714e+00
1.000032521221129844e+00
1.000105479510246420e+00
1.000461749739770756e+00
1.000035161166824782e+00
1.000150171850188174e+00
1.000135088193975452e+00
1.000113726712877238e+00
1.000150927183573346e+00
1.000105567730526834e+00
1.000191319039304361e+00
1.000066644151668793e+00
1.000137885463782350e+00
1.000486719655574008e+00
1.000044475018339041e+00
1.000319663552003302e+00
1.000075628711037279e+00
1.000083884646940868e+00
1.000104528282143468e+00
1.000037175747652052e+00
1.000219925018679401e+00
1.000194224863738546e+00
1.000219046674599488e+00
1.000014472769328311e+00
1.000105333998432933e+00
1.000192484721714958e+00
1.000308236425284436e+00
1.000069833375913708e+00
1.000106024192829679e+00
1.000086521088091818e+00
1.000090169279566954e+00
1.000105001239526281e+00
1.000078321476686183e+00
1.000451585957428779e+00
1.000234805645470626e+00
1.000078524056052576e+00
1.000465453362889834e+00
1.000045874002587487e+00
1.000064887820462101e+00
1.000310933464429564e+00
1.000115320224510551e+00
1.000211786651079571e+00
1.000153816162722809e+00
1.000101929678754109e+00
1.000057939478343538e+00
1.000270026911879606e+00
1.000235111110955089e+00
1.000080004524898980e+00
1.000036828624883301e+00
1.000431122050813304e+00
1.000142881546011386e+00
1.000170880253561823e+00
1.000050043194262717e+00
1.000059648392496836e+00
1.000089686331159911e+00
1.000127129374309476e+00
1.000056506656920030e+00
1.000273114482873593e+00
1.000073683137039815e+00
1.000222642309206655e+00
1.000582351265535852e+00
1.000064460670487154e+00
1.000145688838876668e+00
1.000197881923545307e+00
1.000371134851115285e+00
1.000034397221285287e+00
1.000257524888407801e+00
1.000024917460462071e+00
1.000039193721378616e+00
1.000045221451294486e+00
1.000164595987250271e+00
1.000210493480315099e+00
1.000155427483864878e+00
1.000030909815726732e+00
1.000150155030974153e+00
1.000116999703381415e+00
1.000145058615194760e+00
1.000248750290840816e+00
1.000287642812292432e+00
1.000467418105017492e+00
1.000074259172607283e+00
1.000036188043330831e+00
1.000068845972122533e+00
1.000042787065783756e+00
1.000063752200882394e+00
1.000314326312809809e+00
1.000125584306534199e+00
1.000168367472634268e+00
1.000430446291502129e+00
1.000246072635474492e+00
1.000068946688733140e+00
1.000058268897627167e+00
1.000035253299349502e+00
1.000023540861914917e+00
1.000193902101058407e+00
1.000014527021488631e+00
1.000369008274210048e+00
1.000077207900619713e+00
1.000059956143313444e+00
1.000438763726985592e+00
1.000144645257067033e+00
1.000150188575867238e+00
1.000057002970646591e+00
1.000199296033721819e+00
1.000407056293197261e+00
1.000084774330376902e+00
1.000100306457346822e+00
1.000223349932525485e+00
1.000184036119515563e+00
1.000101960593262396e+00
1.000677276687782280e+00
1.000453874016359546e+00
1.000157615839610825e+00
1.000373542838718599e+00
1.000010029411110057e+00
1.000059517021258504e+00
1.000049785542938219e+00
1.000052105879667419e+00
1.000049425141363857e+00
1.000291828662722038e+00
1.000455904806353269e+00
1.000308944281596224e+00
1.000044036975708872e+00
1.000165357340653260e+00
1.000152962968366088e+00
1.000455776029230970e+00
1.000044980320772936e+00
1.000089391398876870e+00
1.000047842890016803e+00
1.000112899827559909e+00
1.000115635454512208e+00
1.000023890713618968e+00
1.000120950171710765e+00
1.000228494920714306e+00
1.000212517508004550e+00
1.000063033159783954e+00
1.000045776491401028e+00
1.000112783030699948e+00
1.000080011101013744e+00
1.000179194613477485e+00
1.000140368892863618e+00
1.000165588645264947e+00
1.000073526679626790e+00
1.000040330397528265e+00
1.000460061075075346e+00
1.000080752191616407e+00
1.000072877495720602e+00
1.000092672929175475e+00
1.000074031793384277e+00
1.000023145593791352e+00
1.000176098234571764e+00
1.000051992980868221e+00
1.000406535428076005e+00
1.000338358791218241e+00
1.000383966885729947e+00
1.000129420806108893e+00
1.000375854709609102e+00
1.000198317666493031e+00
1.000119231874419645e+00
1.000081795750650482e+00
1.000437113524552668e+00
1.000049721756039567e+00
1.000209215599466406e+00
1.000276515810655686e+00
1.000065279963487486e+00
1.000028260296523586e+00
1.000030337675068326e+00
1.000285414504607173e+00
1.000062140321704041e+00
1.000047914574824892e+00
1.000299618704322269e+00
1.000244165070060642e+00
1.000025941960311249e+00
1.000005880072164732e+00
1.000183265836399160e+00
1.000237320457246115e+00
1.000179312991821057e+00
1.000079801890767728e+00
1.000010897350055883e+00
1.000127515313015580e+00
1.000169418425351564e+00
1.000053385431947106e+00
1.000472455610500466e+00
1.000444321874659703e+00
1.000275376172658826e+00
1.000176922660651613e+00
1.000069252502279626e+00
1.000027951018354067e+00
1.000457624765183962e+00
1.000080245329346917e+00
1.000017523411504072e+00
1.000112670410628235e+00
1.000031450053512794e+00
1.000057157756453430e+00
1.000752061985267449e+00
1.000394173552123123e+00
1.000211679066902226e+00
1.000050091172605127e+00
1.000140811809348440e+00
1.000190197237877054e+00
1.000118676043425303e+00
1.000054908062487424e+00
1.000128574100082046e+00
1.000185751256281730e+00
1.000066993922894554e+00
1.000158326093624650e+00
1.000119934029605417e+00
1.000203116202922349e+00
1.000230401477496089e+00
1.000008606731231930e+00
1.000168968336210273e+00
1.000172573855834468e+00
1.000049468012191189e+00
1.000256798490496424e+00
1.000078229217347348e+00
1.000153495478246723e+00
1.000147652132991727e+00
1.000182581907555157e+00
1.000050304800324197e+00
1.000215266300659600e+00
1.000154448502255322e+00
1.000120046450266864e+00
1.000126505031812441e+00
1.000089288070123539e+00
1.000093928733319482e+00
1.000033808934755797e+00
1.000327461770633697e+00
1.000020772901545119e+00
1.000126444219446853e+00
1.000088610363458530e+00
1.000594090179752538e+00
1.000109942491050896e+00
1.000255676703849517e+00
1.000365286460692227e+00
1.000166185330718660e+00
1.000371734631168241e+00
1.000291413933483087e+00
1.000011163515093671e+00
1.000490872747924476e+00
1.000133993137328980e+00
1.000019580200909752e+00
1.000114480675686757e+00
1.000313330061379791e+00
1.000113213932214862e+00
1.000044433607006455e+00
1.000233773630179623e+00
1.000212692909128176e+00
1.000028645307649233e+00
1.000037482152370316e+00
1.000346683308272366e+00
1.000048161019651438e+00
1.000078353559127775e+00
1.000460459936141966e+00
1.000206765279635812e+00
1.000453487480648329e+00
1.000162375811667115e+00
1.000343879396732305e+00
1.000097133086456092e+00
1.000054988374839526e+00
1.000024947595119951e+00
1.000071431015296497e+00
1.000487516607014848e+00
1.000063397042220137e+00
1.000131161707197958e+00
1.000175706795760400e+00
1.000088234320526626e+00
1.000163261181320928e+00
1.000062047573625934e+00
1.000070400670630466e+00
1.000072783912820951e+00
1.000243398226540625e+00
1.000039809324132056e+00
1.000423160727849092e+00
1.000038962314180768e+00
1.000043876126297526e+00
1.000053835395237067e+00
1.000275766256852883e+00
1.000181038851574167e+00
1.000108019322854647e+00
1.000083136775449688e+00
1.000138452499641506e+00
1.000274855729302415e+00
1.000173523849152257e+00
1.000312667343195239e+00
1.000154868672562758e+00
1.000216929098319829e+00
1.000058991757648785e+00
1.000061053654232035e+00
1.000205231748295676e+00
1.000128086204977729e+00
1.000368823223510173e+00
1.000173695969983845e+00
1.000064141858257649e+00
1.000191594487321201e+00
1.000235989804803660e+00
1.000286797423927787e+00
1.000616795460222086e+00
1.000206511070121929e+00
1.000048708485742344e+00
1.000203646377867850e+00
1.000127914976151056e+00
1.000147201894090898e+00
1.000111877893065992e+00
1.000033364060173513e+00
1.000101132752659217e+00
1.000156949411555862e+00
1.000118550570751275e+00
1.000054304548458006e+00
1.000100906094276709e+00
1.000206327898415681e+00
1.000349163255323415e+00
1.000124215368552560e+00
1.000110100441583549e+00
1.000222466336354588e+00
1.000028460106990202e+00
1.000023465496396424e+00
1.000117541522936415e+00
1.000094543968573779e+00
1.000299432126304788e+00
1.000212218639425998e+00
1.000132251160777974e+00
1.000148299132411989e+00
1.000110201955714206e+00
1.000053703075075795e+00
1.000255638786058388e+00
1.000033054834088331e+00
1.000181504030374313e+00
1.000165355093763919e+00
1.000392420783690950e+00
1.000299093048295340e+00
1.000157855072346891e+00
1.000003710720095862e+00
1.000206433095736314e+00
1.000322131804189940e+00
1.000216657871103365e+00
1.000125308189164786e+00
1.000034306196238232e+00
1.000048670999982292e+00
1.000017469779277413e+00
1.000079275107623067e+00
1.000079689264285587e+00
1.000211844522427285e+00
1.000190273340031855e+00
1.000149512204023816e+00
1.000251429407881698e+00
1.000260194684188475e+00
1.000100995077827015e+00
1.000258281062776922e+00
1.000126362324428753e+00
1.000073696850511284e+00
1.000120603042840228e+00
1.000113979060638592e+00
1.000148896576374291e+00
1.000089840293490351e+00
1.000183325328994455e+00
1.000320179994087066e+00
1.000140157917231098e+00
1.000313385722205295e+00
1.000107736433853534e+00
1.000452823883666964e+00
1.000038620332332151e+00
1.000088555511325250e+00
1.000175155613768130e+00
1.000583647249494224e+00
1.000302032657050422e+00
1.000013698148457753e+00
1.000042984130466772e+00
1.000115068516020500e+00
1.000033245940112003e+00
1.000086895867037251e+00
1.000166962825911998e+00
1.000092185782767151e+00
1.000134713270302900e+00
1.000047886312854128e+00
1.000117075140044998e+00
1.000082861599593587e+00
1.000205119059518033e+00
1.000267531128751219e+00
1.000249630404341561e+00
1.000241724584054692e+00
1.000372751662324200e+00
1.000081533770231346e+00
1.000021915670608275e+00
1.000040372770824693e+00
1.000080115371895229e+00
1.000022184027781869e+00
1.000164249997885113e+00
1.000217793328082694e+00
1.000165986151019926e+00
1.000209516588181691e+00
1.000265281592354727e+00
1.000109582817177323e+00
1.000109301358248715e+00
1.000113929994088879e+00
1.000085114999442082e+00
1.000289096806244338e+00
1.000548380296701678e+00
1.000218445978017012e+00
1.000100325828385373e+00
1.000617823753894076e+00
1.000243737591514748e+00
1.000123400889100678e+00
1.000213587763833623e+00
1.000022444950354528e+00
1.000162108796960769e+00
1.000044071093137088e+00
1.000118121621613287e+00
1.000110648901861854e+00
1.000119048445434533e+00
1.000029271684425680e+00
1.000049097610520521e+00
1.000186246355897923e+00
1.000124891901307267e+00
1.000025852094851953e+00
1.000123662203453723e+00
1.000055068832182092e+00
1.000133193068692972e+00
1.000037780532701648e+00
1.000044323030642834e+00
1.000314722442299242e+00
1.000169321383179488e+00
1.000681917026155388e+00
1.000040141102079838e+00
1.000212816774265212e+00
1.000137504480061112e+00
1.000054622797619031e+00
1.000490934105765284e+00
1.000065900795379825e+00
1.000303482167337554e+00
1.000085536832793220e+00
1.000191872817141503e+00
1.000062926058637780e+00
1.000073979729098061e+00
1.000101028709182938e+00
1.000081448969443398e+00
1.000285911182915877e+00
1.000259617357109665e+00
1.000026637858340228e+00
1.000244600272409690e+00
1.000170500975078314e+00
1.000410311658286755e+00
1.000299668869530478e+00
1.000110228226588571e+00
1.000218385191818271e+00
1.000234229054006052e+00
1.000093593161504923e+00
1.000085108069765027e+00
1.000109302786523102e+00
1.000102101896829465e+00
1.000035354726314551e+00
1.000272645314556952e+00
1.000187938571635682e+00
1.000167745971354494e+00
1.000119457540348478e+00
1.000034719582136411e+00
1.000044538790360038e+00
1.000007779820508924e+00
1.000334725612122666e+00
1.000193950037608026e+00
1.000075997745398571e+00
1.000146125693169186e+00
1.000103983587025569e+00
1.000217052010616614e+00
1.000040755698625272e+00
1.000158092966761725e+00
1.000063520434076203e+00
1.000170400382816904e+00
1.000057687225800462e+00
1.000068053051275774e+00
1.000346037299912672e+00
1.000033104615668300e+00
1.000086661871001370e+00
1.000181923814073670e+00
1.000085765612280575e+00
1.000252159601155544e+00
1.000112289326220205e+00
1.000239319966913953e+00
1.000159144376492115e+00
1.000407055111007359e+00
1.000060651641248022e+00
1.000050182347839378e+00
1.000044670953911918e+00
1.000100423325310572e+00
1.000057431937267927e+00
1.000176006509561288e+00
1.000051101092132910e+00
1.000122620110853733e+00
1.000072684397671274e+00
1.000223663825187570e+00
1.000030391591137269e+00
1.000049116055838239e+00
1.000049840393663292e+00
1.000178934287610844e+00
1.000222165769653726e+00
1.000069047786067866e+00
1.000141117375034083e+00
1.000572437105846868e+00
1.000047514952532302e+00
1.000097184237754400e+00
1.000076578901193169e+00
1.000190259632775192e+00
1.000024089808998040e+00
1.000241620903923989e+00
1.000129601072134333e+00
1.000147915588307734e+00
1.000325605359071224e+00
1.000183834508184155e+00
1.000026323200115197e+00
1.000095329448327686e+00
1.000426628321878564e+00
1.000236462386947522e+00
1.000050899945506666e+00
1.000070106219075328e+00
1.000180983709154647e+00
1.000140208700553757e+00
1.000023059384693269e+00
1.000160897334364529e+00
1.000128118995518012e+00
1.000513521455950627e+00
1.000487413717593643e+00
1.000103869533593093e+00
1.000123037864414366e+00
1.000462509045413118e+00
1.000177290700078547e+00
1.000215352603109453e+00
1.000038258784087253e+00
1.000096834603762863e+00
1.000125022945360653e+00
1.000212412555301800e+00
1.000084785180350933e+00
1.000308168835166267e+00
1.000091465424910675e+00
1.000100870905076045e+00
1.000503032680285731e+00
1.000037371063926539e+00
1.000332504818803203e+00
1.000402443323307189e+00
1.000240491514452490e+00
1.000162931590746096e+00
1.000048839460778716e+00
1.000170693873818850e+00
1.000113996276965622e+00
1.000082345734617739e+00
1.000193800599847194e+00
1.000092845499947147e+00
1.000075158923970253e+00
1.000123674335830826e+00
1.000220831903289032e+00
1.000035198630495170e+00
1.000096353910352454e+00
1.000217490396971387e+00
1.000086167668586157e+00
1.000238067571348699e+00
1.000037471351898688e+00
1.000079395677506033e+00
1.000031811926737957e+00
1.000160593259316055e+00
1.000269194236504289e+00
1.000152582066022644e+00
1.000125710033198612e+00
1.000457180593045559e+00
1.000497968397644266e+00
1.000405004371056616e+00
1.000131098015061060e+00
1.000300557380268129e+00
1.000037023694589911e+00
1.000274633518946965e+00
1.000020918617983812e+00
1.000093524624512842e+00
1.000224581180061190e+00
1.000160571923437436e+00
1.000262873858013268e+00
1.000030162075414397e+00
1.000034130849106084e+00
1.000042178437487994e+00
1.000060393499390132e+00
1.000280923070127725e+00
1.000045141619199773e+00
1.000117282124339591e+00
1.000177371835085482e+00
1.000089800928382733e+00
1.000039357562867437e+00
1.000055796632582483e+00
1.000180475139116565e+00
1.000159082312222614e+00
1.000175068347654017e+00
1.000357356074748516e+00
1.000338538683437140e+00
1.000041883902396789e+00
1.000141917124411473e+00
1.000157866032461040e+00
1.000080625431714498e+00
1.000100325554571290e+00
1.000084795777967495e+00
1.000009446616512143e+00
1.000035682914793389e+00
1.000046375580122104e+00
1.000140420691648435e+00
1.000206019527261292e+00
1.000413889547833612e+00
1.000086324024383799e+00
1.000148895420149397e+00
1.000116689457662300e+00
1.000186130258746031e+00
1.000155760953691741e+00
1.000067579363613568e+00
1.000068435097077213e+00
1.000114521036552739e+00
1.000159459565098885e+00
1.000266432569191899e+00
1.000119009497011824e+00
1.000172706993801341e+00
1.000148573446745903e+00
1.000304987323415995e+00
1.000177408639876031e+00
1.000077203698027661e+00
1.000232494868710909e+00
1.000167599891108372e+00
1.000119727789135826e+00
1.000104069351193337e+00
1.000435590530729835e+00
1.000009320938605617e+00
1.000174297870245033e+00
1.000343678909064060e+00
1.000201215090474216e+00
1.000040587559883898e+00
1.000044023630461520e+00
1.000206995343697614e+00
1.000137740879857295e+00
1.000057818812646104e+00
1.000058921922787114e+00
1.000072579381903637e+00
1.000107165302654533e+00
1.000330461479175259e+00
1.000077383566941647e+00
1.000250444629614099e+00
1.000202369293396343e+00
1.000022156532254014e+00
1.000542091338985085e+00
1.000207642178986278e+00
1.000057388478524434e+00
1.000139634770970343e+00
1.000028359180922477e+00
1.000368934015168909e+00
1.000227611332426214e+00
1.000386202293616300e+00
1.000450738005156381e+00
1.000230643770929850e+00
1.000064089225670916e+00
1.000090477349649509e+00
1.000230848876315415e+00
1.000254355589844435e+00
1.000031018978607467e+00
1.000144761160619344e+00
1.000093109208527009e+00
1.000025422831519739e+00
1.000189832704025061e+00
1.000232450140234874e+00
1.000157924684559552e+00
1.000165203016108117e+00
1.000066119578913337e+00
1.000131779795898845e+00
1.000141388352498550e+00
1.000308405012801050e+00
1.000503084354684047e+00
1.000354712413838554e+00
1.000043525520511345e+00
1.000050243975820541e+00
1.000259929078738175e+00
1.000120233073372056e+00
1.000147986799925892e+00
1.000119007251072611e+00
1.000150079104295653e+00
1.000113572831530240e+00
1.000059865430232175e+00
1.000114332701208975e+00
1.000023904133655828e+00
1.000138117109241165e+00
1.000081228011327816e+00
1.000084721582561453e+00
1.000200298687467848e+00
1.000055867383222941e+00
1.000253031386477698e+00
1.000124003300408182e+00
1.000120918072358256e+00
1.000125733927819116e+00
1.000100684083847336e+00
1.000093017828806996e+00
1.000135128563944154e+00
1.000037264695401440e+00
1.000177567771265208e+00
1.000256428669316744e+00
1.000042986080942109e+00
1.000142996180258370e+00
1.000089282256669154e+00
1.000101125862822959e+00
1.000052718375112004e+00
1.000030714015420985e+00
1.000109591299237932e+00
1.000303638181284205e+00
1.000186519634814086e+00
1.000100786714539947e+00
1.000077197199959134e+00
1.000428389268521956e+00
1.000012447932630444e+00
1.000381413017235932e+00
1.000155265655906733e+00
1.000209025509624539e+00
1.000087627544902436e+00
1.000189698057060816e+00
1.000134484350272412e+00
1.000511245415337758e+00
1.000030274289710697e+00
1.000101871375925544e+00
