1.016764441708146283e+00
1.016433945772624803e+00
1.009043578590913315e+00
1.037019511299002383e+00
1.025286520674168367e+00
1.013365855476781041e+00
1.012491397508061164e+00
1.021754298299760277e+00
1.011489031831189322e+00
1.024998816024030646e+00
1.021138345250789170e+00
1.023215200172781447e+00
1.021613279832450871e+00
1.008970508281456180e+00
1.006894478491683342e+00
1.015949147652574824e+00
1.016052874912086512e+00
1.018445680552336974e+00
1.037813092615969879e+00
1.026961314778491952e+00
1.022047804333343857e+00
1.010788746636315460e+00
1.019906772500888792e+00
1.021401541503817567e+00
1.013944622989376931e+00
1.019568550967854481e+00
1.029837410741985648e+00
1.014902708557885225e+00
1.021384288641648208e+00
1.006740198250071661e+00
1.007763292244819642e+00
1.011769861903607959e+00
1.011654221355993366e+00
1.016146955027462218e+00
1.033670845675960237e+00
1.025472937902211390e+00
1.034413050648211652e+00
1.019841800704643031e+00
1.007251023263649126e+00
1.016629796312338296e+00
1.013967567255325886e+00
1.016736066406346062e+00
1.034837615980499503e+00
1.039023703231680917e+00
1.006113490841945346e+00
1.023714015231312224e+00
1.017872140458672581e+00
1.018744375459797569e+00
1.016378847704918709e+00
1.023955064464895148e+00
1.035744797609696066e+00
1.032650123968323674e+00
1.010033536690811529e+00
1.018769870418162249e+00
1.007089379073669466e+00
1.013341059930567889e+00
1.009238647416727641e+00
1.026267586824834543e+00
1.023568575626685906e+00
1.023937526890721372e+00
1.011553435960537817e+00
1.018944570306082431e+00
1.023865153150923746e+00
1.018380161421052588e+00
1.013110410925055049e+00
1.012191233137306856e+00
1.025818342656034554e+00
1.024449145879548828e+00
1.016943802038498879e+00
1.017882531853414818e+00
1.028307081897978259e+00
1.015006127600774910e+00
1.023935285546390794e+00
1.012607317940158014e+00
1.025619008731799342e+00
1.019087891772941568e+00
1.026564078418316095e+00
1.021322952217766256e+00
1.023608224049362692e+00
1.014286947649394532e+00
1.007074820737478893e+00
1.022816606824143548e+00
1.017422270968926012e+00
1.022294913070345368e+00
1.013054165671713358e+00
1.015246946110871296e+00
1.015142083811754636e+00
1.032590127868577179e+00
1.018593000869816523e+00
1.029433748514107183e+00
1.037551019616753889e+00
1.025772917324232925e+00
1.013070180402444231e+00
1.023147382663268212e+00
1.027986374779440215e+00
1.030959182417886311e+00
1.017982232179485802e+00
1.035966520130871427e+00
1.021837106849784016e+00
1.022466597373835828e+00
1.015270985935148751e+00
1.025489616526149561e+00
1.022768961770027518e+00
1.023225001967567716e+00
1.009884746803845879e+00
1.035318942544950049e+00
1.021362512343050977e+00
1.021151579717042956e+00
1.022761929961967464e+00
1.021225090506569178e+00
1.027781753840500967e+00
1.017893064297510142e+00
1.012855957947121910e+00
1.012880424628701315e+00
1.021586621494757763e+00
1.016002224970567136e+00
1.021446615218327469e+00
1.022457768384098742e+00
1.035439425814161485e+00
1.015988459198633009e+00
1.029169146497372678e+00
1.038806221733425961e+00
1.022925165663302050e+00
1.030647504393440217e+00
1.050980088777306420e+00
1.010131143729820158e+00
1.033551472490440215e+00
1.017667527270614602e+00
1.034824613017265360e+00
1.017009822849403333e+00
1.024988965756471915e+00
1.018883250920700423e+00
1.024316633343657967e+00
1.022078675228668576e+00
1.024512452161644660e+00
1.022653150110394149e+00
1.024447755659665393e+00
1.016508991220347546e+00
1.024623814608832229e+00
1.025658059793488119e+00
1.017506721685571325e+00
1.027646912271459101e+00
1.015950857999669221e+00
1.026616514804765901e+00
1.019889036591979270e+00
1.010848366424378586e+00
1.022007628157142189e+00
1.030867023161959217e+00
1.015499616733036126e+00
1.024662321941293586e+00
1.009463839438115462e+00
1.012333654985724474e+00
1.010065555854114727e+00
1.019302225797465100e+00
1.015724670481192415e+00
1.013072361917138231e+00
1.018752505201995229e+00
1.016458233287318436e+00
1.009928668837563492e+00
1.016832185239525455e+00
1.008118147078536975e+00
1.008288985648590819e+00
1.024021172458535522e+00
1.013727375867038871e+00
1.024021066122497103e+00
1.007257238277869282e+00
1.019222559731393307e+00
1.018259214852216266e+00
1.011170493797542091e+00
1.009037294923161854e+00
1.007686181159586303e+00
1.013923773382633398e+00
1.026980694429846075e+00
1.020803457855581575e+00
1.014032686392640104e+00
1.016064738788673649e+00
1.016747657755166623e+00
1.014766965735389492e+00
1.021924649989055744e+00
1.021049973857380166e+00
1.019928587607931370e+00
1.021470171984821596e+00
1.011177533585800647e+00
1.021171499786702963e+00
1.021822125209299159e+00
1.013069383317913186e+00
1.036319678956576729e+00
1.033289836735997058e+00
1.016721381933366253e+00
1.019415822904548241e+00
1.022504212017703251e+00
1.018584122647384405e+00
1.014058188283353035e+00
1.023369205596642129e+00
1.011941385336533106e+00
1.020024943390097860e+00
1.031306604094170520e+00
1.029845086275499533e+00
1.043913729347873964e+00
1.020429910836472054e+00
1.009188356729914027e+00
1.023179882595519619e+00
1.032957260704229663e+00
1.017376934547794098e+00
1.011106512538241242e+00
1.035855630445084330e+00
1.007698603576362872e+00
1.035011068903504805e+00
1.018905068524279756e+00
1.019781346552461887e+00
1.036475127128258400e+00
1.019307182657348987e+00
1.011911031519441284e+00
1.019348319255478197e+00
1.019055375379560147e+00
1.024931534608455763e+00
1.017931952576256016e+00
1.030162572843511093e+00
1.031052725955795335e+00
1.033412826118916605e+00
1.019122331415866833e+00
1.034612374795859990e+00
1.011284106378619541e+00
1.011643488912286948e+00
1.013885704609329474e+00
1.026810675128922545e+00
1.003736826145961825e+00
1.023419213091780078e+00
1.008389586044780906e+00
1.015389281966682100e+00
1.018510540808778897e+00
1.038434855281723967e+00
1.045659124179398658e+00
1.011166732892179843e+00
1.015620238739772141e+00
1.011836610202646591e+00
1.018755635874729615e+00
1.026112638945767541e+00
1.012223374028208056e+00
1.017929709124816062e+00
1.021253772440523955e+00
1.023123789728028088e+00
1.019813300088358021e+00
1.011207648856161212e+00
1.023315023031729831e+00
1.023425223682770335e+00
1.031536907253501445e+00
1.016125416263080838e+00
1.023819797688668709e+00
1.026634138125309459e+00
1.020729352991665229e+00
1.018821145017197338e+00
1.015452655429351925e+00
1.033439025794085309e+00
1.025828751286500973e+00
1.031550282455999668e+00
1.016184985927406581e+00
1.019067038870453468e+00
1.021548821264961493e+00
1.023318217510800654e+00
1.016872849997949135e+00
1.025049979964688829e+00
1.019088443942835820e+00
1.028839898209587655e+00
1.020662522316869936e+00
1.016384670448553518e+00
1.008633490963630530e+00
1.008641492485308877e+00
1.030158677510762510e+00
1.010078203350068149e+00
1.031568096000561097e+00
1.017139368821814438e+00
1.027548092170334160e+00
1.023744696277593125e+00
1.031338506183099302e+00
1.010869666206272832e+00
1.008228229112002827e+00
1.025821338658776893e+00
1.018163545642953638e+00
1.027387518315202808e+00
1.015887382688219764e+00
1.007317406305762164e+00
1.019918917590156404e+00
1.031199574644676265e+00
1.038857557730053394e+00
1.011658650949851745e+00
1.024686612469515090e+00
1.015842388053615375e+00
1.022261332130114164e+00
1.045269298175143469e+00
1.035784951980945445e+00
1.017396015119907515e+00
1.019571019255095745e+00
1.031440292030546102e+00
1.027579212886757354e+00
1.012791519337919333e+00
1.015858008765233356e+00
1.024362277008492139e+00
1.010984736540176288e+00
1.011266154642820325e+00
1.016076655578415755e+00
1.030633983590509173e+00
1.010228719443462708e+00
1.018666084081564005e+00
1.024044127995032305e+00
1.030133535735738404e+00
1.010225923944403359e+00
1.022174236763971455e+00
1.008069986968016973e+00
1.023676991406417658e+00
1.031152409637124734e+00
1.023479850111906675e+00
1.037455305382985582e+00
1.022419974523056663e+00
1.005731580768583600e+00
1.014479351191283074e+00
1.013475175385551097e+00
1.010454570563536159e+00
1.032608257378323735e+00
1.023502565917298934e+00
1.007553329794226071e+00
1.015816561648786642e+00
1.020904734318923479e+00
1.015039428600854832e+00
1.018876398201340905e+00
1.012468243533970025e+00
1.021907271003521078e+00
1.032703792266923992e+00
1.027003573347884169e+00
1.023378823008573635e+00
1.015320055583779357e+00
1.009248140779922753e+00
1.035398620511355228e+00
1.024485033390845734e+00
1.016509162592110993e+00
1.019360154948486752e+00
1.022804322319433412e+00
1.016391178336121026e+00
1.022801142404310859e+00
1.015109828448234275e+00
1.026161387362795274e+00
1.010077074910531669e+00
1.015835257298141947e+00
1.022371494651946433e+00
1.012543366596172723e+00
1.013197572167330751e+00
1.023717076503361634e+00
1.022820338757856939e+00
1.025277794174811019e+00
1.011471656278499776e+00
1.025257531587489224e+00
1.024717115432450587e+00
1.045802724658174476e+00
1.022398989322895746e+00
1.018353972615239966e+00
1.031826204838948158e+00
1.014962802514783435e+00
1.017110482126610815e+00
1.018989225553339928e+00
1.021900651206185451e+00
1.011206292379186689e+00
1.025704197285351782e+00
1.021962237774987736e+00
1.020943786461715019e+00
1.036459078650938892e+00
1.023876943993011546e+00
1.044119492149909068e+00
1.015628807774341835e+00
1.015350293764007983e+00
1.013346019099738093e+00
1.015127555771914825e+00
1.011442083144378890e+00
1.027169982486678457e+00
1.015020886994983940e+00
1.028614350836530855e+00
1.035596083377119392e+00
1.026391002482051951e+00
1.022623127760027284e+00
1.018656334953227605e+00
1.010594029294766827e+00
1.016416456228776966e+00
1.014101895909401474e+00
1.019443472723807753e+00
1.008348924333747121e+00
1.013609496287384060e+00
1.011854028094864688e+00
1.025477710871695702e+00
1.017940140226808898e+00
1.024000486755623385e+00
1.007785359619746579e+00
1.025695678729617200e+00
1.022409688128585348e+00
1.009742168277776742e+00
1.012934819946214926e+00
1.012258362402093770e+00
1.020766257914665465e+00
1.020353931694146565e+00
1.020028254410508817e+00
1.033094588202039921e+00
1.022122161443110855e+00
1.024440932616227373e+00
1.008120883835117221e+00
1.028298684299025600e+00
1.017343158352448818e+00
1.018645452217660452e+00
1.016382393081162183e+00
1.017200409390994764e+00
1.019695265839361431e+00
1.016989623046306024e+00
1.015857462578755754e+00
1.024913948508805017e+00
1.017781293623724270e+00
1.008855478181959864e+00
1.023348297860793066e+00
1.018249893817962271e+00
1.017341397313928253e+00
1.012982079440223782e+00
1.014990313036087999e+00
1.017077315906173007e+00
1.028607081385308541e+00
1.018612331931049386e+00
1.016774918619673063e+00
1.029847963585416304e+00
1.020098046234329425e+00
1.029697719398277478e+00
1.011405822440352820e+00
1.007064074890990257e+00
1.014001422141172615e+00
1.008240388451589364e+00
1.032515129975869694e+00
1.026283345711170414e+00
1.020461981690157893e+00
1.015573114933748800e+00
1.006014631525983916e+00
1.007770341399873093e+00
1.017800031532575700e+00
1.031734374786075437e+00
1.025443340926439628e+00
1.041723962327211872e+00
1.018495264764514907e+00
1.009882555776717705e+00
1.017857296511679221e+00
1.021796140431189936e+00
1.011991707800195206e+00
1.005870154234296487e+00
1.021137967292405468e+00
1.014492256651919888e+00
1.012882809213740964e+00
1.018589311911441087e+00
1.010757010478801288e+00
1.023378355595763400e+00
1.034925670776673412e+00
1.019909670935282175e+00
1.009719731671822052e+00
1.028960987729536924e+00
1.019506125361483440e+00
1.024115615629666909e+00
1.024198794591142603e+00
1.019878174375882907e+00
1.012078299711323348e+00
1.017021519020756548e+00
1.025716374287803712e+00
1.012710838716613937e+00
1.028680254428037344e+00
1.022732184066830863e+00
1.019536222805655257e+00
1.005288386294427516e+00
1.032272556686547826e+00
1.011841240054810687e+00
1.011720029101199847e+00
1.027972979948614141e+00
1.025608672050090986e+00
1.024914532683997681e+00
1.024950008258425527e+00
1.022578846376535067e+00
1.025424898802733020e+00
1.026080933976237342e+00
1.008218408029570634e+00
1.023627047976298332e+00
1.020248313631986870e+00
1.018142714765259971e+00
1.007251227121593429e+00
1.021511592223842468e+00
1.043223351355847983e+00
1.021737747065232016e+00
1.014628669386239412e+00
1.015463274149829509e+00
1.034225872449619166e+00
1.011368137778327458e+00
1.015190426622331721e+00
1.017260179261349595e+00
1.023581446205960033e+00
1.030540785477326526e+00
1.006849024029929485e+00
1.024954544994702843e+00
1.005681054765134697e+00
1.012189635000730448e+00
1.012284739403708445e+00
1.014704191503891018e+00
1.023375509928543314e+00
1.024782668771283989e+00
1.010822210971058954e+00
1.016138926896928973e+00
1.013650592968757147e+00
1.008065935274518488e+00
1.009068943494940696e+00
1.030278077439537920e+00
1.011137339051914719e+00
1.010202926333562123e+00
1.015949797631862994e+00
1.033731540826609896e+00
1.014307420249457081e+00
1.013596970122743413e+00
1.035001025502898520e+00
1.016768503174071192e+00
1.025650270122294483e+00
1.025689336582532363e+00
1.016011127355449517e+00
1.015865309992727950e+00
1.015271033602039186e+00
1.013907641287000061e+00
1.034529954806162388e+00
1.007518517299687444e+00
1.023069989666929969e+00
1.038536212419012505e+00
1.011058666616329260e+00
1.017843548589912661e+00
1.029593505727210090e+00
1.010954719019607762e+00
1.021516320995355498e+00
1.007999549081244561e+00
1.037275817362196317e+00
1.027887773914752056e+00
1.016513714351558351e+00
1.012375798694515439e+00
1.026900811299345406e+00
1.042480622277602853e+00
1.008097137459591730e+00
1.034964175977590273e+00
1.011113042088304992e+00
1.005541627714286346e+00
1.012144382378371343e+00
1.021451212346867088e+00
1.020955255026446240e+00
1.038883321523525138e+00
1.015718080859191241e+00
1.009000948145585941e+00
1.014918132613467971e+00
1.034541240007141649e+00
1.025969090743755308e+00
1.014066364726729841e+00
1.019334977187140057e+00
1.030327713279020729e+00
1.019559947173483971e+00
1.011046850775626282e+00
1.027693486894003749e+00
1.012994389711104670e+00
1.016420003438310626e+00
1.018613499920022036e+00
1.023449488002964314e+00
1.026203787299793557e+00
1.015130162631710409e+00
1.017979813977038628e+00
1.013215581072992810e+00
1.021842145142523250e+00
1.016420797264959264e+00
1.024081729588850687e+00
1.029313150222888051e+00
1.018187028730057619e+00
1.008369603342678333e+00
1.009751632707195812e+00
1.026877007820912846e+00
1.023144855416872501e+00
1.026597691583027050e+00
1.021808882047635869e+00
1.006872966240698997e+00
1.006194368623325008e+00
1.026580216899175113e+00
1.027078943272478506e+00
1.022103473425291620e+00
1.006848185178021549e+00
1.033572041009148679e+00
1.018337928024945160e+00
1.034231365175504846e+00
1.027705359010796293e+00
1.012834286499219694e+00
1.029337358955697779e+00
1.015425130296676803e+00
1.015774663652423193e+00
1.009406361241222960e+00
1.016987807325590243e+00
1.009950326289630551e+00
1.008343261590237239e+00
1.028148593021660728e+00
1.027013521474709368e+00
1.014942674175954407e+00
1.013414934779659271e+00
1.028256464992435282e+00
1.006939609479045705e+00
1.007729600033895334e+00
1.015560315207031161e+00
1.019692874988847642e+00
1.021187486047581139e+00
1.017098696210062325e+00
1.035379733813714731e+00
1.012635443003759850e+00
1.009108671430080539e+00
1.026639033194646222e+00
1.031525027634921043e+00
1.035180163170275280e+00
1.024493570724638758e+00
1.020309705370361808e+00
1.016643597403035670e+00
1.013649817783312868e+00
1.038481548324306836e+00
1.020791367359479063e+00
1.020439452118898194e+00
1.021856909751392539e+00
1.018188521461842910e+00
1.017954378723182618e+00
1.023718354493620364e+00
1.019674062972686590e+00
1.024110047830796288e+00
1.018307299756270989e+00
1.022855041665500009e+00
1.015276958107820704e+00
1.026945913136342980e+00
1.005460658163403798e+00
1.019436136618954158e+00
1.010971960933821689e+00
1.022442215430395152e+00
1.033148124071837426e+00
1.028937583489852869e+00
1.036657211889988384e+00
1.029601634156343204e+00
1.016951655432476009e+00
1.027388974610582206e+00
1.022599856532226736e+00
1.019931248938336310e+00
1.034918583221517752e+00
1.018775031216955007e+00
1.013481527699580553e+00
1.016409662834167227e+00
1.025572057116059144e+00
1.016196729555117972e+00
1.026570603881097554e+00
1.028004051193546431e+00
1.023119606842161966e+00
1.016657579171202697e+00
1.025041324715501689e+00
1.021972668013293228e+00
1.015130571424664785e+00
1.039567074489617049e+00
1.026777303907013161e+00
1.028630173315546736e+00
1.009745802939271186e+00
1.013481613623333777e+00
1.007819788802121863e+00
1.028340045929653002e+00
1.027128193843929616e+00
1.027224614334503183e+00
1.020797706720919962e+00
1.013745310837194324e+00
1.027275049988205735e+00
1.013584466401067141e+00
1.024364953022663949e+00
1.027280973886506965e+00
1.017725467673950668e+00
1.008491844385505765e+00
1.018500669120874891e+00
1.013137098175118656e+00
1.019917028057637065e+00
1.030801945097252981e+00
1.035498370837979021e+00
1.019085817709087571e+00
1.020849510051218711e+00
1.019496925560706924e+00
1.021002712292363057e+00
1.023377304030744117e+00
1.011212735777351268e+00
1.032150189669171825e+00
1.011892370657572870e+00
1.023218932274944759e+00
1.030952329881915208e+00
1.012828565590897067e+00
1.013814099515479850e+00
1.017995419500743237e+00
1.017234810405081902e+00
1.008226086285707979e+00
1.015175758912433945e+00
1.034795493140930445e+00
1.006687456164925276e+00
1.024565108358003407e+00
1.023393380685262644e+00
1.025754394553292981e+00
1.036852399214150289e+00
1.024028907889070528e+00
1.007666077538194482e+00
1.022866366988164133e+00
1.020210513679055575e+00
1.020481282693370018e+00
1.022560507311110589e+00
1.041050436151278236e+00
1.014503223515521579e+00
1.012514411751312737e+00
1.014757996132154449e+00
1.023079296498732305e+00
1.011832358433659040e+00
1.015687418982806678e+00
1.022419755272943931e+00
1.011633755857947570e+00
1.021393580088776787e+00
1.016681164874326582e+00
1.007407498548884783e+00
1.015922768414948774e+00
1.008609610429685555e+00
1.026605331854579806e+00
1.026373040748896681e+00
1.012553519197618490e+00
1.021077803356191804e+00
1.017100857474920073e+00
1.017516218402479522e+00
1.014946948788003622e+00
1.028166761186277478e+00
1.016478711117135614e+00
1.028455057199686884e+00
1.024601735585735973e+00
1.021160787051285102e+00
1.023708900213428752e+00
1.030186096754750480e+00
1.019198001107330942e+00
1.015614516830531944e+00
1.029026224914844967e+00
1.025902861323177540e+00
1.024527696798875454e+00
1.020488041387468181e+00
1.011918500893771666e+00
1.018513386932749176e+00
1.026146914153674983e+00
1.014868705392464987e+00
1.029944472091723906e+00
1.010943737003432208e+00
1.030769863864641644e+00
1.018123554434572808e+00
1.011751205145754007e+00
1.016582737915623813e+00
1.016203128595020377e+00
1.010771825674721569e+00
1.011366475141550092e+00
1.015725991559849772e+00
1.021553818892628751e+00
1.039336197699468167e+00
1.019534104963686350e+00
1.018510073365587854e+00
1.017346594357463552e+00
1.011290783326022513e+00
1.040426829041158463e+00
1.021594639561414164e+00
1.028367950307379486e+00
1.025189861251592616e+00
1.024586040273175236e+00
1.017226034322943784e+00
1.029846127033117176e+00
1.022498545231044442e+00
1.007923896917778617e+00
1.012298821408909699e+00
1.011714799835493173e+00
1.028769924850044371e+00
1.012340324491724841e+00
1.030197773500554526e+00
1.025938629620655629e+00
1.030032098228126136e+00
1.018430676203772034e+00
1.026930018421490232e+00
1.024066685554204659e+00
1.015675339497510654e+00
1.027845760015590360e+00
1.022833089490150504e+00
1.027871765531942261e+00
1.024939447966126238e+00
1.018867323353332299e+00
1.011648703220370704e+00
1.010671699172878357e+00
1.022430712571690270e+00
1.030854935035547371e+00
1.018553111099537167e+00
1.014949765680692728e+00
1.017234298519615665e+00
1.009372006388797871e+00
1.019124571405113144e+00
1.027767646043587391e+00
1.024394404873123499e+00
1.019594043996771227e+00
1.024381474715733154e+00
1.007413009748794108e+00
1.021705522857536463e+00
1.027564611626950564e+00
1.019311220111938976e+00
1.027150048987799602e+00
1.027502341465837521e+00
1.019549926495229908e+00
1.024646696902576259e+00
1.020718083265559128e+00
1.022255427822974960e+00
1.017491647261583809e+00
1.018360954993326573e+00
1.027583977886667332e+00
1.015268756931755334e+00
1.022788489323619876e+00
1.009498497607353773e+00
1.010016575313087639e+00
1.012438180217507533e+00
1.018106667801640608e+00
1.008557410215485950e+00
1.023458045856226128e+00
1.028198427408523630e+00
1.024830590024633947e+00
1.014068220021707489e+00
1.006243701474305974e+00
1.013567849907164531e+00
1.012867437811294069e+00
1.024580891527367976e+00
1.013984026167249031e+00
1.008603854806492617e+00
1.014173439888585548e+00
1.007741391980721435e+00
1.012606998788406543e+00
1.013084208112387641e+00
1.037544853279331880e+00
1.042670077853506294e+00
1.011333969128854315e+00
1.027311838200442251e+00
1.029560174404013484e+00
1.013868970140466397e+00
1.023147146864703094e+00
1.030146804070221522e+00
1.023426409061810594e+00
1.020330236557925652e+00
1.023126366750707339e+00
1.032085953688490099e+00
1.013268974125919319e+00
1.039790926343022726e+00
1.018291431292052129e+00
1.027638924236126350e+00
1.016646682641040522e+00
1.027751601368685153e+00
1.030035402179326320e+00
1.012679278008657313e+00
1.035698186277203892e+00
1.021643065284193463e+00
1.012491348005877700e+00
1.029281379182358958e+00
1.018615825654788809e+00
1.024745078713088287e+00
1.017609433940854125e+00
1.011998526881538130e+00
1.012706264122688271e+00
1.016807888846099850e+00
1.022317828840506371e+00
1.028767319146807191e+00
1.019614112629122049e+00
1.029103053376259957e+00
1.021469251091337682e+00
1.015985591266672650e+00
1.013605631515283712e+00
1.025123391650822002e+00
1.010024420886601826e+00
1.051145224626636843e+00
1.019477619161951232e+00
1.023737852316502828e+00
1.028257885482643852e+00
1.010099665783649181e+00
1.025268172884067130e+00
1.043825431529170844e+00
1.007996185246431642e+00
1.013755298039346942e+00
1.029601708863917331e+00
1.027088644489770219e+00
1.018707227342461996e+00
1.033731546674751423e+00
1.016925847669903016e+00
1.013489697945191281e+00
1.017254292550863415e+00
1.008399387020255666e+00
1.028663684830267488e+00
1.016953914001619941e+00
1.018630952924398647e+00
1.016734537776755376e+00
1.015000411853240303e+00
1.026460380568970487e+00
1.024207333476380821e+00
1.031831188558525181e+00
1.011832714522755694e+00
1.019065212645823726e+00
1.016414822464469125e+00
1.024225116663893598e+00
1.029821610321602909e+00
1.024491851344291105e+00
1.018963303735075820e+00
1.019266507010299083e+00
1.026473056028865516e+00
1.020323269706425728e+00
1.043239229578366345e+00
1.025760990695681496e+00
1.015871274451465522e+00
1.014595462455136543e+00
1.018303610877048015e+00
1.015140028142209383e+00
1.013982316548483142e+00
1.030681476889042658e+00
1.016002250074546254e+00
1.021149724910598744e+00
1.020708669658032974e+00
1.006291340089624287e+00
1.032656588322344637e+00
1.019315447884147519e+00
1.013486809245113252e+00
1.008878269854699861e+00
1.041398326932035490e+00
1.019862042921165557e+00
1.037828711353786071e+00
1.013910928484188068e+00
1.013287853933468652e+00
1.029515279039719067e+00
1.013028253244888210e+00
1.026928366429088468e+00
1.031518991458139523e+00
1.041489215404896251e+00
1.020228337712548949e+00
1.025574108285933761e+00
1.016541625999248133e+00
1.015585307732013609e+00
1.011947174343392986e+00
1.018688775568223015e+00
1.019785969509379608e+00
1.020022130035457719e+00
1.012205450775256477e+00
1.016914720857068799e+00
1.035027156867357467e+00
1.015292986636995964e+00
1.021069140567601341e+00
1.018105708116050057e+00
1.022653064845955750e+00
1.020630180473247828e+00
1.028836783379186492e+00
1.012116084025134422e+00
1.016981538035391486e+00
1.013963804295692883e+00
1.025794615731162596e+00
1.022990459709393729e+00
1.005366300179237449e+00
1.016426684959704341e+00
1.009718989990240345e+00
1.020042876059910286e+00
1.016090081053440786e+00
1.016064806234425300e+00
1.011682937181473285e+00
1.009599212752463782e+00
1.020674900035786203e+00
1.017683888305652484e+00
1.025095460726073826e+00
1.020965494839180865e+00
1.011048404809625101e+00
1.018250918683824224e+00
1.012694113722047984e+00
1.024755282122395972e+00
1.007453695805903715e+00
1.023894680822122760e+00
1.016513525601353773e+00
1.019376030324927074e+00
1.012185091904328926e+00
1.025897174055061090e+00
1.015137335879453540e+00
1.044022350952543254e+00
1.017827486068003662e+00
1.025852548259044372e+00
1.025587743116966433e+00
1.014849424314242299e+00
1.047052014739283443e+00
1.024264394337363049e+00
1.030007245749587685e+00
1.015502315519523080e+00
1.014926788544732839e+00
1.023252030823086800e+00
1.010440989810404311e+00
1.027575690999545710e+00
1.019032384325649465e+00
1.012344728280062611e+00
1.018240455961912705e+00
1.025357196297394635e+00
1.015421764180262754e+00
1.011826329752803622e+00
1.009977187127392373e+00
1.016380533420132126e+00
1.026990276032801797e+00
1.018908494996551006e+00
1.007366261589122125e+00
1.027206234802839901e+00
1.019291759596786084e+00
1.048321315196581560e+00
