6.726362001638263195e-09
6.350996455656875412e-09
6.510423428368102229e-09
6.919256849204692909e-09
6.774592081329833076e-09
6.538636537313765669e-09
7.619958598177777139e-09
7.014956086922975486e-09
7.329808104804019488e-09
7.532505506148832079e-09
7.337178393138258469e-09
6.975817060096479185e-09
6.848752176213029579e-09
8.056808027488016394e-09
7.631038630594072062e-09
6.426909752953447975e-09
7.136719953712517000e-09
6.470130542179444514e-09
6.507566619541215787e-09
7.251555986841436735e-09
6.006231217336128433e-09
7.140341422537933938e-09
7.880139022636860944e-09
7.402603859217734764e-09
6.345596156721375699e-09
7.182340603685124804e-09
6.816273408879358627e-09
7.334882180581110096e-09
7.871933981269853013e-09
7.028822200892756193e-09
6.417408819785102392e-09
6.308182418694163935e-09
6.706555081656039629e-09
6.671363709964997636e-09
6.698854948768260455e-09
7.064665295712159490e-09
7.656759298482306921e-09
6.594840861745988075e-09
6.893956258444210095e-09
6.674676959997530509e-09
7.004945817854910032e-09
8.014937276326051993e-09
6.924077708199394352e-09
6.357960327476237060e-09
6.743244618377336621e-09
7.537746414390083551e-09
6.696092784943674048e-09
7.115152224673738116e-09
7.309802811801211047e-09
8.121384337765005784e-09
6.626861180735846110e-09
7.264050612014909384e-09
7.816848785380799847e-09
6.282799381191579300e-09
7.813411578315771987e-09
6.617726443131538626e-09
6.627141056116216310e-09
6.581795599343858006e-09
7.366505847766619327e-09
7.286472717688298695e-09
6.882648165758680548e-09
7.076393724489735598e-09
6.790682932537537403e-09
6.514032485066058954e-09
6.990438278878873617e-09
6.366199102303010124e-09
7.216115669893048898e-09
7.173496960397398447e-09
6.945512299540852562e-09
7.042763318319050802e-09
6.228761024278089103e-09
6.916235827032817869e-09
6.774592068096932644e-09
6.879547785982997706e-09
7.991066945970875255e-09
6.773636952600652588e-09
7.347924263091719422e-09
7.233112224751670394e-09
6.646819851010901109e-09
6.898974749322661164e-09
7.022017632945157653e-09
7.061741193138959537e-09
6.574360599740264270e-09
8.101390100594762207e-09
6.361516277739618282e-09
7.070635600589406451e-09
7.047651226224285763e-09
6.784700295063687656e-09
7.093404670877969347e-09
7.725549825401094926e-09
6.592517538448981034e-09
7.473619276427877790e-09
7.092891503209812702e-09
6.343517799101834627e-09
6.974555817207137930e-09
6.442464492498849812e-09
6.641485126427327530e-09
7.362980822643064234e-09
7.254587640901283278e-09
6.422647654815820732e-09
7.156299853674896431e-09
6.286912846524855257e-09
7.906236226300658199e-09
6.767541420577865582e-09
7.105874994895163138e-09
7.212835496650979270e-09
6.574578679812074666e-09
6.514382139269075104e-09
6.374339043586930998e-09
6.689094694364645916e-09
6.888427589461229329e-09
6.968246753109521643e-09
7.799204242661570232e-09
6.721853436346270780e-09
7.026685813081309415e-09
7.349169046291091161e-09
6.787712886216804036e-09
7.079313038079353544e-09
6.895599933405988497e-09
6.499986803815585045e-09
6.804624793057778245e-09
7.759096697213557320e-09
6.706553932491164118e-09
6.594162319164001953e-09
7.619968180947480654e-09
6.724120070149365079e-09
6.988617656745892278e-09
6.620636158639589665e-09
7.664587330253873100e-09
7.027485065272853316e-09
6.964077251980478172e-09
7.345338302393275117e-09
6.952291421441375355e-09
6.536846323321104898e-09
7.204675416505272186e-09
8.344601952927136705e-09
6.571045789084242025e-09
7.433735577293728257e-09
7.008540247354595288e-09
6.861691006294708410e-09
7.114801434168779603e-09
6.238462547715543424e-09
7.142058602251683249e-09
6.293852059536095409e-09
6.826763695305702511e-09
6.387662616337383558e-09
6.899216745693255068e-09
6.786295984927805979e-09
6.601277244921016461e-09
6.962747955740747539e-09
6.840502759534804372e-09
6.523863563435119357e-09
6.739751178732176863e-09
6.403392356223518824e-09
7.141213531710787972e-09
8.248904242537464404e-09
7.601777989648393363e-09
7.012849993906901409e-09
7.258570009088953129e-09
7.348534565724480788e-09
6.711238444226335986e-09
6.204345298928791734e-09
7.982235569730854710e-09
7.099715353912957344e-09
6.965572336354129123e-09
7.217048540551297806e-09
7.345565230621197697e-09
8.349230058674048072e-09
6.959385327209735720e-09
6.261331900332953962e-09
6.651031746580854393e-09
7.385692079229212138e-09
6.900935540551970529e-09
7.724186989386300240e-09
7.116133105075151830e-09
6.497147200591356365e-09
7.207991036939546427e-09
8.152455701377165211e-09
7.455220653830752441e-09
7.150960482801157761e-09
7.372297887987700123e-09
6.881800796629604000e-09
7.414144175633437840e-09
6.619383348208537910e-09
7.545122983960592612e-09
6.516379973807650769e-09
7.040495074552713580e-09
6.556059565300360683e-09
6.995823811128266245e-09
7.043885673537465711e-09
7.381629027058004659e-09
6.829530707931916687e-09
6.816452516331238530e-09
6.852432494105264098e-09
6.583028268569364361e-09
6.871043736326212137e-09
7.286124657205343561e-09
6.632912227108840193e-09
6.928660039480042239e-09
6.525982577012027331e-09
6.664886376782267553e-09
8.344575140026920600e-09
6.858316857896066136e-09
6.712903287685326367e-09
6.075173669646646881e-09
6.607858606241033817e-09
6.193923655398599619e-09
7.311057747454199761e-09
7.160805289238986925e-09
7.268977323525758421e-09
7.665943530286509213e-09
6.938277381801702838e-09
6.707144093085402589e-09
6.143609941480295320e-09
6.892282265434116135e-09
9.001320861724254057e-09
7.018610206270200770e-09
6.991175142125698775e-09
6.634904212875304055e-09
7.339615661092334635e-09
6.123482786754168767e-09
7.052239885172036035e-09
6.595260962249555692e-09
6.887123400142722925e-09
6.795697576885990063e-09
6.873890696872087595e-09
7.764417589625705913e-09
7.421511738375464678e-09
6.372354179590301404e-09
7.277983659511946373e-09
6.768854380478930460e-09
6.631529677224931853e-09
6.815898078008291086e-09
7.048401461810903574e-09
6.748753142024902378e-09
6.949217827093316453e-09
6.431301595612122011e-09
7.567100563117232279e-09
6.455801433893512611e-09
6.765565496190686505e-09
6.779031642739908573e-09
7.461139638210494619e-09
6.623228848920263915e-09
7.515200103123659701e-09
7.500135404435745587e-09
6.578961136647172184e-09
6.777319396229454483e-09
7.067354182960544357e-09
6.376419292662539018e-09
6.703053664772053858e-09
6.554844272785721251e-09
6.933482047275301555e-09
7.167302179061224911e-09
7.875680761311912086e-09
7.289327733919992084e-09
6.395437163725084388e-09
6.367360817684957786e-09
8.150667396470361946e-09
6.424769377477411044e-09
6.632694689690023352e-09
9.147694246075270757e-09
6.742989182350611311e-09
6.984517789832372333e-09
7.093745774314277334e-09
6.967578639251818222e-09
7.050771145342585615e-09
6.895701001101484445e-09
7.009691915063964602e-09
7.681014398869390396e-09
7.401508089692176713e-09
7.611874679381906515e-09
6.829155988681605361e-09
7.668833539464880244e-09
6.396696724547495640e-09
8.146735894271246796e-09
6.865237711370960149e-09
7.055499239935890827e-09
7.226613941277266440e-09
8.005384704656841319e-09
6.930953575851735303e-09
7.176427422853803188e-09
7.093985761267839533e-09
7.585347604518179342e-09
7.373393807729379836e-09
7.509350805937208552e-09
7.130476217533300351e-09
6.403286484925334623e-09
7.486538748959627330e-09
6.211849699528174231e-09
7.492317110614820377e-09
7.248859935860294667e-09
6.701110047544201107e-09
6.849625417193130014e-09
6.976552651547968305e-09
7.259409866527333969e-09
7.422646690012841715e-09
6.650613095031482790e-09
7.084631291047732116e-09
7.859532250261042840e-09
7.179821669672764374e-09
6.691109704783920050e-09
7.820908626524499255e-09
6.801626082140973924e-09
6.633804707735585294e-09
6.811874385751611008e-09
6.584702916749758391e-09
6.397037140548573512e-09
7.252619446473134259e-09
6.784884395340204165e-09
6.645201409815779889e-09
6.689910771224321634e-09
6.874360113955647693e-09
7.166415568071813936e-09
6.916116728240043389e-09
8.294220893512305619e-09
7.345559206129787362e-09
6.666129257230273842e-09
6.758432174335167715e-09
7.876086318904656933e-09
7.263837044116041691e-09
7.130124524219819354e-09
7.097004410767680888e-09
6.612518674728537752e-09
6.386097585022413283e-09
6.351455129724892885e-09
6.558967322434321611e-09
6.880195141798605542e-09
6.722278853157988759e-09
7.161092110118006228e-09
7.934369479110817994e-09
7.979406346182220187e-09
6.457814805775597068e-09
7.258499461542378115e-09
7.514618082964176059e-09
7.199306511974713793e-09
8.343480359732164470e-09
6.402170447753110037e-09
7.019302075153943882e-09
6.696253220502296518e-09
6.935764741127686711e-09
7.763686329361833142e-09
7.203313691499682704e-09
6.966619677005651161e-09
7.441319885099145773e-09
6.896038156240674813e-09
8.189039756124609043e-09
7.121771045496001389e-09
7.003601077308998601e-09
7.144586083694032638e-09
6.679883091619953208e-09
7.173130663731652521e-09
6.684518698389536827e-09
6.911937535133304600e-09
7.386326712332720978e-09
6.531657754250190751e-09
7.292954678096929854e-09
7.596198764869559480e-09
7.887924804928653184e-09
7.176067582636440908e-09
7.010133679813271754e-09
7.204246301270135286e-09
6.262696535937880401e-09
6.333347094853320443e-09
7.231318800708257099e-09
6.700164866195265863e-09
7.869403514942200943e-09
6.551402345475858336e-09
7.082833354688550151e-09
7.379014767560540655e-09
6.757190611124251712e-09
6.549659575878470125e-09
7.012187983762397159e-09
6.613521588896773065e-09
6.716579748092309651e-09
6.782217473281658212e-09
7.345687697393170683e-09
7.583529706059530684e-09
6.641654120674935812e-09
6.926867306896350821e-09
7.087913789577750260e-09
8.125290424941396220e-09
7.318759047489459042e-09
7.005317173631905604e-09
7.207205444551538911e-09
6.573068382047698995e-09
7.405376199960812267e-09
7.493127362153407126e-09
6.911831033570731436e-09
7.153742945896039199e-09
7.104452473846877316e-09
6.945671534909632563e-09
7.351732068213855383e-09
6.850911554022261217e-09
7.947262946404146849e-09
6.458388603140557082e-09
6.843076368367504127e-09
6.597003904910768503e-09
7.277403522389282745e-09
7.284609246503224555e-09
7.288419562181563185e-09
7.392556452493714280e-09
7.193565883619217779e-09
7.383417283096929481e-09
7.140367271078312504e-09
7.439931925336393019e-09
6.624355198476107682e-09
8.487581935033728087e-09
6.656300100858162549e-09
6.805398507397705377e-09
6.717837115453401792e-09
6.994930447822244478e-09
6.882281882851381774e-09
7.524155849216715505e-09
6.536131378435073331e-09
6.768955359394028753e-09
6.595618744497064376e-09
6.354744926564142122e-09
7.421651272512157012e-09
7.292328118119826000e-09
6.784495078121383384e-09
6.616078999493581686e-09
6.828500784139249324e-09
6.244266161566390404e-09
6.546176153740318250e-09
7.187840994639593533e-09
6.741906152427648487e-09
7.118258508443163333e-09
7.230876946736512764e-09
7.190396989885013145e-09
7.279476399074157278e-09
6.846797532534860589e-09
7.870450078178050529e-09
6.409269420000142313e-09
7.062798307757189281e-09
7.083174731420163474e-09
6.591928709301436714e-09
6.624776428991884349e-09
6.957032168336152526e-09
7.947372732272227910e-09
6.703215678757048764e-09
6.646261663283755774e-09
7.136288966621062464e-09
6.702486814046984186e-09
6.496824812510350503e-09
7.477241693670603216e-09
6.417215641778329863e-09
6.526180928302335151e-09
6.620842556733335020e-09
7.067926034641350856e-09
6.583516370005072054e-09
7.489478363749528038e-09
6.597938840875536215e-09
7.868436083768881458e-09
7.312850932919249255e-09
6.595359212887827165e-09
6.746698236434884539e-09
6.344362425531158879e-09
6.705249998463190013e-09
7.237256687935793763e-09
7.669627492591129104e-09
7.243702346616471928e-09
7.978071851143111604e-09
7.184500592022166358e-09
7.436408473467073332e-09
7.654458119192172471e-09
7.157682011582918978e-09
7.340510239881324968e-09
8.081767363038489292e-09
6.500656322651178293e-09
7.180347043110847170e-09
6.827106065586889772e-09
6.634150595253941296e-09
7.198787137482429270e-09
7.371696574134040575e-09
6.998841833851597655e-09
7.228049702089078947e-09
6.578001523891754480e-09
6.757322535633913388e-09
6.567094997874258173e-09
6.903669050054362012e-09
6.942202909419600670e-09
7.253851871914708450e-09
6.893008686495884790e-09
7.293365047305353365e-09
6.503617180055056083e-09
9.247042336564683792e-09
6.537134251875116557e-09
6.891745318283090009e-09
6.728176896603134908e-09
6.745414656184273583e-09
6.439754746785794187e-09
7.536037383912371849e-09
6.754641524693499208e-09
7.328503825893556949e-09
7.566468454127268282e-09
8.935731704161876782e-09
6.956760187373269449e-09
6.612605136693857774e-09
7.310909377144800481e-09
6.709625971992327121e-09
6.276373944109725778e-09
6.944258344040545489e-09
6.966599543583226815e-09
7.448979269368436757e-09
6.822750865346230368e-09
6.927350502171713712e-09
7.152580290498811391e-09
7.206601703502447359e-09
7.401844831254016108e-09
7.320119929921087845e-09
7.867394509485612868e-09
7.203887213713909230e-09
6.887326396659083398e-09
7.328444063589927740e-09
7.271290768483013560e-09
6.403398493566255341e-09
7.136379138022674806e-09
7.180816607350891242e-09
7.062659530875046520e-09
7.404001348426046612e-09
6.885425121556784983e-09
6.453905757030622431e-09
6.786605853749170399e-09
6.485356160306270947e-09
6.660189694292275765e-09
6.748846973740097410e-09
7.483889646311444262e-09
7.322242478147701922e-09
7.450458120164262183e-09
6.799459833861672710e-09
7.001720566616561993e-09
7.472384847717474605e-09
6.850458219716927493e-09
6.612026855157896492e-09
6.466654621485360473e-09
6.678961536557582929e-09
6.620901350974807716e-09
6.807275594126848423e-09
6.847539094515229059e-09
7.314649559651117831e-09
6.870123291809367661e-09
6.451988503449763472e-09
7.891892413948304200e-09
6.625457864189788886e-09
7.082504700840670010e-09
7.108049422441849139e-09
7.560322296544550304e-09
6.618116663527292419e-09
6.615221517593742332e-09
6.802620780095944666e-09
6.982310660367695531e-09
6.159376512893634789e-09
7.158751545683944439e-09
6.696302175127338661e-09
6.259144353147500502e-09
6.398609025645567931e-09
6.837064639689022642e-09
7.295931808006737140e-09
6.313560027241983167e-09
7.356771547942047530e-09
7.057195097961787349e-09
6.633796541038320819e-09
6.877189238867245877e-09
7.628740551456743675e-09
7.088543468341944129e-09
7.268051632590180807e-09
6.536568963824142639e-09
7.496954953790205025e-09
7.763494139693919470e-09
6.415676323315738661e-09
7.018210975272469369e-09
7.745939583693458652e-09
6.296607630301159321e-09
6.310269144821209649e-09
6.977580516682605854e-09
7.299110813415178243e-09
7.710402696940300482e-09
6.944962724707458078e-09
7.537556212924353174e-09
6.732409911299703537e-09
6.436569534803496143e-09
6.760062926767089009e-09
7.114002904039935362e-09
6.633614757012502714e-09
6.495071054860566129e-09
6.528101198667695547e-09
6.881534889583292861e-09
6.463837439819473265e-09
7.718574954564120072e-09
6.896286203202630336e-09
7.376256906557244523e-09
6.830919263170525214e-09
6.995686434312714451e-09
7.753066344860760419e-09
6.946411112829602881e-09
6.854890069013439256e-09
6.517464556011139455e-09
6.732549292687609300e-09
6.712840451455539154e-09
6.647060534319483063e-09
6.135833802942916164e-09
6.569965663299709398e-09
6.674895529389688276e-09
6.825135038798044633e-09
7.537209404901012544e-09
7.632097565699387360e-09
6.711764985915233750e-09
7.342992238385963151e-09
7.586863430786962447e-09
6.407562250184322767e-09
7.718866082712487514e-09
7.199473176355880892e-09
6.452082127824355852e-09
7.161770002049163956e-09
6.633382025912663447e-09
7.039566222394227170e-09
7.405494502478331159e-09
7.343044155348822797e-09
6.334256601320331378e-09
6.275136681233690254e-09
7.459943490003767625e-09
7.627900126916081722e-09
6.603135604800192635e-09
7.020629468929029717e-09
7.326163684165929838e-09
7.998611879619209110e-09
6.557777115556828771e-09
6.426020144071188492e-09
7.370940971738541084e-09
6.378170578372887974e-09
7.333337212430530447e-09
6.332003317750777582e-09
7.892561676802532853e-09
7.474887192749784636e-09
7.052941656325219315e-09
7.096659253401410877e-09
6.663742913076657678e-09
6.922777451438788411e-09
6.321491589208192634e-09
6.644941864425933702e-09
6.499176734216372434e-09
6.251473603704556945e-09
6.645472189158683948e-09
6.955330935572858906e-09
7.139168744923319076e-09
7.713207998752245470e-09
6.812962169964807977e-09
6.539900122263856278e-09
6.943107103530749235e-09
7.833357903474861344e-09
6.340991030346873513e-09
6.362046150252165989e-09
6.709624499858269659e-09
7.231294097095414650e-09
6.981965721933946197e-09
6.688826584990744611e-09
7.616396345456207516e-09
6.613172825868635074e-09
6.638152240636845863e-09
6.734944403071884992e-09
6.725465731252550532e-09
6.889098197142042560e-09
6.785776613779174089e-09
7.494162020517731520e-09
6.912944658489624441e-09
6.599983021719478126e-09
7.201016720886523672e-09
6.469295999021785256e-09
7.280933963678832280e-09
6.490336733029357768e-09
6.911168764037681659e-09
6.474110881441994889e-09
6.480054113779656722e-09
7.879493239192655189e-09
7.151216139280784048e-09
6.869028003044501101e-09
6.818741652177433929e-09
7.602814732625514598e-09
6.637864272433236005e-09
7.934884283516276379e-09
8.190385609662218697e-09
6.601660583297142572e-09
6.930855167036684993e-09
7.682337096628594290e-09
6.778334373127501993e-09
6.267313959275152178e-09
7.398170986298444067e-09
6.780663312584119360e-09
6.322722260585577282e-09
6.729782386755169802e-09
7.249289701916170303e-09
7.235378687971628281e-09
6.651540297251065887e-09
7.521324458657447662e-09
7.474547359363566645e-09
7.248875068258368382e-09
6.837901202194558662e-09
6.707042318297276861e-09
7.344663174343582892e-09
6.861803353687220297e-09
7.026927267248410461e-09
7.830765067042194861e-09
8.038860545834620625e-09
7.448477797077355032e-09
7.493460523847760209e-09
7.614613034981184958e-09
6.551806621762090519e-09
7.403781718055872503e-09
6.783262848723372955e-09
6.221179108853104757e-09
6.691302294888903678e-09
6.321478470867689281e-09
6.928069161229402587e-09
6.144119551405910432e-09
6.933971846875898848e-09
6.758631982986669592e-09
6.842837475304269641e-09
7.023819364642640411e-09
6.973402050672561285e-09
6.933365565900697538e-09
6.757394418059582567e-09
7.523816509317808579e-09
6.482993935464331239e-09
7.613717772268624969e-09
6.773475680522272999e-09
7.321871630249319775e-09
6.830697665779378917e-09
7.681174052891146277e-09
7.528503841627930272e-09
6.380786006044681690e-09
6.759123967141533284e-09
6.270113099932005472e-09
6.669065891555237381e-09
6.311693570784240145e-09
6.668719149710036636e-09
6.714964627648967296e-09
8.241845329146124728e-09
6.488555636366658990e-09
6.716253994427446628e-09
7.733465860583211070e-09
6.926217967286398378e-09
7.086833410184925854e-09
7.139498297708675253e-09
6.996459481603484459e-09
6.416028780713022827e-09
6.281318575365571995e-09
7.021234327802920007e-09
7.274036797508684663e-09
6.608768366411157898e-09
6.546122772796084160e-09
7.186285291294399431e-09
7.180190076215096287e-09
7.665389418844892771e-09
6.642012816610079484e-09
6.436332239921049637e-09
7.082383705632779068e-09
7.524382702944542596e-09
6.445803410257332894e-09
6.421376636855234190e-09
6.842748415810614091e-09
6.960382125937004310e-09
7.880213842805222335e-09
6.744463590055864222e-09
6.692945614016516725e-09
6.821129645218643242e-09
7.558473451070500878e-09
7.053386795410390433e-09
6.858540887784630625e-09
6.455591933060764465e-09
6.821817118475476264e-09
6.383025732772088443e-09
6.852123951627138431e-09
7.635780708730212341e-09
6.971329006049820999e-09
7.789051612048278734e-09
6.817484156000127035e-09
6.442621664970932152e-09
7.450975182284456837e-09
7.116956291826537645e-09
6.892348394792450532e-09
7.355419967684716390e-09
6.294554959491387850e-09
6.889420007791987993e-09
7.568114907574430570e-09
6.809219306186150829e-09
6.869775051718901894e-09
6.744349403183498468e-09
6.743758067354886681e-09
6.980969825080665498e-09
6.642444634423345653e-09
6.555160492513613953e-09
6.538639394296828617e-09
6.873183297473899035e-09
6.810577993693667708e-09
6.446432090501985353e-09
7.523792221364407634e-09
7.750490015048214235e-09
7.207325702371081010e-09
7.332780645807657354e-09
7.019762135886057531e-09
6.788070457751066409e-09
6.914467097207691281e-09
6.467943746512643612e-09
7.069763168961865226e-09
6.549664667927292411e-09
6.822924186455819865e-09
6.443549147545736804e-09
7.737351530879358293e-09
6.998683673646778016e-09
7.211585652276297411e-09
6.535608302008049398e-09
6.850085150206962217e-09
6.880192960196918153e-09
6.711502410148679944e-09
6.658667487284336590e-09
7.453023845812638819e-09
6.985164572233601261e-09
6.789882092385007101e-09
6.846982396617766222e-09
6.648678612591886543e-09
6.775910252859471664e-09
7.367527261296665879e-09
7.125651742078798758e-09
7.143383336377314310e-09
7.351939379744726559e-09
6.749997438562223018e-09
7.676977541261234019e-09
7.354919164136339042e-09
7.591583064784195469e-09
7.258813250802024274e-09
6.720744886633164145e-09
6.656618042521183300e-09
6.221608050385587123e-09
6.329111448184978713e-09
6.870827814654209789e-09
7.430299039071152002e-09
7.367197558184521200e-09
6.595381745482260199e-09
7.064512663099295931e-09
6.588762352933176484e-09
7.093622934925892579e-09
6.788791636537935169e-09
6.951035464647059382e-09
7.648420836926360172e-09
6.400007288694360991e-09
6.589321606625269453e-09
6.948179278580377730e-09
7.496697873950324468e-09
8.156426854311859224e-09
7.079706561247690417e-09
7.101691307886598568e-09
6.572338044127137045e-09
7.447680562824254018e-09
6.569041836881208372e-09
6.759783589802746856e-09
7.207277503462384880e-09
7.369448955089703209e-09
6.866739155997313330e-09
6.622194649114954479e-09
6.334944998640126639e-09
7.034424771045508052e-09
6.947746899441149298e-09
6.221024089595702561e-09
6.706314257020068328e-09
7.195882185964487926e-09
6.831435149496735707e-09
6.803009974047219513e-09
7.257430993446756867e-09
6.646635714425512469e-09
6.351708425835573698e-09
6.262726936359841539e-09
7.092481530127056481e-09
7.009681971422808991e-09
7.715603125193640371e-09
7.087344629239231443e-09
7.133829395204338279e-09
6.761230413036813081e-09
6.666626096646540481e-09
7.090088162353009489e-09
7.285931475605557358e-09
6.571759000719491780e-09
7.332383125873948607e-09
6.691874718472658879e-09
6.762008967060129443e-09
7.088711053358318072e-09
6.468856097900464574e-09
6.994983720756362578e-09
6.941756681655446404e-09
6.937563252671162633e-09
6.431645686192161572e-09
6.685198420139141732e-09
6.418114594272215245e-09
6.615806306718252354e-09
7.288361663901197800e-09
7.964965188043141644e-09
6.688776758796361401e-09
6.508615911333381634e-09
7.003921924488020425e-09
7.031436517700955791e-09
7.256576456687568190e-09
6.667575757670793376e-09
7.551731491649898748e-09
6.750639090952861242e-09
6.913917739535900710e-09
7.037949771424003097e-09
6.393810766209469438e-09
7.219309213828355614e-09
6.895363555367734593e-09
6.645979051371303685e-09
7.350885420061441637e-09
6.963786769995720047e-09
7.284207668697885136e-09
6.781934910783961793e-09
6.929524589373513099e-09
6.368003378794240425e-09
7.627535618846757443e-09
6.991407690480541272e-09
7.109184695339238741e-09
6.773435424861170059e-09
7.269129733880602802e-09
7.812258259150220162e-09
6.529507335811649412e-09
7.138837092278374484e-09
6.533687104682238809e-09
7.513870702566033831e-09
7.019741427565519733e-09
6.527436507122770853e-09
7.114635316775326946e-09
6.825880442593659865e-09
6.332159428462192581e-09
6.721019072130893578e-09
6.681830844690382795e-09
7.423961823436581324e-09
6.765882775427862753e-09
6.780679410357103648e-09
7.172284892295242191e-09
6.933368598132194727e-09
7.868313090846535406e-09
6.692766858153035467e-09
7.515273441332369862e-09
6.816394491822076040e-09
7.713785279587961650e-09
6.660208802163111350e-09
7.184964919498537851e-09
7.080782699763531457e-09
6.507963771136079606e-09
7.226169026641565751e-09
6.617401577782391568e-09
7.747357330470572205e-09
7.137079566236533225e-09
6.805260916166370750e-09
6.649442375698486691e-09
6.276576353281482076e-09
6.425234440203539452e-09
6.672953928923987051e-09
8.326871514027310085e-09
8.733477677521387954e-09
6.818544851865747443e-09
6.530278478191850354e-09
6.725019587729301992e-09
7.058333209132283810e-09
6.840371610573966112e-09
6.820718010635459609e-09
6.683048125645134101e-09
6.543470197226849295e-09
6.667691218556105177e-09
6.291183817147850064e-09
6.908988391988714046e-09
7.221772209790163400e-09
6.716294199773971937e-09
6.096937738745593942e-09
6.733410137368633438e-09
7.311530043799992101e-09
7.503720206491686023e-09
6.792393163746764180e-09
6.678873546696878400e-09
7.509230603526880082e-09
6.410771118776823012e-09
6.799807999327766546e-09
6.937301404577634522e-09
6.493410092954205252e-09
7.184498984265368162e-09
7.089995331213855083e-09
8.522380116460896384e-09
7.176019366099364563e-09
6.733469188944051653e-09
6.663312313809287459e-09
7.044459123755484043e-09
6.157302539620310005e-09
8.057932964642839936e-09
6.611188348369014163e-09
7.668984335534903889e-09
7.164085833141492230e-09
6.618250302605234770e-09
6.347767835940218011e-09
7.544363952043421293e-09
6.699264460212841739e-09
6.382833626654184508e-09
6.585959493074442438e-09
6.906635812504282474e-09
